0.175054479841004
-1.1201683921668
-0.913773529032782
-0.956096829214281
-0.978987823375025
-1.0533947885332
-0.956735138822829
-0.933836917309344
-1.02320457573423
-1.01507167058843
-0.89735105715125
-0.977471762317324
-1.00578298969446
-0.905245094873697
-1.01162297522109
-0.972861002561153
-1.00523468252948
-0.965031884443349
-1.05079720768716
-0.954265619346614
-0.957942579301619
-1.03880354751913
-0.870613747700556
-0.922548130009088
-0.822660021816328
-1.02868425856056
-1.01166236568098
-0.957687992190407
-0.857760858549118
-0.966019801853694
-1.03519815414952
-0.941017246680756
-1.07933638680817
-0.875556500624544
-0.967755734877596
-0.849506705175097
-0.851383658428015
-0.932792305569443
-0.835692028911237
-0.804431176021996
-0.992138969038262
-1.01359566215571
-0.644969213160106
-0.943617215319591
-0.913140482434064
-0.81346503986174
-0.878269140160563
-0.9259765289842
-1.09905505740905
-0.976521822023003
-0.819317793520572
-0.847740144262078
-0.848587698112441
-0.771839923388545
-0.79308345589862
-0.968215957296043
-1.0135322901197
-0.781787983597291
-0.989825280229676
-0.887932891201278
-0.916406568145087
-0.997041059279657
-0.870642537881722
-0.827793315711935
-0.997681393407905
-0.92760950804544
-0.929098073965294
-0.761500158842156
-0.918872291867811
-0.976505559308293
-0.912902055635185
-0.944037952484581
-0.706911660863409
-0.998045162070795
-0.873667184273858
-0.837651753535153
-0.809329418402541
-0.754887772924469
-0.855158552940468
-0.760596893389081
-0.810784496054612
-0.938608326995101
-0.810407763393339
-0.941351091317032
-0.7116621899427
-0.945270299084388
-0.843978502171561
-0.976318608354378
-0.825685984109682
-0.844446148370791
-0.748003738367933
-0.827289616672401
-0.834133851775775
-0.771151934803683
-0.758117498061092
-0.89284164408463
-0.705685038411279
-0.862125610193021
-0.872584698545293
-0.897766609140674
-0.784951029856932
-0.88246399383357
-0.801765062502727
-0.750784563080022
-0.810142901006361
-0.769475059275419
-0.813252874937023
-0.870122002121158
-0.824065454251329
-0.971225458667304
-0.73744385696003
-0.807303473236669
-0.745884898515729
-0.83380282098967
-0.784407652434949
-0.751643722480507
-0.706033047856433
-0.852450429393288
-0.74747919273435
-0.69321338613933
-0.764418917449782
-0.762435626093321
-0.796469837697344
-0.771730277351406
-0.775246131902531
-0.736808446316998
-0.670177545654934
-0.77346811779676
-0.735660227983731
-0.814421239239544
-0.786905009914692
-0.812234298160879
-0.79160574830882
-0.825536794568525
-0.699076423499955
-0.539092936086929
-0.768043104786845
-0.627617988485405
-0.718312804937214
-0.657169096494523
-0.711313995639542
-0.601152859238904
-0.829180294784149
-0.67582745597431
-0.778614251685218
-0.805475971065763
-0.747139785859085
-0.699466728621007
-0.632862818846428
-0.761594574487669
-0.654382235921263
-0.638299791707121
-0.690716300602427
-0.657812882165199
-0.729448503410737
-0.713045933187179
-0.643316560610571
-0.56653460392178
-0.653105416417894
-0.650187528184533
-0.699491092239936
-0.679018236793481
-0.55222352206422
-0.709004327634351
-0.705651229518785
-0.795859157119008
-0.621279336391582
-0.692606083948376
-0.4545239398018
-0.714193907038317
-0.740100626054064
-0.678432306955885
-0.590631783637284
-0.720353559360649
-0.646395610742733
-0.679989821444595
-0.637368079969037
-0.695698044350344
-0.620459951901257
-0.811892760206458
-0.679027601757534
-0.682462561260088
-0.68646415908346
-0.737233785859686
-0.715146609849242
-0.634688705040137
-0.563914291686919
-0.717524338709593
-0.638690132580555
-0.739194931974055
-0.623071638225839
-0.671040930006076
-0.759586230194256
-0.6562625656949
-0.582249980615562
-0.371305767793927
-0.640760118060129
-0.566082896218398
-0.734569836093981
-0.617240685310658
-0.515539611533576
-0.585894134323306
-0.573043933652397
-0.587071415812328
-0.601369429762698
-0.558808913977042
-0.689097440355759
-0.467391016203963
-0.667390052459371
-0.552889563045267
-0.507194508380926
-0.620782981989721
-0.610344167002476
-0.553009145958295
-0.64657621952282
-0.65833363854866
-0.650503339207386
-0.432559141055313
-0.514907260245058
-0.486630074368707
-0.523957525400777
-0.635970113628386
-0.551583763144924
-0.564667183505668
-0.553478415434748
-0.5251998464351
-0.538268387693267
-0.583936063098976
-0.409749212726522
-0.538303139178903
-0.503000731217578
-0.413679867034583
-0.532164473745029
-0.536776528171128
-0.457629639590496
-0.49072665289335
-0.678235812935201
-0.399952660453828
-0.446869381987583
-0.660556048614938
-0.524523915347942
-0.557920994585024
-0.459567035092904
-0.475986823531607
-0.564354735457307
-0.527009359929602
-0.580004180868178
-0.512759168534407
-0.395198590940185
-0.588702671169901
-0.482626613524569
-0.621690235454605
-0.479519432732151
-0.404165923867688
-0.448934553087971
-0.552588548101501
-0.557704706666456
-0.317045684983147
-0.478535965997761
-0.481214578035473
-0.548462207361023
-0.464554639243078
-0.49594363390559
-0.353233266795287
-0.59323632351877
-0.45438306553095
-0.523338313569761
-0.402757429546441
-0.457931288279653
-0.50876266360285
-0.637459821170369
-0.409438892493553
-0.646100053182644
-0.486615107256635
-0.393253753457882
-0.494512451765283
-0.51911154512503
-0.455861420813113
-0.423604539811636
-0.474633516084144
-0.398816485187601
-0.44858612567905
-0.500328964942714
-0.542719309227539
-0.491913539339896
-0.363757931983639
-0.553921230523802
-0.452770867042057
-0.362232892949091
-0.461440084427577
-0.44564354010566
-0.412884115018483
-0.36577285661861
-0.592058115292208
-0.455813884207628
-0.355124216991412
-0.372921337890087
-0.439856256055775
-0.417775849095179
-0.352510004164463
-0.499282104552785
-0.57406952536558
-0.364232697437729
-0.38270333473784
-0.546429419569095
-0.416976566807236
-0.378550731289916
-0.319970274850305
-0.373293865557935
-0.351768305363578
-0.251786233541441
-0.453695754693589
-0.317287080414996
-0.57981373038224
-0.437239986959842
-0.305953778749574
-0.360868102439544
-0.327951875399413
-0.415446045954969
-0.359025114585808
-0.427467457201339
-0.292567839314362
-0.415525154758235
-0.337728089681059
-0.381087961999164
-0.363525627998425
-0.365700984309444
-0.33103089115949
-0.369974839215455
-0.32889436965153
-0.429045723490486
-0.24662864436529
-0.395840078647646
-0.321519929384264
-0.195344390395477
-0.261932050928153
-0.288050935747722
-0.479328056640497
-0.243560885450686
-0.133421553131912
-0.3317767322252
-0.407301603601797
-0.223245621197407
-0.258172408966957
-0.325156244902998
-0.380846246610665
-0.339901641845047
-0.572699022354569
-0.323519841801085
-0.32180872363193
-0.340056312807244
-0.258139760075161
-0.367642972256224
-0.168484338068433
-0.195133854592833
-0.315431834100373
-0.265664735275528
-0.269279675954163
-0.336042338809533
-0.284240271790632
-0.4272670003508
-0.192643366409421
-0.176340484146452
-0.39440012533884
-0.353418817007078
-0.355390036365867
-0.316959343206722
-0.24583307446301
-0.259192624850585
-0.374220977269553
-0.20929697272652
-0.210289480348874
-0.0375785314367553
-0.203982470083633
-0.36603868210331
-0.215076278090656
-0.263331939462789
-0.312526592919614
-0.221478619321597
-0.246917657091209
-0.434031485331704
-0.250349899933196
-0.262171000389039
-0.193995476224913
-0.227652619034711
-0.330922496568268
-0.00185607045073318
-0.106168712386533
-0.226752330691343
-0.355211592922207
-0.401675248243951
-0.250955515733758
-0.244158832754373
-0.318116977983349
-0.216117177202889
-0.397669848440668
-0.17271870042891
-0.252181960471187
-0.00289372600283574
-0.193739330298488
-0.278812723140788
-0.114151992284025
-0.171857013246237
-0.217743303504543
-0.120538380835455
-0.142760508741652
-0.227939858436548
-0.195054706450476
-0.289363781229569
-0.0955575181256807
-0.0881178664199004
-0.274096783586584
-0.149761056447324
-0.193487968699186
-0.170565130123152
-0.195608805309885
-0.198873682816933
-0.136492193748901
-0.366850329605762
-0.114922072626369
-0.104499971352135
-0.151621883077821
-0.210952541824083
-0.0778455234107979
-0.344902080021141
-0.285561886836298
-0.160783291586908
-0.238565710785879
-0.217859739551676
-0.173002359823843
-0.119720558586414
-0.216403107986578
-0.154116645049569
-0.138594965660889
-0.0728569141963156
-0.181545751617134
0.000730358074197381
-0.144408679567592
0.0220408037684046
0.0043553842472496
-0.0425621095015609
-0.0991726004163088
-0.155500746794576
-0.182579672852491
-0.0712698904274687
-0.0680773817363673
-0.179705806780811
-0.137260096720487
-0.0361615576941721
-0.146454026769709
-0.0930674418022377
-0.243797102888972
-0.0621490927599429
-0.191295898035939
-0.0419769187047511
-0.0743354707790041
0.0526252196253162
-0.0721533220616793
0.00149983016842126
-0.0608131990308638
-0.142500600877361
-0.145241257160653
0.0651705989747102
-0.0184238903745951
-0.138116944047779
-0.0255617671002621
-0.0407448929199533
-0.0864966309687831
-0.0742489727971704
-0.0270454323215498
-0.00995743464080241
-0.133594491405641
-0.0288928281515961
0.105161925765561
0.0359369824513976
-0.192675018080026
-0.0421867924591325
-0.0564420301177625
-0.0938052096367052
0.131372411554675
-0.168144229480616
-0.0929389752740192
-0.045927016633743
-0.068806538404235
-0.111726801862326
-0.0663483655576751
-0.142711245149421
0.0433434908732833
-0.100193115707429
-0.0306474985559686
0.0143355009308421
-0.226744974797342
-0.0761229031698903
-0.105406134387725
-0.0050198547810727
-0.0705636607723072
-0.081060288342877
-0.0237227352122733
-0.0740413307908609
-0.192679022273779
-0.0466623339364883
0.0401181690138082
0.0894064469690246
0.0306780262820779
0.0935107710467676
0.0202094394685465
0.0157741616695818
-0.00821782018469423
-0.0374956409217101
0.0781491531349409
0.0534194346399908
0.0134621065557501
0.098163064191145
0.134574717957969
0.0217235853166972
0.0114487036236138
-0.115845024164946
0.116931654851795
-0.070388658539801
0.0492951441936409
0.00740782031414331
0.0670546700952988
0.206493325039363
0.0888996957279313
0.121355778191993
0.0621705846654786
-0.0100363161540788
0.113137638759993
-0.0261680584762834
-0.0475371046472387
-0.0341782695386899
0.0623760841424684
0.0851220842557339
0.137614853318542
0.125183913090254
0.0603098832588544
0.0750862538189016
0.0124955281443798
-0.0131090489716779
0.0677837157973892
-0.0912185995257663
0.147247508915305
0.196803556966958
0.0813776702051898
0.200324276511068
0.0938540840220764
0.0255736768416393
0.104836764720071
0.105153213410002
0.120475687252992
0.104455184969106
0.0457985555668799
0.0614661505052176
0.135042269601958
0.0582245481549513
0.102186562175634
0.285418635761842
0.130633503003379
0.242534919121649
0.109470463936076
0.0753009564746382
0.146916407503352
0.21172053858041
0.116555646637024
0.118114104017337
0.304855112127047
0.0438395439517642
0.256432987862474
0.297044315163291
0.0727885520677837
0.119720158421048
0.234657145304244
0.107269409725266
0.266159841023451
0.0944882808457539
0.333887973527345
0.00171835271527386
0.144077037543335
0.067248466808231
0.181985930315978
0.0294385378620571
0.0292664582211785
0.161595864846377
0.166084167551655
0.286403524508798
0.210729876902934
0.153411661138328
0.236313550578733
0.170348425913783
0.34515078059428
0.173883686271886
0.305788244487037
0.0209108593539725
0.238314553627163
0.324964599866914
0.152183005843408
-0.00710364643609963
0.0834174771963713
0.175077267212293
0.226876267995529
0.206247126825848
0.20908311067682
0.0113244793138363
0.120861621444541
0.0682767076748494
0.199719094279591
0.169137814425087
0.299528031798687
0.0977511937338215
0.174094369477261
0.338548548691113
0.214676879756125
0.135051157613895
0.298805397498479
0.201948460604241
0.131748390112494
0.180609495743992
0.176014684642627
0.28782273252985
0.197856886393119
0.190511028448546
0.167948606024668
0.444366941790891
0.395327643393281
0.191072835531912
0.173474489963982
0.199111329246344
0.139994520797299
0.201628465161808
0.272748715932133
0.259103552149698
0.281796894012063
0.16665822294609
0.401126781248585
0.291097385341891
0.280624443805239
0.339505691599412
0.206335470147249
0.333416687163124
0.372266618898141
0.2399796723205
0.337701039670698
0.349141622630102
0.271608450773598
0.267709557101132
0.344724392877075
0.256518896031415
0.411713593686955
0.239795118257398
0.338809989667038
0.178195950003891
0.311486731155423
0.480862210245549
0.332708579290818
0.272018132827508
0.344715675399122
0.321194432560447
0.379351812335864
0.411690373156826
0.17769632050753
0.548009025865295
0.277266700083561
0.255131783491475
0.259782157960821
0.448256090422757
0.313859721612003
0.521026021691142
0.222105823431654
0.232988706144748
0.325894812713976
0.464547329730384
0.24563464190167
0.308449151785864
0.239068401808096
0.137330710545752
0.410449919328302
0.346116770648296
0.342753920878386
0.288769477484765
0.285911616808652
0.259334925100789
0.291642759563027
0.35365313043388
0.223045967305165
0.215536203274866
0.321113632222216
0.5645744740972
0.365302954672295
0.435200870632688
0.418002607867101
0.425941197534539
0.31548202826728
0.414132080034108
0.344497753901057
0.572184715530679
0.458117301132426
0.396434083311802
0.470744450611977
0.366155953543635
0.464406605082187
0.426672643234861
0.467317505084087
0.33081961749823
0.417454555448431
0.232479469823834
0.437795687266852
0.250339100514198
0.374266918933011
0.31917880266678
0.431735105343591
0.553614920780986
0.383457153458954
0.493923969147713
0.382109864897764
0.301587431304795
0.440624580261979
0.475897550206813
0.368134354052242
0.288423503963303
0.380719887440961
0.513409050649066
0.422452933114218
0.545196988299846
0.459624311536058
0.41842443588562
0.607112777259155
0.438036927318693
0.25052374241071
0.415797222661799
0.498307126975012
0.539435351169762
0.482109433486204
0.454916845999322
0.519500661402419
0.424957996231913
0.507512817093925
0.382270320375626
0.509687957491622
0.495555431103395
0.449756267524553
0.539055204593856
0.424957340732468
0.48693322592266
0.476363019384041
0.37608102104032
0.564854083694271
0.356488082446015
0.402024347989457
0.444023828447376
0.508805183183589
0.413402791837096
0.491010611534015
0.480198706702307
0.453661458085818
0.531146280188932
0.570132660279529
0.642436224189747
0.481700609446183
0.442192311196505
0.497875676939945
0.392778919923484
0.436794808925829
0.525588253061519
0.705412528280807
0.462153297347115
0.410653157220998
0.490259596958907
0.485333742083288
0.659315650607386
0.399721242623666
0.504239949716334
0.513636677253686
0.458733463765559
0.54017048438385
0.628855551033086
0.551394283810521
0.358742671435908
0.540135338265881
0.57911728002066
0.488824835909016
0.659977748010321
0.648442883383684
0.647519187514858
0.6533553853101
0.573798626867333
0.572465271283867
0.510172905119793
0.551782641947471
0.64542188873979
0.602538838026532
0.530818939786008
0.665461121583159
0.648816629421249
0.551502962836597
0.588403513030257
0.727280171275762
0.495125110374025
0.640746819066057
0.598603992210214
0.79943273436751
0.519857387901939
0.457866308746393
0.541302501867852
0.650244099795777
0.610774917098886
0.67817886118232
0.589442935576756
0.648355951062203
0.735463207450688
0.706516663974058
0.64384690575961
0.624644099266176
0.639989199773828
0.713679804545943
0.636154173014212
0.619847846704186
0.648428916722434
0.470596054043379
0.598297709767723
0.546587398739191
0.640652298299022
0.421311298854082
0.736624199478488
0.518377732550891
0.581819266326639
0.491524308392517
0.547705002142396
0.681566208944034
0.743503909197973
0.703548720690175
0.569288477864846
0.700515691303615
0.658454028868187
0.666382154482669
0.773720492806108
0.647740774245011
0.592499516954264
0.590570929715455
0.729225885391186
0.727884767219248
0.810704094776105
0.564950167609462
0.667785517500351
0.78661761480111
0.750711056644883
0.673738704994502
0.607268559471451
0.819963727806558
0.624740505567674
0.772336183746374
0.806115812440452
0.683638164969245
0.756951872577125
0.790531432133966
0.736188369136378
0.748740287142498
0.805591171200818
0.601711801710628
0.798141798431042
0.752695374909627
0.728864714458847
0.717066091487915
0.81319904995626
0.75151968491091
0.774054136451474
0.849634749134275
0.660910872642031
0.661647186506364
0.645107010667702
0.74828069473007
0.762522953864275
0.632650010837697
0.765198617883677
0.721888212539016
0.642303954551844
0.992751746929426
0.798857389035797
0.703706064408038
0.922747742351521
0.706454506081172
0.778044215514227
0.534180329757672
0.700373840953905
0.717438120696771
0.736924842577688
0.757591776476115
0.772081753517472
0.801618845733048
0.849063607522374
0.722086552540678
0.794398004728015
0.79720641540417
0.660690979106837
0.726107524468004
0.718960869741472
0.730076986263397
0.781888544883353
0.755905716349641
0.785037532042108
0.894257872704652
0.770473551369472
0.707856211664067
0.769199281780664
0.74191019691093
0.731655055875617
0.774704863029834
0.865071365951683
0.814086546423353
0.924513149498099
0.85266319961797
0.740858968473568
0.979754829188722
0.749167000954002
0.879744338407794
0.798280019368866
0.931931380975219
0.803000443145939
0.683998371303769
0.841612185880685
0.866599384120499
0.844104049790349
0.649653048990492
0.886001308601619
0.879276404791658
0.912704588890722
0.921405063248765
0.863598380824135
0.894168842101401
0.69921674750876
0.935984822544637
0.933798185830325
0.835332525469054
0.785130547523018
0.834972231160389
1.01818884163085
0.884949114746752
0.945100203730479
0.847088188110162
0.890708399220613
0.863414818487396
0.942107298045161
0.957118259656909
1.01983145615387
0.87810385087407
0.939014981820253
0.964554908893439
1.00867523480739
0.751254607377887
1.04983375493173
0.821541202906563
0.828788584589491
0.804424200817086
0.832677486749128
0.908529016333043
1.02635413595048
0.940270897517929
0.831960658778395
1.00104155130186
0.961605799247595
0.955241336270671
0.917817615700285
0.948237397087047
0.985890747385237
0.865017977904741
0.808164929013963
0.899675198639145
0.965449042876928
0.826551818882627
0.977519841645756
1.03489010548904
0.837762828753479
0.836651667881629
0.933662208461438
0.852060348697694
1.08951834999018
0.876990317534897
0.967462505185235
1.16174927977297
1.08423763947606
0.83904231265903
0.920351018978137
1.09781855130269
0.857272681889279
0.950653496614519
0.867437376400916
0.833004232433061
1.0560037453388
1.02953784861992
0.956147435509872
1.00644132209091
0.884499477275373
0.863251908660623
0.982230519310899
1.07158423969271
1.20775404252329
1.14736485126136
1.13608325033029
1.00738972553074
1.03904150037346
1.08294880024435
1.03420061179818
