-0.0546449736504331
-1.0534330342802
-0.953984513607474
-0.904109920378992
-1.01080534424273
-1.12464898791847
-0.893606975650421
-0.999370021213128
-0.972879889610017
-0.974676818401291
-0.907655299029708
-0.848826898916136
-0.945819565261003
-1.01291821099466
-0.977931557517865
-0.960764036575481
-1.04570169470841
-1.07660841180202
-0.97661724432055
-0.990552636362125
-0.894096518493195
-0.960290258537792
-1.18296919992527
-0.941623557243007
-0.878359530581225
-0.879006749279407
-0.967870078755524
-0.970735231272611
-1.02252048173753
-1.12126340700304
-0.971093292977537
-0.859579900858376
-0.903833451383418
-0.907109695741579
-0.899438639872412
-0.884450133261411
-0.843534275435411
-0.940088362754936
-0.843731897106842
-0.842431818510562
-0.840197799511216
-0.895844154093337
-0.88370552355586
-0.953813150762535
-0.929334615823146
-0.798710405222594
-0.888942047231384
-0.900758091130161
-0.893045186631968
-0.891656186357308
-0.922521336692141
-0.885251134564112
-0.861733405331431
-0.907430243243211
-0.9716745882978
-0.85724473035848
-1.02518606104275
-0.868595913270909
-0.940750878597958
-0.952228019292764
-1.02547167389495
-0.793245371981361
-0.896844418164793
-0.841187164036427
-0.736661634266047
-0.74422090602333
-0.885748601084554
-0.828709960760184
-0.865780787844765
-0.627969108572197
-0.936473797485465
-0.808441977754297
-0.814078151428583
-0.953490091692693
-0.89542806907764
-1.01848917034749
-0.884437016395968
-0.831745783859589
-0.884172512770998
-0.808792591589774
-0.781346852089634
-0.809146231927746
-0.785913911148743
-1.0743408763664
-0.730651168767109
-0.790382054587304
-0.835480287996432
-0.776268947159879
-1.01675412966108
-0.774486928435078
-0.783554853228484
-0.776708482825559
-0.919116347301025
-0.638877456483548
-0.842965577708267
-0.812342243538107
-0.747026208898722
-0.865003941486091
-0.842546763688242
-0.813798734957416
-0.791643132428275
-0.934270012429746
-0.877381096547668
-0.954016365849933
-0.795668963039217
-0.848258640196712
-0.648256395842666
-0.878082459708205
-1.02721972198014
-0.81411139044183
-0.831587042509636
-0.881502151763999
-0.774876099308377
-0.703731560170881
-0.792244757838973
-0.868812822337465
-0.721467079135788
-0.79503998445721
-0.673178325247113
-0.705015534788163
-0.760830530125897
-0.641554982834634
-0.783615351463437
-0.640972356371436
-0.649194509204701
-0.767887735916148
-0.607556664033241
-0.826070004073205
-0.751486411257431
-0.642028484506221
-0.846654874176164
-0.682147396231645
-0.919281891997487
-0.703216830901357
-0.742893809834583
-0.711718827498254
-0.805459757604823
-0.819538768021618
-0.697659484426053
-0.747951216589635
-0.555322586372171
-0.609527808871831
-0.737842340144981
-0.71369213121483
-0.596932064627291
-0.589439385073991
-0.556464266457838
-0.773893961526983
-0.658003226185092
-0.796188309179078
-0.72989534975109
-0.670065636146922
-0.761084870442114
-0.835122066597687
-0.648931832774068
-0.661211778125431
-0.712228800802826
-0.754633536171055
-0.687620447166654
-0.598047303445854
-0.812364307387114
-0.577336201044981
-0.695360211605242
-0.494527737063649
-0.711984891120296
-0.750467370904466
-0.692321500205007
-0.571975072230218
-0.560925861439785
-0.689623921778049
-0.654998371217535
-0.772891770802307
-0.615081212127172
-0.636916791099865
-0.647551368902761
-0.685156300693509
-0.765668908933822
-0.678086994100054
-0.860540538247388
-0.625236805118743
-0.543847191422682
-0.787173080529857
-0.676636187877857
-0.614380611380032
-0.552661017804821
-0.595454906253665
-0.667385605660514
-0.610966946559869
-0.602285243790369
-0.563606675025893
-0.796716186811604
-0.603118948167848
-0.615727569766537
-0.670770883654923
-0.554687562153672
-0.567139784938008
-0.389243477439965
-0.611660664919972
-0.744343712958221
-0.745320099919365
-0.586165053605651
-0.756268612028769
-0.471489860612708
-0.619299571629315
-0.57972552704548
-0.512533592264925
-0.55760621033475
-0.763090535045103
-0.645137750290982
-0.488573481506234
-0.650182566126554
-0.47177057785795
-0.729299313034638
-0.542924399899073
-0.607098341129646
-0.548381626605639
-0.531829915669488
-0.50353532300205
-0.567874847046499
-0.495862955068117
-0.660512350657447
-0.531510001085543
-0.63894918387955
-0.563357153135448
-0.66132768991875
-0.538563341125223
-0.54265135721998
-0.482591174753333
-0.682947431871975
-0.757306945335458
-0.600784786008827
-0.600627556526663
-0.559088536338313
-0.483841444546346
-0.665974661887309
-0.51239933444115
-0.473646297798471
-0.420764878085188
-0.602209424018805
-0.525073356649488
-0.604076525783511
-0.352120407860271
-0.470521446041097
-0.483045003010833
-0.568029983081147
-0.588558157525332
-0.51116492382444
-0.512009355142387
-0.334018941582684
-0.330050324025374
-0.469552196096973
-0.494167614482077
-0.507139273196283
-0.523264264824065
-0.425453205443126
-0.54971138666526
-0.426482174278726
-0.578859755766415
-0.419564275679983
-0.562238760834377
-0.445649246744496
-0.487633203224616
-0.314883291035752
-0.5231022937755
-0.417664447868501
-0.612085789395199
-0.613102030828317
-0.500399540829043
-0.599310997012863
-0.426475725778207
-0.405557669022366
-0.450171318532709
-0.399623175263338
-0.529089372466761
-0.495625856888834
-0.509599206407507
-0.552565053911271
-0.351481205271318
-0.477673103467516
-0.323916597814385
-0.506219585687707
-0.570011263594924
-0.401541855094647
-0.48705898460252
-0.500369906124714
-0.432801966032321
-0.410780254134934
-0.386461152594568
-0.409497266881847
-0.33758914223508
-0.372372614350326
-0.614914140364018
-0.436298997673775
-0.505084275952149
-0.413684036107457
-0.395326776812705
-0.399119905266084
-0.375184768954775
-0.487339452184844
-0.414578737886596
-0.41456163220249
-0.33476928330524
-0.410817388511305
-0.515918203920451
-0.448610992104583
-0.402697408272219
-0.251403621162698
-0.379479432158134
-0.317209704666639
-0.28123616685966
-0.407448495372649
-0.33011773995671
-0.313642690317402
-0.452178926411256
-0.476807256426998
-0.480177248811834
-0.23785055050543
-0.294410258250723
-0.257846560942559
-0.400796224168521
-0.433985796493861
-0.255981984967511
-0.344665627378031
-0.408420593572216
-0.490284357946308
-0.430626313118503
-0.410823895508221
-0.421383626252661
-0.410178453276007
-0.415176586465367
-0.171939852650231
-0.428912962713845
-0.343786610136118
-0.30664781034928
-0.428309820570754
-0.290910084012525
-0.434885417780666
-0.25257114803516
-0.189190310194808
-0.325866566213804
-0.415060995028275
-0.484032226974806
-0.354881566039186
-0.32901678404921
-0.380247669016348
-0.183092394894817
-0.242183510668855
-0.386012534899493
-0.149314228417372
-0.205296333568658
-0.36181418515525
-0.256762031212236
-0.212594029011649
-0.168436187615364
-0.413898247688309
-0.363438484062943
-0.132410282098911
-0.253373225250023
-0.260613710068502
-0.364552967173328
-0.33997482885743
-0.264094929056303
-0.359517709648546
-0.20960750887254
-0.235460667793267
-0.277169169301704
-0.198254881497684
-0.278065809937743
-0.155337653836658
-0.180464965903908
-0.249567774633995
-0.062728869725251
-0.343824627135114
-0.22451756583104
-0.136918111683974
-0.205773279077766
-0.226299881111815
-0.342314119286953
-0.221333241850859
-0.364494025880418
-0.115187918775887
-0.213348005784083
-0.179668281685499
-0.304050345579392
-0.265482491597934
-0.182339273104058
-0.270508006878861
-0.156204413192736
-0.332735132194633
-0.0925018615754342
-0.244103885979428
-0.146071374764731
-0.127831272335404
-0.137759722317793
-0.298234960373825
-0.166099028512528
-0.395601147065619
-0.257293609189151
-0.27598158967262
-0.193508655899772
-0.0214036440171505
-0.355825332803214
0.0713827678823607
-0.223235929855365
-0.164742130745117
-0.143740612733684
-0.146765214992732
-0.101482959279209
-0.0497737136815067
-0.0429148066137138
-0.0907762338874019
-0.256522642232658
-0.132981632599933
-0.0874187982400413
-0.209836344428595
-0.082617055350336
-0.25115098603476
-0.0968961246888387
-0.0649944366159295
-0.133704545980615
-0.0569311085135172
-0.0964344309889718
0.0177496316444213
-0.00195181306815212
-0.129457878952255
-0.088958272816252
-0.244004212480406
-0.0673579170243624
-0.0559184324468683
-0.0603180532463675
-0.160892952008051
-0.253448612792676
-0.108666430829515
-0.0985182810855233
-0.0896810411288443
-0.0777653813200554
-0.277882769718368
-0.160758930651222
-0.0880032503879591
-0.26925624684048
-0.0469540343139615
-0.300083704457171
-0.138440691349105
-0.101528800321815
-0.101056289435598
-0.202209447135895
-0.14082353907622
-0.0184651231829061
-0.0879163821053918
-0.0354320187213188
-0.139167860315259
-0.100418072018649
0.0400656881588771
-0.143584856814188
-0.177596799314665
-0.0280569863113139
-0.00392698985954375
-0.0765303576609176
-0.0296087967582709
-0.0153561326395638
-0.0995119562253095
-0.128878947036207
-0.149833029758585
-0.22473405407105
-0.102560539789732
-0.118346138515114
0.109994631609718
-0.233749009223717
-0.0353532872617943
-0.0751569717076836
-0.137405668758081
-0.0686265420236593
0.076075343148613
0.0761868580934457
0.0422594680214917
-0.109337281292744
-0.0178334257289657
0.0455147289583635
-0.170737442525845
0.105725604913039
-0.0278578099291826
-0.0714520373316292
-0.0948627143874671
0.066684894553208
-0.0129722284280426
-0.138358473765628
0.115461347227422
-0.0605144052303889
0.0292648922147437
-0.0649132024210623
-0.0120089408411925
0.0991430980994474
-0.111611376579832
-0.108107945994216
0.0609678501693763
-0.0432692731393802
-0.0591722699728484
0.179040698633984
0.0507479891207242
-0.119513594195759
0.0774875510205659
-0.00463027809257018
0.0927586919886761
-0.131749960981171
0.16305460287204
0.00682619760208264
-0.0282356689845873
0.222879982925437
-0.0454013130078512
0.027664505872872
-0.152223882830852
0.0108158806810369
0.0393842818864273
0.0607138157024187
-0.00367716997653936
0.0136171238254585
0.0589022664977308
-0.0637202664834752
0.195358619568466
0.182646371872145
-0.0554654895125423
0.0556900765259375
0.175082644772327
0.0943605734096531
0.0347984128727137
0.0430319603379234
0.154524387733049
0.0682848829201803
0.264632973623343
-0.000852151746360848
0.0226073432225119
0.0592561590790028
-0.00626268709245671
0.103379445020641
0.102651608307827
-0.033157463977097
-0.0106912488523937
0.141810910503513
0.116948482549046
-0.0334598855716174
0.124504439575058
0.186327806627708
0.183221708007023
-0.0223351575697468
0.230742884098151
0.0632016493785064
-0.0241532002137997
0.0489592631673263
0.0153028761885247
0.208119031700169
0.12570085544864
-0.00682122909716409
0.226485345369238
0.0171979113315387
0.00649786350320591
0.0728488271718606
0.0997067366788557
0.0320225140488737
0.0352163148106681
0.0950083685115702
0.0959228975062176
0.16673053833469
0.114648987046364
0.0270099425481834
0.125093606053597
0.226089938742091
0.191709523224981
0.264452688417716
0.0532275936213385
0.214155411148742
0.150329780005841
0.206308161998651
0.12810727956564
-0.00961260280325198
0.1555485170777
0.25447447127771
0.265653869437972
0.236948471234728
0.141817729168051
0.28072319159607
0.272737825911456
0.121367707520037
0.114598436997936
0.207029993665543
0.161863728723253
0.134896942764291
0.196390787060878
0.25624676502344
0.353035413717225
0.121119899996414
0.140921947105725
0.0601061315055851
0.193084917083224
0.107021155004327
0.198160170520906
0.176171560030109
-0.00083724613927253
0.138496523664263
0.191318531812358
-0.0209975175553373
0.211949010098044
0.0615502937129389
0.200291414845645
0.169557025129906
0.244200668520861
0.303697596153532
0.111345839827161
0.256302708483646
0.144045733138416
0.267311875010975
0.170963044667096
0.341432536972097
0.27831725446965
0.158445773894322
0.214325892971843
0.339915402889314
0.301593278971913
0.109506274870689
0.293722564618676
0.341630265967438
0.259642193848655
0.249095861037776
0.280664529757685
0.32940384415274
0.229742998284408
0.263842259710496
0.213843572263738
0.261223400528338
0.276723752082928
0.2568335365491
0.104528065746767
0.345721454009411
0.28280578778216
0.386774069824713
0.338423989796187
0.160332723658696
0.349735886424668
0.180506289430981
0.241455323046529
0.293560914342023
0.389362998259781
0.239363618415326
0.243223085059152
0.319804825708282
0.351465137512086
0.469074239245657
0.487301575592315
0.152585127578722
0.354549724408763
0.380165430105506
0.293949531073537
0.204507885371178
0.137120660129831
0.207717258377149
0.22588748581373
0.24283188332954
0.379858094423944
0.220497545653409
0.473471049044942
0.194916504169567
0.484723653801397
0.373742767403786
0.299948060444259
0.312585211216375
0.353602810375694
0.191036460598894
0.0802283382906478
0.387611187095512
0.378927554823696
0.350696110822119
0.410060013793909
0.371526062264288
0.298433157392607
0.503700607954349
0.205344475776392
0.442897906134417
0.435113196860121
0.176475426172615
0.450186144885443
0.404203579698277
0.352958367773089
0.276911908945815
0.387740626978627
0.484940908879754
0.28653941913504
0.337624353178508
0.425467585227892
0.398640607426387
0.309607305079341
0.382456004881017
0.523028697795054
0.269219784985273
0.358732217369241
0.365904637957197
0.514665992993488
0.297485827539421
0.457318215747793
0.336794420364905
0.421565696827781
0.335092282087761
0.321363647822949
0.433823311455566
0.458288301255553
0.483587596829364
0.442469772698947
0.316528252479747
0.360942834159257
0.40893098961388
0.465288114152726
0.395428903646367
0.491150931627662
0.43962579301873
0.360059097325196
0.39504856201383
0.341628784611342
0.47483273646807
0.42290891951586
0.307915034336296
0.600689924881964
0.312741375845871
0.460939194389833
0.484110316984851
0.379638025497502
0.399429934201055
0.469724723077661
0.350231497106936
0.483216611529427
0.459371784938841
0.464130921852689
0.457138394073448
0.53761942124028
0.475311097348869
0.54683717266788
0.397548811844171
0.483592857444474
0.490157950545209
0.557255050913342
0.274849227000437
0.464967280116462
0.394036372440923
0.567513100928286
0.600824638279296
0.495151034655749
0.491460586680259
0.486763804369502
0.512832647195525
0.51232292399055
0.539577098635926
0.503323132566036
0.532562810373161
0.508053588356003
0.385699920339574
0.534310289260226
0.448660105691431
0.53689788456606
0.501609395809044
0.355312620189381
0.573251101699026
0.418203045401561
0.466706833075677
0.337688285102681
0.38255089052296
0.552170823976037
0.669208806471543
0.50525204856194
0.509274416101726
0.489834938221655
0.48739065270206
0.582326392293512
0.502554933355009
0.62992237795542
0.436727853915625
0.777673613477587
0.452029964991674
0.529467342412413
0.515712168474561
0.51120819381375
0.697256755175379
0.539101886909432
0.389533526957114
0.581599391385199
0.563859813471924
0.548988238777966
0.478452157159252
0.603098897629422
0.556042471923116
0.72911822733364
0.666809099877179
0.515384245527525
0.443959855559399
0.674693964211795
0.504024082856427
0.619012991902159
0.660183116740357
0.538417020198419
0.470392901045033
0.63180648954553
0.57298200927017
0.563960534857015
0.686430878629746
0.617864052273149
0.647484378614409
0.594881665674704
0.757373981716783
0.776032846712491
0.613913994558698
0.694845604916964
0.67116911338889
0.475247954842057
0.70954796451043
0.546945905232208
0.566981544799457
0.648668224132095
0.670754188591787
0.628641773697838
0.580856172972654
0.829592094097553
0.570631894796464
0.657868890597808
0.716418796417191
0.713591650424646
0.638956510312421
0.605171859343055
0.493528629894864
0.732334329999586
0.661099803871859
0.640920887506926
0.580374915868732
0.75876370476931
0.594388829814751
0.818925206147763
0.674135357800528
0.712661775459772
0.552697678285901
0.462295480940773
0.698001913911042
0.800232770559117
0.577043382056154
0.757888893311734
0.639058327482682
0.577256303362985
0.71192319334325
0.527467201615177
0.748773085865886
0.790511665921741
0.732785967787009
0.609859780973359
0.807193704404699
0.844890789668839
0.549308465365407
0.697790623276682
0.56728262295311
0.700644311537222
0.792545805586357
0.78816480530569
0.802248400632204
0.791649276601657
0.555050555239604
0.73170607946767
0.556429856472244
0.728528378413453
0.87310217334469
0.896073154502933
0.732802657946892
0.779855594367209
0.720060324664014
0.641835796212393
0.849462022581613
0.760496566479622
0.584298461877426
0.924047371716169
0.826906009363955
0.753034842293485
0.702795267696326
0.742916403465726
0.766786597651432
0.780095465137555
0.721921259518951
0.757770753996667
0.753357566115377
0.808249650885249
0.857178362020102
0.823624873679561
0.766369379529599
0.75647383625119
0.680245087849842
0.692613711667995
0.773420200040204
0.750557141486405
0.673231210378046
0.771664136821038
0.824408188375204
0.900572934928046
0.686489885579944
0.963183725343141
0.725265972951314
0.872628474237075
0.679915652440838
0.751279382792298
0.903331874911958
0.95223472756819
0.822919674687489
0.78271632331659
0.821591434649645
0.651124005134193
0.730652710019715
0.688405807781217
0.68313526817564
0.747708285974502
0.855033148656968
0.773629501499495
0.824943779934011
0.833890381830736
0.767579747122103
0.791293813959989
0.704109539009887
0.719970662637893
0.910055914020587
0.648404320892917
0.707682222468285
0.905738269348808
0.918236275917394
0.773758378095719
0.808741223859692
0.93019060880638
0.956650298163301
0.931748244207925
0.777761508820896
0.810037333066662
0.898152383782417
0.973288423111848
0.957961664911256
0.910555627350109
0.786928538286812
0.865568844082033
0.753092381188825
0.915224129191966
0.922628605457377
1.13065434437827
0.80388303496249
0.856886148211559
0.940616334828537
0.877815684066923
0.87529806756059
0.979254952651485
0.893873686340445
0.72789059755275
0.855498952661852
0.720690120551148
0.997145819587921
0.781077117596427
0.882650624672685
1.01677200613576
0.761143793520604
0.853785384746582
0.943520140452665
0.912361954891711
0.815244254356386
0.940852718982063
0.794482230445976
0.98766597646445
1.17794486850788
1.01795354731633
0.960634087848325
1.0199239852409
0.869826902854444
0.887780152116633
0.89794285978753
0.922055072129102
0.872364720678452
0.939047163815688
0.873866159838179
1.0144223486178
0.966058331969875
0.963995639357934
0.993918997137854
1.03859397356234
0.776218590663511
0.896784260935287
0.957720396805048
0.924180006393015
0.923305615340674
0.986424092494462
0.994429404247051
1.06053226689661
1.06712814778676
0.860942373423976
1.00432566054536
0.933035395299129
1.03196377695883
1.04150734266589
0.950881757103235
0.995860040114664
0.847185919071938
1.01616813099278
1.16476333996004
0.922110182948194
0.994111636694468
0.942555190274082
0.939328700310063
0.989960517749482
