0.0741853601646113
-1.04175473140034
-1.01719462774611
-0.919354292491345
-1.05725997316624
-0.827869659557837
-1.01467907394973
-1.03909610272281
-1.04636548001494
-0.839204079432815
-0.857010540754435
-0.984786859459241
-1.07390345736293
-0.830669591053101
-0.856151112613061
-0.902377929108367
-0.970912209199427
-0.836494169948514
-1.09694326386301
-1.08298654434438
-0.876645397439324
-0.891460906231658
-0.93968614173055
-0.930910260807758
-0.931191741969493
-1.02824627740059
-0.864016724871831
-1.12817477599577
-0.8497763406003
-1.04777255988987
-0.850337417256348
-0.857519672847401
-1.01336783988304
-0.973869305960943
-0.898920853228714
-0.841627652486334
-0.957879315722676
-0.875431384636683
-0.86032387779943
-0.877008641186305
-0.924687587216992
-0.861383582228226
-1.03634395149628
-0.863573026683543
-0.864895544974627
-0.907333124674364
-0.893559704962819
-0.861371168114782
-0.787468642713309
-0.83783750983753
-0.784196850134881
-0.826724327282727
-0.890002110760353
-0.921922957885129
-0.872107161820599
-0.974356379523687
-1.09493628132343
-0.768342826909865
-0.884069662348465
-0.869205314281601
-0.811618217346363
-0.962246172357984
-0.891710281685572
-0.885615086749896
-0.755541800646522
-0.78937997419893
-0.721965938809509
-0.89318324194172
-0.829959590708077
-0.769601781764848
-0.819153024690726
-0.90801207214333
-0.959237391097804
-0.735791884482306
-0.872036206756098
-0.798185681602797
-0.809163754523313
-0.831245834668638
-0.751400625203932
-0.928764248340756
-0.879115212127439
-0.871543775796849
-0.935989288819269
-0.904985420754382
-0.729065395914954
-1.07229655086662
-0.780449120665166
-0.875018381206509
-0.682841619541144
-0.852202015662788
-0.90723340812123
-0.833530481543475
-0.746167456736644
-0.902960746575438
-0.758680111881992
-0.71146973567097
-0.688295277240171
-0.96797774030881
-0.788954442766895
-0.753781532422451
-0.87133381398889
-0.770313999267459
-0.899655820228094
-0.835135193218857
-0.831514904438976
-0.811983583049447
-0.802644633191193
-0.945336562102423
-0.824292625773137
-0.731525159230912
-0.657581466907695
-0.753745022291227
-0.832345209853701
-0.731810658383215
-0.719588565597735
-0.709823756037907
-0.858966336142927
-0.842348276665923
-0.725675170661163
-0.702961512625099
-0.785755432912296
-0.726919408166525
-0.788168796727283
-0.792579900598154
-0.805329112131641
-0.75663222671335
-0.616949093533161
-0.729076441310146
-0.888311959366717
-0.703561285517894
-0.624255298531888
-0.755899955232456
-0.681138887971213
-0.545382508389626
-0.715049009275173
-0.636229214145994
-0.806171187569023
-0.799775120262528
-0.697017226572093
-0.661799972415361
-0.800206288566999
-0.781454589332543
-0.853970795321185
-0.725698600834948
-0.686734579326296
-0.602312973005239
-0.696937242832478
-0.614861877258418
-0.797072715465954
-0.701121869269837
-0.646460827762263
-0.719893245831017
-0.682647767096402
-0.661916882926735
-0.806284016365771
-0.691751069241095
-0.680605303827882
-0.660546306690168
-0.69317149590272
-0.643483752989847
-0.576487366226233
-0.499335440955007
-0.606030336833974
-0.779578911880533
-0.644492971223443
-0.721389652629683
-0.657843611676311
-0.775158540446309
-0.794649286228061
-0.508883758493321
-0.631021999944504
-0.621507900254954
-0.742464860980314
-0.678226461246484
-0.542843183677642
-0.735408982632308
-0.581390884691594
-0.497537710563408
-0.820060921565492
-0.582153935957771
-0.545951546345282
-0.623578978323453
-0.800339148654711
-0.73120987037708
-0.586604157051658
-0.589121021435914
-0.4932783692959
-0.702983612801667
-0.593879501846362
-0.678621591477425
-0.690808251231556
-0.63595563641612
-0.760978395525535
-0.633661748926341
-0.595475778908858
-0.766165193537305
-0.586996584066339
-0.560713093243234
-0.602723304853726
-0.433988899322715
-0.377456257066998
-0.613964117626923
-0.588609497703779
-0.683294752607778
-0.616477730562486
-0.645229377588388
-0.555399933692086
-0.650052536880768
-0.650342689322499
-0.626949234286111
-0.647249532935807
-0.50031907837874
-0.65802623264826
-0.597518003502588
-0.472805618530255
-0.518294435455184
-0.534039095684791
-0.513664808141907
-0.617669814915677
-0.683130542894528
-0.416102765158206
-0.610303296462922
-0.60507516813288
-0.479564310862286
-0.429065529905823
-0.511987700566515
-0.501146251799664
-0.692000552560143
-0.50629090888301
-0.468510015524403
-0.570382235125193
-0.495576431114369
-0.586561606880522
-0.443314348437491
-0.52706199558295
-0.433340669031773
-0.518715304995541
-0.291106389004082
-0.470656869887868
-0.520096840595808
-0.541477923282287
-0.6033213407759
-0.619625411690958
-0.600585383805926
-0.360097520695654
-0.663972334583359
-0.516359528261956
-0.505554580034234
-0.478521303928859
-0.476539069518468
-0.498805719064584
-0.473534123184142
-0.526164962362937
-0.496403466205678
-0.395352807440025
-0.541613742134002
-0.545248280241588
-0.588765431017208
-0.463451313556285
-0.542644551339245
-0.404843146807263
-0.529217741572684
-0.603999525189927
-0.359278241295007
-0.468678630708516
-0.549853644256098
-0.445653750880225
-0.542169790986647
-0.453458643440679
-0.44960545388081
-0.540438404623036
-0.419729205431623
-0.477296923630563
-0.430205043583329
-0.501660910942973
-0.46900130660519
-0.525248696064161
-0.523688979660191
-0.494702350779521
-0.38907365338401
-0.431698745178519
-0.581137118344525
-0.467611879884014
-0.422639991009563
-0.366585210238982
-0.452758121788237
-0.499086905784319
-0.372769634236706
-0.436053844024429
-0.567582843437147
-0.409069441714506
-0.394066981467328
-0.445351509548009
-0.263184963191466
-0.367676377992073
-0.51802703625105
-0.320331522540811
-0.401707697391954
-0.355395448193529
-0.433686871628121
-0.368937559989546
-0.598352882684171
-0.387121957380894
-0.339390197811013
-0.369256704576594
-0.473703040166278
-0.274945766077722
-0.477170957120114
-0.484637326133581
-0.409604843283989
-0.461997167296757
-0.219263304476835
-0.369777792454828
-0.385888146126529
-0.24145069332257
-0.301876061182843
-0.531696133188065
-0.341523868356939
-0.2456502110358
-0.370525008059026
-0.10451836891004
-0.304692523815012
-0.285490521666871
-0.29345384591077
-0.358213571299579
-0.428662951670416
-0.417458018479552
-0.400570086503384
-0.364531245932531
-0.411692987412794
-0.279047638235354
-0.385000028874529
-0.275042353281829
-0.303105008190529
-0.344734226229523
-0.369679380531251
-0.458058787968788
-0.390327702142717
-0.32945904213255
-0.220505812051592
-0.278102594757891
-0.406307714825333
-0.297549631488932
-0.368705655185291
-0.352601206400194
-0.366839421314385
-0.318414030510895
-0.214855525037808
-0.221495998373468
-0.238996571187591
-0.368709475258158
-0.353609533145451
-0.314102967571879
-0.283132389594838
-0.17305614343328
-0.303337975113068
-0.233340643898277
-0.399540561385587
-0.174468112356933
-0.225310519952159
-0.328907029795985
-0.244484514261742
-0.179422338915784
-0.243876359217504
-0.289158000089345
-0.232020650728225
-0.272866333871005
-0.16843265907325
-0.20187987776272
-0.108538003951613
-0.294897175684875
-0.422623339883305
-0.214192649586715
-0.169454656409733
-0.198520255183878
-0.376939999185863
-0.261023800851177
-0.0777586240643171
-0.332697496857375
-0.0288645745274381
-0.232203937694684
-0.239968567974391
-0.252906665821516
-0.249051939424667
-0.341659602956494
-0.251152157282327
-0.303477628739155
-0.309620484438357
-0.173583643213606
-0.111886298896607
-0.291976407571181
-0.289216539272534
-0.216901773641055
-0.271712759591828
-0.0569415121173346
-0.230543383422904
-0.14289860527379
-0.438985552933252
-0.114670419170516
-0.129309290486184
-0.201569759306594
-0.285420035008327
-0.174586586700791
-0.181780006948584
-0.288263607312982
-0.11871991755819
-0.120976981337333
-0.214109965257749
-0.281142191359753
-0.232061111496164
-0.0770782183826806
-0.20908914758178
-0.173243471372398
-0.143963225598219
-0.166611602034923
-0.246294530502615
-0.105539360277114
0.0356241706997954
-0.276596463471994
-0.167099288560806
-0.091938408177074
-0.0939705886250946
-0.22381434102942
-0.194123922542273
-0.0892317560525204
-0.250586743453319
-0.0969164054239586
-0.0938989717966978
-0.182386671379835
-0.231813194221868
-0.0643701471989918
-0.145355714191354
-0.202442282090625
-0.132952273604278
-0.140437380649952
-0.194643130580565
-0.0291978611119334
-0.0531186425425683
-0.147952324178773
0.0128278735010358
-0.0461362414570063
-0.189253476020756
-0.212752245650559
-0.0580684013959663
-0.179326394305386
-0.117699133684428
-0.142902958431248
-0.110672818500514
-0.134953474488098
-0.0243232817155487
-0.160523614910592
-0.300168443960062
-0.208297424023199
-0.127998562878611
0.0433161149648639
-0.0580775501482959
-0.00100968360711944
-0.248937229397285
-0.157895669544396
-0.17673444992559
-0.117142911988431
-0.0319102824734157
-0.0699067507621317
-0.259762056880243
-0.116514089189145
0.118090237630836
0.0192700054474271
0.0644455484819256
-0.0759850081054153
-0.0550871397346974
0.0892109834333696
-0.0202435923659041
-0.16835568935829
-0.00297949725662703
-0.0558935327433245
-0.136830481111992
-0.0913371399536113
-0.124431432970192
-0.0509384950731294
-0.144538272278455
-0.0732682296633687
-0.118243033867965
0.0116170210083272
-0.0119980881097692
-0.0884031603695011
0.0566342165800607
0.00983630190374652
-0.216798770399182
0.110250841344133
-0.0651524328112531
-0.0897760564369985
-0.0516498157523807
-0.0658403437414131
0.016318490999517
0.0269351904304
0.0719906239726302
-0.080209512215833
0.0084246908596584
-0.119892652135667
0.0212153458283425
-0.078161134426786
-0.0316183698412698
-0.0414469862652411
0.0487927350662138
0.117134854316054
-0.118577070870336
-0.00603198251413411
-0.015873319273476
0.0713798758930613
0.048785385666876
-0.0244360158240025
0.0903255815856153
-0.0684414276874064
-0.114595302556219
0.0711781707601285
0.143392873848609
0.0821136398141952
0.0307602167290174
-0.0574526172898941
0.139708541853327
0.0134444763569053
7.58548193915272e-05
0.0203885619024331
-0.00202951748460212
0.0974383924641934
0.051715765632337
0.0032147053507149
-0.0501522628415314
0.16961706888842
0.0445989786156319
0.133184507475918
-0.137118302890801
-0.0491417204296308
0.0971952965312817
-0.0185632281620634
0.0258942098271886
0.0877228603484715
-0.0089844425127776
0.130383567156629
0.141187957815157
0.1840570227106
0.263415611201331
0.115629433331888
0.0588127326880163
0.108586654259153
0.0303116231293483
-0.0361797679340857
0.0618173759803721
0.0741407064554951
0.0823745026793247
0.100643985060833
0.154551560726684
0.0807398317864024
0.0328616893706664
0.213534122051516
0.0415211504374151
0.0103489566799553
0.0836548934697917
0.121532156462489
0.149197847493821
0.199914753418103
0.339218556383366
0.213618491493871
0.128547646042788
0.179663353422627
0.112633009236673
0.157231820714816
0.325379533896219
0.127106406249142
0.0105625499201716
0.227497715393677
0.0180288306341264
0.170044279417125
0.105572479190889
0.162650953483085
0.174387824182898
0.096269742141165
0.212872114112991
0.0600815597391873
0.0818138664123597
0.207591054825413
0.0483143544907318
0.121858131034436
0.144209374244304
-0.0886441527929774
-0.000974338809758802
0.0862068206717942
0.23649437032268
0.230974655356867
0.171674371985825
0.118462683692184
0.173443157344722
0.305518827307403
0.0994198934698359
0.103074189325656
0.213224938046023
0.112525955002281
0.137561692593994
0.0893626426886607
0.146231473589501
0.214905971747066
0.185957529719549
0.0884775577347537
0.162195178805915
0.15957258614806
0.0301853072244684
0.33648512115383
0.266878212350967
0.183971344383389
0.0181537049134875
0.241926215863031
0.223242811040498
0.271106259823971
0.224410850418592
0.313696440761258
0.194772576213286
0.221039321446638
0.166267502679781
0.232267103111205
0.384500801808232
0.232085574118924
0.190435812442585
0.315697983391771
0.205735975567706
0.178156742430264
0.194680046676014
0.0308006521433161
0.193522700717477
0.243200214791198
0.298698032172205
0.259354550089311
0.350882886910581
0.22303152359557
0.395542746678838
0.315399849101964
0.357559511571108
0.345251626593926
0.185292858874807
0.288227235377271
0.301576499995193
0.227160118626549
0.357053804073998
0.254520692811789
0.213044250668536
0.311295790384872
0.131420956248643
0.264047498264031
0.413863633423073
0.285308110526524
0.200870240603572
0.315830509554151
0.302282135898461
0.396033525833078
0.374540503043177
0.150290025987756
0.431786448968769
0.310251780541159
0.430574726638341
0.302697442783387
0.26865656575976
0.282920444119551
0.272654422123618
0.281097492852856
0.482260185521536
0.276362142460612
0.429744936431968
0.454473372555748
0.196947314255069
0.291277124475211
0.202638913855656
0.241479761083649
0.349683636221038
0.247257367582606
0.253111284446014
0.356630399866083
0.330677369412378
0.374154457341343
0.364937109704978
0.44854894949131
0.521843086109726
0.317324014232233
0.34169825594484
0.386123797126894
0.522322734970163
0.307070976474536
0.441256731165374
0.276941713407383
0.139746552212187
0.441150204939274
0.435721113486041
0.316896544735374
0.243619826118197
0.453448899241892
0.306995496645408
0.446929583622107
0.246318504375516
0.33409002571166
0.367642920242981
0.494449146948874
0.436093052455533
0.333561844870295
0.347591196079927
0.322016269882045
0.302226784330642
0.4378716784625
0.462751557463136
0.494810887023319
0.280402524300137
0.45966813005236
0.386006416107277
0.272302260839702
0.523247792368797
0.538082378644078
0.417722697831897
0.380923943293153
0.447899577607257
0.467280612540588
0.380725706397295
0.435148958224017
0.367241407629745
0.511166986224266
0.555967642582144
0.547085905529763
0.511728423757852
0.392690120805875
0.485742878575222
0.578354608456621
0.564624233974679
0.439049585765557
0.371533042250143
0.411639283593883
0.532891141170814
0.466018130115105
0.524035576207798
0.521985681255844
0.475140353850749
0.320587641143657
0.464957864757118
0.3284598241217
0.519061269973729
0.444643919624254
0.458406814426327
0.494612028641463
0.474591095221792
0.480249887078182
0.501135133690095
0.470033604546933
0.430916990998922
0.544513561845123
0.421075397627491
0.562557140483773
0.481303553073869
0.476441401303377
0.435344695440458
0.374824737407316
0.590125032268213
0.597764039374493
0.442052042718886
0.43987090381597
0.457005628719001
0.541143299915108
0.499195542983011
0.544900048626469
0.510543136620478
0.44021914049505
0.584403404986046
0.578702687944942
0.490636553434959
0.658757824182505
0.351689985291587
0.472803066465729
0.636765565172405
0.585943500467354
0.441341437060989
0.509011130955017
0.564643204556045
0.498740279757992
0.542726942303525
0.30542208202358
0.536465281670744
0.504517891024957
0.561443539789758
0.506873167448198
0.677807756864594
0.666486925111863
0.611672258463897
0.489601341966155
0.516316754275446
0.641739204311079
0.412713577235067
0.45155501540954
0.580788876213356
0.588110466778996
0.576837301365789
0.613726944788302
0.592173912252895
0.40602072898258
0.585901159493164
0.575380072188378
0.631076157029903
0.573212483385075
0.649468180987622
0.629607568262761
0.679218295295198
0.677397154130711
0.621207199302555
0.68396148608581
0.67237249381782
0.53173061993223
0.772106076156636
0.601597530353244
0.709286539080386
0.693685210808402
0.655736892176402
0.63813155618717
0.759957245750882
0.833710220560688
0.473004540036791
0.638839038196462
0.723006602466803
0.54463982553687
0.606709458148651
0.780719815769002
0.572405385536272
0.635923920691143
0.713474025905276
0.711447342700405
0.748521093119353
0.609739006234555
0.630379869845258
0.58661099225547
0.685951121805107
0.712359638914849
0.637834917621055
0.674751946017971
0.723118529659921
0.537678071121643
0.632086132846924
0.835575377797375
0.63740715494014
0.595002500875205
0.674144698344111
0.754715578524323
0.561305140071827
0.780865846203609
0.715126594700517
0.711571613909424
0.710985598887119
0.76185920709801
0.785774004953244
0.757767370312661
0.645332469690518
0.691726387943939
0.736646756062113
0.674317464777702
0.684133453285424
0.750007339202963
0.59646526872531
0.806233415785058
0.80117711866062
0.796788988355901
0.754887411284428
0.814943190899927
0.8028648791122
0.812597833959903
0.787335953526622
0.81524839318271
0.704220058033808
0.717004675125089
0.727995302089666
0.680100459656273
0.714369907337368
0.803682526369057
0.837320429099016
0.728700167227353
0.809985642274318
0.617532602633432
0.733394416748353
0.782433712389959
0.827655203470064
0.72566543316039
0.786857289437197
0.768154195610769
0.751788010992471
0.834106128110801
0.762950698054729
0.762290546972131
0.658389250408199
0.774828540632127
0.571098062475874
0.796628227678374
0.749168227016219
0.749690433474059
0.771058061169846
0.784938665780466
0.807681093002032
0.798553266023766
0.510454596516884
0.933289439612063
0.748587406228744
0.736723391728347
0.851895945125853
0.749016224976448
0.636125635789583
0.58753842238394
0.841312834036385
0.831564077571125
0.888221602631508
0.685334617856587
0.730390576569827
0.808958378485041
0.831335337556285
0.758679559487895
0.704269807074265
0.864869672003286
0.90786018706534
0.7661419237687
0.94222895010247
0.81619703442177
0.734699287291482
0.914173307460173
0.922821371633083
0.782876316022102
0.967049273479601
0.777688469412219
0.632280947984982
0.918183174967397
0.988627854211081
0.867885919188264
0.864745859982921
0.873337949299074
0.819438491569674
0.900955444265011
0.833367273371874
0.77766134720067
0.894001170586804
0.907127078170769
0.839339168125771
0.901880300955106
0.89592186864769
0.932176010296685
0.892494148226437
1.00084549205406
0.79106787963592
1.00320850625417
0.869117917659887
0.890079651381821
0.824312254550355
0.875753919892439
1.0545205285372
0.922917812639834
0.91021474315317
0.876227574036644
0.956616024633262
0.955364933557093
0.81995315330397
0.934177252285572
0.794439400347529
0.908801074758349
0.969421562239806
0.982741179571672
0.776410669277888
0.93795373588711
0.939048080962652
0.889455559261482
1.02499454565638
1.00027763435565
0.67797726461145
1.01909293348266
0.826284414399895
0.794009891051792
1.09435709111789
0.930678393135343
1.03031899340099
0.928163255350889
0.778118692288803
0.75754746726556
0.968096744626246
0.99553958445746
1.03162334257102
0.972199678908442
0.850695074802035
0.943880352953203
0.943018923159935
1.03928398290023
0.96257387549523
1.13563532179569
0.954922643595808
0.977671546610724
1.07708702262661
0.896065341475101
1.10384726714048
1.05772618004758
0.863456229181206
1.02296458030168
0.926181630580446
1.02125051579115
1.05153319781549
0.954339038178655
0.999737664279105
1.10417215289415
