-0.060377528746068
-1.06478215552852
-0.941147823313635
-0.892659568809183
-1.01531078875738
-1.11491070681207
-0.897163556650789
-1.00209831433234
-0.944357175435859
-0.97346804917061
-0.920774545067123
-0.875427153609261
-0.964869567186575
-1.00430847472853
-0.982216963278144
-0.959887921691505
-1.05091728619905
-1.09771603076139
-0.966127425226287
-1.00714605378837
-0.868140875582801
-0.959154658625249
-1.14880921931909
-0.923619226476339
-0.896551652901831
-0.874161732035489
-0.936327692274146
-0.972345265055415
-0.997649609536633
-1.11811709096087
-0.948983548348629
-0.837911049485323
-0.90808656509024
-0.896925470601747
-0.909688568388229
-0.879188480585075
-0.855646353657013
-0.954093436143853
-0.82079326908194
-0.794911904613147
-0.833015858801391
-0.905953287851321
-0.879328879497819
-0.936792515635935
-0.929443495976381
-0.797151617493066
-0.892921658637118
-0.928933313852994
-0.901164519529152
-0.898987423008088
-0.934433568120227
-0.878715950911045
-0.878480078876418
-0.905555643560192
-0.976914458141415
-0.864837023014957
-1.04405742297801
-0.874098285115662
-0.930190216071006
-0.948198547991263
-1.02509350395436
-0.794477976608969
-0.935760875722769
-0.843703807121075
-0.721432586809237
-0.737250198094164
-0.877807100186214
-0.855093133491419
-0.857668891738133
-0.652175821413185
-0.919844979678742
-0.798709134237451
-0.804202678269425
-0.946286858628221
-0.906122724064692
-1.0191608444017
-0.887800434782954
-0.821048144724062
-0.905722323472877
-0.800080198294932
-0.79823287795836
-0.818793008523204
-0.791988044877819
-1.08471711907152
-0.754901690436225
-0.817489067417683
-0.85378077440834
-0.765012067226787
-0.980125715046966
-0.778942791472182
-0.798786937446818
-0.763248513450756
-0.922754736374354
-0.625069547567183
-0.855272294790448
-0.808655563866221
-0.720577435984776
-0.853711795826777
-0.860620369606824
-0.829513177392494
-0.791770668605718
-0.933373544131626
-0.886271633036152
-0.958819119507495
-0.775773930924143
-0.85832752976363
-0.630999980268479
-0.87398747597712
-1.02149537421738
-0.807690539432424
-0.822127438067197
-0.875999031452114
-0.769384545172693
-0.688708225684034
-0.806787521930434
-0.854343587067264
-0.735199046277893
-0.768740912743057
-0.675488987963315
-0.708496662066361
-0.758942093804088
-0.626337949967642
-0.780087492925839
-0.649032894087261
-0.652359785126197
-0.775129499717601
-0.621230368776574
-0.821019358617832
-0.762887532348228
-0.658085055378084
-0.867209356953005
-0.683787008997192
-0.913518067543591
-0.708110302724737
-0.745857136307556
-0.733487078205702
-0.80387667542186
-0.85538374486068
-0.708896576421302
-0.739238362914792
-0.593966277797114
-0.641385763952975
-0.730866800023762
-0.704072125544684
-0.57848722078627
-0.606085444704009
-0.592845268272535
-0.753318280671422
-0.666833206954599
-0.813213700194038
-0.720411246155278
-0.654330235246315
-0.767079480586735
-0.853010385065742
-0.65708489515561
-0.634963880578849
-0.711524051821026
-0.766293325537454
-0.678458127773977
-0.5866001078006
-0.815326383914876
-0.579107597137175
-0.708669730472288
-0.49372567097823
-0.692395927573141
-0.748692718440067
-0.693955617191093
-0.558237100051443
-0.551506753207673
-0.697094043764578
-0.655662164939242
-0.769538384461634
-0.611785051977871
-0.637433172067045
-0.628138964165199
-0.677010970778125
-0.770433961238708
-0.690991334262609
-0.856497094748161
-0.653133220490305
-0.568233272961233
-0.801392029300682
-0.679951697959813
-0.612597636239555
-0.565991768838991
-0.596513860189414
-0.660558587904915
-0.619147351699551
-0.60364163628887
-0.57494038314516
-0.781416514054
-0.618559899317429
-0.626049793816149
-0.697008072150387
-0.564695844358834
-0.567057580075341
-0.388699576765165
-0.596134006241295
-0.734801969464824
-0.746185576066103
-0.600522465472599
-0.739541423487111
-0.467708553260699
-0.619620135903073
-0.55201596818369
-0.546759815447399
-0.576830688731558
-0.772190388911349
-0.652221904145631
-0.477893487444894
-0.671718088995796
-0.467777130563563
-0.740287509091347
-0.522785056277625
-0.603759206198525
-0.535466654350423
-0.513448453187353
-0.496710860996661
-0.551425597943877
-0.498462552843522
-0.657920715176179
-0.529628614137241
-0.631250161969407
-0.568096835272965
-0.65652890686381
-0.5437162036213
-0.563785422408169
-0.466084107966068
-0.682670613638026
-0.769570002369854
-0.625648884536114
-0.602082900697008
-0.558682243489814
-0.494089554880035
-0.662373376000638
-0.514528074056136
-0.451544864907655
-0.44686006545109
-0.602613633431249
-0.502121243549951
-0.579601294315369
-0.345470743730348
-0.477473374799788
-0.455674421991522
-0.566344663632279
-0.593892157150758
-0.506200334585762
-0.527028056129408
-0.351847443055146
-0.327088862549086
-0.464716269639356
-0.48792470784392
-0.50229008912327
-0.515669390691015
-0.440006180604294
-0.543860952538711
-0.424691025888786
-0.572112895125521
-0.433378958325011
-0.541001773731392
-0.440563459829522
-0.483763823391946
-0.31842590075376
-0.504379934823654
-0.416429834154809
-0.602120216669116
-0.612874954899109
-0.482726159197943
-0.59512520141661
-0.415524593519875
-0.420300106365246
-0.460983308677334
-0.365922232757908
-0.526340333028307
-0.507956465994272
-0.516555083294345
-0.555523181716467
-0.353939873674021
-0.448898720332114
-0.328052844481713
-0.497267978980002
-0.563808713256433
-0.411267619037251
-0.508802670342169
-0.48634606256609
-0.435931826741761
-0.427632417609023
-0.385963944270365
-0.419171020309761
-0.335391078498001
-0.375129636475297
-0.629035435762488
-0.425797756761453
-0.525430879127774
-0.418712032675599
-0.391312840876251
-0.399332902437213
-0.36424434440853
-0.481495219253564
-0.405757315830281
-0.423300983198285
-0.355589532291556
-0.434746465247032
-0.529276539092711
-0.453068138238397
-0.396642264955766
-0.259135605191653
-0.390724352195969
-0.311324040052273
-0.286705980987326
-0.429703773059681
-0.3474664862141
-0.322575214587959
-0.447257344719449
-0.490924135019498
-0.4721422424248
-0.225817117755318
-0.285542191483771
-0.24541865156015
-0.422101753749802
-0.443912653225128
-0.266056299025883
-0.330115516527259
-0.418619283330264
-0.47902851094305
-0.437469816795487
-0.391158104549778
-0.41783421348195
-0.434580436057152
-0.415113130412888
-0.174278140696208
-0.414945497898732
-0.31763015696361
-0.330836044982584
-0.416274517907056
-0.301400391073425
-0.456328377325792
-0.255619433577575
-0.185209119463846
-0.327560858901904
-0.399260874186918
-0.49470561390065
-0.348420944830339
-0.332320783019287
-0.376982324416257
-0.212655242364294
-0.24107400207358
-0.356431414432968
-0.13220278944652
-0.204483225485921
-0.371872583082603
-0.253110283386856
-0.193085387597024
-0.153755568028774
-0.420760908126559
-0.35722800597429
-0.143213883943776
-0.251751177277909
-0.263534637845086
-0.359003835718358
-0.338827735685577
-0.252187964848208
-0.376531951719774
-0.200547679592137
-0.227122364902571
-0.291084260957603
-0.191408522448238
-0.259636033429552
-0.14677220930195
-0.155957081341734
-0.243324059652584
-0.0498902982727817
-0.353594333372379
-0.236997911822325
-0.139306448825077
-0.192990500858138
-0.232941324462101
-0.360374548889064
-0.21344307841654
-0.354580219526735
-0.12929588746825
-0.225842193243589
-0.212012382391142
-0.303387452520743
-0.279578002402748
-0.181225901560298
-0.274867443210373
-0.164435316711833
-0.33199787332928
-0.105652915769424
-0.239882355184036
-0.170680423738353
-0.152775148047517
-0.135966303170988
-0.301514675335952
-0.162090007326712
-0.394370373445002
-0.253672674222468
-0.272180168046853
-0.228882950677754
-0.0065925046996013
-0.347637247719666
0.0909589511599284
-0.230784374115892
-0.1497821971668
-0.148519683508281
-0.128211854294606
-0.0992783539755251
-0.0510700132682758
-0.0546085930183325
-0.092157138103965
-0.237359751747158
-0.123752786007059
-0.0891304747936598
-0.225788831739106
-0.0732835071824494
-0.248698710857356
-0.0852800396555996
-0.0429085588590722
-0.132504225919763
-0.0624192284331368
-0.106171906459762
0.0107142126705244
0.00862101486210996
-0.135147548724826
-0.0817203026507125
-0.252774559468048
-0.0648991912892887
-0.056847489799015
-0.0431533882459228
-0.173425891003328
-0.220793984689488
-0.0928128703431171
-0.0999106163142125
-0.115458262455028
-0.0827926121048383
-0.255718917266498
-0.158343411570534
-0.0923654433914181
-0.273599148553389
-0.0494846224369428
-0.263933148833463
-0.14460718206442
-0.0902885723955517
-0.0921829404719852
-0.219494641101889
-0.123304657915048
-0.00068105111356889
-0.0788921308905227
-0.0414159777347819
-0.163638882556502
-0.110274296905395
0.0298965680773459
-0.14546585877966
-0.16240225332972
-0.0241763747668037
0.00809343592305628
-0.0669164976077699
-0.0518505900970595
-0.0257350229931504
-0.117432605759817
-0.0948034695925151
-0.139459728175077
-0.218158002918679
-0.105020321072446
-0.109632455239902
0.102904670573189
-0.229550602690042
-0.0362643259787686
-0.0712944147646977
-0.150682676998194
-0.0792508956347189
0.0590211752769995
0.0548491167970651
0.0265193527262144
-0.104570790942747
-0.026078862884497
0.0475318104101445
-0.176279932720273
0.100343820670796
-0.0579404123821713
-0.0667569833667899
-0.114838380041898
0.0669781884058025
-0.0328217198213601
-0.149410780446652
0.121556751621298
-0.0458539935320669
0.0176138438865956
-0.0630365909806335
-0.029136889416218
0.111345564002173
-0.118489024595628
-0.114336187298823
0.042208679317138
-0.0519806025899504
-0.0329499141336484
0.171298816609375
0.0576514524572502
-0.104695746510056
0.0740124050378605
-0.00867393232222776
0.0719735838388743
-0.152825847185527
0.124176961873872
-0.0208988913114744
-0.046616534581895
0.226331593617013
-0.0559617054609196
0.0259283430783752
-0.14814377233872
0.00347503493969139
0.038115729372705
0.0730728609984654
-0.0198725240603711
0.00953224310279345
0.0832607523504548
-0.0707548625114934
0.185855971867528
0.1705599182654
-0.0583370123942454
0.0545927690514109
0.165887638509453
0.100490780718469
0.026244020166455
0.0452567810912045
0.157987764163024
0.0608650752047496
0.280743354212784
-0.0231973956343753
0.0272313839073392
0.0583618272740967
-0.00580451292970574
0.107919513794874
0.101487075206011
-0.0395174207145668
-0.0256876192691972
0.158052054237727
0.0909876023159359
-0.0331161012596266
0.125803497575452
0.18804882923791
0.197697789494258
-0.0317360099880306
0.214512807677256
0.0891738372945775
-0.0233950887337634
0.0333017288889689
-0.0070129703097553
0.226618848242679
0.131629566640831
0.00523346834818142
0.237218847534606
0.00655410024128837
-0.0107998507593697
0.0679045914418811
0.0889248962982543
0.0326769929588414
0.000612351277479692
0.0920028926421264
0.0886360942031017
0.170339609503812
0.120557596974847
0.014027783703932
0.112388221398799
0.2180664919328
0.195570487206976
0.258477031575818
0.0525025123607943
0.207325109815315
0.166212735214141
0.196431385125473
0.144288152071039
-0.0163216021683088
0.179135144588004
0.234901653310359
0.274945783454849
0.248646233240183
0.14275052391958
0.26522353983767
0.252167589359316
0.120246154608502
0.120825762077713
0.207550780384242
0.165126540968114
0.113278970874857
0.195125484359412
0.25310274085591
0.340651122466665
0.124739294344064
0.131380690118758
0.0689995373637575
0.196431234233479
0.12539999262997
0.189994182415653
0.17553158438139
0.0221793231198851
0.141363039876335
0.20711166976512
-0.0386735687720809
0.222312464398335
0.0752404249433787
0.202903668366446
0.168009047464398
0.233968348063131
0.309677710682295
0.10501211290972
0.222662826784545
0.130736656102438
0.259725794540678
0.172462582673265
0.354336486864009
0.29696429877464
0.155564040359283
0.206942974686846
0.356778347168362
0.295591257208936
0.103441785855378
0.300906378051056
0.346449532777443
0.24488557301635
0.24491492832906
0.275618540623079
0.342507723444011
0.235769168477585
0.268108683476151
0.24138246313511
0.246842697154035
0.293236027175623
0.299452092868366
0.0909838188458948
0.327533524782303
0.269746597892428
0.388623439891245
0.332179849463297
0.157465146555186
0.352390923743813
0.184871560547492
0.239638479482933
0.29774733766299
0.383195935788451
0.255729286698561
0.256161435998101
0.303415478510111
0.362333628422463
0.475665391525011
0.5057866820025
0.173245692735093
0.35123139495197
0.406677006409155
0.302592617820375
0.198798687778492
0.113614268417417
0.198978380666826
0.223115628373496
0.225005125698675
0.394054291157503
0.194690175361666
0.465081919342784
0.196945770971135
0.469186126161045
0.370293580724039
0.268085000983353
0.294843089833774
0.34646946871076
0.201421349564346
0.100989185369452
0.411971986912496
0.368655875087368
0.349593170966907
0.429318649538958
0.350582564513485
0.295102919956633
0.493850540350504
0.197101557057502
0.432137156992153
0.424821303552571
0.188670920535623
0.432107231752878
0.413140394766815
0.339901738488466
0.264366643582359
0.376314797867458
0.474331041167184
0.309762337069427
0.351735352968524
0.414847085473136
0.401216441638819
0.307444937735216
0.392333129355681
0.506043911155964
0.291674518373764
0.345299519495175
0.356041408742005
0.554486473778033
0.303432121869287
0.456652381690446
0.366250138324787
0.421242942993384
0.355341359411361
0.333652374205623
0.429052929734118
0.446644146395062
0.493634313705761
0.44799162415416
0.325324090199238
0.347369674513137
0.427012997523782
0.465364034872155
0.36581215677379
0.489873102244965
0.436772636186411
0.352338128229294
0.370523297824524
0.332354598569561
0.491484868499412
0.447173366849106
0.295249768531376
0.604378226867465
0.331063626852758
0.460601544437896
0.463473311820493
0.375504411438378
0.408714529812968
0.470081014966273
0.336278585121076
0.457377353916479
0.470839869255945
0.459162223309967
0.45002467619473
0.546084179626103
0.487433321722873
0.519715531551391
0.39300770847542
0.478640894080764
0.494157870217722
0.556990535401424
0.293255304070884
0.475718335707008
0.379798221769259
0.562887193352779
0.592577783902642
0.502781110767166
0.516629073778198
0.492279220556948
0.503303665005125
0.508305946348346
0.54122261519887
0.494186170990078
0.542450201435036
0.511797541153614
0.404602220170095
0.522807077922493
0.438531719570968
0.521990991055997
0.49866758707539
0.361433251598082
0.558421689591739
0.442291228836866
0.475239151494238
0.329863389124788
0.365189552504209
0.547191473532497
0.660210066515753
0.504373916824527
0.49970566805701
0.491337137790054
0.510165620831143
0.60245697025998
0.500166487504659
0.609075087665446
0.435501634506582
0.799660392425672
0.462413783418398
0.537065332283397
0.511840207093292
0.525518682000245
0.676799929119742
0.549546398368827
0.40342829715332
0.593877800141216
0.55182365941602
0.548249555322754
0.482411535512962
0.608410393026255
0.592023663987949
0.742343235602627
0.665545518346553
0.544613532621267
0.444812577564786
0.669311471724206
0.511614660543614
0.632396755206754
0.648267908809415
0.530905883630968
0.46129994886452
0.62560888631224
0.569019312056869
0.562357780060555
0.683257143248527
0.628043208573295
0.651150650431044
0.581238496920207
0.759260987720479
0.752763062203358
0.634157377784047
0.71462944059539
0.672842228306003
0.480055098387844
0.707348791230781
0.527015966750977
0.556776389770953
0.641199106367822
0.677790937277226
0.622776044793105
0.568122831899097
0.82967826306505
0.55477957548386
0.658543031166018
0.718937365128092
0.704022029048546
0.652040706025878
0.577598218215495
0.500853942896706
0.737047483476532
0.668145781684076
0.646125267562853
0.564832267218252
0.751280233999729
0.594422813379405
0.830818396272206
0.662622250930195
0.752482205989494
0.540957779067792
0.463009871527578
0.685244383860514
0.794488470016473
0.559976036254911
0.735728606880906
0.653259024871914
0.565405212740556
0.726325841597348
0.507715619988447
0.729642161960655
0.779485120116608
0.729691110499576
0.599946045912925
0.819468154368202
0.864730834878509
0.553523543460288
0.724825311402972
0.572551556139838
0.700454055605987
0.767608949534921
0.77249963075386
0.802968941243601
0.805006271042458
0.542333098225156
0.723447161216109
0.554025164893018
0.728383617026195
0.888945051758314
0.881586500033733
0.710884518059732
0.782945399272303
0.728426052114222
0.640040813133819
0.84095955623513
0.771840869984775
0.60396713018179
0.916359156080038
0.852448553787888
0.754349996839108
0.725159478609776
0.745133907309528
0.746170334443587
0.77370932320154
0.737607986448082
0.755116879086909
0.755038177231081
0.845063021225313
0.864979420751293
0.82091406718351
0.74052080506297
0.748116254247261
0.689627680308796
0.686226199128882
0.753382511440283
0.756862198768356
0.722361862215165
0.784532321390823
0.833973430197823
0.919867637275562
0.682258052331643
0.964337727156516
0.73859305941716
0.882031463046946
0.696823134034829
0.748794546294277
0.894743480488986
0.960270136595321
0.816964314189911
0.784852266984228
0.816689723048052
0.642529398914531
0.739573123168178
0.675156789576402
0.673176378518099
0.759676934787076
0.863229849025499
0.759688156664385
0.838045687361175
0.830568212929444
0.776569124818774
0.7898028288787
0.721400104851967
0.688935533736826
0.929664980030639
0.660245169654399
0.708019628129281
0.886705862016524
0.918467600381411
0.748748383065368
0.784787966545506
0.940142206421638
0.978897113917707
0.908578028238759
0.776452024193362
0.825931253648815
0.905220836283603
0.988509041245368
0.948861274824804
0.910492394571403
0.761793479659485
0.880574786657736
0.773108758644938
0.946853908621995
0.91849629885174
1.1189284740612
0.800691185575652
0.855527054748153
0.948616101857046
0.897559872147115
0.860017804337487
0.992373420552769
0.896971851136907
0.723291427563992
0.837840184572613
0.731552536042375
0.984631982227094
0.797275903816065
0.898202577679806
0.996606649394007
0.757120199345278
0.853272321136693
0.949974175157033
0.913513641460651
0.8361271730722
0.982637532695811
0.789019473002236
0.960804151672208
1.17682282529074
0.997958567406129
0.964293293178557
1.01056474912179
0.890448552257078
0.87163497094969
0.904588894914488
0.898217345318886
0.875506001601076
0.916462718743256
0.882058220226194
1.01347009676315
0.956713225741581
0.959304935870833
0.982100838630626
1.02514882932149
0.780403631916327
0.914408681167743
0.980967733200958
0.89101693261305
0.925431080325913
0.999605134122509
0.98505878793866
1.04825599313472
1.05452272237506
0.870267493014097
1.0008480831803
0.902383315396889
1.03432199253158
1.04433335723955
0.935897685353711
1.01859694685021
0.843945679818493
0.994057185077138
1.1269322207164
0.929735878860036
1.01882877830802
0.947037829441379
0.924168405629503
0.973283329438545
