-0.0505307214844877
-1.06843100343844
-0.947769840931818
-0.901736872323133
-0.996353153308381
-1.10949234887236
-0.887324172158797
-0.993837223392012
-0.973967517994949
-0.967504307290381
-0.915966046155823
-0.875814757519498
-0.943730996890604
-1.04123102874299
-0.983143719359022
-0.956548691366402
-1.03512440320708
-1.08818154354549
-0.962929093565506
-0.989888828544196
-0.872800618676201
-0.960824347882979
-1.16841867356661
-0.941177678134001
-0.914279892933826
-0.873084253662492
-0.959689332863713
-0.978312363125185
-0.993643352000013
-1.10856872406965
-0.970763374860494
-0.839817087632988
-0.911417233404535
-0.920898910291628
-0.898192119503975
-0.888843750571862
-0.864008359180959
-0.931359042083192
-0.840942862425291
-0.835497691074446
-0.844397968644253
-0.908509730715987
-0.881085381800969
-0.961310866542545
-0.927785293038743
-0.806447835010922
-0.897052911777601
-0.894480794874953
-0.896225921719811
-0.891542140897207
-0.933960973134476
-0.867208710398246
-0.870780176591974
-0.914376471546461
-0.976468320781309
-0.869526673615165
-1.02816376750683
-0.86056272315709
-0.938041100255976
-0.939327772232921
-1.00795310940616
-0.785705022649316
-0.907270335787004
-0.844239497863616
-0.747600822361647
-0.743983162123685
-0.882266261182438
-0.842468839717762
-0.831801587557505
-0.660842466737999
-0.928884236825138
-0.823429173670393
-0.822001489455797
-0.959494192278439
-0.897106965332183
-1.00805336047048
-0.867604879050624
-0.818743754476665
-0.902212024503758
-0.825039481224567
-0.786203061510395
-0.809096263832463
-0.802185734617711
-1.08702489896328
-0.743460739066239
-0.805067910601852
-0.840093008114324
-0.768543415535697
-0.983341056845349
-0.760229487683518
-0.781315073179085
-0.77091550905973
-0.933334176577529
-0.615323515109166
-0.833602273667708
-0.81868711508079
-0.729756962522229
-0.851317456531003
-0.846948193670529
-0.80821977509002
-0.814594955807503
-0.960985778055432
-0.850330863805447
-0.942082014263549
-0.782611401520012
-0.848721703417847
-0.649687846073278
-0.868633436144351
-1.02604724793277
-0.804363998940636
-0.835044214075737
-0.869642090027599
-0.763076137401508
-0.686557511707226
-0.81006981755552
-0.866319280537105
-0.728479472901241
-0.778044394578983
-0.663929035265758
-0.711237278381922
-0.756236342355926
-0.640607231666822
-0.761168160436963
-0.667139182916015
-0.661623541791965
-0.780557769137388
-0.613863251462641
-0.825223075758953
-0.758235805546495
-0.652043538781381
-0.838706621897208
-0.675194835776263
-0.92346373121895
-0.698109752627575
-0.735460609977775
-0.716582383150184
-0.787384310451683
-0.810264984453966
-0.718018531817997
-0.755977563708323
-0.58200582258628
-0.624376121196552
-0.736574502138171
-0.702420296463645
-0.580621423289984
-0.568670359085648
-0.593132461273158
-0.765575389282851
-0.666465037740772
-0.820431606502017
-0.732364296246938
-0.647860514551874
-0.771036437685428
-0.815705328841281
-0.665536688853528
-0.675136226462368
-0.719052996133868
-0.767491085678939
-0.6870034738873
-0.58029750529649
-0.824962660608008
-0.564072629647933
-0.702493040282033
-0.494031815770789
-0.705361133368456
-0.764634503892581
-0.683167943232099
-0.584579412087138
-0.555026763868975
-0.674455808678624
-0.674082519089172
-0.770804070300107
-0.607370766414713
-0.617331746850787
-0.612262664640315
-0.689440445074326
-0.750312285221941
-0.668724278545243
-0.859509675848533
-0.624446484871222
-0.575754593054774
-0.792110578221681
-0.676573883187462
-0.626359864098206
-0.553866323987649
-0.605830239881337
-0.666527328441685
-0.608157904170482
-0.620393488178057
-0.580079295258309
-0.788119832118921
-0.63598531709587
-0.606385649359898
-0.674601512997345
-0.564598094365493
-0.540254121937849
-0.381114105502635
-0.609226409486771
-0.723818363865083
-0.72627345320877
-0.58749551139259
-0.771124364620969
-0.465319294780987
-0.610078488099762
-0.568159065082291
-0.52752168073617
-0.570592568605852
-0.775159942283724
-0.662257350209754
-0.453203699066833
-0.683971734089079
-0.467964644738398
-0.719873039389036
-0.515847105429725
-0.600057621443651
-0.517977281657699
-0.523291792036203
-0.506562258059629
-0.549073012373971
-0.482912423174465
-0.66335205208205
-0.528606947165243
-0.632185469190113
-0.563795603027903
-0.636340890325273
-0.539368621283332
-0.56614104098603
-0.442943924756934
-0.689834036897353
-0.783452143499866
-0.615114663097241
-0.602972424200663
-0.565011081143971
-0.479704276592074
-0.679375452417221
-0.531966277764219
-0.486539358822153
-0.440883228370398
-0.596806791089564
-0.546396566304311
-0.612892864444595
-0.34379218342489
-0.486460135691582
-0.477171681835558
-0.558621322534022
-0.588059219677856
-0.531281652763059
-0.526033796363144
-0.341365320920948
-0.330593754523417
-0.495478698000854
-0.491156894666111
-0.487873463097664
-0.519578638205869
-0.422098816754146
-0.537194222182337
-0.429602650666974
-0.55565887665038
-0.415412546920859
-0.558465462524244
-0.440302300889734
-0.480715812128608
-0.307892156573387
-0.511980229441979
-0.421656915303644
-0.597295758239965
-0.612702393661401
-0.482977566327526
-0.585724923791926
-0.42459171718617
-0.410935845537102
-0.464669416991621
-0.368733473954118
-0.550099904786394
-0.491569905014294
-0.500240247134426
-0.519691133393289
-0.365891662401277
-0.461878968405464
-0.330598274624205
-0.514239961945459
-0.567265595847282
-0.409969181085381
-0.495664852375403
-0.48912218638821
-0.430481887459368
-0.397587004182937
-0.37478267456993
-0.414080051168573
-0.348467344301865
-0.372851986607843
-0.619355210632387
-0.415301290124377
-0.514075421073429
-0.421802323384919
-0.390752933501536
-0.395336103309422
-0.389911155475645
-0.478268730484123
-0.423065030776619
-0.409648357795357
-0.349417390990979
-0.433255010564357
-0.533464210434345
-0.474298625263859
-0.398658079718458
-0.256533770851716
-0.380279601620984
-0.312754605367812
-0.27143806375421
-0.425197692112973
-0.344224911839541
-0.311836707632245
-0.454849424859189
-0.486194320050699
-0.472004719193721
-0.213556452134172
-0.277229025347291
-0.273486375479785
-0.384957055244158
-0.4254893667147
-0.257833132981782
-0.334540371883834
-0.425460216673978
-0.490453879656774
-0.44419570926079
-0.402141220241817
-0.407244922707106
-0.415127636313546
-0.40670213457041
-0.174237945541467
-0.396248901429031
-0.31559951552699
-0.303911349105377
-0.424135064049948
-0.299355646382057
-0.448284477665961
-0.267148665243194
-0.178074800979076
-0.31890528520613
-0.405957345199088
-0.49760168088661
-0.355273082692935
-0.338709583247441
-0.376819382434574
-0.19827815522971
-0.241058313764959
-0.363338521792219
-0.13079093388145
-0.191295460635866
-0.371095864999987
-0.262154066801351
-0.197941823431376
-0.160027823063727
-0.396266522510764
-0.36606102043343
-0.151580552285056
-0.258207217004767
-0.264199211586794
-0.357025251218726
-0.329399095020416
-0.267902460288106
-0.337459269243425
-0.188293036335119
-0.212123208378268
-0.270660507572908
-0.215046512378841
-0.259150460985037
-0.148342752462964
-0.187401927158812
-0.241243785062646
-0.0560802499762966
-0.360054380248511
-0.242809741994343
-0.141676253415868
-0.195504011347526
-0.231585125615622
-0.357846782592347
-0.235985356443476
-0.356443330381943
-0.12542540577799
-0.229209262655103
-0.190346749245999
-0.305277038443181
-0.269125330137301
-0.186533256984089
-0.264999984527481
-0.153358680974312
-0.358055679076097
-0.11759821643257
-0.245818364838853
-0.163038062299343
-0.143710001809669
-0.119293835324335
-0.286815476178767
-0.179504380663368
-0.402919067599111
-0.255117113306708
-0.25185546066507
-0.222704378199675
-0.0139020011614169
-0.378351973899345
0.0878846018623451
-0.229089727859094
-0.160991044429148
-0.13421232483355
-0.124243771570315
-0.103540100013275
-0.0508715541878688
-0.0541330905640992
-0.0901117404610108
-0.238655429151667
-0.135279940080663
-0.0911367038387738
-0.209450950354574
-0.0721860213770459
-0.24658905953805
-0.101135002823696
-0.0728583134225447
-0.143602893906151
-0.0751977813228608
-0.0729500557990005
0.0312010072359985
0.00386132740760629
-0.119497833622149
-0.0878682377216082
-0.247454179450167
-0.0640481287406209
-0.0655187139900998
-0.0630959720004091
-0.175309574941535
-0.233117891689784
-0.109048112236072
-0.0959732195000281
-0.0974984271040553
-0.0953455272353752
-0.268030238373132
-0.156487005273452
-0.0820574680527577
-0.257372756074078
-0.0432380547940496
-0.31139705972706
-0.144743089101779
-0.0876641398612698
-0.103911907291686
-0.200579588492115
-0.138167865019221
-0.00438268635679241
-0.0888074323013533
-0.0419095757790739
-0.163493873618966
-0.0896649829129655
0.0400605134914501
-0.157346474877641
-0.185868709902996
-0.0460557105364696
-0.0049679292707587
-0.0893239161227248
-0.0393785871695853
-0.0304720524308171
-0.125458978638278
-0.0838312955694409
-0.12544761565222
-0.231266222471929
-0.100904941334089
-0.135400447217094
0.0972036277653439
-0.231961926807988
-0.0228286405026275
-0.0686631821711818
-0.142423675211146
-0.0952072908206658
0.0775690707584784
0.0770873378521004
0.0221829421219522
-0.0942960237175513
-0.00923931104468866
0.0502471915702114
-0.169924275685706
0.094507426491237
-0.0368491518827224
-0.0662073661782153
-0.115342741355319
0.0594695453249446
-0.0515872958613888
-0.119461533337049
0.114345435258256
-0.06041284987351
0.0444351418842213
-0.0783541868887971
-0.0242135447887198
0.11894269582917
-0.0982137470057232
-0.1268101876785
0.0549072824998706
-0.0460121569215121
-0.0462255025436841
0.159285593529507
0.0283851704456257
-0.105223028401597
0.0630431534806738
-0.00212743210149989
0.0922289591289287
-0.139356449386704
0.141015376498719
-0.0128414379231864
-0.0154283874183279
0.224329114669937
-0.0391551950920798
0.0116624358911745
-0.138449437226685
0.00363510406754788
0.0431116557632081
0.0595542003541933
-0.00520676222919763
0.00703211438144831
0.0530816374645597
-0.0531301754766216
0.1776358742226
0.201261642669743
-0.0539255481411313
0.0560427076992439
0.163812925967009
0.104194223123795
0.010273693797552
0.0470469805010107
0.152529427633991
0.0803085328259219
0.272249326843306
-0.0143955348480733
0.028445698418091
0.0888159441029106
0.0243941342738926
0.0945119405990072
0.107994720256098
-0.0410680218705964
-0.036055138598721
0.18752387109981
0.0994588622654629
-0.0221148303665977
0.135365223316851
0.207647258460681
0.192139829374249
-0.0337424754738761
0.227626976094095
0.0602786154938166
-0.0158741769822478
0.0215411268761091
-0.00250391900505372
0.20090725836758
0.144095681187577
-0.0139195880034839
0.237179399535041
0.0186535218146556
-0.00990099896040925
0.0769959059009349
0.0862575096976189
0.0560553650756663
0.0204898346728337
0.0989977511100131
0.0840814823727368
0.156696333808567
0.13517490201419
0.0305590771227652
0.122662327223909
0.213323546592873
0.201314317495795
0.264533373639528
0.0704436622354638
0.219282864983145
0.15006002723959
0.219883029887669
0.113607410923582
0.0109573150667337
0.158702708122755
0.267115210353369
0.271839425823092
0.246695903179005
0.134676735653097
0.266938139620239
0.267833907192295
0.11592771593184
0.0922541671743462
0.212723938481036
0.151073112816633
0.123617335152158
0.184504324964816
0.241683882036661
0.328257003131614
0.107892801378751
0.144534247153216
0.0565800066975683
0.208306845342535
0.116194473141783
0.193633013679619
0.195081863683839
0.00895053716916638
0.118314663849927
0.199454783272507
-0.0216412111122285
0.210475472082707
0.076196114062028
0.20919375791691
0.185194786730168
0.231810952758129
0.29732808258594
0.105425708076179
0.246144604575039
0.114122747468157
0.259430690492937
0.170738889155309
0.358504598334924
0.293069039967081
0.149796301311528
0.203276424191496
0.350960098315325
0.295225915346954
0.0939473222474539
0.298318386614563
0.340871232069738
0.276177980551569
0.244267119385756
0.30879406447554
0.333156822114672
0.235707687728547
0.258336786507134
0.233231028321719
0.268379599774774
0.272366071242303
0.283234747448978
0.113029326922764
0.344394192157964
0.265034279534971
0.382262585715888
0.351417791360842
0.159398550868848
0.371145404181041
0.169665374268568
0.247749503081184
0.283488535462361
0.403624906781152
0.24101434306423
0.247289249502607
0.323923735400335
0.364372213946367
0.483276499451574
0.490117078626493
0.15695181755991
0.373567907783829
0.396569251106575
0.304499585809615
0.212793699149044
0.115572816281502
0.208612613304745
0.223508470171019
0.24086349889922
0.389485564210912
0.217522644165105
0.446859215903582
0.209888977684908
0.454552154884244
0.348896688300416
0.278686544147621
0.29615082941614
0.356884200128896
0.193782669392993
0.0869135314154325
0.38893522833615
0.377467825239503
0.34670338154842
0.405834896736604
0.370597559056447
0.309783477659628
0.488017235459825
0.191391224995643
0.462688414704004
0.41849105264612
0.174803500234758
0.420566820174124
0.407436582043861
0.356876526428484
0.273740268229433
0.392720596254734
0.490848850212382
0.299348869505109
0.357476744416423
0.408453409485343
0.39989650835932
0.314523314437477
0.373248951109784
0.5342448388043
0.291164346012913
0.346044485490879
0.343247845368717
0.502578382120525
0.313628941153218
0.4466267143776
0.349453471402323
0.425201849164279
0.344845831103828
0.314606602066471
0.439142155288281
0.469701037167296
0.495348530391605
0.442898572699636
0.31355821134977
0.357131919535407
0.397566465727298
0.476851461976904
0.378448198450377
0.497622340787636
0.448198873412748
0.357342054146013
0.39692002784252
0.334849304234428
0.482935347449797
0.434774364791867
0.300107509086107
0.596559227770548
0.314058086089308
0.451324418588402
0.471926480079209
0.38054548718651
0.409267376446839
0.477392900715601
0.347370317563477
0.480879025145408
0.451997379206399
0.467994194388251
0.432103817392572
0.549771965739067
0.492154325348699
0.538685836220466
0.386923863144194
0.492645424119259
0.486490215169063
0.548457368502398
0.294081458494798
0.48397045969915
0.389430450470191
0.587210061025683
0.6154012152634
0.49398948106498
0.510517159076298
0.493521835159889
0.501195504973257
0.502729165361527
0.511827346212781
0.494769660748875
0.519290223673446
0.514372660940791
0.39713651685314
0.522431863754639
0.448403083190802
0.528663120288821
0.504529551465142
0.355426448345059
0.577472047102069
0.428918554664632
0.45895212896307
0.323328076751698
0.389187879046106
0.554378756511147
0.680822895934448
0.510403127850439
0.497484216733737
0.489850818441145
0.496695536157856
0.602290036111401
0.472971034090812
0.60429010273027
0.42840292025802
0.775478120700085
0.451899695458251
0.536307818781771
0.530229173292439
0.518732698680681
0.688863079094863
0.54153487283855
0.423294393657201
0.562784214179323
0.584345264597619
0.55370028847724
0.491120039022915
0.606321793408206
0.581579573103701
0.730352164187526
0.656314302154673
0.514868667031911
0.451029357659796
0.680103589946087
0.51098841008571
0.595542889802154
0.664451863567485
0.542934812615887
0.474361510307925
0.621084614181546
0.565977994861813
0.567250375629677
0.674850072190966
0.647892910048659
0.672897062141008
0.588471122045194
0.741596857536249
0.768331563153796
0.622449273841912
0.684094156796037
0.659504979501088
0.496153194162216
0.731946036947216
0.539677249815575
0.578065984707722
0.647399494493604
0.66587849466998
0.647565869204199
0.547402314729831
0.833118691609192
0.568455231986695
0.668850498241933
0.712306369361058
0.691213399675486
0.648728713585176
0.605760798211467
0.506954179181135
0.735503378581666
0.663348839311548
0.641817463174018
0.584022249098699
0.748426712081247
0.595523929445013
0.822302211786351
0.667821010608696
0.717639897833505
0.566709351187753
0.436292059939677
0.694371813940085
0.779070072758949
0.582389313628334
0.734804017254511
0.633308069368486
0.576198019849026
0.69809796114974
0.513125279115738
0.72205480200279
0.784825636242872
0.738593404568279
0.597697294255748
0.825938696521214
0.844862304902801
0.539589549183362
0.699302839051138
0.558684475850321
0.714174985068276
0.777917427365381
0.789472478394898
0.815910539283918
0.794845001366488
0.558449589796132
0.710394824662441
0.557990606230725
0.742636308315797
0.870463817089752
0.894535414069937
0.740203362754666
0.772752330954133
0.73296844421204
0.646119190120902
0.850671299250497
0.776947898856332
0.592222544255697
0.906410088676852
0.813854017646795
0.742634942787869
0.730193194056601
0.72693793850873
0.742727229608045
0.761843531919087
0.714420504374114
0.74041687622483
0.779257989783735
0.8215654115375
0.8721456305145
0.797361504445296
0.740020168466798
0.729632853913642
0.696461947427026
0.682811365067459
0.759282084824307
0.750932680107065
0.715311632821686
0.771768615798616
0.828862448093925
0.933316770985272
0.678056685642132
0.969675323208383
0.703411182698297
0.859412836671482
0.701266952663435
0.738136593229669
0.88294737760508
0.929991309666143
0.808624045088319
0.783304436163147
0.816729025606512
0.640691562449281
0.740647891107021
0.680962891706675
0.693756876869805
0.754572488541689
0.850585477369884
0.798358809183063
0.853204046087353
0.811810028571148
0.771459319072219
0.803691107862387
0.705568345721081
0.729116744490205
0.926589445896634
0.646802095971031
0.710396314567268
0.870313978088886
0.937196017397701
0.756501442894615
0.785467706534993
0.965478001100591
0.97295601008105
0.904870431544887
0.78040572334251
0.813336693612333
0.900837422823304
0.968776139159608
0.93868681317775
0.900120478961457
0.751998757425351
0.883561961516875
0.749587147084882
0.926155669455505
0.922368640864813
1.11522212865341
0.801572978630646
0.845608067879983
0.94762253356268
0.879139022181886
0.842162945220373
0.999849012534811
0.900330707251463
0.745205733170444
0.838363575030733
0.725686992495844
0.99182002784831
0.78311387930598
0.91127073816593
0.994121611550724
0.758796672118669
0.849044075660896
0.951513509331168
0.930650655034804
0.825138887001618
0.941467528411201
0.798840368279718
0.957438013233124
1.17768798335923
1.00083026336181
0.970597319547095
1.02059345148913
0.876593950105473
0.866194913851103
0.893393735352693
0.898772301005454
0.88903598145083
0.917258834888675
0.884179544374429
1.0091617883856
0.974837468812752
0.964502292917026
0.968394300121109
1.0358852331781
0.779372155977316
0.922134568939909
0.950854770114214
0.89994163890611
0.944490969348466
0.97029653663842
0.980407899901834
1.06538935344234
1.05681520202424
0.877067159081835
0.999771602280443
0.915206464621496
1.02340856345155
1.0410724187828
0.953328958875203
1.02538960499661
0.835539581304133
0.999957222551427
1.13341542995322
0.914871010051231
1.01815752188906
0.92027657150677
0.922503665495337
1.00884419286178
