0.129906827785429
-0.972778854874846
-0.950225267119898
-0.94139119545712
-0.995148830892759
-1.03575207702793
-1.07114795313426
-1.03403344354847
-0.867667616385344
-0.887196224561412
-1.07430250093299
-1.04283698115423
-0.951025853760454
-1.00192470681445
-0.993831097138522
-0.972233551257886
-0.915279620387984
-1.00609055717654
-0.811285642985744
-1.01065027264872
-0.850508837315837
-0.796579163220944
-0.827163051517777
-1.04426088277345
-0.980463643716028
-0.997761972722028
-0.902453958236421
-0.901057453008377
-1.03753896647378
-0.827634148786532
-1.06763112470763
-0.965099865630593
-0.986596805057305
-0.97709576384668
-1.15573752687845
-0.842329602350597
-0.943833408523828
-0.950480286080815
-1.09759041476012
-0.994846870773365
-0.977421775751992
-0.845437904297552
-0.828234504230345
-0.737447024701303
-0.828985324557701
-0.832764576806111
-0.84761803077076
-0.976775574577897
-0.88841055655877
-0.948774245625978
-0.901322973146302
-0.900028220654953
-0.895225866759106
-0.749349810542709
-1.05484357305738
-0.702186593916505
-0.928040306509927
-1.00592083795899
-0.835031338308702
-0.806604806439695
-0.885815225369076
-0.802561895762748
-0.842844420244767
-0.855001735860176
-0.81352248321874
-0.931177375146098
-0.809675803406947
-0.732032402959128
-0.895667215479582
-0.75196838649268
-0.863204148114551
-0.904703306194105
-0.722506432106966
-0.786295345862097
-0.655065514899199
-0.948328618326858
-0.797336755657983
-0.783467340034756
-0.860764791355556
-0.851839224486469
-0.728655325885636
-0.817089419423781
-0.891354029475646
-0.809331676440324
-0.664067508925216
-0.811081138497795
-0.874656337110936
-0.758146129228164
-0.927888976777848
-0.813694383778962
-0.787895856220781
-0.80297271917761
-0.872023776838377
-0.906865573255465
-0.782260625227132
-0.737030943022194
-0.670908197266993
-0.843643656603033
-0.647973869349234
-0.807235905135241
-0.818561805656138
-0.854007359348938
-0.83102567295765
-0.878730831409722
-0.891109308536894
-0.776268713984643
-0.94121597828174
-0.702928279377471
-0.72697868280958
-0.737351917272556
-0.790695857144464
-0.725503208642206
-0.652776477937487
-0.683863986717379
-0.79531562528531
-0.745435625293035
-0.82263240367589
-0.840439417260957
-0.735982914573841
-0.808271983285817
-0.705964375967629
-0.848208319411247
-0.824390352927395
-0.604393803606918
-0.735177385198859
-0.742360895027786
-0.70128748771181
-0.782106705671351
-0.721653150426621
-0.732094170828389
-0.605629563131031
-0.78384771848288
-0.848105108122187
-0.746803345021173
-0.720660932689621
-0.736698841109896
-0.780808364409639
-0.629076998504105
-0.839393383496523
-0.646347692874165
-0.518487536718024
-0.687881982958563
-0.704987111625176
-0.733175856074077
-0.800003035398992
-0.652560379135708
-0.807519009504067
-0.587249954036066
-0.638776707871605
-0.682053985974325
-0.679399728684986
-0.625146069560671
-0.654418987150323
-0.759487268022039
-0.634118066245762
-0.754431709536423
-0.732221792267146
-0.667025227723359
-0.577459357279178
-0.513175750251968
-0.627311196215665
-0.563227540399948
-0.678444489015383
-0.642083902766548
-0.525806760910838
-0.621213798803348
-0.679184942938494
-0.578049555542867
-0.756601392731421
-0.554732961412232
-0.574329618778581
-0.628426735465607
-0.700062297060328
-0.613619310950879
-0.616979515019808
-0.678992180923645
-0.602987669888372
-0.72426357068282
-0.659842508816785
-0.523078207971425
-0.732135765115457
-0.476845882553559
-0.652803088787394
-0.712998056564467
-0.795137307492139
-0.560707641447862
-0.671365022886958
-0.679687725100507
-0.673451080595542
-0.564656826006431
-0.774604920629683
-0.710395353854005
-0.588704656321171
-0.545271896503406
-0.572857021650249
-0.553890038873816
-0.549162025127712
-0.684564276946856
-0.575661211387764
-0.664355015115755
-0.578831263091315
-0.610133458987468
-0.581584181293722
-0.531598672419359
-0.633809672770995
-0.544934463897702
-0.59235575984363
-0.573701210732141
-0.521304086808954
-0.481239575498987
-0.614891041046873
-0.584402357517622
-0.509247746834049
-0.450967096685602
-0.608190621886844
-0.5241936054526
-0.573208688412963
-0.478926289017077
-0.567970590057589
-0.518984783630226
-0.46933875165116
-0.611996965331658
-0.612116441252715
-0.632000691892716
-0.596200568895111
-0.580939912974636
-0.575713857196816
-0.473149153933126
-0.632190142551802
-0.47025768140229
-0.627499867607776
-0.561013542884655
-0.384060821985076
-0.524219825125241
-0.493636553681463
-0.615937799926011
-0.390448688015577
-0.442853752763229
-0.558942645223966
-0.459621032621146
-0.630045513976554
-0.55710592596096
-0.482246870488582
-0.544563535541991
-0.610940681555866
-0.67319901113728
-0.501624691495511
-0.499256718083105
-0.482967422895281
-0.321860661214019
-0.43425346047368
-0.46260227995472
-0.446673218838435
-0.551432681961331
-0.558660689326335
-0.536493123497706
-0.503023526728432
-0.485723390125791
-0.553944085965561
-0.495787138390804
-0.623163696184861
-0.339730599153512
-0.465984901080658
-0.376945784367229
-0.63667991014875
-0.516901933055066
-0.600931787331129
-0.517911616255441
-0.281313535228599
-0.568074199413006
-0.438232643344567
-0.467020529347622
-0.430290459938975
-0.657468166124626
-0.474652843738894
-0.489818393259788
-0.560592680947965
-0.619430820319542
-0.64857758970904
-0.608706706687312
-0.370430464463563
-0.346447243242325
-0.536092548091794
-0.391276934044125
-0.363829769087679
-0.427410775530937
-0.265310349723351
-0.451304855104084
-0.478041917163245
-0.460875970960569
-0.417990516735369
-0.395875813291254
-0.495616143813823
-0.404212064777229
-0.304866124224115
-0.468792088178522
-0.471608372904339
-0.500068266810566
-0.302566859396343
-0.282176818069856
-0.382726325937656
-0.407251818328788
-0.432000412151305
-0.396115144790024
-0.308325629174481
-0.356113976731115
-0.406020102282889
-0.597191083150821
-0.470008245986002
-0.319193279338842
-0.399040374152451
-0.28928707503547
-0.171546332373334
-0.424651913346139
-0.506644643011289
-0.435259028872376
-0.349913283986012
-0.375658923037836
-0.299786245098263
-0.404889121567218
-0.400357571044859
-0.414010496585922
-0.32765683851722
-0.277765406553879
-0.322677550646133
-0.320899843648343
-0.41964318117731
-0.11508002032386
-0.343422968023718
-0.488320457274353
-0.254834905100472
-0.402572341041256
-0.317647116921464
-0.187606037044132
-0.539093703829786
-0.230302282276033
-0.408549579451009
-0.283975488046713
-0.331895865988206
-0.376243411575161
-0.325266430993434
-0.361530510965937
-0.400732194577337
-0.33458842278589
-0.225195829816653
-0.305725676799873
-0.317224608150241
-0.339211117992234
-0.308878664371513
-0.32033831456801
-0.393961781506229
-0.371927036996257
-0.155591874480921
-0.204928361329131
-0.191942862760967
-0.260537317424106
-0.301812384580712
-0.248786901303852
-0.247381707132553
-0.27416124749865
-0.284474018979547
-0.308949198739144
-0.325624001540648
-0.256731718592672
-0.214779486809504
-0.238951828063633
-0.31073182710282
-0.2122276445325
-0.339277200253434
-0.314404646163665
-0.1482264419385
-0.233977027943988
-0.102067370740849
-0.340851426468301
-0.187531625786223
-0.291393668412183
-0.229902787073744
-0.1771863813093
-0.163202130688994
-0.269508859933972
-0.226737926539407
-0.301697482505976
-0.385795100522099
-0.170516602894294
-0.31107629047545
-0.17396018198349
-0.153288017797598
-0.251081767043977
-0.12576314619804
-0.215829434098329
-0.225972129726716
-0.243224208223198
-0.227018124181382
-0.222377327954759
-0.219051496426867
-0.177508466495885
-0.229290353137256
-0.0523309619254166
-0.175796515156393
-0.164048113767523
-0.121844595252751
-0.135938830054892
-0.167422480588875
-0.240081754315881
-0.118891493852396
-0.297880928802272
-0.192796356561408
-0.26255231563739
-0.175715574178372
-0.151338808762801
-0.129408079510804
-0.264289410458713
-0.213154668593493
-0.17317192117482
-0.257072491183468
-0.0849056343980291
-0.121459407079733
-0.146436043758704
-0.275376588419889
-0.243970181145703
-0.0470057647606268
-0.0704805086623888
-0.276193586877541
-0.0911800805764585
-0.334456828067746
-0.102665310909052
-0.165866337847347
-0.0338448769091024
-0.023557051656326
-0.151254000664283
-0.162031636971409
-0.154345340929501
-0.0700161944152348
-0.158358541946193
-0.0478228193340551
0.104393397541963
-0.0687161403585481
-0.21058854798653
-0.169802543302857
-0.105714672808105
-0.132582275994276
-0.215951089056741
-0.17505508888104
-0.0893428430254069
-0.0526631610016076
-0.0515605367880302
-0.126254950866712
-0.133354340677641
-0.0358006516167597
-0.176185807502579
-0.134135622161209
-0.0272120371084396
-0.162133198267812
-0.0677479913374773
-0.0916895723793356
-0.0788141905748138
-0.0687175945841234
-0.0625078380294708
0.0570296724631149
-0.0465697169279268
-0.10841959568174
-0.0634635624725446
-0.0946934009669836
-0.0147166108249899
-0.115460498899364
-0.00169821811017272
-0.0198276323476457
-0.0430249448240064
-0.0942860613817834
-0.207684053004005
0.155102131291303
-0.0335280538815662
-0.0170681569064034
-0.105993026201458
0.0591065222223595
-0.0651722375274707
0.0166289428452557
-0.141364694568756
0.014600455214819
0.138967941788402
-0.0686746603409659
-0.115097518037254
-0.0544929726304414
0.0798039316174901
0.0565676712258922
-0.138730206398255
-0.0140963577492253
-0.00584331493231684
-0.034340787858668
-0.0441243743450216
-0.0390365533074967
-0.0506499138248525
0.113847431214009
-0.0986601839299437
-0.0473244710800744
-0.0436948909095289
-0.0391298429726421
0.018236602756767
0.0512844876634026
-0.207800358116164
-0.00958909471593257
-0.0589815215470135
0.0287007639187516
-0.0560071767939653
-0.123259329205915
0.0931361022501921
-0.0471636015208231
0.102670579229168
-0.0243221844855878
0.077201787517206
0.144353018075915
-0.0325076852501475
0.181878674765375
0.0319745561440149
0.0596889412558029
-0.0138176239321957
0.0513957859064966
0.110959077546607
-0.150879964650671
0.00475149152081669
0.0175082237426936
0.0867060878224648
-0.0385358548580553
0.256709593548542
0.0706231920701712
0.0662132865661745
0.185377013427207
0.113827973952914
0.0422109327675534
0.071504696175636
0.0251008524953378
0.106094699240574
0.022902932021446
0.0584229532167545
0.0921351375740784
0.0888108301273738
-0.0117431714139905
0.0599955082244623
-0.0168697137416436
-0.00637404975275502
0.137171191419295
0.106154028246763
-0.0289988050082937
0.0227770529934506
0.0561520328305833
-0.010221847465716
0.0531938613538211
0.057414989495026
0.038206090119534
0.136384595138912
-0.0477808435994384
0.147109975872053
-0.00890999437864332
0.181648037209042
0.103440311509895
0.0480407319582536
0.170446047536638
0.322607806738995
0.0825645045170003
0.146615189867122
0.158586821510979
-0.0329970696612917
0.0739125820115053
0.0774621556246992
0.196445882997107
0.223244702356782
0.167701240196013
0.168191392500008
0.0475627340137001
0.103694365475991
0.181618293910882
0.21601092286553
0.13190521480731
0.0303007477794026
0.0963229618017275
0.19315774971183
0.195569101281369
0.100135218840887
0.201175188089259
0.0993828524687372
0.348687925758562
0.0532648723690059
0.149948895020849
0.158807819716314
0.253725528540732
0.179956418923395
0.0416732120677599
0.177385531915923
0.27913328165895
0.215909960436063
0.250054840350255
0.205019001947532
0.169457766261934
0.14612403811919
0.0197664282192711
0.195083907633088
0.120948634451079
0.0795452240340176
0.301266555458783
0.154634236454562
0.196968844840986
0.173432736858123
0.182890306319421
0.172182567437185
0.120237749329308
0.191203283428834
0.322223039079629
0.191904756306111
0.241958720358685
0.161577398996279
0.14560277020945
0.246029868582316
0.111824364934055
0.179792447715545
0.34997678576345
0.142602753488306
0.282286919864223
0.231246518380861
0.280473193395457
0.243520703818659
0.220600852735384
0.404048470332318
0.183063025274193
0.273160592993427
0.216085486681952
0.297415580812713
0.315749200741245
0.264436570183857
0.171501107518926
0.173343520960784
0.0263858547534357
0.200685729228821
0.292429431051329
0.341769202178867
0.151748752918745
0.19704061347346
0.395954142175578
0.369743563065008
0.299956457165736
0.148732664188972
0.379483421093933
0.288392778689214
0.159789646397502
0.446713722239547
0.211217108407502
0.225171546918901
0.274581685871379
0.204890009001823
0.24993212766892
0.218844622617015
0.275863994319374
0.334932999618172
0.284806048985911
0.212246423102248
0.325454917676282
0.342929215952968
0.28870015438835
0.371735011986805
0.215878438343837
0.216640824171499
0.494872528329349
0.40395682783759
0.413293731072043
0.325366466472566
0.252890244284306
0.211501988743427
0.324686511287755
0.305209941024658
0.373419666175448
0.366820288161792
0.283768380225996
0.422809018018143
0.378755265337347
0.422361193948189
0.402263695643551
0.441275821351323
0.296399535762699
0.318365925790135
0.28204082706184
0.262374679829867
0.491368642141187
0.338203803598896
0.368318567021263
0.184651628229449
0.199442635464051
0.352519728333992
0.361362914231016
0.240039028262832
0.236478643965511
0.320717808114408
0.400465389974161
0.394533759692388
0.27732332961167
0.415458857066597
0.324641573736308
0.332640659094545
0.460854829339666
0.508791631417062
0.376031569080967
0.5310216571545
0.220752943978879
0.456250251627447
0.428325438687156
0.477806669084828
0.450663766610152
0.291471167645523
0.49245250013955
0.404629013466479
0.574568663959158
0.40167813862976
0.491045620515518
0.607736600453677
0.41808347024035
0.42803405027071
0.361780711794774
0.386096427899514
0.339773096826195
0.312865875393434
0.533967050825924
0.343735650548047
0.461891168957838
0.413911040199055
0.423470390672755
0.392718730352867
0.311662044238987
0.234649144848922
0.397252803858512
0.25414449549859
0.441034132898465
0.392481803200668
0.442324773236491
0.382087047368219
0.45490169793536
0.492391886843634
0.376927589730568
0.319789377028541
0.520632191706396
0.481745241068531
0.578928214747493
0.585490316399412
0.552449402649364
0.577408713894072
0.429465646914268
0.619059971006581
0.334011563679884
0.548733153239965
0.473015103014166
0.442947549973517
0.48862568024965
0.404667229060361
0.414583636019154
0.563862410692935
0.5025397228683
0.572070295004207
0.394124056310866
0.460763512038081
0.416671438893266
0.355323657963205
0.660123643517449
0.44895061925397
0.596673198883971
0.578912808888053
0.589706106447861
0.457883874244894
0.594324036286537
0.457518571308959
0.578171824785976
0.698419850384025
0.588192676251584
0.642168857448699
0.536785192576499
0.355281809985909
0.603277567644544
0.528523188081272
0.610111161230233
0.519872949099937
0.416829189043813
0.512436030321397
0.63496524639919
0.511769857092881
0.501942999141826
0.597032533770423
0.490760784176001
0.374212548587999
0.483020568698063
0.591736497352453
0.574756999396939
0.50930468494958
0.554310217936036
0.603659528388042
0.74453406697821
0.738145246642057
0.554575192186121
0.529240000189161
0.393322591584018
0.482315850279303
0.594506705084513
0.656484892972896
0.641421622173687
0.514796324466075
0.586137653731278
0.67617324886957
0.668435975209227
0.516649510374612
0.610894050801775
0.559791641643814
0.65090334791809
0.585205814511477
0.553851460952351
0.607718851541545
0.609893333268002
0.625073446296799
0.505731226373664
0.682379689802288
0.643256686247294
0.698630884053589
0.660756927984404
0.651100396212044
0.524509220549263
0.720792462374365
0.539347834256903
0.6506577185193
0.691441115789859
0.588879123556313
0.716640825647092
0.620069583258428
0.672660890447495
0.546092223406846
0.699270377538761
0.657742217548234
0.642838681471626
0.645531561621319
0.716670265981464
0.786961358346695
0.726021943652385
0.706500286038409
0.74587531491415
0.645820315357603
0.677401976059476
0.41439676471951
0.664073015131327
0.779764923645681
0.725532905228124
0.619172148923895
0.773161607374888
0.580230733314286
0.771158869305253
0.59551029174983
0.655589375977219
0.63234311560413
0.626880340648251
0.695066473910319
0.677623310404768
0.811627810426982
0.796702896368287
0.786193644478591
0.803411785490523
0.671750673373894
0.718062720711228
0.68568417430719
0.67632364341317
0.758373653097189
0.734340543171103
0.681958504356101
0.916435687095303
0.684297920687129
0.6696016382004
0.81366357732327
0.85848234010046
0.750755169573067
0.595354967365138
0.592711414688343
0.650530663244283
0.813678184011421
0.782480348161901
0.64790698951694
0.662801459453658
0.68682649034943
0.830515812560982
0.819110644641987
0.735876053370697
0.732883563232109
0.796281645934827
0.817725757088174
0.732960775594365
0.807313311328703
0.849421698143343
0.60197831818496
0.66303896317427
1.0076171679732
0.549727430558918
0.737371298879673
0.855569595701668
0.734292856847242
0.937366332124939
0.745144121321082
0.740949117996352
0.865119548097655
0.729625430882315
0.621549442722301
0.798191013505265
0.825243050426816
0.750629669831441
0.872790201692929
0.728953294094321
0.915657961006466
0.933242078236485
0.901545312287185
0.906540832654365
0.707909935716761
0.863257548755096
0.715541236468029
0.836131279836421
0.857517440134077
0.912740476655101
0.791888830729298
0.748780715520906
0.896541264655991
0.772590822282608
0.939274112478363
0.844867789580193
0.881096967199325
0.822939592165061
0.837285914646478
0.759406087189732
0.848461102019058
0.805062639718751
0.795355358074688
0.791620998642604
0.819094248587803
0.820788338109564
0.762241695610959
0.765711611938693
0.904670990795894
0.8755334516898
0.852588264289782
0.877842577344362
0.897282599425651
1.05678510244732
0.903072892600564
0.790687845840019
0.741071940085396
0.934488900641035
0.869650973631706
0.903936276160604
0.787773541212931
0.84919815333006
1.03320871947045
1.0046804611407
1.00406677888308
0.959522805413998
0.781481586093654
0.845447594442227
1.00825443309123
0.812635854617146
0.95280459268623
0.959475770250781
0.949223725376394
1.05408257479117
0.8655586765506
0.808760725782872
0.782881673943607
0.974464660367814
0.914609792828758
0.901748399088147
0.860078985652049
0.861580532764215
0.95136570117143
0.895518695410884
0.927495308262651
1.00216707093779
1.04759279597359
1.12964391830869
1.08246160964324
0.903770567314255
0.908967366782059
1.0648480605877
0.880562009126471
0.922573279065373
0.815886333177715
0.904845898045952
1.07262059027286
1.03093980598817
1.01709843380014
0.87965669543857
0.964350178148186
0.903626812477851
0.886182970851316
0.959889075386627
1.01330462477861
0.91371018541153
0.931756599977519
1.00917651598342
0.872548329759397
1.05874127103196
1.01823438443161
0.857676111625276
0.950981563252077
0.92367914205735
0.994286407256968
1.11494285863521
