-0.0816998225267775
-1.07005421642893
-0.948029059388277
-0.886465727688192
-1.01903584454496
-1.13748192873612
-0.908424448037553
-0.991091025400873
-0.94076886583156
-0.969114909766003
-0.908729928430236
-0.870339258543055
-0.97645608132798
-1.00424639472843
-0.961772345417269
-0.942136295415488
-1.04993489592217
-1.0837107937921
-0.970055130808555
-1.01036057734267
-0.883123493373976
-0.944785546230038
-1.16493920397448
-0.944045458124392
-0.896295781461638
-0.881520467658166
-0.949496996585187
-0.99334225512803
-1.00396716945494
-1.10041084587959
-0.948735309104531
-0.836760736763453
-0.898668573502786
-0.897294061076809
-0.923250212309358
-0.875882497003189
-0.842160741982368
-0.956919775704293
-0.851188250799998
-0.826367772574532
-0.84697692641899
-0.898291556711768
-0.880205309098081
-0.959876658931372
-0.960907545998249
-0.807630481738659
-0.874347638071309
-0.910317182938628
-0.884501658155273
-0.898762489942074
-0.95465668678412
-0.876115605856185
-0.853574850244321
-0.915220366435883
-0.996316777126276
-0.861141405185959
-1.04295684847094
-0.866098668784284
-0.941621142561264
-0.961539629638668
-1.02103959864319
-0.782146152920903
-0.894366732125762
-0.839483496367964
-0.7492577248691
-0.742720676639305
-0.862496467648058
-0.829247311581368
-0.853073351909391
-0.632913310424823
-0.911210552445328
-0.816234961434207
-0.804749060524609
-0.945520848488357
-0.891998314266972
-0.999776107458578
-0.874974926021934
-0.821016500937888
-0.884050227878317
-0.806802437456117
-0.783318839105429
-0.80902182584747
-0.795567420832
-1.05613674117037
-0.752622237034538
-0.794446684860856
-0.852307135302994
-0.779331080493376
-0.984658001617389
-0.77313186070996
-0.778948006986298
-0.785209729532246
-0.903160099778377
-0.615971490335634
-0.823272004608928
-0.822174036867527
-0.721968375754393
-0.859743400940326
-0.85532377889309
-0.815932757313502
-0.797168212931853
-0.926668233874525
-0.881898615363765
-0.95823713013601
-0.769778945100784
-0.834854579751024
-0.653774967595738
-0.860587913993637
-1.04608142688842
-0.809110715731118
-0.832298930861297
-0.867259216223971
-0.768668244431832
-0.706181623073825
-0.819762117555149
-0.874845011365736
-0.727859453847622
-0.788059771055344
-0.672360736125432
-0.694509042780506
-0.753040258878239
-0.657247470359279
-0.780236875196935
-0.637972439013192
-0.629679525721263
-0.783013167560485
-0.603381636798013
-0.827452259508674
-0.763879792937324
-0.644977061776103
-0.828777408283976
-0.688277436082064
-0.916194871506045
-0.704249676468
-0.737545843064583
-0.718392516970096
-0.808418968159695
-0.825781983108876
-0.712357379746398
-0.738076089397216
-0.567847837000474
-0.614891040981858
-0.743723469576276
-0.718167410856252
-0.577335575162258
-0.592814483953197
-0.593272782765173
-0.756176363136477
-0.663633496051484
-0.821566896074417
-0.74801348397413
-0.652573021851402
-0.770740495267589
-0.820746743515736
-0.684048919724752
-0.665913093069107
-0.706816895782806
-0.74846781110585
-0.680457406143156
-0.576713660931718
-0.825925446729736
-0.572774036275114
-0.696270548891611
-0.511534618288974
-0.687128321168832
-0.759831387318326
-0.664478936363974
-0.575125948800827
-0.551821506091069
-0.686475535286715
-0.656522826691431
-0.779552144763666
-0.61734234147857
-0.658602908602148
-0.650802724746637
-0.682587676213333
-0.754020055453268
-0.656097315526879
-0.860100298444199
-0.650905830640194
-0.554786617148762
-0.799318394680824
-0.68050947113715
-0.622131016790269
-0.546873828440033
-0.620573256101507
-0.688114302935301
-0.598260640924655
-0.60934656521133
-0.554632145465306
-0.794719331261298
-0.603605051822373
-0.617163506609054
-0.684369911311665
-0.555133313159497
-0.538672786731221
-0.387141053744146
-0.603538325960322
-0.733409980492535
-0.743890998067805
-0.582937178105883
-0.773606634677111
-0.474010438287769
-0.607866271665573
-0.571314028187519
-0.526755795179204
-0.573186782850502
-0.778484357311751
-0.645077921525892
-0.466232643100719
-0.664765729844735
-0.469443714640019
-0.735138299874053
-0.524315519377566
-0.601698643591691
-0.549733525920283
-0.513914719419228
-0.509890804138579
-0.54330937401243
-0.481629796461378
-0.64691363700531
-0.532531973660812
-0.629422880322062
-0.560409053750901
-0.657781421758213
-0.538144187332042
-0.569448229417821
-0.472854328893312
-0.68817142167177
-0.775684376733613
-0.606823938885645
-0.600845894339109
-0.576404098911196
-0.483963835803697
-0.659849466263092
-0.51954979585019
-0.499234709587357
-0.437435262290461
-0.602834672160552
-0.522258891710773
-0.612643487790758
-0.369820272072465
-0.486607325365176
-0.479669193823637
-0.578841302393512
-0.585379549016156
-0.52935316098311
-0.492378022447939
-0.343444287528051
-0.315372925980255
-0.480897331971683
-0.49262970120522
-0.489133903374554
-0.500262253605176
-0.433159532762739
-0.551677626598238
-0.431290659789929
-0.570614183099319
-0.416519421691138
-0.540603387002504
-0.409976514224235
-0.476024995277694
-0.308335294192116
-0.526179613402008
-0.41716007781612
-0.607882670474434
-0.604821931790143
-0.48306704981326
-0.58540186645028
-0.430657412157356
-0.410920827899828
-0.457780136039855
-0.375753956753297
-0.52951592683571
-0.47960675467427
-0.498344390929091
-0.543260428238541
-0.372593563740726
-0.461537779888594
-0.324245026994991
-0.510404087084514
-0.546983529522666
-0.421754859626958
-0.504455011533238
-0.478508548432225
-0.4245364375321
-0.418795613059314
-0.391854172572069
-0.400946860650997
-0.329331478338485
-0.376381199280109
-0.626709015725718
-0.427528530682159
-0.519391287578746
-0.413027944718333
-0.411757630709925
-0.398458554492774
-0.374147137545983
-0.486101170232748
-0.424875155257152
-0.425079262123796
-0.351702471525874
-0.425009986224844
-0.534525379887915
-0.460104416630076
-0.401428109459267
-0.244529992784908
-0.364104269922776
-0.310035383528057
-0.292522416896038
-0.425841904781096
-0.34179312710308
-0.306473670494701
-0.442272941549491
-0.480466908336783
-0.480718163893946
-0.22251609721579
-0.274281735835044
-0.276930891378124
-0.390152027458745
-0.423482506829719
-0.27049523098221
-0.336345343258648
-0.432440653348999
-0.480076779131527
-0.445541459049819
-0.404674935870434
-0.424209876653849
-0.386489860116541
-0.424013682677525
-0.156242793516877
-0.406295733848281
-0.309750565398185
-0.312977465796115
-0.409083522107931
-0.295846064774835
-0.446837462965366
-0.253557490401693
-0.173848394829672
-0.314103684027616
-0.389584307759674
-0.49002101162316
-0.359243409998913
-0.329334042323368
-0.349280738221283
-0.216329353897394
-0.257315175871995
-0.339976993180015
-0.143244951108279
-0.185683317672282
-0.357481596361091
-0.250941308831986
-0.191304599882146
-0.134010881588079
-0.388510660846355
-0.342832307920999
-0.148179840522448
-0.254958511196819
-0.260157041234131
-0.344272074979937
-0.332878390363317
-0.268267176834807
-0.374272810083305
-0.179049036357768
-0.228244560098452
-0.290030094625141
-0.206016460874528
-0.270386502508355
-0.150043210368478
-0.180614618050412
-0.240837218768617
-0.0688231189197207
-0.346511244004208
-0.253710622263276
-0.135334976803731
-0.213505834279974
-0.238459414514509
-0.33907517177363
-0.21306782940783
-0.357001982093065
-0.116052119492534
-0.223766903624442
-0.217624676866693
-0.312018258487405
-0.26499331758251
-0.193397456358356
-0.271458254391391
-0.163646821166585
-0.348703672045504
-0.121315865207028
-0.224036428808455
-0.149627035681924
-0.152245683041813
-0.142413001286896
-0.311749424268849
-0.157956251101264
-0.405224682339953
-0.26243883990302
-0.267677910398574
-0.213223362524385
-0.0279585119382561
-0.360276997233725
0.073940834625182
-0.242993036837522
-0.1922782904703
-0.132633604764617
-0.128571892008408
-0.112997534877651
-0.031634764715292
-0.058151619190711
-0.0970613970263243
-0.238991697585578
-0.13143817149673
-0.0802715784568502
-0.216478891818923
-0.0739427462209096
-0.244657012992296
-0.105691810288512
-0.065148087314381
-0.127130048682762
-0.0420558773277066
-0.0755975721648871
0.0266786694515513
0.00537497703757597
-0.118422983207178
-0.0788456269428765
-0.245169640921213
-0.0879658991680361
-0.0642381873292489
-0.058944970695739
-0.174545385712181
-0.23875045593128
-0.108795731608073
-0.0994008810395258
-0.109148843242033
-0.0888836784149833
-0.272150359002117
-0.143572745200305
-0.101148655649641
-0.246306303134833
-0.0389747200094348
-0.287874614156813
-0.136817557893774
-0.0884630785912375
-0.125696168546951
-0.191775489660863
-0.121800820325513
-0.011458598969602
-0.0940491307814228
-0.0326387996602525
-0.149560029183016
-0.0900400260561076
0.0484708034588298
-0.152638478720074
-0.157812761207913
-0.023191181525111
0.00197156429815331
-0.102507517541366
-0.0341878191087114
-0.0229892943770382
-0.131730284563267
-0.107795958706141
-0.130256942811281
-0.233767599578226
-0.105818382634244
-0.136814006823746
0.103315388684236
-0.245060117669536
-0.0251768382923186
-0.0560537258020003
-0.143400456866438
-0.100289270538027
0.070214660245076
0.0544518598294903
0.0402235467084554
-0.105458684590173
-0.0020541646717417
0.0339221409845495
-0.19581463279269
0.0981822389312367
-0.0522972956288249
-0.0732956012334966
-0.11173647551822
0.0595630250203721
-0.0236956244750609
-0.130262539267928
0.109378023230105
-0.0563599599392775
0.0304799951452184
-0.0863444877792016
-0.0407548556494759
0.0910882483988861
-0.0992998466269169
-0.107889669556727
0.0459415550144022
-0.035842306505035
-0.067820568992567
0.180291967843667
0.0497076936959661
-0.0947822423732356
0.0864785298488275
-0.011622058322061
0.0874735314478013
-0.13956187424207
0.125388624721519
-0.0137285782066889
-0.039471726538143
0.202666611703902
-0.0485297073236461
0.0395903660219608
-0.158534231955252
-0.00199503975867399
0.0361266554333372
0.0668597631951018
-0.0253348730602232
0.0161758754698813
0.0534603856924287
-0.0833273576657321
0.191384425145135
0.185327205655438
-0.0475572179771749
0.0719600310041628
0.167598353606084
0.0714273882730066
0.0430224393280529
0.0319233585842795
0.149246973288359
0.0476330685272908
0.27971063466733
-0.0208546649832565
0.0396297484563714
0.057831499678115
0.0183778910939766
0.102138963197377
0.103890546353318
-0.0277318644656042
-0.0290708113006102
0.144910757248818
0.0993347432156627
-0.019520281499619
0.136775306188297
0.202334298130224
0.181782556574623
-0.0355150415376253
0.221996661242276
0.0760122635061562
-0.0101189769259964
0.0229017113659829
0.00573525587676042
0.207761114023376
0.137614363725843
-0.0206557453627036
0.245814237792857
0.00305862092790223
-0.0154052927153906
0.0810452994787037
0.101399889686017
0.0536685963142112
0.0275339946262991
0.116429613443878
0.0971521399903203
0.153312423460796
0.147825064367819
0.0423139610828202
0.0940570070194912
0.204991153550213
0.19453459959086
0.269525400556755
0.0671088968832627
0.205486487442445
0.156118977611125
0.222715097722074
0.13985742978255
0.00531576509765772
0.16296838452964
0.242573288735125
0.26659169603729
0.243685689298754
0.136107845659876
0.277668375232649
0.260065806386387
0.120340635102022
0.0932135745134822
0.224169967659964
0.158076745350879
0.122195327299984
0.18606109700006
0.263530279629406
0.323012487289975
0.138192819654692
0.150445866509606
0.0518606045361402
0.193389349015969
0.136956659392441
0.195529922321359
0.171488359297131
0.0111578495872772
0.127993982449382
0.208123585690275
-0.0341121379699826
0.212401525935019
0.0705484776997843
0.196771344779005
0.190960358847537
0.240756941462322
0.328937563559034
0.112439432864594
0.220283546628451
0.12181266473374
0.250637947721563
0.158192594535552
0.361563232059308
0.272321333397027
0.13964752742192
0.204375645526645
0.338120752657492
0.276484099134567
0.102763101920865
0.283930037135905
0.328368274107667
0.262603626549007
0.258613060690479
0.288263254581825
0.32190139927999
0.236500123838939
0.258100820388863
0.237334553445371
0.253135783023524
0.289804450123178
0.268485487962598
0.120753924185563
0.35416847409284
0.256815957759228
0.369160194800545
0.365284775650496
0.159852664374997
0.343945178982642
0.177051828391474
0.249218626667137
0.289260403588233
0.398569685108003
0.230123123288297
0.254514210019126
0.320708533850114
0.353334756841205
0.474444108545319
0.5009885400293
0.151219864168754
0.367678926689551
0.401456931151866
0.299121648064349
0.215532691376843
0.12916527670676
0.180370187752667
0.231613258617535
0.231660671924328
0.386817610246586
0.213333552253638
0.466450405123435
0.203832045930958
0.470090480659209
0.349516243446219
0.296184133146391
0.303514548497343
0.349255163621739
0.204070826629829
0.0890393733842835
0.389053657167773
0.389159229159103
0.333797822651242
0.415381556248336
0.341940423765482
0.307430262728481
0.493442540114232
0.182590791546434
0.434499886374696
0.419793006277325
0.181861603405345
0.429003686290114
0.40450276794228
0.323833831346544
0.26702122890642
0.380782819120289
0.510092672707299
0.287389154573304
0.354322516563339
0.433622897161782
0.411786435336905
0.294858952651939
0.378956099896488
0.538735842681777
0.293641386056584
0.339078846510017
0.3465236728831
0.530695458311219
0.299879681452356
0.471005335973958
0.335437956088651
0.427860121421019
0.354948033251514
0.320455772810231
0.442081651669253
0.441584862436567
0.493617125581341
0.443595825817069
0.320109001402876
0.345331099226039
0.414134393345134
0.481057306296023
0.386784086974647
0.496154325373613
0.431231648370651
0.35400813552939
0.394063262334372
0.335462552015369
0.48252513044163
0.429354205694932
0.302047063244178
0.584474760453876
0.310051312671399
0.453897817755223
0.476028129884685
0.36592054847305
0.392090647727589
0.459034252587302
0.333831507686832
0.492677020669049
0.458977852282497
0.445886622882228
0.460051812171725
0.54264845916055
0.470389568712322
0.542136688669722
0.387473160644835
0.477156140780274
0.515196972088683
0.545640534569603
0.322740803428911
0.487787842858335
0.400012070680761
0.588130631088432
0.586629334148349
0.501551533617972
0.511115824207544
0.490313665116771
0.508795147819061
0.499793468074429
0.522198359674238
0.507138371384654
0.530459800226957
0.509775874492065
0.409904178710898
0.546616240984277
0.456699262267159
0.535500107545509
0.506874487796976
0.358475718724265
0.58372335947656
0.428098564062673
0.466741215208379
0.333171677498517
0.404044143878291
0.57166028199367
0.664374662868334
0.507076002869579
0.511835776712639
0.491312447190956
0.45471475186524
0.590068343705981
0.488364804611265
0.61952620881676
0.449648276502484
0.806668299262722
0.479037955363754
0.520315821945735
0.512503250574165
0.517118534913473
0.670490336343984
0.535693749263439
0.396593895940587
0.582782815957089
0.561517529918169
0.560006105834593
0.482391021929693
0.595076412991723
0.568805168903036
0.709705609033958
0.670468254671536
0.505039989276553
0.441089803584483
0.677226399184186
0.516025726523207
0.624780059007307
0.640525244992083
0.52575161682867
0.476076840440939
0.638119552151842
0.575126650103825
0.568481779556794
0.682054430155918
0.652809943976589
0.666455568895316
0.576385380606807
0.728013721796162
0.781748199009787
0.630747810357536
0.672461455223652
0.648898889685583
0.471670021981688
0.71544619761524
0.532097508781758
0.565954341606709
0.668365264805708
0.676879311371909
0.644665671989566
0.558801646238976
0.830671622666027
0.548086368040745
0.648340566521683
0.722798916348024
0.714307308713207
0.642846191846709
0.605617033465543
0.513673339413058
0.709971849993556
0.653601088414263
0.638776733370463
0.571868417009976
0.72126435091797
0.591515684905145
0.82283561820227
0.671681298443133
0.732083596319609
0.55277705332301
0.461421706067447
0.688404646991546
0.806213300005661
0.571719727895659
0.731805955964423
0.644866263561218
0.564361660045682
0.713347285854197
0.523894501661658
0.743824090432253
0.78894912075653
0.702209549604204
0.598538511594063
0.812692883057773
0.844420495518358
0.541761761876557
0.687412404886797
0.568864820808774
0.708867508502753
0.769364051045984
0.781456621307288
0.792708721235166
0.788021601812041
0.559485854151788
0.719226170128063
0.552619376081582
0.728244272550269
0.861051232364682
0.885320414517482
0.73988243306234
0.765718026324042
0.728564709193953
0.620558778255785
0.840951996197007
0.769127736394512
0.60395515864037
0.921435525153718
0.83623728988305
0.752395834035755
0.715259444864403
0.744728666436649
0.75001727948882
0.77946413283885
0.688162332149072
0.76354837071824
0.764194801357361
0.831395926076049
0.868633853260735
0.80754294276481
0.746312183488501
0.747572861254839
0.707781574169988
0.687963288055573
0.749555739840091
0.738813155383138
0.685417961840899
0.777943504339254
0.824442706919758
0.92104313877566
0.691735822356345
0.956490557083598
0.731950729568298
0.869384481907363
0.692972203067723
0.737416502267871
0.873660024047189
0.959309781449003
0.821262549697456
0.794118451489989
0.82138485360017
0.64011498097055
0.73182286162513
0.671578553828726
0.676288465000135
0.754220354255266
0.877794928957076
0.765613208157833
0.836508331760235
0.809632731844207
0.778220739607577
0.781210848517252
0.710495003933297
0.724858170384542
0.932959109773147
0.650411532578225
0.733896083421515
0.90033965612572
0.924075320703187
0.744728368601679
0.795521067686573
0.936219442270632
0.970307507255631
0.915298521930487
0.788987507424252
0.826310761242988
0.894242666142218
0.978562674569417
0.933483098249266
0.917089791120549
0.771361528301652
0.873648564854899
0.761130259881632
0.931969401294564
0.924572033139577
1.12063948109019
0.826864643039887
0.848547423706711
0.946982782131838
0.892733590232166
0.848968890105899
0.983362120398266
0.87819800219146
0.736705955496632
0.868134662458646
0.734277212136848
0.980957741442386
0.803202108809022
0.900511269183517
0.991714439951157
0.758568929033908
0.850168088881061
0.953699046185399
0.908244374227444
0.836978360847808
0.949839314927586
0.795038369926107
0.967781548362481
1.19307557258204
1.0170953528615
0.974814488861234
1.03593155556171
0.886468478707375
0.866726651270074
0.884221797838381
0.9242199341932
0.892860348125356
0.923398982713861
0.871366407546653
1.02796781422541
0.98354572685952
0.973251715064679
0.983418062313018
1.03879166954804
0.760679963474217
0.921402226157582
0.976657104003356
0.88618815764285
0.922150786107288
0.968457757034692
0.979729950816473
1.06738138550766
1.07911301449867
0.850451626674945
1.00197565836826
0.903364164701871
1.02222594674658
1.03924737177462
0.940298704550215
1.00249007306396
0.834020314103177
1.01264635111331
1.14906558353472
0.912113425492863
1.00902716932156
0.935609267360503
0.94504958380148
0.98920617169538
