-0.0529068422433971
-1.08591877994809
-0.952988233464232
-0.896454001782226
-1.00462782463444
-1.11225219955524
-0.921803257047702
-0.997492096012602
-0.974155511282291
-0.979572149633781
-0.915549230523992
-0.862935020890366
-0.963700723663928
-1.00156681463616
-0.961713945326269
-0.959372887437117
-1.04695238509967
-1.07307363883135
-0.965758797818263
-0.99438373568572
-0.897555582594981
-0.961718662934196
-1.17722954283856
-0.95147004413504
-0.894503530238849
-0.877683383636252
-0.956851265234042
-0.992714097055996
-0.989533857061982
-1.10995986589776
-0.954367714639139
-0.847104986099888
-0.894098855353883
-0.901930574767645
-0.905771701441756
-0.890605868739087
-0.857476370825114
-0.94813408141779
-0.848776131219947
-0.825444259482992
-0.830659227509233
-0.911638594451566
-0.878612743147914
-0.955860496527603
-0.946773663750041
-0.818870284367522
-0.882619327792893
-0.901135517057241
-0.899475159629583
-0.894831046686176
-0.941462065513316
-0.879908128219812
-0.87261111865613
-0.908337108306149
-0.982663474310573
-0.860138783577505
-1.02677307482009
-0.881962245156301
-0.954063204071163
-0.945811386352492
-1.00673654721338
-0.810955533423886
-0.90423541453145
-0.839622017520107
-0.72449859077438
-0.732363066849716
-0.878383344244747
-0.840815111556861
-0.843960136420246
-0.633063765922173
-0.939715820148353
-0.843495290471913
-0.811498378731621
-0.955889530412896
-0.901304028271519
-1.00263417434268
-0.892598904257718
-0.8112882959529
-0.895360263478758
-0.820144648466133
-0.788376644443859
-0.795313092108994
-0.792222000546958
-1.06605243766091
-0.746567367714536
-0.789106001322641
-0.845487591690707
-0.792292684772646
-0.999491247329413
-0.792869139450469
-0.786811527185583
-0.762906017129744
-0.911922143178355
-0.639300483989893
-0.829976591581168
-0.810324089663633
-0.739331088761108
-0.850105153627705
-0.835084136069565
-0.828407902277143
-0.797508230760828
-0.948149449014337
-0.854355295877998
-0.960423001393439
-0.797145126950934
-0.859578895946481
-0.65105886629235
-0.872239142723262
-1.00582575695888
-0.806194458171821
-0.826136168126067
-0.883366268907105
-0.767129178138592
-0.69315292063175
-0.800877614387685
-0.84748286245982
-0.749427689723708
-0.789992400466853
-0.685150361967743
-0.708655844521211
-0.765328878439232
-0.641497393506416
-0.783218001028647
-0.660702587425843
-0.635875726253939
-0.784700914834101
-0.61081209593173
-0.827888207686958
-0.763050360817963
-0.66111100245949
-0.833118348223788
-0.700164272098584
-0.913831294869697
-0.697737094590052
-0.768366236682497
-0.727663322889047
-0.784136084681872
-0.831488852753208
-0.724713625122966
-0.745681837451488
-0.564512612212277
-0.641665197429461
-0.728926616781517
-0.690808197910086
-0.579274495151611
-0.583094373629199
-0.593936695954599
-0.759524767404189
-0.65456468522889
-0.809587952159561
-0.732653669278943
-0.664471793218421
-0.773330533264092
-0.832083229047205
-0.654802903607956
-0.655641194926293
-0.704874346688739
-0.761241310847834
-0.67930288516639
-0.587582343147609
-0.818760817665241
-0.577380981364073
-0.699722902114982
-0.492470281666876
-0.701489856012734
-0.767576483256345
-0.679547742923487
-0.559649302096368
-0.563828842156237
-0.69708671126739
-0.665791169276997
-0.786174870335783
-0.624375452784541
-0.656172106157375
-0.618456970596151
-0.695827810972108
-0.750505259409198
-0.692302584104571
-0.873787947583495
-0.62537422768489
-0.565551650925499
-0.815746660604213
-0.675558513398297
-0.626984832254927
-0.530310198247598
-0.602716875047951
-0.65717094971526
-0.601844847262514
-0.599720768943839
-0.566066337638002
-0.798839378574842
-0.623413083987934
-0.61728141335331
-0.687906994034303
-0.554622011037987
-0.576227659614457
-0.391613559704896
-0.595634903915595
-0.761288705103205
-0.74003635386535
-0.589997220929916
-0.765917276501639
-0.46649096441432
-0.609843618928608
-0.573847527473535
-0.5289910685664
-0.569166915647733
-0.783174088494241
-0.652356469834888
-0.459042247735611
-0.66054710999689
-0.482361376721
-0.726003201596949
-0.527768589701869
-0.628573418387286
-0.542165888241609
-0.528793032519818
-0.517722653900941
-0.561142973556548
-0.486576596068153
-0.6645919465829
-0.547637530818601
-0.640797160423879
-0.544157324605853
-0.633982764677277
-0.537426053275991
-0.569311235744045
-0.466940213370439
-0.681224106128258
-0.782837097991566
-0.593308985085296
-0.613536938165145
-0.562649295397349
-0.481888063706315
-0.669004778012117
-0.521719182458373
-0.470278593303965
-0.43571293163208
-0.585864795972744
-0.520193552140698
-0.602570422023671
-0.337665310851996
-0.491196752046789
-0.458555730440268
-0.552899188997547
-0.602791794922792
-0.501420396796715
-0.499241536124412
-0.339312844878335
-0.318379397563898
-0.468176725882584
-0.50123601816487
-0.517813784957668
-0.50560107079512
-0.439253945264351
-0.546011616159366
-0.435322814017982
-0.582622742044808
-0.411371257603281
-0.539878431972245
-0.418126983564802
-0.478028547614604
-0.311131264713907
-0.531164575813285
-0.420809787917431
-0.587684071657347
-0.616757959364003
-0.487876252196343
-0.59893083790145
-0.443646659995891
-0.416869032443782
-0.45806956923684
-0.412887146778007
-0.536030400390271
-0.490514562796801
-0.49023935074929
-0.553331092450855
-0.365381400236516
-0.447268877271599
-0.320211297571625
-0.500889594598757
-0.53961675426357
-0.394649439523734
-0.512388638951209
-0.491868976658413
-0.437139467531326
-0.407695689623542
-0.402500620612696
-0.423510134920246
-0.34581141693295
-0.364960721765653
-0.622966220812182
-0.440830590728397
-0.495755470890063
-0.41732346174406
-0.388295292035235
-0.390348340080966
-0.373753821679096
-0.460467095466759
-0.423913226576672
-0.413873949146878
-0.34215026279657
-0.412995882424666
-0.51872509035158
-0.472280177080018
-0.395150538681205
-0.273898660856548
-0.371297248853404
-0.309035549180774
-0.277629198317019
-0.421955357718569
-0.333335537458702
-0.316546255000023
-0.442959510094768
-0.481439360006768
-0.497579959049015
-0.220005826540556
-0.280642837578475
-0.264928805079613
-0.39346459244108
-0.426657289337845
-0.26863741804823
-0.331280458443548
-0.413560513139978
-0.466964299394633
-0.420356382349143
-0.414779608506362
-0.416669771324116
-0.40483059384313
-0.425284816033253
-0.177885560908443
-0.405121973295683
-0.329122598937295
-0.306398190296735
-0.426393527923131
-0.310441883040868
-0.445895982394002
-0.259170872824217
-0.176551900834082
-0.320375410600619
-0.376211808475202
-0.496346508162803
-0.358229294544584
-0.347177755210789
-0.397757562306373
-0.208293306608053
-0.268893989571281
-0.35787310492884
-0.146570685310719
-0.206258092229361
-0.349712153397088
-0.263471304875306
-0.174488253910501
-0.140437019812939
-0.411757376236736
-0.368826939776343
-0.134887650689334
-0.247176263401907
-0.258210102429528
-0.367086089684843
-0.315082380787833
-0.242157176801385
-0.376470711261467
-0.178658667019671
-0.248248997726087
-0.274676511220291
-0.192782215633108
-0.275294746803299
-0.159842853875636
-0.186569367016766
-0.256523435868085
-0.0764715112895243
-0.349063026038888
-0.243678950853086
-0.145402129401958
-0.20290616518132
-0.232574719629614
-0.343467886378535
-0.220024619540346
-0.356863048384296
-0.127491417419491
-0.209296665401505
-0.197827114742141
-0.316256729793946
-0.268234067222202
-0.186828848064588
-0.293380249049789
-0.166970490740208
-0.321980519269566
-0.103581604249167
-0.235659664360667
-0.151280865321453
-0.15320535832309
-0.131624611944762
-0.268780922717777
-0.161472515210284
-0.40153353359292
-0.272582960521645
-0.268602132280219
-0.216739280296348
-0.0382657971555443
-0.369000960424453
0.0660478336676488
-0.232966865745942
-0.180193933683833
-0.163412985363148
-0.132861356413486
-0.124602683142428
-0.058927369558
-0.0763281170754625
-0.0971773247965238
-0.247308713127688
-0.134451178405631
-0.0806607782489874
-0.211865592968668
-0.0598483737029365
-0.231766423721359
-0.0856838104012993
-0.0374026388422857
-0.129300540174241
-0.0596671037076041
-0.0917356331186692
0.0191891558225606
0.00758275414656589
-0.111544885141407
-0.0947233354110462
-0.255302986531751
-0.0720803921969514
-0.0624255764970174
-0.0703188282336702
-0.179648773465149
-0.233041531583547
-0.0849844406507624
-0.103794330660643
-0.118055812499696
-0.0743225260734958
-0.264467774410241
-0.163774015746635
-0.0882109632772757
-0.262480271566682
-0.0474759164381626
-0.294661364805711
-0.147504373576367
-0.0892557877418706
-0.101403296453656
-0.212319401196133
-0.126837193929622
0.00380614718085981
-0.0877462999167541
-0.0194903906771851
-0.156595700039939
-0.0959326893842435
0.0401421990780828
-0.142395801897339
-0.175942585896869
-0.0301235461686548
0.0178786705820803
-0.0892053319792699
-0.0349577156032218
-0.022259575245141
-0.12685969677672
-0.105161079488029
-0.141230446639026
-0.209522755262001
-0.0889622463689399
-0.132266106489803
0.078400703930509
-0.236943591097769
-0.0370914142670623
-0.0703731410364234
-0.140161511208542
-0.0800941326636345
0.0721036382193938
0.0598100792198652
0.0313492093456868
-0.111742232146058
-0.0275312241346316
0.0303909102312851
-0.184614387353433
0.108820960984249
-0.0250222454721822
-0.0523325077437571
-0.118072576070302
0.0628520595558111
-0.00901844569129257
-0.118589997880563
0.11557718312394
-0.0514628789925878
0.0441503563176405
-0.0799547403763757
-0.0219892836557166
0.11225492743978
-0.104343927207473
-0.108662036244247
0.051398653525632
-0.0575960821414472
-0.0356685267223311
0.161566221553931
0.0658977159145777
-0.102894889882324
0.0783056564207167
-0.00314405745497897
0.123399290186761
-0.128391860027708
0.126326210112901
-0.0176817328653003
-0.0472579405833131
0.239001969386368
-0.0668769719471693
0.0216663539399418
-0.145873822281418
0.00618985374856018
0.0750374190762091
0.0548119456901364
-0.000469377565982076
0.024631707640537
0.0766226961654001
-0.0769555284827133
0.199636878361869
0.179269318096006
-0.0587890609788053
0.0727030372158893
0.18018568791193
0.0807554128524627
0.0263810408122971
0.0371585480153156
0.175428741043144
0.0674979090073685
0.27110028734651
-0.0102825536477198
0.0284294189582611
0.0640074127126411
0.0122927179701065
0.110661309832472
0.0944671038493189
-0.0386675947277659
-0.0357300906503273
0.174750873292956
0.106197243330293
-0.0045309447473272
0.119006623903064
0.204439556937906
0.184148563611653
-0.0340826383933557
0.224574434602626
0.0800512247844347
-0.0156843484709297
0.0340152543568455
-0.010406740595366
0.20157566061572
0.138302719704684
0.00172488598363911
0.23359731046321
0.00158233292622697
-0.0217381733252697
0.0485611301405192
0.0865575844998501
0.0677690683396242
0.0349138342741951
0.111196944066311
0.115773349606294
0.144786086300946
0.15224235106125
0.0261061966846958
0.11530055823475
0.232902841503422
0.195800926398408
0.261039618834297
0.0540429318620372
0.211119128401405
0.143369814283716
0.233183443063816
0.122171212951719
-0.0219547967002542
0.166454251468623
0.253032289004326
0.285165824135931
0.255692495756648
0.159734297658434
0.273933446026355
0.271177017118499
0.129613178549494
0.105975620385861
0.214707726134588
0.151265464426966
0.136684816963497
0.194531626872625
0.257027241232034
0.342203761686803
0.129415126095886
0.156213135568437
0.0603218577432235
0.18977869645779
0.125796455757875
0.194683479049894
0.163372708141945
0.0185222973868841
0.154624955920619
0.203841362184057
-0.048886121258502
0.229872947267251
0.0652478822935113
0.199112577775085
0.193841600188572
0.23107851381471
0.296383401492523
0.0879186240026956
0.233403730490669
0.144167434575076
0.249958115523303
0.1628471694419
0.357075651752738
0.255055281551005
0.14043080075875
0.211374924595461
0.350383823424798
0.296271344303089
0.111882658102267
0.300010034474631
0.339419789064237
0.235841488306797
0.234636703421472
0.294173907404763
0.319296901242937
0.239885045647757
0.270378194601164
0.222789739882485
0.265920911879391
0.286052833433639
0.265417806285104
0.11587921075419
0.348062095527449
0.27163560210431
0.365383394188469
0.348471421929008
0.158090286257783
0.362336385860251
0.187642851778898
0.243335499258828
0.287522058223984
0.398388946208002
0.242562142253344
0.252091617575297
0.321306288148274
0.351615425736832
0.48537245958136
0.485347638364794
0.166155158698422
0.353430042193624
0.378089134377687
0.29399669835628
0.207992832862774
0.130301800607064
0.20259458211168
0.235708467673928
0.225375924270868
0.388529444611702
0.197842902371567
0.450437047414329
0.197597146668688
0.469903953215624
0.359965484774745
0.303526149401733
0.316539348355478
0.34939290171975
0.201965893215865
0.0769713874419124
0.405979691566986
0.359801372146786
0.341560522528061
0.416066613655453
0.364412731860502
0.29000192621628
0.484609434040291
0.186302100204808
0.44046713358928
0.420762130542436
0.190435484882608
0.457848703145646
0.395384461916312
0.329542224701467
0.277673857879731
0.399291860398296
0.485717337499699
0.308436045678192
0.35357415960911
0.422450190296823
0.406914298194842
0.301255458237887
0.387188457594747
0.524230105668955
0.269727968501511
0.370914227004115
0.356246137347041
0.526771966435413
0.321280561193136
0.452576773425586
0.371305303513376
0.415895653977864
0.339187756192057
0.334070199782209
0.427214515949438
0.437785846077907
0.501564805646867
0.454348231517469
0.334438986677603
0.357373128919872
0.419192447552936
0.452459581916057
0.376822394351875
0.502854310035512
0.422814701119857
0.348741638419893
0.375602278537403
0.312355226949819
0.468523038652884
0.414712309895009
0.277092213534074
0.606285984563702
0.31202107690763
0.467499273557583
0.470754883357509
0.392747573048156
0.384556001439284
0.47769395897377
0.327638739483708
0.469855290049448
0.470346357437355
0.452049928457335
0.448878393576179
0.526459646089567
0.474889086023226
0.53830829124029
0.384696202657141
0.479603848911082
0.500857641858041
0.563307075927972
0.28052928495621
0.475579204364521
0.38962470871414
0.582854577981364
0.607797236297772
0.507289948295278
0.519792219699855
0.495470560446341
0.513373229907856
0.503966062083305
0.545976808614551
0.483963095942322
0.547226092492875
0.515990011574189
0.410498775888923
0.53063092551877
0.437723196431198
0.531424491771836
0.49663219810406
0.359822871666938
0.557373166515101
0.427477442556616
0.476005780979792
0.332489118204071
0.38798107724259
0.551498444536347
0.679252520074308
0.496234130994006
0.505719398657395
0.483385823822775
0.481068245752644
0.59283130035339
0.491739755164749
0.617394974185496
0.438303401113388
0.778932305047709
0.454423855481489
0.534876936020337
0.533418012625905
0.509432168228195
0.704632944034854
0.539003397648992
0.39594658804698
0.568418425546548
0.556402729187593
0.54981021299018
0.493396922388797
0.623743117270228
0.566780079012571
0.735115497550191
0.659903253184188
0.509756659261964
0.441019989653693
0.68468060459717
0.506918794198711
0.613605266784277
0.653437765355985
0.535507036625523
0.473818341376576
0.628796322919933
0.556341488924797
0.565399127424253
0.684017978999978
0.639370260509143
0.656132075405086
0.593243583342003
0.740361217671538
0.758906749387923
0.622574406259968
0.677969487831479
0.652103306887365
0.474959180519664
0.711283426071943
0.522319376684788
0.564651716319274
0.641273529999417
0.69614440020579
0.636978911210458
0.557479902607479
0.834376132352667
0.548844447535642
0.655095778314547
0.711013931994006
0.706111635279798
0.662955094490599
0.604561392914051
0.519667745433569
0.72752287215061
0.674542812730223
0.634663634465532
0.586110839996631
0.749189528486086
0.60899611208755
0.80931621955541
0.680256789419131
0.725393188641747
0.572798341896187
0.466467566248916
0.699308863201381
0.783770698735984
0.548693110094356
0.749408246917516
0.634131319002548
0.575291310424213
0.72527485584613
0.524981613241892
0.753652095183732
0.779386785200829
0.72792828471627
0.601312295177138
0.79759795108999
0.842520671901833
0.540683688248465
0.706903069392296
0.56434615240321
0.711599602936385
0.776010418483594
0.7911440512576
0.828694637265684
0.783708993620904
0.540183091929788
0.716256038683043
0.536345783545618
0.719400973767452
0.858974881137501
0.89849406969243
0.751890554004776
0.795787420343093
0.720679639014143
0.624285252190651
0.83497114804797
0.777973188383437
0.58523504525139
0.914721587799696
0.824179208634911
0.767157627816171
0.712731466279514
0.738916726183305
0.756951869582242
0.791302655888488
0.712982413783363
0.748163727776109
0.756337444121941
0.814509459536638
0.850316111822766
0.804476106667243
0.747671908295552
0.757656233286384
0.712563463325958
0.704307499958393
0.763418447182509
0.76241214139068
0.709345214787258
0.769389524396059
0.828823341632386
0.915711300609312
0.693811048846257
0.985940191019191
0.715361383954034
0.872231604634529
0.712602900356241
0.726779330085329
0.889547430753072
0.952563272996473
0.816343439883026
0.774794199089873
0.821686595528925
0.665055109525006
0.727886490439608
0.68264477714995
0.673857830031532
0.742642947708217
0.863216399484128
0.786328381463795
0.830957284250975
0.82659317563927
0.760561394165081
0.79990964575369
0.720381051192393
0.732221979000614
0.929966022202542
0.648939579210178
0.710284819778666
0.887804479122907
0.921489633385011
0.778862886748913
0.797104694875955
0.936164250265151
0.961041483892538
0.932895445847154
0.797349115904725
0.823422118287397
0.918360897035567
0.971460886577039
0.938243567375288
0.918504987749082
0.781318134099613
0.849546266627861
0.757852775465164
0.92185233181123
0.925486112946272
1.11704857971067
0.806956188683821
0.836495814002342
0.964486288576209
0.902090917557058
0.860249213809732
0.98115629478126
0.872139239852426
0.739336989143464
0.86720738424271
0.723519400551977
0.992867106234721
0.77927712632611
0.905459459801492
0.99370429897065
0.754423389001638
0.866028419954352
0.936559777880867
0.932382531242669
0.826364940269113
0.933041280734113
0.79199231118896
0.972910435464457
1.18696832921763
1.00475283826625
0.96296625647542
1.0093805588809
0.874835365935248
0.885347954150728
0.892209666284926
0.897498718815497
0.904050660636366
0.90269319442495
0.863145380609649
1.02811028586042
0.969585539683787
0.959999320945999
0.977141187738099
1.05262007923338
0.78503262651752
0.920400869673989
0.967135249869256
0.89296067986276
0.920356081645405
0.978466511567354
0.967560391535113
1.06041960587704
1.03974475820725
0.886443273587347
1.01293719472554
0.89294510054762
1.03344211287886
1.04048113936904
0.956882648518326
1.01952959080511
0.848067688338902
1.01746460252567
1.16048327570246
0.914919019035731
1.02188191725754
0.935864004249114
0.935464756585467
0.968410629933322
