-0.0676250184652848
-1.0753086511683
-0.929818851412883
-0.916955805839921
-1.01574784874015
-1.12086188190007
-0.901911420303754
-0.998561840765617
-0.937450994239897
-0.964333498474565
-0.930509178082369
-0.861902136941565
-0.974975185958579
-1.02178361130708
-0.977637691990519
-0.948274130090258
-1.03807448139107
-1.05864097017387
-0.953828256688677
-0.98265012440335
-0.879911783652402
-0.94489194167988
-1.17126598385561
-0.93319134785526
-0.903131758623485
-0.90512930024668
-0.950834755545514
-0.982563224219763
-1.00914442567355
-1.10333266967007
-0.964801154912222
-0.846992296155607
-0.917992627353307
-0.889290137737197
-0.900268991918466
-0.877642832309604
-0.865071175105726
-0.944740833215868
-0.843040022929954
-0.833948507087468
-0.842921744665099
-0.898539413897846
-0.875852442603427
-0.949822106508076
-0.93909995306608
-0.799437283786774
-0.882305733073196
-0.90373734222571
-0.892054478758445
-0.884930028606858
-0.917769876822438
-0.901796990167194
-0.876556773102975
-0.91463615466049
-0.987491480367594
-0.863635076711687
-1.03761896751526
-0.891987474349999
-0.953813985593495
-0.956698233080785
-1.00953146244178
-0.764852583082445
-0.909429930335921
-0.852908336581501
-0.748541373442248
-0.726978226456213
-0.908560156732543
-0.857506722632909
-0.86687405298406
-0.635532673208475
-0.929496326197371
-0.810746456248592
-0.811799481076994
-0.952315893334191
-0.891708497771678
-1.022154078608
-0.881453228694661
-0.833946724482241
-0.886607713246892
-0.834369391220485
-0.793023633627373
-0.819017906413401
-0.797171384556579
-1.07243620607779
-0.766051882980852
-0.810297620138855
-0.826771693489312
-0.78857958534996
-0.995852449821353
-0.764265066406403
-0.77625861785595
-0.77666161124625
-0.920254850491992
-0.629282389815028
-0.835697204576744
-0.813411941538125
-0.728766018540378
-0.852653651784972
-0.843640265775213
-0.80251515450842
-0.809382022581833
-0.960751142256142
-0.871272893731126
-0.940092837221511
-0.785892355228866
-0.839349694189578
-0.638676900737345
-0.87045122775445
-1.0430100781347
-0.814094182386543
-0.827693706604481
-0.868040451573251
-0.760012026244036
-0.684586447508052
-0.796595560757381
-0.852462079253639
-0.74205205081002
-0.779695037035621
-0.694592810803144
-0.706948373008836
-0.766014468385736
-0.629046969030959
-0.77696203258241
-0.66268751062658
-0.64065260807046
-0.761670932915136
-0.614669481547997
-0.82943952515321
-0.760209987269286
-0.630589392944991
-0.840900011936928
-0.689437720265686
-0.921894756688427
-0.709868358495841
-0.745561782387741
-0.696538315233305
-0.798544454233521
-0.833030085244785
-0.730356723987832
-0.759111551418267
-0.577705190483288
-0.645103888352854
-0.739598073883985
-0.705831387411949
-0.587353052898069
-0.60373386385968
-0.587878171297486
-0.781774649957614
-0.669347471232611
-0.826558707566061
-0.748529435710043
-0.648466001995655
-0.779022396122128
-0.829183490302749
-0.681821492535624
-0.677052902016913
-0.707126410957797
-0.755729115175976
-0.676165931064249
-0.592748920154757
-0.830058007650496
-0.575079900526826
-0.697491367137527
-0.502744373588053
-0.697229925254919
-0.750667857809524
-0.675225120482745
-0.570828970606567
-0.564683852912758
-0.693394886095579
-0.668863137188529
-0.779439649394318
-0.629556780923424
-0.645422199510174
-0.634208254805558
-0.699849352384175
-0.77202963340539
-0.69158560872993
-0.858554102844713
-0.617679399816258
-0.560182196540635
-0.821310854674035
-0.677025339692896
-0.617026992499801
-0.544962312061928
-0.613360478620697
-0.673312412042512
-0.638996613431679
-0.616070667245511
-0.575122839200707
-0.78437949364159
-0.617309838059984
-0.609996568207994
-0.684349634123428
-0.551402313930285
-0.550549577674212
-0.391501956186578
-0.597794530305387
-0.745602783880162
-0.741852335331929
-0.578947909019012
-0.764023004827998
-0.473775338916905
-0.627385757807509
-0.582977156624193
-0.500941999832036
-0.57469480756824
-0.775716490844719
-0.66786400342121
-0.47128886319557
-0.659670739180545
-0.471170198710015
-0.747632230867992
-0.528652581609108
-0.598435015525246
-0.522963592718267
-0.518404261490528
-0.490412490117869
-0.551303729720962
-0.495806402034472
-0.655634291563296
-0.54913477058776
-0.637746691038592
-0.574180267392414
-0.642369857019113
-0.533726375478254
-0.563299313313127
-0.468609706669779
-0.697706647068532
-0.771403796397162
-0.599095345420851
-0.60693747505711
-0.559598449331114
-0.497432125498624
-0.681858739773649
-0.536215762366045
-0.466425447769987
-0.443266182505229
-0.580239367927429
-0.527954051211863
-0.593591665177228
-0.36745931618202
-0.504784971809776
-0.46405640989026
-0.55917680228447
-0.612549372306173
-0.526299667230613
-0.513333968704591
-0.35531375948224
-0.312249798305452
-0.459535928271683
-0.496586325489778
-0.496778370582134
-0.518788977726673
-0.429587922464264
-0.552971649412251
-0.425803023993252
-0.563479068897658
-0.42144892047067
-0.555675149102497
-0.422155359392706
-0.488798933919167
-0.29854629103558
-0.534739882995646
-0.408867653705251
-0.603982343279397
-0.612979117105854
-0.501684776651047
-0.593310831429352
-0.444068091211124
-0.417932110284383
-0.458714203793294
-0.390014892121259
-0.538287006095108
-0.488098127242591
-0.494628994098382
-0.548531741343664
-0.364712260721643
-0.464698077631133
-0.339361730710202
-0.505987684372526
-0.572195989949865
-0.389419289625256
-0.497226024481993
-0.477030008162443
-0.436407521658842
-0.423238051669479
-0.406513367596044
-0.4189147563196
-0.333352019031667
-0.377937694024845
-0.625708149792376
-0.431374006085279
-0.516435618142467
-0.428565608144785
-0.396141472876588
-0.383424427680663
-0.380146966478955
-0.478356462895585
-0.420948740240668
-0.399599157336469
-0.352358331629199
-0.414517592806235
-0.515688162371222
-0.475186917568212
-0.377700273246752
-0.235511760964806
-0.380095923263461
-0.320726895650156
-0.295581658744064
-0.434935986242907
-0.338050184018678
-0.296520712862127
-0.453936612828384
-0.472004854261191
-0.480097607540714
-0.220814863007553
-0.270651020520603
-0.269506032937374
-0.401564392078185
-0.414158947411123
-0.25822283882076
-0.337176513332559
-0.427349640912711
-0.472913288056115
-0.442546097043643
-0.40379180244308
-0.428985144459819
-0.417582905334254
-0.414236365763209
-0.16517878832672
-0.420729361184396
-0.316034580088474
-0.314069968068763
-0.417048197867799
-0.29568550353323
-0.445568995905387
-0.262370232219049
-0.177121000581113
-0.324699368359962
-0.399726800575104
-0.498021936032029
-0.357648832608093
-0.317443534618925
-0.384411634849785
-0.201820352009474
-0.24245580892012
-0.355719444459585
-0.13733522281948
-0.19454636649129
-0.360890322533111
-0.265673382998625
-0.200004485029622
-0.15024478007963
-0.415000173457911
-0.361594262979076
-0.148103379917434
-0.237480169367544
-0.264224026358509
-0.35259934633652
-0.341613708371525
-0.25333495126313
-0.360854726996854
-0.188127489295548
-0.244325872775531
-0.280335358022121
-0.209961654843368
-0.239477511088227
-0.150603361246362
-0.177591955899093
-0.245577280965201
-0.0613158272580709
-0.353833687382585
-0.218734624931301
-0.161736416353557
-0.197671623344492
-0.223150370577776
-0.361944326340809
-0.21769807857051
-0.358669473543693
-0.119936906480469
-0.222626075854781
-0.186213143065568
-0.293486573453533
-0.267038718660187
-0.187566912432976
-0.267584082211883
-0.165305556409332
-0.322175453323181
-0.110322540244315
-0.219039437607458
-0.160302981917373
-0.146680781511824
-0.121222728814522
-0.28059359425109
-0.161897803383418
-0.399678021402461
-0.256226945131343
-0.269957477910394
-0.210049524707909
-0.00674132913009135
-0.358204934114881
0.0850102380551417
-0.241985700813963
-0.147392607625797
-0.156856573155146
-0.122570071354333
-0.0976961619927043
-0.0396941841417896
-0.0665606379229581
-0.0902410147454779
-0.242627968183135
-0.132945528044686
-0.102400037055945
-0.207585988430854
-0.0784447858086249
-0.254751693982058
-0.0888433417420376
-0.0508964795188739
-0.14830792818969
-0.0701833444049167
-0.0944607557479258
0.0285919769299186
0.00281550736118035
-0.139235489326032
-0.0950585958240294
-0.253526612795251
-0.0775582863605159
-0.0681367871835112
-0.0442280910937715
-0.157951712737603
-0.226695779000834
-0.103992513364639
-0.100939610167647
-0.108982520438905
-0.0934220965422174
-0.269437634205198
-0.164482909882372
-0.0689695941159617
-0.272312053607653
-0.0590777766087899
-0.292264655656444
-0.144780056754457
-0.103514956198952
-0.117895278552647
-0.194803615580484
-0.125317640256632
0.00858381448597901
-0.0920383022242446
-0.0387276128772812
-0.157406984913454
-0.091954174449591
0.0400277454518503
-0.152140469697289
-0.172985132961603
-0.0286709433257538
0.0109532850418876
-0.0615586288629181
-0.041332194373189
-0.0180394909551333
-0.115706820134696
-0.107808995753473
-0.134454910365563
-0.221850560063567
-0.0884021720813047
-0.118437277814028
0.0928802149381678
-0.227717916115366
-0.0304992803241076
-0.0765444135276694
-0.1481841591679
-0.070171049747981
0.0771399067379781
0.0674056729134667
0.0331491591458018
-0.0846972325042619
-0.00349350738557523
0.0529355770822746
-0.195951410647556
0.104433766974405
-0.0430113088642682
-0.0637458186345471
-0.111011194240394
0.0591179051216336
-0.0307095713889139
-0.141810345696405
0.12080916676611
-0.0926092999883765
0.0202463953245323
-0.0738470902861897
-0.0280882283950404
0.114469037024812
-0.100943934568787
-0.114351285434414
0.0445448407787908
-0.0512659368301445
-0.0438151651584676
0.182936897820606
0.049181024219181
-0.0875686311120353
0.0605658685280333
-0.0059230998896033
0.100921160389298
-0.123102244989803
0.123637839238146
-0.0262841283675508
-0.0346423074498479
0.231073206386167
-0.049326750502829
0.00437702457324185
-0.154264315060914
0.00938465850921764
0.0292994238378232
0.0776926131596549
-0.0169763661471664
0.0194342329634182
0.0773907502929596
-0.0713103730907405
0.201616343163759
0.172300324209939
-0.0457019447929959
0.0571368783842335
0.177014986912529
0.0926513324282847
0.0248537757743199
0.0413815092444308
0.160066609517171
0.0646474970737184
0.254645384202131
-0.0179812993886415
0.0307056080822446
0.0532854558541831
0.0167159054340558
0.104289612350158
0.105413545411384
-0.0321901717366963
-0.019443053685093
0.169438085882159
0.100372025072018
-0.0114817536342769
0.106152386317212
0.183024751107129
0.171456803199696
-0.0361909697939809
0.224977297059966
0.0685661133538196
-0.0246062225337932
0.0362841695100284
-0.0129177189515111
0.211429757369683
0.151522923754376
0.00363342553514018
0.22534485005815
0.0167926045694491
0.00401012670855221
0.0506164496980437
0.102297806429505
0.0404794754482454
0.0240527659006843
0.0939717400407682
0.10112199884875
0.162207728720353
0.145676657251419
0.0173813327832937
0.118737349607572
0.219947269293256
0.202006023568835
0.25575752128302
0.0623846718649412
0.210631851664456
0.14959618110257
0.226971375594925
0.121369674171115
-0.0228977844100773
0.165012030796679
0.239670379515433
0.283975197907469
0.261471667032233
0.135380611313387
0.276480385635441
0.266418624584622
0.119140454149761
0.114718176486112
0.208093049235086
0.144809470123699
0.119557315678258
0.189466939795216
0.255682747541456
0.334512575761167
0.122689693620555
0.147112951039727
0.0802248785912449
0.192165534223328
0.119303090289358
0.211035585381185
0.168628050733925
0.0287349637954491
0.144851017665821
0.210707282599016
-0.0413808104033116
0.206198261345887
0.062563332899065
0.223438872264428
0.173563965560275
0.235125467163875
0.295849005668118
0.110894280407045
0.243764137706767
0.131256207565613
0.267090845265683
0.167144271784751
0.368082221004433
0.276128273697334
0.126777047667353
0.212812465715808
0.335271380477572
0.297166244201671
0.108333649098516
0.299709396645988
0.339692053396803
0.244212222759571
0.243893567116476
0.301101064149757
0.342015163698509
0.233136589149359
0.265070862471513
0.226445706992548
0.24640825094022
0.289097203065236
0.263321927484864
0.082597780389675
0.333197203577998
0.270643607973575
0.375907467737027
0.36616459192933
0.151882123362772
0.362729663177384
0.1831176986664
0.245735440767281
0.289366280146087
0.387776965951016
0.228205212569813
0.251720501520809
0.311828640821085
0.364631945238336
0.477642526147298
0.474834298295183
0.160073039001586
0.362153878071382
0.389816324777427
0.307395723849605
0.204175049356268
0.126816278404887
0.201649998087243
0.225630697585668
0.213310172163461
0.384766838651469
0.19419515658842
0.446251637586216
0.201315063819936
0.471035894103349
0.351686284073803
0.304379327243868
0.300418805606979
0.336774462779521
0.212381445995511
0.102623061490277
0.398796694275952
0.378070602345959
0.348350266134869
0.419963070788824
0.35665780292387
0.304604430595361
0.487055210012131
0.179837065637372
0.441088007040448
0.429202312964711
0.168678060382166
0.414042373002654
0.400968620498254
0.346477901223741
0.27949233863462
0.383476939520309
0.480434234754481
0.287873209975891
0.35544685858298
0.422546869780452
0.40420193319701
0.313818646660941
0.394212255693653
0.501192176556055
0.280027053087242
0.369881390965925
0.370633697603922
0.527451611763035
0.309824728293863
0.460323362623542
0.323799165028947
0.426426204906683
0.358778967301377
0.318948103072071
0.431506539684397
0.448845347314523
0.506274861291095
0.45143222689994
0.301063012642687
0.359034906071479
0.420941139196747
0.464669673675129
0.355154416211758
0.501349794938717
0.452852951886183
0.349067555654537
0.384446046885669
0.333932683828865
0.472913635447845
0.427369206242128
0.284722133763815
0.597015224678449
0.306942032967196
0.433986688724333
0.479399248989557
0.399260860080741
0.400797364814193
0.471076872024632
0.349386548212525
0.487433089295063
0.495868846043182
0.463202109211278
0.458182670113575
0.543447299655109
0.4830086416619
0.566363688182207
0.408428326555351
0.485405417677422
0.520812085964158
0.562992813817246
0.285155595208796
0.485874359760965
0.393177116318868
0.600982223288097
0.616517839997893
0.50279959166446
0.504848456656219
0.466287191802223
0.490491164796682
0.491781166186938
0.524057814678973
0.510157032401129
0.516144733123693
0.521717841788266
0.410313742702376
0.545167241973446
0.444041430938766
0.525055127623436
0.500318860966051
0.359557045656096
0.545024631360301
0.420866708511285
0.482771336647139
0.313888031015276
0.384915628282465
0.556456811945784
0.673953117024493
0.494085964094862
0.507520046523308
0.49101173068116
0.482587806920509
0.596290004128187
0.503823017860933
0.616962008508894
0.460421569694733
0.78146944293734
0.456518133550155
0.536768359822017
0.518814949042492
0.513583140521885
0.685012814495827
0.545904126108924
0.402562379342365
0.57748252405753
0.549694957909521
0.550603466428918
0.479213277693169
0.597673264015451
0.55823422432786
0.709892475713067
0.657985760761242
0.523310251726308
0.436060269716941
0.67351138767186
0.503219557934898
0.625680750137144
0.677327578349206
0.544945857340138
0.476646858243515
0.642627984236683
0.553708114562688
0.573952540894012
0.682161851817974
0.650945848440695
0.666895482628248
0.577231261430255
0.770094991161442
0.797884326504206
0.60127479483731
0.705124988382364
0.651267407179826
0.47367534113203
0.707373547579451
0.535539823564615
0.57531185287474
0.652035611358778
0.660103846258536
0.637485077615578
0.558936971099747
0.820361969555895
0.54595574239845
0.648888028835475
0.698721128787551
0.707428420222501
0.643279373193039
0.602472315874704
0.496434308241398
0.742343269484254
0.660409223732943
0.655207719454891
0.565298275426264
0.73827943225206
0.597097613671889
0.810404132324408
0.684101762767179
0.712530977882063
0.575098092342079
0.462864625178361
0.704121069219127
0.797776580417649
0.547609651398489
0.743385155981579
0.643429645026438
0.574619483874012
0.725948984456951
0.516484672179837
0.745385463040327
0.793162965166511
0.704266444943713
0.616169207731367
0.809030737716055
0.828267536766724
0.543894546043949
0.698535417893629
0.552004493722103
0.709611448483387
0.779564910927339
0.806941042678762
0.817818219471891
0.806069518611199
0.558135987932711
0.731408876791593
0.555977265073285
0.733179108056702
0.86201575912143
0.898018475724575
0.752297085858564
0.774227958073686
0.740602368600516
0.628617080897136
0.831384734254081
0.76189528987328
0.580905421388205
0.913852095438114
0.834126995377236
0.762327459603763
0.716059574784212
0.729103966080869
0.735928946779299
0.7622219740341
0.714806722192786
0.759232323648302
0.752366076340968
0.815250110128433
0.875200501722943
0.811055547605889
0.765611677681422
0.723876406773666
0.704176463815546
0.681998223086458
0.767016871409507
0.744782255570113
0.706806422408866
0.763823274986829
0.801210681966171
0.915523053196288
0.679312687632121
0.956058127068582
0.709237197836725
0.874756507859037
0.708802738414017
0.735207122325614
0.894763592576908
0.946041901939284
0.824700150914609
0.804266516756453
0.824466876797391
0.675774506621134
0.723361493325783
0.675999663353029
0.689113938427583
0.738405163582787
0.873020690984093
0.774369044620089
0.83347449562387
0.820897366370919
0.777370026661734
0.783443883223404
0.734891734103953
0.701871149869634
0.923767809658887
0.655485993099824
0.720454080883236
0.889853356359052
0.934983382124863
0.767163618089044
0.809972363852789
0.947085227405855
0.960674841279118
0.897051076098477
0.79117012437435
0.826838706592608
0.884583473725379
0.968452856637321
0.960665927160766
0.911850950652937
0.774973764762258
0.863512970623119
0.760309505935213
0.933061165965527
0.938877064241762
1.11298672345237
0.796582553374718
0.858847581871166
0.935725500140134
0.890969644541167
0.85626075035043
0.979963317624545
0.896937139687707
0.750529848541187
0.859387890548752
0.729676473880167
1.00095004637911
0.790961370505607
0.884723863744855
0.996538731260509
0.74394892301584
0.866581665096935
0.956322044289641
0.920028011799775
0.828050899629279
0.959860408642993
0.794355841698417
0.985359926066871
1.1606943282961
0.998763904075057
0.953168467996747
1.02608602777308
0.856907793236799
0.882252242604962
0.888505552359148
0.908388596328004
0.887234534709103
0.931640629133496
0.885570534684769
1.02305510948038
0.974004421967923
0.959610115252534
0.981730830445682
1.03096291520234
0.801251580593795
0.913511765463013
0.971905446559982
0.885187309206327
0.930563811443065
0.977019112535623
0.988507590450072
1.06529677696139
1.08288444902868
0.868741832668002
1.00447320989699
0.90869540908673
1.01451070126466
1.02803775718186
0.969871666901973
1.02161940534071
0.835771197612916
1.01452742852364
1.15056607142388
0.927612256835791
0.997038491013992
0.957051651606385
0.943984972798774
0.990428236458522
