0.0306317600441748
-0.995242549399453
-1.05564426667835
-1.12692534048787
-0.990313529366347
-0.868872773699975
-0.93653493787906
-0.991615760824839
-0.902555126118996
-0.924884778002229
-1.06005805182698
-1.05064684116807
-0.919572368152689
-0.962442700595327
-0.92497748621629
-0.871395199444272
-1.14667722845272
-1.10977776187354
-0.939159149505247
-0.933917059350239
-1.01832340686793
-0.948388126389207
-0.905240727617028
-0.980468048366121
-0.879876217049693
-0.8970692021257
-0.95250115915984
-0.971357242768266
-1.07937480025094
-0.836645199940455
-0.996903069173253
-1.01443064113784
-0.97294621118294
-0.913614465329547
-0.966517541634438
-0.919695621153687
-0.934274099712521
-1.01046455679475
-0.917282557986473
-0.82882688548964
-0.842985318364675
-0.886419192118289
-1.04363347000598
-0.966154689076937
-1.03192329885618
-1.01100744810093
-1.01312237819188
-0.797295733944891
-0.900638679418183
-0.862763546610341
-0.913665881614436
-0.988042753510857
-0.755570323231065
-0.918869448251888
-0.830436321330852
-0.863477944591163
-0.941355644641464
-1.02032952151833
-0.894765386010374
-0.851375969077854
-0.962827705009694
-0.836397579986876
-0.728951346266976
-0.859761146363016
-0.950754319760146
-0.700065532606575
-0.821955584677484
-0.855993664266155
-0.739221459688289
-0.749922245421661
-0.808764782566018
-0.787297349537466
-0.92723191111471
-0.828183123774409
-0.832840424681396
-0.705539329970968
-0.912449500844182
-0.866854036879629
-0.896435224156676
-0.982921535977575
-0.872250434049796
-0.861636756903983
-0.868151964678195
-0.732103095007362
-0.783260886302205
-0.825993380665885
-0.812535264274393
-0.698183885025506
-0.696729318477506
-0.909721896414629
-0.730399648950766
-0.818309100222183
-0.72970615745385
-0.983280304135062
-0.857895652820099
-0.803285384767848
-0.8092044287698
-0.680444296387857
-0.786505042997378
-0.677687338603467
-0.84646450888753
-0.737028437865543
-0.820380503573516
-0.803588196514196
-0.841724244951354
-0.742608631694736
-0.705978555363945
-0.721830695768173
-0.940105869428396
-0.801069410683595
-0.930152202622254
-0.713092812633065
-0.781913299400164
-0.708741463036435
-0.845560164818838
-0.816379707473115
-0.75411888340801
-0.840206562910169
-0.94105731178096
-0.664975521813687
-0.821230271865789
-0.851886584626757
-0.831918925732366
-0.712681815771666
-0.732063089897432
-0.67957141935116
-0.765119953637592
-0.712322724402739
-0.711756591757966
-0.946352908160368
-0.704726768772082
-0.821962760481505
-0.628700655498533
-0.699092002337364
-0.676068763455111
-0.74017543836721
-0.792559526074095
-0.768150741557261
-0.71381463345584
-0.671460038992495
-0.646415656714172
-0.873699762641951
-0.691144832444163
-0.793594507278573
-0.788198044834724
-0.716222016229448
-0.68041948627756
-0.7433817196356
-0.746046868578462
-0.812258919311672
-0.705573272240409
-0.75516393566886
-0.781889302776689
-0.644094067142694
-0.795126532747584
-0.661777495813478
-0.653114486119381
-0.651622944586958
-0.730386903502759
-0.639912802835177
-0.762956798070109
-0.610988147590108
-0.609368037910916
-0.705765982977095
-0.680858507087142
-0.818312806236147
-0.455234154438081
-0.566202854072391
-0.651620325218734
-0.624480759722048
-0.738618754318858
-0.663934819230689
-0.574091283154929
-0.67697692991714
-0.644781748047997
-0.605449785352936
-0.585258011653718
-0.502162827665957
-0.642880635503222
-0.721119267485378
-0.706255916192995
-0.521722270183186
-0.488737975919044
-0.617665355780732
-0.646716100965148
-0.642469294336598
-0.569186087743463
-0.531857653335347
-0.492988776962986
-0.645890380860537
-0.718426882911577
-0.620145970406556
-0.645917578521458
-0.614483994159671
-0.543452664912092
-0.613697184018569
-0.677864056969802
-0.766654438836805
-0.690293165486498
-0.56157228558754
-0.665412176548478
-0.681066488366007
-0.633527284281709
-0.431385191330309
-0.527118321233504
-0.651559169211433
-0.579033134615413
-0.641820397468842
-0.72143323857175
-0.487249228340595
-0.381841519797148
-0.549480781733566
-0.663481224395344
-0.516787677725332
-0.702404827257371
-0.725524613424629
-0.514605345631811
-0.692422858750334
-0.520533200888092
-0.625730833557534
-0.608761273489892
-0.638013769342228
-0.438158791203537
-0.511982691223268
-0.587516816711167
-0.527479438684688
-0.353915728906249
-0.446724749666173
-0.678662545735653
-0.607722181071774
-0.397588324753419
-0.562568594083693
-0.548389450386177
-0.64665358079069
-0.539116991588348
-0.406108569197454
-0.590150982993055
-0.508196754726358
-0.600478829068362
-0.629643253060681
-0.598827813130871
-0.497648529044866
-0.465186652173014
-0.484278080498683
-0.353491951010189
-0.571674666910137
-0.487112438678747
-0.498786103257285
-0.685403419786349
-0.426844442917678
-0.596001221741539
-0.613331552133998
-0.531448611603231
-0.394441344964096
-0.479762707689417
-0.473731337660134
-0.568257111366395
-0.548896191841613
-0.607876592173064
-0.436532212537923
-0.562115844702669
-0.550574224970243
-0.495982064311667
-0.491238422015004
-0.481978846008829
-0.403865803686176
-0.477095642852465
-0.38644401753515
-0.487264105428977
-0.454252114414855
-0.555290531321178
-0.468995897439479
-0.58684113495249
-0.419972220518779
-0.403499064011488
-0.472733074832234
-0.381133387035424
-0.519422978299859
-0.502769216791091
-0.467380188326808
-0.462742014951029
-0.36013825995003
-0.444881490058799
-0.525860603653937
-0.39750287131831
-0.346979919583981
-0.528744189416785
-0.516038661462312
-0.290598021134971
-0.492837648856137
-0.364233329345831
-0.476858414641615
-0.412808238421483
-0.438891760811736
-0.453744457685789
-0.411379317341393
-0.470322992174932
-0.326005517829009
-0.425860134490646
-0.443908018808661
-0.459974732830264
-0.314241938254293
-0.347035062422509
-0.2954077913755
-0.302066507672024
-0.41561876749085
-0.271103255678517
-0.435238859966516
-0.499590149681879
-0.426858995807936
-0.354713208480698
-0.368373166887053
-0.344367143570413
-0.434108871630337
-0.496696565166202
-0.392876813064042
-0.308068127746316
-0.364614277988372
-0.349297622534162
-0.458902788911823
-0.403875672394916
-0.274910826478527
-0.295968572993744
-0.415916246249886
-0.304304710714319
-0.234810802121953
-0.271294178044641
-0.288678761910192
-0.286182489335623
-0.40052345392531
-0.527713102939631
-0.356392176287498
-0.300158301274163
-0.192353239311634
-0.30946101083484
-0.364348726151333
-0.31322615155617
-0.26026683222483
-0.352557349629051
-0.189805754477047
-0.383728820046263
-0.319869490025362
-0.412743699360753
-0.349820691337158
-0.321213733511368
-0.393263847105577
-0.268983640182145
-0.269355917421031
-0.391313346163753
-0.423123870867404
-0.296849477741948
-0.49586802953121
-0.290691411255019
-0.287811298857669
-0.17669104119972
-0.253838466572587
-0.341336439513008
-0.414972732172127
-0.267314872477041
-0.292841442884939
-0.343310222676054
-0.154187392273635
-0.201354086351419
-0.368988513349417
-0.421063456600057
-0.29062036797691
-0.237502338428174
-0.304554390724553
-0.279105300968132
-0.227520990554693
-0.267682261305205
-0.304313013125902
-0.250765797812633
-0.23290512235312
-0.223743323621975
-0.372319485481592
-0.291820470287866
-0.455166790245914
-0.187213014694079
-0.356918913393261
0.0730716217668597
-0.209755083968666
-0.319030617953294
-0.22546968413037
-0.250058040117256
-0.216561072749672
-0.178833578650521
-0.0473280470126846
-0.249927707501152
-0.172938791274046
-0.245662160444231
-0.121563418132666
-0.260764726274354
-0.114292577334869
-0.408889396636098
-0.218291187994469
-0.260182939070859
-0.257550266368744
-0.154881245466206
-0.313602961922941
-0.210304494881391
-0.114033359443232
-0.128065464909965
-0.184470586516921
-0.182431164263479
-0.174556546094554
-0.148206150508776
-0.206621475819818
-0.148239537981691
-0.208176399579656
-0.177244780302088
-0.0366703103059527
-0.324669826854997
-0.272933786945467
-0.147215655196728
-0.0821690000784007
-0.191456360979478
-0.0310843427533653
-0.217004745378001
-0.211748047191136
-0.043362278352116
-0.229915220213486
-0.211310113035208
-0.133652566658077
-0.13001733932503
-0.220629155181846
-0.053624685641665
-0.112901293124949
-0.0791391215951297
-0.263418620213315
-0.0828244131675406
-0.0471723034267259
-0.168221257188599
-0.206056749573007
-0.0191534036953654
-0.172751928115265
-0.269603005438445
-0.290104675430272
-0.0270184055701673
-0.148122694533449
-0.0556793266596557
-0.244273577023987
-0.12170655888121
-0.128147303840258
-0.114497359543236
-0.00569849008647678
-0.0802991523307725
-0.132144322963891
0.0252048992047347
-0.110940282432464
0.0749210290279896
-0.234804771358525
-0.122385180733092
-0.0384232015559343
-0.0287064435326644
-0.047584729070453
0.0158400332394414
-0.185452643516482
-0.072715710615401
-0.118599410788373
0.0139233107883788
-0.17405757552274
-0.0638550238939384
-0.00749059933982133
0.0450737178310375
0.122436063639284
-0.0883457190609415
-0.0828108706308458
-0.111028015559644
-0.063805598003752
-0.0356062891959953
0.0409620435653637
0.000842971739310042
0.0431176634131666
-0.0688196497820471
-0.0555134635025859
0.0266204840306883
-0.158507637239388
-0.158844958208987
-0.0908066364750735
0.0817426749028169
-0.0409483613153402
0.0437192973451626
-0.0208158755165441
-0.161918370543692
-0.227493567788208
-0.0314200116416701
-0.0171056867320744
0.15585691359366
-0.0305972269507471
-0.0186936906386344
0.0425448435365233
-0.124134650733977
-0.114622281101223
0.0849265792493637
0.180488932012105
0.0772730750953889
0.315317271360727
-0.0214418054501718
0.0336985654499773
0.0319471519769727
-0.132944215118582
0.185255916525979
-0.0163179381376976
-0.0829998539493341
0.0448669683801917
-0.00568202037416545
0.168979414905532
-0.0998151995886624
-0.0779510655785041
0.0752989811794859
0.0210108009981732
-0.0516276082079907
-0.00582827545026502
-0.0542978951427072
-0.175994224055279
0.0157676880332509
-0.125203628228494
-0.12996513120124
0.00462873506364349
0.175933407417534
0.0899075673733271
0.0803440361465391
0.179062509085258
0.0609346377786854
0.0828562227466972
-0.0610005305840624
0.18561505011184
0.077742975550296
0.119871908604672
0.0623048357860744
0.228582643967566
-0.0235756602384413
0.124993815945026
0.083143426971879
0.0502378116328479
-0.0211835491739323
0.0716673926928479
0.100870594933642
-0.0294312325213983
0.0955187436477247
0.0250422189797664
-0.0109432714643214
0.146990696320034
0.111818119164198
0.0704892048670738
0.0874106146927211
0.192036291099222
-0.0398598732442648
0.0178290082550126
0.170852971041779
-0.0169492003121319
0.165506170373022
0.0211435712477693
0.083954952857988
0.0829638371785828
0.186292132121831
-0.00756399340088125
0.0408151771598878
0.171303567277826
0.154385708674983
0.0925546964433619
0.191828557807103
0.161537692110964
0.185738543404786
0.103558251452839
0.0882554034382783
0.138410971676607
0.00816536936265522
0.0926033936788862
0.112833305559205
0.195429286209468
0.221070059662045
0.189889147441652
0.203523283575735
0.155145639066622
0.034770584424262
0.175044451912763
0.0577536221239158
0.14403634312411
0.00196008177389222
0.270046097689309
-0.0194981501065289
0.192347188802541
0.0989294422440028
0.353034380362249
0.042952395159468
0.111854061149813
0.234867703008675
0.280688164181047
0.161496351046048
0.144157850126112
0.251955680542317
0.245702004528666
0.211332293317801
0.191195192766644
0.0901485022698527
0.236612616395929
0.22416016857151
0.105330989899783
0.228377393718999
0.0626476552802641
0.167924482396552
0.157630475909522
0.367037563550179
0.313635517910225
0.204410471734331
0.177955036391956
0.286132250045659
0.0249043317933896
0.115112745167837
0.175534569341675
0.176041929793141
0.0572690096299846
0.184426638715774
0.194314618686099
0.0238443728495002
0.182825316495299
0.269930175828149
0.273339231158949
0.349075159670767
0.17466344128245
0.249305175362439
0.269410111985137
0.392513415366653
0.180602114096048
0.126517156545612
0.226170267014763
0.334949195462058
0.326515330202766
0.183811245812833
0.272558918412246
0.298874699040354
0.0937998650290554
0.347142725748537
0.354402599500574
0.306720785409348
0.265768522852501
0.158103286365024
0.253015249887299
0.202293765580123
0.188117242468799
0.312771224067452
0.284011884561599
0.299459458767035
0.239148387217521
0.381612777014938
0.143444508184023
0.273892128912998
0.380254219721489
0.324649668116636
0.313529084360356
0.453216865787918
0.300540834703085
0.273476146508784
0.380132096430861
0.365708403489818
0.372792104236714
0.233542877899284
0.363464457464565
0.351469088605948
0.23924283417814
0.358848099553076
0.312186994659835
0.340677817548649
0.270552824734304
0.292000865753574
0.312974442243501
0.328742193498936
0.368326834588952
0.385279685332762
0.301641600505849
0.282571052131563
0.39540994695068
0.40310318438378
0.356029893789383
0.198624434462096
0.34368283085366
0.389542314373917
0.261505197886439
0.337039046878589
0.317648729249929
0.276929711103252
0.400106600670119
0.380103077905104
0.431713990400854
0.382922694093894
0.303040422089334
0.25828448277163
0.35310781413389
0.31819115998703
0.291230076591632
0.347913986288167
0.388046198614255
0.335303602206602
0.515786290597172
0.558757892693993
0.434144798776119
0.478572516393897
0.364368356265272
0.423807893841315
0.559653068508032
0.458015379679135
0.483879956454717
0.388154585216493
0.356315463598801
0.442426263888311
0.175377171008658
0.233543182356531
0.412305087466332
0.271282156598002
0.445602737341394
0.505037070181426
0.536451269835082
0.268570125790002
0.525389035016862
0.409293354494768
0.383827524696748
0.418189383187021
0.373502107872239
0.404676225847676
0.315164057879007
0.625300600293585
0.385175245676727
0.638989424945682
0.556664614473333
0.383993108734321
0.416677703538338
0.290809271191709
0.417453422285336
0.490769417590173
0.576030134891433
0.412512895885263
0.520828529270447
0.409363681688338
0.430132489312361
0.470947364063755
0.409781692186394
0.465387505939152
0.319054694303861
0.391756129006228
0.436970369569306
0.464201209340325
0.392114123168968
0.417470674986206
0.563500421715519
0.379156261776505
0.531765901683796
0.547105165533651
0.482055468048427
0.644287874034461
0.472702613693078
0.583314921556238
0.535050025421777
0.591391221205587
0.450926459459679
0.523232801088798
0.465935929389248
0.513219566017984
0.547312164143719
0.560902802136996
0.533521856295016
0.473483746103201
0.581879922105688
0.551891022449927
0.568773227598791
0.442749820085611
0.623855071914781
0.415542708899644
0.501114772415546
0.408112731396438
0.579400767301678
0.572425817477847
0.509833135744971
0.558550945053195
0.65390105973804
0.611212997536756
0.444238338448445
0.391351759795378
0.511878231172298
0.567807625904506
0.64286130171
0.544564782905986
0.567312948430503
0.676607915015108
0.556452294729995
0.501705661094971
0.697872685745379
0.535621400015344
0.544733982915544
0.696174748089978
0.648593086088012
0.328983460106944
0.566838891845087
0.644555335263356
0.527085296054597
0.707795233153358
0.690253530240522
0.451088706918051
0.593530674987711
0.614385319387591
0.589880420020648
0.490609674819999
0.56142915781606
0.579152883142918
0.732051356002282
0.554969003542616
0.457649968440181
0.675049540974992
0.483700957811588
0.742738271395367
0.699502430965618
0.664671022907096
0.589325123629678
0.674365465740733
0.604424051044032
0.703401396189567
0.657862315797713
0.549095275600376
0.648253544335975
0.737032611986067
0.558389402783469
0.724177105244664
0.653571347900681
0.655305815361955
0.600827438610064
0.742561730688111
0.686476803274824
0.680121658218952
0.681427596349424
0.668934329991403
0.604392258921315
0.713632585078199
0.766887824030668
0.759253221751786
0.790702925199718
0.580293615779715
0.683800684244129
0.626733217489783
0.685688325209854
0.703976940673572
0.793483753158304
0.817252522011037
0.745390562600264
0.45795976474993
0.658754486037473
0.660435780407877
0.703261378621554
0.650548267717756
0.703118154213431
0.669409609618322
0.708395431903912
0.720626793007521
0.714080225866881
0.790256120560261
0.724748757771426
0.81155923462045
0.820398767447887
0.73471552206738
0.680294460721499
0.855098459676413
0.638600276707146
0.633644540279027
0.769979823545539
0.706966890989356
0.583258231755901
0.638992633632912
0.594762684275516
0.660932841853334
0.760394983362314
0.689118248662778
0.71819229305308
0.684152334488894
0.591146822081387
0.706352926848906
0.821475937790966
0.6664881011562
0.757215894144139
0.662891515477447
0.736706398317953
0.806106400709384
0.772500409810315
0.839633985072016
0.725186161321246
0.857946283536862
0.753369870985518
0.815185362873312
0.724251328595133
0.808785816900463
0.921452460833946
0.753414907001703
0.786191188418703
0.938695077024606
0.91699417284892
0.707788642027541
0.848051119697553
0.843795993128752
0.750731888220842
0.864457734679069
0.817194645319789
0.827756750720997
0.722869792738477
0.690669014280139
0.888054084252708
0.772497240586385
0.679359012460263
0.671138437985619
0.780377773268379
0.979906961029038
0.824022187038027
0.864992686124133
0.868530772375058
0.988811162685876
0.761203430638086
0.749425714468118
0.831816816878495
0.763894261837973
0.835704416236598
0.95944402280445
0.952056020931037
0.828099229090515
0.935511482891331
0.821589379502638
0.765698770073266
0.843458145408472
0.800003420507319
0.767372304923752
0.786706921508026
0.785252715563325
0.868866229300944
0.987000653623821
0.991687888479927
0.949156930237414
0.795480764058962
0.812796627731838
0.912454883197382
0.988289411841837
0.754261826398019
0.893417195442023
0.809220573471135
1.02572620533635
0.875000709917553
1.12252422109975
0.832761262810396
0.929522924592881
0.882108314622035
0.937742767877428
0.875033240096684
0.817109860452162
0.947460245432402
0.98237019137368
0.925084785058026
0.814134895209007
1.16389613759234
0.954581009928825
0.818817658052496
0.79498660454806
0.905672842423284
0.950575767079334
0.684124031942169
0.936210282848211
0.859423837813763
1.02333748321512
0.914019052092595
0.942603849045732
1.05856327399416
1.02045072202003
0.959798828683185
0.986421943649278
0.919067097118677
0.960481766285572
1.04264534951977
0.898066345927655
0.893883077907164
1.00229604061275
0.86999064820339
0.970287686987688
1.03422797705383
0.978316707631251
1.13555960784289
0.938881151496554
1.1401357040149
1.00516086515139
0.939276129043571
1.06943731124949
0.890519743792727
1.07812661725786
0.908605476863399
0.860455272315071
0.939728632727448
1.07263140385095
0.964908753793861
1.07020052621335
0.933448667724185
0.886215693155488
0.968282576551442
1.03228460196856
1.06864865809485
0.992382814118086
1.03024424333882
1.12688665640773
