0.135181463963019
-0.96740399579853
-0.940779404388601
-0.947719970742023
-0.984642176424977
-1.05429946103239
-1.06633426859006
-1.01756660867962
-0.875064200237865
-0.894105115411239
-1.06018029728708
-1.05113729037673
-0.955143153443241
-1.00335834592997
-0.99455749989869
-0.987366886506946
-0.923978733968191
-1.02109103062557
-0.8126659780582
-1.02842438536294
-0.839069682406839
-0.764976893305467
-0.820793296102824
-1.04950128633167
-0.998588437027108
-1.01117316902589
-0.902062799730124
-0.893301780546496
-1.0536506561674
-0.830044119449005
-1.0584549985693
-0.953733738340798
-0.99730362361933
-0.969694120625783
-1.17007450762756
-0.85237355029707
-0.94846302746085
-0.938210431823148
-1.10882890697561
-1.00028527318717
-0.976050894941378
-0.850272715904886
-0.820463530686543
-0.736389766067243
-0.845130083732987
-0.822783229133846
-0.86576424267685
-0.971762873929756
-0.915596480634839
-0.922960705849068
-0.913397384702116
-0.907756453981173
-0.904112496684386
-0.773113418891333
-1.04832225415142
-0.699307888799933
-0.927250652972511
-1.01049499729544
-0.819067040546736
-0.829795314749226
-0.90259004319454
-0.797373079587962
-0.85744871021741
-0.86472960414557
-0.795915888800922
-0.91661343495581
-0.8060020100608
-0.724930072723063
-0.903472904578611
-0.750098771073733
-0.847731934687044
-0.900386601101723
-0.721748425131235
-0.777038364235275
-0.665305667754984
-0.965916068734693
-0.80176210834617
-0.774732087357929
-0.857123521758846
-0.872685621989915
-0.758542640282385
-0.828445074653468
-0.88193799109925
-0.789799018952452
-0.65675820943664
-0.825714609715619
-0.865689203768615
-0.750687361162076
-0.907051205248289
-0.824011821572614
-0.800741182964025
-0.791286135899038
-0.861391318173618
-0.932089118299924
-0.789137746944665
-0.743155314622544
-0.702144639320007
-0.851209874096839
-0.679291413658695
-0.804528215117897
-0.837671100847604
-0.822105199781625
-0.826376808524593
-0.871284200933325
-0.896566924212589
-0.8087741660814
-0.942668657343214
-0.706477215318245
-0.701688512082869
-0.720875545295116
-0.813532947186118
-0.729553195067172
-0.647004279648452
-0.687036804136997
-0.802567993067436
-0.714035186697235
-0.78785981750063
-0.830674838497597
-0.708791799093301
-0.80650283997298
-0.723123058639395
-0.840235946974531
-0.828452209175726
-0.590132094237336
-0.724258107414298
-0.741121780694996
-0.702464668880388
-0.768581300742061
-0.706633421665728
-0.719932877712884
-0.613893921906725
-0.786495335564706
-0.829453015441178
-0.761732764548737
-0.717131889688807
-0.731345083865531
-0.761295962475028
-0.629672146347375
-0.860110157474707
-0.623345127129035
-0.519747766597713
-0.701076961030451
-0.694751184147316
-0.708259184161952
-0.776212782254148
-0.656688733658695
-0.817752890700441
-0.569059386679103
-0.63157835516613
-0.674993522750076
-0.680723495282859
-0.638967680460591
-0.639465579804535
-0.764981889061942
-0.630971160022527
-0.757422780421703
-0.72117114333892
-0.663175239449869
-0.562201127444848
-0.512308932169484
-0.608886797776691
-0.554641385902672
-0.684395987865961
-0.649102047562692
-0.543486072903074
-0.619015091637001
-0.651182938797529
-0.579680587979641
-0.756794696537753
-0.557736801071908
-0.577964879493586
-0.65175530288866
-0.707886815139002
-0.615840080054246
-0.625077507746666
-0.673220814307548
-0.592358872278973
-0.71265252848
-0.673376228371692
-0.501196490712378
-0.767446130145659
-0.489781228816136
-0.630282319826611
-0.71652606338297
-0.799976243725457
-0.570816821911609
-0.668655448333326
-0.665456190091747
-0.675689169518453
-0.575010400198975
-0.77017937369165
-0.726178679388136
-0.563161107099541
-0.535429917535898
-0.589206791286018
-0.549978941558293
-0.557891619520547
-0.7069966917928
-0.570168915399393
-0.653603108753855
-0.574460844285876
-0.595886171349365
-0.583572865602504
-0.550770311796329
-0.651757944905775
-0.523056744996876
-0.585176155176897
-0.571078733513671
-0.514203800295997
-0.473357974819403
-0.602887109061865
-0.602834672205963
-0.513982986856502
-0.453171014249497
-0.612023816234185
-0.542885534788304
-0.556778598410686
-0.486986363828339
-0.560846157095382
-0.531568023707415
-0.471019790106813
-0.603636556020706
-0.609832750787799
-0.653529017588949
-0.596230917476477
-0.571765815202771
-0.573331313242143
-0.48947353173934
-0.623255965507103
-0.472329028034835
-0.614991701310997
-0.536754551544548
-0.395135442301933
-0.515229071396014
-0.489106979286314
-0.616910915060105
-0.4332257401293
-0.437197194251788
-0.571959547470369
-0.444397332200671
-0.620117346001346
-0.552392861325771
-0.462373383893303
-0.524256086351933
-0.60582779428336
-0.656970772504811
-0.503453982799012
-0.469467362729402
-0.481597627330108
-0.321215800148581
-0.424258653439609
-0.453715085345102
-0.43928844141244
-0.551563424652375
-0.547713377744285
-0.522440358648643
-0.495158985177588
-0.485030090951109
-0.570362091532956
-0.495368575266424
-0.634194247361709
-0.338773671751722
-0.480571534888493
-0.382748676070068
-0.637373693455109
-0.498607051345011
-0.589400394469813
-0.503452306508729
-0.29964475472329
-0.553904158538793
-0.434911295129605
-0.458924922576687
-0.43767086805458
-0.662044953273153
-0.486644424069722
-0.499245081849217
-0.591241091910426
-0.619000353763877
-0.637772107199308
-0.594189009651256
-0.377312247886627
-0.355187079546672
-0.528358236628252
-0.405484245211348
-0.350933332855545
-0.440213754451644
-0.278751418025867
-0.4571282640175
-0.461485008703587
-0.46632419093213
-0.41859894977946
-0.411436225255006
-0.481966415223688
-0.398591499852928
-0.308727573828965
-0.484612602161717
-0.464212461267047
-0.488299050809023
-0.329667954701876
-0.274198466509544
-0.393516527404069
-0.402820391497585
-0.440557722511663
-0.413080139926551
-0.284539949922266
-0.35374242989298
-0.440360970611554
-0.589166066609673
-0.480047781522954
-0.330945539388037
-0.392090834590789
-0.279105570088814
-0.206420190690809
-0.423907506500101
-0.507323388816739
-0.426795141872718
-0.362728683969599
-0.358399655397491
-0.296201128501439
-0.421296123771614
-0.388449538300272
-0.441452063382037
-0.33115448636763
-0.257406354637597
-0.320615776202602
-0.330682828060763
-0.430712421566327
-0.132456054735273
-0.368522328471925
-0.490689673350668
-0.26399132434685
-0.404610776453148
-0.299436580917651
-0.210442630795042
-0.531235462257688
-0.232102560066761
-0.420522505171283
-0.285261622155568
-0.32977976713018
-0.359933165756306
-0.319621266230417
-0.344821233156847
-0.378874047909871
-0.332839514016366
-0.21796870475588
-0.30720265502414
-0.314308875025455
-0.327689848302444
-0.324241627656396
-0.305457707250716
-0.379545649339823
-0.371349804553543
-0.168121384381551
-0.198485815290862
-0.178792396457781
-0.265173581478733
-0.322564893471593
-0.261733397613105
-0.231301906429334
-0.284573044847003
-0.277416872106932
-0.308921586394576
-0.328929573850354
-0.272438633636698
-0.220263497586854
-0.253367563573917
-0.295210792939444
-0.185988476377567
-0.331624229300582
-0.321677292742321
-0.133348897420908
-0.229500247809177
-0.105744946797064
-0.334863138540926
-0.177439896751319
-0.271882942116195
-0.248894082009741
-0.167535022354682
-0.195200833250789
-0.25178552960196
-0.229747260691051
-0.270525603072071
-0.3939826685942
-0.167265441481414
-0.304225032774994
-0.188203835752437
-0.119136528778606
-0.271621481782823
-0.103414925473213
-0.194919180933998
-0.236282093404532
-0.22151955116274
-0.238453408766444
-0.236107949396009
-0.214165290773067
-0.178124925066287
-0.219390830579831
-0.056857487127379
-0.173971802575901
-0.177732784816407
-0.148061565738903
-0.148261274776673
-0.144045262776431
-0.240286097201808
-0.091484402936678
-0.302903937591415
-0.183071267760848
-0.275804106363296
-0.185569535654075
-0.161175604952181
-0.118790676803418
-0.257836931832859
-0.197594750510066
-0.134505363623013
-0.262167502900354
-0.0832896985285535
-0.128307795901509
-0.176068348497325
-0.272101115455409
-0.242645758709596
-0.0636858585955279
-0.0429948786951107
-0.27011103299766
-0.0804180325190464
-0.324236470315777
-0.092624011592208
-0.159554610008358
-0.0307114908042247
-0.0378417232563035
-0.161458839227052
-0.16319774592811
-0.175867957382199
-0.0764403908386665
-0.163672382611106
-0.0281531001324716
0.0985999630021782
-0.0569116714217346
-0.206014162251076
-0.170799901222948
-0.101304902028527
-0.119404399646522
-0.208779126496649
-0.178729037953189
-0.0825444652167041
-0.0567228751506131
-0.0404008483681057
-0.132756235972675
-0.13569456282469
-0.0268008831005057
-0.199005834293636
-0.121977304982148
-0.0163929462134601
-0.173078340748197
-0.06747892576959
-0.104238179669634
-0.0669109989437836
-0.0869473708925994
-0.0690317862032165
0.0744723684269879
-0.0790756821169366
-0.107393413824494
-0.0627233873121211
-0.0988210830868459
-0.0209202604570764
-0.115312050747773
0.00304534289165825
-0.00944994982719996
-0.0514331423775032
-0.0985766297531165
-0.217149954304931
0.130095918759176
-0.0382749675698543
-0.0346276458417852
-0.100624842204875
0.0683993506668165
-0.0519403018035953
-0.00642365208888495
-0.162113378827472
0.0327672084488148
0.118569232307586
-0.0627497889477617
-0.131984210613694
-0.0533104964816901
0.095629849520441
0.0490065339970508
-0.139735141851907
0.0042652069225552
-0.0290606138430722
0.00114191428050057
-0.0595653562155148
-0.0469414375246012
-0.0305531727717272
0.0985287281750806
-0.105079567662187
-0.041042130072145
-0.049487368407591
-0.031537554152437
0.0147683701870421
0.0513072717354383
-0.197487212618789
-0.00477680058783837
-0.0700814164056834
0.0392309444336789
-0.0526852346187452
-0.105249717891995
0.0729103376789692
-0.0635286007474871
0.0983944620209067
-0.0182561846944773
0.0759838138101304
0.159681346348301
-0.0466790654456603
0.181043281825416
0.0414053471149491
0.0690975679137818
-0.0284116627568275
0.0465976060724441
0.0890340099989612
-0.178981460613897
0.0095002209695515
0.0324474154824912
0.0908637576658753
-0.0307787663366975
0.246310125167391
0.0536771604251655
0.089161649566346
0.173540257065364
0.126675155845402
0.0524387476434306
0.0791188356328796
0.0536498953028836
0.099493414638812
0.0233410622543939
0.051222520152003
0.126696138466108
0.0847787617188481
-0.0452268263579118
0.0639289413889551
-0.0268142608625364
-0.00150580909906698
0.123712636157584
0.100231634866837
-0.0440021421699289
0.0093408880912041
0.0594994397892262
-0.0303234370019785
0.0445861494620754
0.073425182606417
0.0542999259427341
0.142674014258245
-0.05240797417156
0.128011570430199
0.0105137534150308
0.170215172244185
0.108085534523723
0.0486122371840991
0.171185924322436
0.315986072083962
0.113276142923279
0.127563436075046
0.194151256331291
-0.03120558867334
0.0904478728122441
0.086540768651523
0.206244927583235
0.242972272389076
0.181139064406573
0.146629784475249
0.0442156829343667
0.110507990732793
0.182857506287412
0.241181742966787
0.121075218524205
0.0139184602366793
0.0793111437683981
0.217727136224239
0.180932955767439
0.107389044351836
0.219283798981194
0.104831680220495
0.340002489355775
0.0679347901346218
0.143667016720636
0.162362551072116
0.243492619313567
0.200688018636304
0.0497305025231555
0.158990923087848
0.26606663993188
0.211024940125607
0.251766456456384
0.193808899706657
0.156707336483794
0.129531375680638
0.0185180744601884
0.199458438681283
0.139403830954685
0.0791926656062166
0.283026333903546
0.155631735501483
0.217779715035475
0.174500574638993
0.189110236744247
0.18134706055743
0.096707121616855
0.20858846265141
0.332730008255237
0.193263676289817
0.268675857569354
0.17642472703845
0.158328228015809
0.221574075273222
0.11910989747631
0.174909332071204
0.322822975237676
0.144518448643216
0.284705711309125
0.258040847892914
0.282041596183886
0.258825007903586
0.227158350962164
0.402050023523176
0.208585399569461
0.273158539014263
0.22646063180065
0.294509882836235
0.313102973291369
0.252954488599379
0.180669171965019
0.182093708452511
0.035454386256668
0.207675641575198
0.295402716764258
0.343995823949264
0.164518013780221
0.195616261080053
0.387397787241302
0.375789434089085
0.312973426182934
0.16402458370937
0.383238396165246
0.255994623906995
0.170376996196038
0.431988962609281
0.20151024395959
0.230536469603994
0.275883000515214
0.204691392136709
0.256262881367676
0.226632724412967
0.271368581502622
0.330449433695831
0.314650266455756
0.224781979601947
0.310412812791874
0.337799228013246
0.269557922312229
0.369632095691501
0.204043089924257
0.213807118230404
0.510033390238402
0.381476034661431
0.410225834859209
0.329688413539126
0.231370947338712
0.182490806577765
0.324754145343273
0.303905323121228
0.374259244054356
0.341475278004029
0.290879324193621
0.423961223878433
0.364456020268001
0.416194328004942
0.424773563880683
0.421201309178517
0.312331365256365
0.315419862850017
0.291914667935596
0.248716267349719
0.512436963698959
0.330119067056988
0.378267582302724
0.195912361457591
0.183075589105241
0.36316173609927
0.364073236818268
0.281354985732044
0.238746823510203
0.330693595555114
0.401945488043005
0.370375549668099
0.294298473124859
0.403576560342133
0.332555536950851
0.340842633431072
0.481538958868062
0.512621080033296
0.377942905980546
0.527884774056388
0.234830057553963
0.444358846692873
0.440955690877329
0.487820560238367
0.44560742422689
0.289396228823043
0.503160293244587
0.390212781612245
0.58527007447991
0.419905206288929
0.497038840251741
0.618101959693757
0.416315894874459
0.438019185274654
0.371033931535884
0.39858267031304
0.353875599342382
0.305443630072967
0.555475419723292
0.358237345432872
0.436315991742129
0.41289247617794
0.38773537947515
0.381338842173246
0.311787730175305
0.233145773584839
0.398556166573645
0.254007541077736
0.452080980217818
0.385554251547406
0.433072838301487
0.366296734011236
0.4474333930467
0.488201511415247
0.360366671506236
0.309879357379392
0.526908683914924
0.473377728132725
0.561177286174103
0.59201279905513
0.557944253221536
0.576208066842548
0.4142977553991
0.612863358941909
0.362003293460167
0.560386898774009
0.476542360637813
0.434002711056807
0.476410543752491
0.423113965311875
0.412694482162462
0.549716373095252
0.52225404478384
0.569167768257658
0.403515746268201
0.449581769334309
0.418033847046965
0.362337589959645
0.657920471878956
0.469420101184369
0.586024682721563
0.602101438613796
0.575626016815258
0.463042136919314
0.588605267033842
0.453048870279703
0.563058183844792
0.696842099657965
0.580344025682448
0.643410595581344
0.549711379406145
0.363563662259469
0.595635698981514
0.534634967823995
0.623817698711967
0.534034531284136
0.426311035561446
0.501424066115201
0.617789727662726
0.500285378584822
0.501867096574431
0.592096698129088
0.503230894942494
0.362402870283995
0.466733556041548
0.585184717113845
0.577341888823081
0.514424627961375
0.550871054848443
0.592428743535331
0.72778775336121
0.730774624041767
0.546443460811018
0.561827704283079
0.397969165379062
0.502061513029202
0.60195066388482
0.648320985330108
0.639341048610069
0.520095199875593
0.589920763591417
0.67397757301662
0.659280175017946
0.523422386403239
0.620871580572752
0.556232508590093
0.654851415953659
0.574436660073473
0.532235176399454
0.61188218171194
0.61674058313035
0.634995755361696
0.52702774210996
0.690012294449811
0.645089177751149
0.664859053046886
0.677110943993875
0.640746117849978
0.536903934061471
0.706287106551662
0.536729977775289
0.660116412700941
0.696287769412287
0.595730230085215
0.721047037805156
0.629821001766663
0.654949856332827
0.539462308897997
0.70507473785387
0.65590168589579
0.648739053926289
0.64475591245059
0.728855804335517
0.76123298981657
0.711752014618732
0.721643033444056
0.746439825239988
0.662223548316869
0.667858585875837
0.430709401790422
0.650282205811587
0.800322112437222
0.722733340757206
0.616751317688803
0.753886707924257
0.566795313866502
0.775021326428585
0.633358854271293
0.659536947757751
0.645674608287828
0.62564296575336
0.66243867024456
0.686722560144126
0.811651996450554
0.821930040873415
0.769664704695857
0.809804073654378
0.657623227555576
0.720280557828566
0.688265247587118
0.68641151675914
0.762170238427658
0.740513246644364
0.654956524912994
0.889674516555163
0.685583633252209
0.686528864561929
0.817504525983353
0.878168238775575
0.745507107368977
0.557650411728572
0.583396643772496
0.662207904051501
0.816903088995184
0.778025851027356
0.64793599612977
0.656691976518167
0.687766038036567
0.850449639131831
0.838513342518587
0.734890501077774
0.731658665274655
0.835072137436177
0.841967095412328
0.722376776298476
0.822606354243878
0.861698249020712
0.579797514686858
0.672914943132078
1.03359277059044
0.56108190850453
0.752281739017698
0.867539494058438
0.750332927968995
0.936188470576521
0.75440031499451
0.720927245488302
0.851359259314181
0.726137563333113
0.628498181058874
0.770383762190732
0.829475927432248
0.779785174120591
0.862646341176878
0.715599518795545
0.902082032138642
0.949772221696479
0.899134078710866
0.909365864653678
0.711866989790772
0.859475500589199
0.702522706464443
0.839553714427835
0.867384845485441
0.901083702577965
0.771154427444567
0.747037273082976
0.900368533766642
0.764564541699178
0.935772634206964
0.845337394254768
0.868157800827064
0.81498927103724
0.827438380487647
0.754044596284223
0.876959772755119
0.837845662470165
0.811458485775197
0.788664422697484
0.793316279468277
0.821696024436179
0.773350527739595
0.781643713353356
0.914559490997843
0.857156067667944
0.844218749516598
0.88812364331214
0.867665323918309
1.03730065587686
0.896965037422069
0.765833091893154
0.74164795798332
0.918412262950252
0.873375484615426
0.901269703136314
0.78966443205182
0.866127851171891
1.02400346945496
0.984647174185846
1.02153184205644
0.957838095955038
0.799086330624733
0.848829739062022
1.00827718788832
0.799344828882434
0.943704656360736
0.959017161656742
0.946250963333206
1.04028596216086
0.85900448809203
0.835234931877422
0.799220372322406
0.954807954864879
0.916246495052195
0.911460997896831
0.883387315042455
0.869731463407999
0.942581579847378
0.89316397891786
0.937891479013533
1.0054231974592
1.06419940494727
1.1004825942845
1.08435620939453
0.891548002047797
0.875857367214538
1.05976546210484
0.888239244308869
0.930859647575692
0.811223780126446
0.901479286743035
1.07253135851192
1.02462225516731
1.03266054266146
0.8753646124494
0.958458259916071
0.891992853260459
0.892063864110851
0.961487882744845
0.999397089822189
0.930379895918135
0.941642799949029
1.00418158247418
0.85850653294252
1.0539227468986
1.03590345182266
0.846637860978534
0.933098023895121
0.922720177099633
0.958822892647401
1.12316847017426
