0.110229150393365
-0.97503988559814
-0.957731199699076
-0.941441931792252
-0.978318717314939
-1.02294469643136
-1.08958216808218
-1.02888018254068
-0.876568667306668
-0.870100305416858
-1.07825354072831
-1.0690521382442
-0.965200974523662
-0.994526979673837
-0.997150671252886
-0.988497193102472
-0.933210539688945
-1.03280549474252
-0.811744660070867
-0.998488798187433
-0.834355449130888
-0.775074096975832
-0.816219645769218
-1.06076336340152
-0.998932692534824
-1.02435192079442
-0.898301436757455
-0.880722750180077
-1.04927720885267
-0.841448205965813
-1.05392611372018
-0.946774842900832
-0.999549147766477
-0.953345343958325
-1.17105605808001
-0.851495845862478
-0.954774718954178
-0.966466297989049
-1.11879250656957
-1.00968441230314
-0.973636639482553
-0.829006843058752
-0.821887769760634
-0.734696539258631
-0.842415247737638
-0.824022547908138
-0.864974848382416
-0.986598411510693
-0.883150225239497
-0.931359150758252
-0.915239743870016
-0.907881428194718
-0.900907463415028
-0.755569591773725
-1.03802970360166
-0.711153213576106
-0.93125726331007
-1.01282840216486
-0.812967112610052
-0.808273409640818
-0.908403114019139
-0.810899941558574
-0.835010889680039
-0.851625154683726
-0.801621950249239
-0.93517177838103
-0.819998696693238
-0.693648611568509
-0.927119602177847
-0.758323612039884
-0.847763235616647
-0.897238017219867
-0.705208626632314
-0.79550130050607
-0.683779280361099
-0.959180867163634
-0.792327790545346
-0.784950392717497
-0.866220502718306
-0.873526665692074
-0.730635610638165
-0.811676311206485
-0.902182829300751
-0.78760063115283
-0.65694538210869
-0.832817364592474
-0.869207479900002
-0.746832442372663
-0.902218154155626
-0.823324510391982
-0.783319202772921
-0.794500052091436
-0.844867680465731
-0.916694219420646
-0.800463018950912
-0.726687628496233
-0.700199091446392
-0.851385580302368
-0.6573042292186
-0.815810785408058
-0.830184729192077
-0.83414993621232
-0.845237947136797
-0.867797589194429
-0.899156959917944
-0.775979088479094
-0.945359508264402
-0.709609608803476
-0.708491035813641
-0.735803116492315
-0.813126242579843
-0.733299032630601
-0.658070424390636
-0.673947880166267
-0.795213129714337
-0.716943637027143
-0.801892302366763
-0.831361837989306
-0.720102064797258
-0.78274710669415
-0.696135269702244
-0.82875462544979
-0.821591500514573
-0.593515125818082
-0.732355611549147
-0.741863365069259
-0.701117540321939
-0.781356173380613
-0.735547655743498
-0.71291647951025
-0.59623821638486
-0.77667374013817
-0.865277970406387
-0.758573681582832
-0.724628659680401
-0.75060048512579
-0.755904164312004
-0.628610872456416
-0.849490661494968
-0.641706244446884
-0.501229022138766
-0.694909777728972
-0.711656240827719
-0.728095990550668
-0.794805275185915
-0.660376332801005
-0.818841422691149
-0.591813817815565
-0.633247828267823
-0.680527586763932
-0.682359392005114
-0.611455622221882
-0.643891205040047
-0.73953887513186
-0.651631661137691
-0.740995861618957
-0.730076871106761
-0.68164075670028
-0.573765386314881
-0.528321163067599
-0.607838263832886
-0.552892616801012
-0.684838818793366
-0.654270425604947
-0.509416543402694
-0.618141062017057
-0.655359252913047
-0.557520087275799
-0.757048518981347
-0.5688652304937
-0.568124812384255
-0.643223283814293
-0.705976819765788
-0.607349515547604
-0.631551351271648
-0.659491365488573
-0.607973094949711
-0.727993413642216
-0.657775020854415
-0.508338042342962
-0.745772053047615
-0.493897304321141
-0.635628225251404
-0.718356966479968
-0.817059252388681
-0.562370625950438
-0.666364955118502
-0.672445100642326
-0.665184297758788
-0.562257574183738
-0.770911631960011
-0.746148675205642
-0.568663414081109
-0.539534043190653
-0.577097031824837
-0.540951259910665
-0.544534213019948
-0.688602313053688
-0.593752142417847
-0.667744322085486
-0.582770976438751
-0.597073477031991
-0.573212929721681
-0.53496252828832
-0.64627844096825
-0.543831137717134
-0.565810860489813
-0.572823532599331
-0.529551975310703
-0.508206297402951
-0.61197084306656
-0.587219487289529
-0.521996388545492
-0.462602255605928
-0.616461087624727
-0.52985789271789
-0.570682918944696
-0.487754308170231
-0.541751283359877
-0.530497822923406
-0.454936445325885
-0.605760709723761
-0.608702478133724
-0.653420537891599
-0.595352755255138
-0.578802112649369
-0.571496534102932
-0.47700397396325
-0.631670528248747
-0.458231657459895
-0.624886007679516
-0.558353690796002
-0.379681178112711
-0.517281977248393
-0.491843992261753
-0.625571471098315
-0.40719541229786
-0.420170632178031
-0.553315250209143
-0.452353586121287
-0.611088843598433
-0.562021149558373
-0.468562489728151
-0.551497802675181
-0.629051748734376
-0.677417140381581
-0.496165140196451
-0.492496076195411
-0.485771442149725
-0.304770042387064
-0.41982333865058
-0.451194221353068
-0.45323891696407
-0.555428188256403
-0.57136416944418
-0.519105809669645
-0.496506711716335
-0.480319772127936
-0.535937590339382
-0.49798685509814
-0.642313970144851
-0.349034663260461
-0.452969489643962
-0.363724320764374
-0.647896399389831
-0.491866787799373
-0.59457753595355
-0.495293314542569
-0.297137694354421
-0.55544086070976
-0.451920897926995
-0.444376612997648
-0.448119200606308
-0.656394358862534
-0.479917202858243
-0.487937660540052
-0.5729461181693
-0.640252466427316
-0.640311745793138
-0.607988913683389
-0.358011991663416
-0.334237189924355
-0.540323808054081
-0.398709846114109
-0.361032089796578
-0.435190789970025
-0.270057004455087
-0.429908078572687
-0.460385187974373
-0.465848424056898
-0.414398452520515
-0.376728504863418
-0.491356343275485
-0.390286793651291
-0.306740554010969
-0.486473026550845
-0.4783381196821
-0.487681567157416
-0.316022920823217
-0.248394932961758
-0.394693331266834
-0.421061179343185
-0.434195394268063
-0.414402503208933
-0.288562547776173
-0.366845283266173
-0.431048000853683
-0.590689264629342
-0.495595750625206
-0.328165645923038
-0.410175146650509
-0.298400971090727
-0.201377133015159
-0.421003093284333
-0.518984958241627
-0.422216407851281
-0.348705176209687
-0.361280515634659
-0.297127667847216
-0.437249159491619
-0.409917758076716
-0.413221564107343
-0.338405062734757
-0.25484964813001
-0.317604964216526
-0.312970981135117
-0.435558875703449
-0.129778052836053
-0.353380121088488
-0.482352173413379
-0.245060597485707
-0.400629174704297
-0.308623693028403
-0.183680235764352
-0.524255065190838
-0.221515020669435
-0.409658453337708
-0.280630628443206
-0.327461469649445
-0.354963179955449
-0.317949845763513
-0.351997415628753
-0.375675905817478
-0.319382257750926
-0.22653941428778
-0.309495987350078
-0.326544198561647
-0.330525023269122
-0.292619111569288
-0.331843185905152
-0.378875320887408
-0.368619745195746
-0.182060520716916
-0.206813926135866
-0.185934644091106
-0.261216240440774
-0.316165240047208
-0.246502769064001
-0.234319042894321
-0.264868660655689
-0.279759053603999
-0.268544430666971
-0.347323449074105
-0.284930503502285
-0.195588835584976
-0.232257948632347
-0.295963203371464
-0.205389542994927
-0.352451724709113
-0.31897145018241
-0.132817294547001
-0.232668719285995
-0.0895552404648243
-0.349835289269961
-0.195128498877132
-0.286060231423681
-0.242083948202916
-0.153170889443996
-0.175499351398839
-0.24321426979124
-0.221324812885791
-0.308505704732827
-0.380678549169816
-0.174798892569638
-0.301599634887957
-0.18203197112242
-0.129650729805951
-0.260499059758659
-0.101432405155345
-0.212124697025601
-0.214890300418189
-0.218549802379921
-0.245952757057676
-0.226120763941108
-0.20114620849881
-0.171662553806897
-0.218525848311666
-0.0564319681717729
-0.181424745952892
-0.181042468424425
-0.142680305348128
-0.131266068129366
-0.150101745944761
-0.248754333948195
-0.09389144006067
-0.32412654158309
-0.174148325036106
-0.285406497445392
-0.162754691428752
-0.168649601519339
-0.140871898518095
-0.282856775141603
-0.204190009193859
-0.178966821081958
-0.256335200575659
-0.0800918014886941
-0.115120613100347
-0.144550005867677
-0.284933029924419
-0.234853711898815
-0.0766698965337574
-0.0666026900177751
-0.285478497044849
-0.102478762449579
-0.300062338289285
-0.0982441609449899
-0.161100046780122
-0.0381203252788687
-0.0127442073256099
-0.141901438353888
-0.162087609118676
-0.16878803463056
-0.0592458703939336
-0.142005709666402
-0.027316659487556
0.107796964136301
-0.0802212779381094
-0.188229043185664
-0.154023830787288
-0.123994172304037
-0.148789132375303
-0.215468658481794
-0.17247377432929
-0.0740037521917972
-0.036371668553714
-0.0333623035743692
-0.142005400360898
-0.147990451653889
0.00558236263901884
-0.200115919512405
-0.132010453677195
-0.00553715982617055
-0.165895614245187
-0.0821049349305311
-0.110858493714199
-0.0750716744634792
-0.0814022451410604
-0.0509380845545576
0.0461906685296822
-0.0692124628494914
-0.103988129247664
-0.0721729084139452
-0.0933687430611993
-0.0191805782755793
-0.112741991296859
-0.0122432384213722
-0.0199883319095963
-0.0602447205516965
-0.077146979216248
-0.226451186914272
0.147426734673952
-0.0531557650721156
-0.0394276793626554
-0.0992061674190741
0.0816209021505827
-0.0602508739806573
0.00507303469853147
-0.142663049361188
0.0138984279773681
0.116572101309121
-0.0925067312762281
-0.114146419432515
-0.0522940250246191
0.0775770204410735
0.0354575899147999
-0.140999511613591
-0.0149928362961268
-0.0309718320495941
-0.0180194514295629
-0.0504416024743927
-0.0469825147915688
-0.038324501468876
0.10328321502794
-0.10315916638253
-0.0299384294713975
-0.0291474529760454
-0.0431882035833682
0.0194690136379942
0.0716510630431979
-0.195514535731832
-0.024620287239887
-0.047544828048207
0.0450234264846445
-0.0724939393542668
-0.126104609045953
0.0827958260212532
-0.0596112765048986
0.100570496663596
-0.0118261515981684
0.087364687492241
0.155881042966438
-0.0204253166768191
0.169139993463366
0.0353680448285594
0.041549936012896
-0.0179435033760726
0.0559544104841272
0.108225797271117
-0.152929828518224
0.0101445788409223
0.0224935788134022
0.0767591549093437
-0.0586686914799152
0.249461739930189
0.0525002999755075
0.0698732495009778
0.182008811666544
0.126163401484368
0.0493375285949529
0.0485324915740038
0.0477257579037544
0.104753004172188
0.0186260382550933
0.0456659202442021
0.0906948363392937
0.0711599016647317
-0.0448391227916338
0.0572392489387566
-0.00970925278741878
-0.00941437653381106
0.144841909694903
0.0977351453979967
-0.0365391041762919
0.0152505777597528
0.046342632223352
-0.0316397259622544
0.0567917503256043
0.0598664452594469
0.0640335421424864
0.154285676115577
-0.0614989391149425
0.116385178244308
-0.00976366893752867
0.18555625223862
0.104390458926231
0.0328277333807242
0.17125054711157
0.322067694042484
0.119329258250094
0.120429331272395
0.1974432233876
-0.02406851878687
0.0891249832696984
0.085087725966937
0.200875446283381
0.249017015851059
0.178874270501148
0.170943838072021
0.0270875132666674
0.0974317699980617
0.161414379338478
0.221338507653627
0.141619057003468
0.0280740309040873
0.0916243320387408
0.217077025357718
0.197933482012046
0.121487126462849
0.204005714387904
0.116418390639882
0.331758410340413
0.0555991071748523
0.150378982850506
0.158019443111341
0.243970188724277
0.192647933773008
0.0623407200564256
0.165965526277946
0.242015657214502
0.211060983255504
0.249699599015382
0.195360165978887
0.162581181648238
0.131152584099454
0.0242123516919283
0.191213935073608
0.133316092376533
0.0645152027513415
0.283018237660944
0.143348599645984
0.210073484324237
0.170653287859585
0.203616062343406
0.191478313566787
0.111001296740989
0.221964772898792
0.312404927692684
0.203822792620688
0.263861087914036
0.178124566301219
0.16028836295913
0.234074402900511
0.111513648208446
0.189232378945821
0.349074420458905
0.164276862059751
0.287506707421793
0.249448493777007
0.276040981118108
0.261588584498104
0.222158886048134
0.382161216076998
0.190111750509173
0.279037224411366
0.218906085582194
0.296682170254467
0.315813324272432
0.252057587103902
0.198696126749495
0.173042200624932
0.00455169243109732
0.201740821810606
0.282707537790096
0.34076421048873
0.165134965937651
0.177887451064234
0.362813480291739
0.378550013735177
0.300496225604088
0.165195146189755
0.356612840450946
0.270601163746458
0.161311746348846
0.436084576983722
0.20328070247927
0.22103557396333
0.268318533749463
0.216970365169364
0.258424198327074
0.22939699712551
0.289048545095514
0.323176776850797
0.31064541424351
0.215599135645033
0.313147628573001
0.355777797039813
0.279404756341134
0.383951510639822
0.189087982649009
0.231575376387807
0.508862699967597
0.372115279207228
0.406838831170105
0.322720986718621
0.233046082121567
0.213160501870561
0.329768154922631
0.293957959935127
0.382436043546548
0.370748881192229
0.294077213777615
0.421262093043993
0.366971585927096
0.426754575535227
0.411047917294208
0.42148817116953
0.301215210648512
0.320597291733056
0.26855320309738
0.243821887574271
0.499954654488666
0.32484627546964
0.360031008077716
0.199728986989414
0.187064333858298
0.351830888388704
0.341254145121644
0.290941808417894
0.240737141672678
0.345400043028572
0.391759926944616
0.366209708206715
0.310841883477473
0.398882031355014
0.326385363326478
0.345317977658506
0.47395072508105
0.517865922283648
0.364867349791831
0.542294274960325
0.237049304357248
0.445576605387318
0.432369269136942
0.488105739314589
0.427401566600981
0.292391967906361
0.510525597324429
0.391978625898273
0.564296432915396
0.406948215696701
0.496301161660888
0.591533531945124
0.411340332308486
0.419603880535741
0.37856899034639
0.38820569091948
0.35562595987931
0.324658239553314
0.537702512136311
0.366939473144402
0.464485278551625
0.435904181569331
0.40883942255005
0.409907131146735
0.316055742218816
0.229044737447965
0.396455787032915
0.248906766101403
0.424876566423742
0.37529816973476
0.42419664755581
0.374293339599073
0.451955980986794
0.459532715508747
0.364478440703683
0.307405967668012
0.53206874129583
0.460503819405717
0.570276622398673
0.579137324163121
0.546729733403743
0.586371161927372
0.412899278875906
0.637899669049522
0.355998275056977
0.552825532294162
0.483996583420619
0.443960187448495
0.481608764387803
0.405573216687789
0.41481888628055
0.548505234906216
0.530592045284356
0.562176787143176
0.408676530224012
0.460511522351663
0.418092877769204
0.355301846147446
0.648327377876724
0.465899213209846
0.58286064225479
0.594862490069016
0.608226412050665
0.450052398773054
0.585227174828208
0.462950101539547
0.55961409694832
0.695890800289793
0.584246784726318
0.6441181532086
0.556858888694828
0.35624625749704
0.603003691834517
0.543753429667256
0.624482447975799
0.518018697083982
0.436156304937815
0.493622078374814
0.626404837638612
0.510508279184859
0.507232222686545
0.602897081389232
0.513939270590686
0.389321801151399
0.48380129531225
0.592775328573228
0.573524034619381
0.520712266502729
0.552149655027307
0.596132932696492
0.737293498032766
0.746519072700687
0.571522455483306
0.537563123204187
0.401657501635246
0.487438525063165
0.607652304554523
0.643636713220998
0.655394664274968
0.502589034642188
0.597435063665757
0.654347462421026
0.669476633436908
0.512145284895325
0.583110765834975
0.552718829676965
0.644607769563788
0.600593598021483
0.545897355800453
0.619696192013807
0.624334275721083
0.611718165009282
0.518246811939714
0.703299224931006
0.654158536341653
0.696435945103725
0.686918601209337
0.644029604689112
0.543444073562313
0.718662943120503
0.556543906369821
0.668043201087536
0.688836178714405
0.581863880073342
0.722619061927022
0.604800509734529
0.666447493772674
0.535656351874
0.702647161352696
0.655949698972301
0.637597909396663
0.654658053434245
0.704847381527988
0.761898759881667
0.732823286641893
0.707783505088734
0.761456680860921
0.633281229702269
0.677868045280665
0.4069846052902
0.649084181506201
0.770697432972308
0.711602405227186
0.62212000539246
0.768752227600735
0.566916969229185
0.75508786934491
0.621327780489833
0.656970737605679
0.635975816171472
0.632566371955623
0.67928938568366
0.674005552691948
0.810196102055552
0.809759762644424
0.776021864868029
0.789299947691131
0.650229667443668
0.729035714958495
0.698995317145895
0.67309852634351
0.776964293735727
0.731844862086929
0.667612447445422
0.890569387293287
0.703379343354053
0.689416906124445
0.805281140273049
0.876799517838324
0.724223218527508
0.576997623349659
0.593024387597887
0.658760706586697
0.816976166179083
0.773153016148985
0.655124459173178
0.668257037823916
0.663855450042574
0.834531737114045
0.822817345183891
0.726214950853823
0.727096231130521
0.821162782608929
0.849951992655816
0.712374062822804
0.820270356379053
0.856557268632836
0.587217244426456
0.665531611278176
1.0288976739149
0.55926865943961
0.762325671206224
0.873435961733397
0.755061426755058
0.925168281269501
0.741142818049421
0.734568431880932
0.851330699987688
0.714173487340016
0.615659319554
0.789431647183636
0.813170863076584
0.759084066032475
0.891656933131844
0.72556107776605
0.915776295653599
0.942692773646618
0.893318387827194
0.915044279334205
0.715766349628336
0.86016897293534
0.70582776184528
0.861592402658286
0.868863423293251
0.911978561712938
0.789815440467398
0.740729550428242
0.894399569820369
0.775045265155422
0.955152996259055
0.858280978349781
0.875767708186048
0.815726743135807
0.835896624591
0.754406115342172
0.855124074986318
0.796254278151979
0.80657308720127
0.778553994979756
0.814058637289166
0.836426719255124
0.798639535457235
0.747426592051111
0.911298914987377
0.886653831041977
0.844494706275789
0.910246164936676
0.889956595348453
1.03214668232195
0.91123486810984
0.769675714463845
0.741699979986417
0.928683458642678
0.860501130347296
0.876958301524771
0.788917721007406
0.852504164584421
1.01466588611017
1.00960230844858
0.990283482338531
0.970258236361156
0.806253129201412
0.846055284189689
1.01525588204591
0.822422878729898
0.94451895776024
0.954240822675486
0.94628489613629
1.02967203056313
0.85964057235353
0.827995824138015
0.790875227758219
0.972294924617151
0.903867861277343
0.927031486862674
0.866500071446478
0.861667503647413
0.968839430077868
0.911221151399398
0.949941604775741
1.01152019992517
1.03024070653908
1.11657558285866
1.07994266218865
0.900425110577049
0.88953097644924
1.05704769822421
0.876361570941774
0.934770713106692
0.819942154798407
0.895750335752472
1.07762542506923
1.03681019765237
1.00753514728749
0.873864825080527
0.965182051713437
0.903718761708379
0.922839808414581
0.951824752063646
0.997721290208667
0.935001654704399
0.966342559785541
1.01132580589753
0.862671661325404
1.05175763944153
1.02324263615694
0.870072911333177
0.940794456595562
0.920448925653544
0.970114009452311
1.13068947954185
