0.0373571140106764
-0.993221679236634
-1.06118754541574
-1.12219599499322
-0.989592906852508
-0.852877081976252
-0.919210562930866
-0.99305588016205
-0.895456226056758
-0.920504828037963
-1.06147539012695
-1.03995727795317
-0.944523129061242
-0.968635059105634
-0.92766454823251
-0.899750769334977
-1.14068856565398
-1.09756449744525
-0.946303758927011
-0.929089231036813
-1.03737042214489
-0.949938909909162
-0.916542024705117
-0.983524083382938
-0.884634979981761
-0.8914979164693
-0.964747582947205
-0.968533631822495
-1.09136334134527
-0.843598029371752
-1.01747817791966
-1.02601320825034
-0.995117945662635
-0.907821720692777
-0.945730206773008
-0.928527429221025
-0.91228258356531
-1.02277222932042
-0.908586261508909
-0.853980134181707
-0.8310553364816
-0.874936690118495
-1.05753239533702
-0.972442610032869
-1.02085175834372
-1.00916381216671
-0.995796382920944
-0.8149334227463
-0.877106444759937
-0.864385157176794
-0.92056168514065
-0.97054688643615
-0.754457248059038
-0.89640143695599
-0.804652555276882
-0.851228997212315
-0.953744922055421
-1.01488596315108
-0.916931731573258
-0.829848467168126
-0.953744846597251
-0.817309898651468
-0.733855685772044
-0.831788970551326
-0.937615067335383
-0.69632631597995
-0.813053049618417
-0.869801891178137
-0.724868380245137
-0.731503484252421
-0.794495429182525
-0.807524835348097
-0.914692192732124
-0.850745814508861
-0.809736154438739
-0.695538698688734
-0.921326319166811
-0.8799891673248
-0.883163432877765
-1.00093826715319
-0.896867267879434
-0.84844876714453
-0.858956095310564
-0.73012598035739
-0.794379162124814
-0.817692539234988
-0.828565838034985
-0.687503255049422
-0.703926879755725
-0.88733854346954
-0.747070244938602
-0.82635368519718
-0.733554548267924
-0.971260084446876
-0.856479018787223
-0.805752769651312
-0.836979034048904
-0.704429482781119
-0.790979987250167
-0.699899160666814
-0.817224477873678
-0.750181786501883
-0.830936927900461
-0.818897681110255
-0.86558919396045
-0.746904963178853
-0.702093017434471
-0.692631402215141
-0.93041613839911
-0.784343937891912
-0.914082420577069
-0.712080460543501
-0.757802787430211
-0.719176423459635
-0.816961282981448
-0.815678734525889
-0.753408936970667
-0.833801394420875
-0.934796482265044
-0.695717759058776
-0.807266716110447
-0.840777043082411
-0.823134576428911
-0.720047887872737
-0.741185282599112
-0.683087376211346
-0.786333298852242
-0.703531732396292
-0.723854592796304
-0.924196395988232
-0.69811688139661
-0.822591643543966
-0.634651603594875
-0.694800399529082
-0.69074855107656
-0.736525284826039
-0.785183416363564
-0.77312669918576
-0.729091249083032
-0.672216944578881
-0.620359523922927
-0.853245709054305
-0.671347722620101
-0.775368422364772
-0.776458133851911
-0.723890340422115
-0.693525229006332
-0.742069843084629
-0.760198091777968
-0.785631065266708
-0.690401272514853
-0.739272310881209
-0.776416419696253
-0.628082599983013
-0.798339467669114
-0.654303951502216
-0.641469548581032
-0.660715314592399
-0.727036891949828
-0.648957121879012
-0.776232118200348
-0.638864026430969
-0.59814307502461
-0.694061863580321
-0.67062090798803
-0.828875753336307
-0.432833332857805
-0.568690817807924
-0.663549244172455
-0.624523628217347
-0.735075943456156
-0.668334802602521
-0.584765483477992
-0.691528875497093
-0.639302768406374
-0.582172863672467
-0.610842185730665
-0.511447751093705
-0.659008232398918
-0.734550669339724
-0.686905310338585
-0.518770320374938
-0.479809069228853
-0.628639700425244
-0.645483177215785
-0.648114238462343
-0.573233788715056
-0.545218734976989
-0.507412671686302
-0.627263707163655
-0.714802110467748
-0.618350964370519
-0.650256418683079
-0.604490683346882
-0.570697753802497
-0.607698386352184
-0.660533495107658
-0.762208542341222
-0.66661843545817
-0.559944046732248
-0.656608438535035
-0.668459634639933
-0.642169405415969
-0.431936608481396
-0.51646025230464
-0.663504275933976
-0.565570599813395
-0.630641551578479
-0.729473775488872
-0.503900754011917
-0.385130684348234
-0.547222127845414
-0.690396552918663
-0.538211069462983
-0.712735589263806
-0.743316516874478
-0.508622783511046
-0.70432705031342
-0.526145627907499
-0.629349774442933
-0.612867788180909
-0.664306791553728
-0.434554290531228
-0.524396393037068
-0.600337936854676
-0.515601836008502
-0.351010163872235
-0.449417869436895
-0.677235162307851
-0.613644052948423
-0.374716811821662
-0.532661499011836
-0.5419535902919
-0.634182078510085
-0.519002740992045
-0.406240875884325
-0.587078152108522
-0.510910848384588
-0.593496148277356
-0.643920676442539
-0.594896813873732
-0.515319462014671
-0.48112783176876
-0.462330328240213
-0.351515182409639
-0.566528713024547
-0.497656601873929
-0.524431510779953
-0.680980011456457
-0.407980478253787
-0.603920716210395
-0.621288972305097
-0.518674206231309
-0.413166767780475
-0.487880941569169
-0.481259935956293
-0.56359365799245
-0.549084376179623
-0.623073193360008
-0.447184575764968
-0.542065033431823
-0.572866144904146
-0.46611943622628
-0.502459436974395
-0.504166529003636
-0.412628762973416
-0.485542231434309
-0.371666245072168
-0.469100793456916
-0.453028730738334
-0.567674546862831
-0.45268154667694
-0.580981307754421
-0.408318148265183
-0.410976979835756
-0.481956474747241
-0.380921696721433
-0.518650605023685
-0.49535845233934
-0.485263083388648
-0.429691956779826
-0.378285195115749
-0.436732473999005
-0.500015164348467
-0.408642958907197
-0.374121987547752
-0.531156373698756
-0.534049855876986
-0.278073029427251
-0.493526185254911
-0.374616675325839
-0.494565471459699
-0.397703439178475
-0.433383356027014
-0.452067529039743
-0.39253301547954
-0.471454183997455
-0.312109385582201
-0.4326838029098
-0.4413574161804
-0.461164473234724
-0.334685162349385
-0.342810512979797
-0.287228648426158
-0.29423315715117
-0.439407472475203
-0.265786162292307
-0.458417497653751
-0.507718821455969
-0.432343971454506
-0.342395648277574
-0.34246782265179
-0.318153352353761
-0.444367587852458
-0.50246480347491
-0.386644925520262
-0.305582984057527
-0.346589102945244
-0.339641136085211
-0.43775145608773
-0.423157593350718
-0.289412009083249
-0.302858065796195
-0.426246018319336
-0.296579224301494
-0.217712371143062
-0.26321398713896
-0.271487077026413
-0.276897949426534
-0.394086700679047
-0.527281238076287
-0.359689405332202
-0.313713305529087
-0.193197320904409
-0.302757097265424
-0.363453283842128
-0.331767713290212
-0.262508941632022
-0.352383650994315
-0.201433646047525
-0.380415693342699
-0.322947761392804
-0.399228042841662
-0.333133415815453
-0.30146710977872
-0.399262483570148
-0.262702096627753
-0.272255255344185
-0.387018002034611
-0.410959924113924
-0.318887922419967
-0.512290594422366
-0.300238491737916
-0.285784471815666
-0.185055363539458
-0.246058288989623
-0.334913459410372
-0.409257403261288
-0.252387094030386
-0.278574137445949
-0.305206356283139
-0.16860331871348
-0.201935520453605
-0.353760463071511
-0.397954798738914
-0.3013985773342
-0.23319103844263
-0.304422802006072
-0.298295163111606
-0.210128286744717
-0.279004289585081
-0.293313314636904
-0.274363632167683
-0.232941061999018
-0.222726623114422
-0.376179270454931
-0.302368709862293
-0.440210404825837
-0.19783290045381
-0.345058629181514
0.0631547617817138
-0.202084473292972
-0.318275657069945
-0.201860206739968
-0.230717074969951
-0.227525983357063
-0.16519207866495
-0.0518595338333902
-0.225747050755584
-0.190440535562405
-0.258401975526615
-0.115183917107846
-0.265785787731191
-0.143102136491809
-0.412167129095562
-0.216674790371404
-0.223131565041998
-0.235692485760508
-0.150943845698509
-0.304523938928359
-0.19807863058009
-0.143821546688413
-0.125065135236974
-0.201044053893893
-0.188004175253921
-0.152177233500988
-0.162174053059131
-0.211018194654416
-0.149930458890005
-0.199993986582511
-0.192795202245994
-0.0594612290090456
-0.335757481423399
-0.276422677559462
-0.142389290470015
-0.0873081406257737
-0.175422622113322
-0.0413026072696078
-0.224837967380528
-0.239638813292896
-0.0571085935901573
-0.23465447302216
-0.206738881272486
-0.132786520513408
-0.105614661415163
-0.216701465257626
-0.0574439462764525
-0.112253120876357
-0.0965770163091298
-0.249763809550256
-0.0771377346780871
-0.0310584679028683
-0.192266257914945
-0.215968776140063
-0.0353561092093167
-0.172677047936754
-0.258161779873639
-0.288877923260618
-0.051302725010889
-0.137784516961057
-0.0772920266941158
-0.240398825790328
-0.127573778940396
-0.128832920104042
-0.119428448580293
0.0106410515405663
-0.0851425626746369
-0.131149506118126
0.023274291819986
-0.103744180570262
0.0592546923162589
-0.213469894438939
-0.126034833318388
-0.0534871815542981
-0.0138080909022359
-0.0605852966843367
0.0360132817383766
-0.198413205892003
-0.0456015080763814
-0.105415205668181
0.0406440328147529
-0.173393582751633
-0.0827032780941413
-0.0100866106898969
0.0331924568457574
0.116596252859475
-0.0916301690125716
-0.0773683109579963
-0.0843206860189215
-0.0492537408688914
-0.0182033597390442
0.00451464066530906
0.0207772151385127
0.0505729697449924
-0.0536370386262153
-0.0504955395449419
0.0282532610312666
-0.153093345655465
-0.143857662942324
-0.0847567260405854
0.108759239667203
-0.0198115112658358
0.0141417202314969
-0.0167939280046784
-0.166582503808711
-0.218081662528387
-0.0357235553065802
-0.0257082989412067
0.149075717065636
-0.0296430518658673
-0.0261054279539474
0.0448678098411705
-0.119355863475405
-0.127397131377536
0.0869018493238331
0.160838085740879
0.0764230063313258
0.292795558337409
-0.00618766323933975
0.0279944960620012
0.0158543662700371
-0.12679977028509
0.187597729429544
0.0194420848183607
-0.120923495708478
0.0515818333604095
0.00958729890327329
0.165612806930187
-0.0910800546010802
-0.0888572197005517
0.0586466780925694
0.0162330078196841
-0.0682985165554372
0.00951235810282919
-0.0337023562559691
-0.146463188746172
0.0221914106326802
-0.102269046256846
-0.134604392000317
0.00885268495526814
0.149487149449096
0.0837426381479461
0.0698200831459717
0.196064284607182
0.0834073852299866
0.10302704495985
-0.05582179886959
0.179561023585432
0.0834292582556945
0.0793687849159249
0.0334605403731555
0.220064753918663
-0.0493993306753682
0.135347621756568
0.0630627581920441
0.0493266161690867
-0.00151002238985446
0.0668806174754349
0.136329520185025
-0.0143130836946554
0.106533879286706
0.00711419514036925
-0.0108687170124101
0.155854758261785
0.086742426473506
0.0530763220624724
0.0881098362054471
0.167512135777064
-0.0356473539487752
0.0196213027535148
0.187391612885703
-0.0301892279033364
0.172089641235627
-0.0141888963478692
0.09220330149252
0.0898770419540724
0.17675651227346
-0.00475965463739707
0.0354790025940975
0.171680238008327
0.144979861633467
0.108476308827772
0.195590436697524
0.146445797233836
0.173136223585729
0.127665146540148
0.0875799745675383
0.166429098594892
-0.00195424744487018
0.0954554084944065
0.105760617909309
0.204571619157868
0.224240557294265
0.170700673682353
0.201585897283102
0.117805371025982
0.057435502084737
0.168368875756615
0.0601001789624089
0.160480515361503
0.0106113713176799
0.284316523210254
0.000136054183932365
0.177580179765573
0.0566225286017172
0.343802300634231
0.0203490361948356
0.107746270531081
0.235147644925128
0.270575299232472
0.181292599081669
0.15165753647486
0.234772405223417
0.234600184411249
0.200149040731951
0.20427266671696
0.0879535041787821
0.218417566837473
0.234461938527109
0.0839849005280343
0.216050126344094
0.070810699078688
0.172615248142003
0.137316661372806
0.359950773245361
0.324442713373243
0.20635705353855
0.179832602038744
0.266066632759288
0.0320426785271464
0.104875691236333
0.154765961808908
0.156689318496495
0.025981403919351
0.177164663681084
0.203478252286977
0.0121608209509464
0.175931690058374
0.251604811795279
0.262148657818691
0.351384089392292
0.189980698715861
0.25397438185389
0.271830698050138
0.395226260437669
0.214256498770728
0.166055855848684
0.240048479325772
0.36087259062337
0.30849695494207
0.156503974127184
0.269201568526853
0.273136440280797
0.0730968228918607
0.341694090522058
0.35436643845366
0.318645272737176
0.273596140243331
0.176713215823793
0.245168009207017
0.202680688926969
0.187841886791969
0.307678671949772
0.26956038769274
0.301019083712335
0.229132703061265
0.363137398930657
0.150417939469689
0.29483379912653
0.396594961973488
0.329442288580136
0.311681762801207
0.434813695816487
0.288640002801272
0.264061032860578
0.380570574056219
0.366652138209556
0.372688021988689
0.22064959092603
0.351229335453708
0.359572858172056
0.245918850446493
0.379572188863912
0.314456977311769
0.325672146635627
0.273951522484492
0.292782489735968
0.335250247128056
0.317209248773319
0.394971695001964
0.381434089021873
0.298384254027303
0.292107015269479
0.398781686037428
0.385035199199984
0.339524360898537
0.198147289329725
0.351305826088704
0.371299675447342
0.25395819491393
0.360485428291655
0.314314752144852
0.284959827077939
0.406534742620015
0.403835756564952
0.425356175611924
0.398426998850742
0.271925924430635
0.251448192676888
0.338266695352041
0.331672057545186
0.301013817216117
0.359974273679666
0.400580513759779
0.346446240972659
0.525809695483828
0.536552266497631
0.443503252745449
0.494039655022632
0.34146212488186
0.414176149569172
0.550897776282572
0.443612550539646
0.486300419137369
0.39570741162888
0.35853788989618
0.462933366370061
0.186721209687979
0.263983471682779
0.423693757888492
0.295732852164623
0.439056627673562
0.519612152808315
0.541657544062472
0.272037695007167
0.550454865965138
0.424930660523204
0.369774101381183
0.445101700426894
0.36178308160858
0.399599586354777
0.334166665213638
0.633147515990302
0.389929054808248
0.636671234848878
0.549969034586675
0.377424434392503
0.406806966026294
0.280840144354213
0.398570923657136
0.471598443832328
0.553629133818288
0.444715186666081
0.531419221904817
0.402749628865944
0.418644123084663
0.453046878448747
0.413776004255242
0.467166226096776
0.295486869964242
0.407521038052098
0.447056951544875
0.46830993245558
0.400535643873352
0.448372738928865
0.583554122316512
0.368211384551142
0.536215842538187
0.544947694101093
0.485300501074209
0.643664331676975
0.456594395230835
0.595301726548205
0.544525165054978
0.595602356674119
0.449610048597573
0.547945287941743
0.469601116389887
0.498238188125652
0.561757598853442
0.53565701851593
0.523457024204751
0.484302677192203
0.574568539513119
0.524860089833008
0.581779662387515
0.473054042564298
0.631542027638995
0.412007509073919
0.50489671036239
0.410001729682816
0.570894945048552
0.543166898539285
0.505315648586383
0.549752385340017
0.648631059670624
0.597521794452748
0.469320220882903
0.413224047675808
0.499447804343919
0.545588494191309
0.639532722962544
0.541772544411929
0.570328866757822
0.689141396622837
0.524190494627266
0.501078787523843
0.707773333969581
0.529340408541987
0.557610039653476
0.681802293476082
0.648529359137911
0.349825249576847
0.529461229668788
0.641521144957731
0.504763415758165
0.705405865146792
0.685778670150992
0.463659386296716
0.573456186351826
0.615269580383596
0.593086883859189
0.518297908432954
0.549394767175003
0.575904696121257
0.720902520987609
0.559512791751378
0.430243018473214
0.672339073147571
0.495565108805017
0.751365504461384
0.717161370444795
0.638361942291508
0.580422578436255
0.660860191154638
0.595664454477164
0.720073793503646
0.665951612275808
0.555917906063988
0.669353512323581
0.741245159481001
0.589884711656483
0.717269649314659
0.652794351632321
0.667856632550068
0.617160579071584
0.784438318382061
0.679414109238221
0.698213458625922
0.665028490278285
0.708895139705293
0.612458943953994
0.730381429297012
0.771352017224277
0.738601995363352
0.78391798458285
0.581213525742596
0.680665749230048
0.628386301243474
0.697726012245963
0.702444061658132
0.781292032351659
0.808340851205138
0.745393898480375
0.46217836484177
0.657252057869498
0.643280855273263
0.674385488665551
0.633726235858852
0.695307468468047
0.673739970538593
0.709873331719796
0.731318635766924
0.723457478414072
0.79112085534834
0.730678979016568
0.80483069694249
0.798983129865956
0.721938571071941
0.69893245601036
0.873154735787424
0.638060322003803
0.620724568313319
0.763918889939821
0.69874477935331
0.586446544188477
0.604354261718595
0.576124459470607
0.656290864512177
0.745115428702835
0.717962990709358
0.733145557648846
0.675186838579155
0.596131561520499
0.732220939232939
0.825882819026964
0.646415432003455
0.763382897795805
0.667761709863116
0.719785469044894
0.811285366412063
0.7979907110932
0.856280475126694
0.729810115651435
0.866887458785133
0.722272390050577
0.81723007763986
0.731009768952538
0.836368057512106
0.920370850384955
0.738179607060355
0.766343434336839
0.943021662903936
0.899565488792629
0.69901015991358
0.825733011477675
0.858785923642368
0.761381238400743
0.849402191905367
0.79929949660234
0.818527789646993
0.72782519478645
0.699542686566442
0.895458845872357
0.777461428384168
0.685372288508448
0.663296294173093
0.786359842921643
0.98576475602116
0.86916280431207
0.845113423876011
0.840880546914337
0.983203604158015
0.772924773197141
0.764703850720194
0.848421233102377
0.764351058204969
0.834066445599421
0.937615823386421
0.942364621649986
0.826316722815887
0.917126103198926
0.810706734960726
0.73138442388419
0.828194333570687
0.803982345308506
0.777181127642722
0.778992451202814
0.788676198146983
0.892711620562338
1.00139301682482
0.98988000877563
0.941432248859897
0.806237866381661
0.79532307919864
0.889479099962365
0.972272173689453
0.748048591867511
0.882628400602058
0.817251926700393
1.0410446293749
0.888460209841091
1.10883627392288
0.827261716934124
0.949233955756079
0.892288543489202
0.943531662023819
0.885942005114632
0.804711671563111
0.907581158953812
0.981627331488507
0.908345216614531
0.802886554861246
1.17238687203124
0.975954358518642
0.844902136000877
0.793885955466404
0.906326902830536
0.946762467420888
0.704563687197711
0.94272461161814
0.851825571567246
1.00107173667345
0.913876070964253
0.949928947643506
1.05522198830724
1.01562481595707
0.952090019341485
0.990553799035961
0.924067085894254
0.978128418004998
1.03440136738987
0.912172105922422
0.891949680987149
1.00819634114846
0.885382842372801
0.984543568245625
1.04403250997056
0.996774211048608
1.11322659029697
0.95569520383123
1.14153050313762
1.0072710074294
0.941094514796614
1.05586455781235
0.87663386439194
1.08010833465926
0.914208360318135
0.84687410311356
0.961505455406102
1.09315863375237
0.94390734659759
1.06084059474997
0.935604500760321
0.890860676917273
0.95105041015523
1.04266507488225
1.06342250532745
0.986595573437174
1.04765541472201
1.12277483152955
