-0.0551345599677181
-1.06395244074466
-0.951002465636768
-0.89353259283847
-1.00264652894065
-1.11386099142807
-0.902350177004677
-0.996151226632238
-0.958480517876466
-0.966759327608401
-0.947609545972706
-0.87334826575451
-0.9587427416209
-1.01487717993154
-0.955932642759922
-0.961525247601248
-1.03013521180949
-1.05371665787261
-0.977882207537708
-0.997159237656174
-0.893047256314015
-0.958873887765381
-1.17720693726273
-0.927768542171414
-0.90327417428526
-0.883287845500675
-0.957523344905489
-0.992204705624023
-1.02272295969037
-1.1076573969014
-0.962105358864584
-0.848374496144376
-0.913203189255567
-0.909450381513483
-0.915687284529917
-0.892328559404626
-0.851020810065003
-0.941341933599914
-0.848675739858822
-0.828414861454254
-0.84722062818071
-0.916938800491315
-0.894928423370855
-0.961712528367787
-0.950684295838981
-0.802047438201245
-0.896573047035306
-0.917897739610717
-0.895564412713213
-0.895017736152022
-0.921665873923975
-0.87808593547399
-0.87437271083779
-0.888498250398358
-1.0061683826848
-0.855173634793258
-1.03365088334655
-0.855420996251993
-0.945866572368555
-0.948923010581113
-1.01319688901969
-0.776352638879394
-0.897673892440435
-0.844752350749628
-0.747197622721168
-0.732066234245213
-0.878597167960411
-0.838433592366509
-0.835585043693232
-0.628704610228666
-0.910914326968886
-0.812181159455409
-0.844146475737957
-0.982754713677596
-0.899416523916729
-1.02524265703159
-0.891934104621444
-0.811349658161528
-0.89194358664212
-0.821175594477524
-0.775405624143487
-0.816506503968349
-0.802443248462815
-1.07572151826258
-0.764403038041991
-0.804250892171309
-0.830591514406266
-0.779528787323041
-0.992761462582535
-0.7638944377198
-0.776700429034791
-0.772668856931582
-0.928965405635937
-0.621517843264702
-0.832165186162162
-0.827372661873189
-0.734302074481202
-0.860267419437343
-0.81888500321389
-0.832479513192939
-0.78926848770089
-0.947719826832918
-0.861816994787757
-0.949394610811343
-0.783633313088294
-0.859982654309751
-0.643678496322089
-0.880783024833424
-1.02648319861112
-0.809913030692627
-0.835947828272866
-0.884292511532822
-0.780714112408064
-0.693590073608817
-0.794413770134942
-0.86768830242581
-0.740372961180272
-0.78776757982664
-0.67731730853573
-0.704862883630481
-0.777805412480626
-0.652643906796107
-0.794060741238022
-0.65374247463166
-0.638825584167022
-0.788814423994464
-0.586158668646765
-0.851284128757435
-0.757137268225103
-0.64836861543001
-0.848328206278071
-0.700993612880893
-0.916694264520227
-0.718673227046789
-0.740634294777815
-0.711746998451155
-0.790440814323812
-0.849977726704301
-0.704880045955449
-0.736981612871989
-0.582337994665978
-0.615479222119761
-0.719355363558233
-0.699170919724613
-0.573909007519831
-0.596307029340325
-0.588119610804779
-0.743568303547157
-0.680838084358693
-0.820063767513641
-0.728165082818132
-0.642093689370556
-0.776454770140559
-0.829448160225213
-0.659357104527814
-0.661087326520921
-0.697317370976995
-0.772000468675642
-0.688674525345693
-0.595195161359369
-0.81310699059041
-0.565621111961965
-0.68512787629311
-0.499870104502038
-0.696899510957078
-0.734265962835037
-0.691836959307441
-0.568992972171853
-0.563666726727491
-0.680670874421987
-0.646874485062968
-0.764090931853591
-0.615287757256984
-0.654213470484139
-0.633421206322799
-0.703477957302476
-0.756586934947287
-0.684703641716157
-0.849115553943468
-0.636307734657989
-0.557227601234305
-0.799103843780366
-0.689915852649741
-0.597588795865758
-0.54269183148446
-0.615326244640721
-0.666920725528417
-0.623794966275424
-0.609984264578524
-0.57884315359257
-0.778002568518259
-0.612866204717164
-0.612355370521105
-0.701018540436286
-0.567254336499551
-0.558230298968265
-0.377835160953907
-0.596989598411831
-0.754022799908934
-0.748114833980544
-0.597814071468524
-0.743165061800548
-0.468982418083917
-0.629950591864931
-0.565130716821179
-0.507997742846167
-0.548916124176544
-0.777715116460676
-0.664164630622119
-0.484352299979758
-0.682378973989445
-0.473132875116702
-0.724008420963278
-0.529567843050593
-0.593001410401266
-0.532409758682373
-0.528798032257475
-0.509641020274858
-0.570296408141317
-0.490765212222831
-0.676329180592855
-0.545947186697532
-0.636600377474283
-0.572764119816577
-0.664895464750127
-0.533398276971763
-0.563492891892959
-0.466730186111159
-0.688257658538655
-0.782630390146246
-0.60886923307313
-0.596314883429836
-0.566439349207027
-0.47918962216012
-0.66031460042788
-0.517977589512084
-0.472798942916482
-0.412798292220557
-0.617122462754128
-0.524339056734886
-0.608604666324502
-0.35427168907059
-0.483169999081849
-0.490061418557603
-0.573806865904351
-0.601766197676147
-0.522736693580316
-0.511519978054303
-0.358473941939155
-0.335571721042654
-0.487385152053823
-0.48838385402515
-0.509755128616601
-0.52300716660613
-0.421790008093426
-0.557764199128016
-0.435247724010299
-0.584785145248213
-0.433770749385907
-0.549390106174081
-0.424416855168801
-0.463713680303419
-0.31419637423747
-0.551412365976912
-0.4293846783684
-0.608892766059395
-0.59122054834617
-0.495309305433338
-0.600659386790113
-0.419195965727606
-0.414101697301477
-0.451010598463684
-0.385727539309235
-0.546803478723174
-0.504585288935019
-0.5077592719109
-0.530573662458671
-0.363419307895974
-0.450667837453007
-0.324909355310273
-0.510315703734689
-0.578700007929813
-0.389429181071198
-0.497676994225762
-0.479468541875878
-0.406081357481819
-0.399359127955879
-0.390670869313825
-0.40738228675619
-0.342087964758711
-0.381381340144363
-0.617649041675015
-0.427023338261704
-0.510304957123384
-0.407714400764882
-0.413844624121668
-0.389924433252019
-0.378562156188579
-0.467251714874622
-0.423448296045463
-0.418930972739115
-0.353031653304544
-0.427287708377735
-0.520168833951132
-0.458031574303399
-0.404402283434377
-0.254594641265905
-0.383629218983377
-0.308927294090619
-0.271764215193663
-0.42962492724155
-0.336681254510387
-0.318380327041659
-0.449178131488232
-0.492259212698734
-0.48016046647113
-0.223368396349014
-0.297457106876116
-0.269635519605302
-0.400762547406879
-0.440424131535042
-0.243931521551413
-0.342084757357643
-0.431269547611901
-0.462449966429229
-0.439691669226813
-0.394207092585012
-0.410203996411016
-0.390555189740409
-0.41133094834149
-0.165815126983047
-0.408945906253744
-0.321693131437407
-0.312781533996388
-0.431866524177825
-0.307500237932148
-0.443354217519458
-0.265555935623041
-0.184415492283877
-0.317778189888048
-0.408249831725469
-0.486345741078234
-0.341380995269361
-0.311981602540973
-0.369073344177573
-0.213463542846961
-0.247692999610724
-0.35591193594877
-0.129414331906155
-0.197967306367588
-0.352609660792608
-0.257784708791691
-0.188468872400573
-0.153110779279319
-0.409872869056862
-0.376084821827673
-0.146826180578423
-0.252073638671303
-0.248190092723619
-0.361708324409037
-0.343382786064056
-0.267130531208186
-0.368418322511632
-0.182486274918227
-0.239039323438022
-0.28098655986729
-0.212511957137169
-0.267624748373977
-0.144740089233984
-0.19986108047165
-0.260579017120508
-0.0480031589232951
-0.354927332582742
-0.227262609502906
-0.132737573295936
-0.199527242874858
-0.237763936487132
-0.335985775080233
-0.223215635330696
-0.345684564247085
-0.126616388676928
-0.195520416935792
-0.222006653833718
-0.302120861256606
-0.265563026989287
-0.193870455891736
-0.274507170866166
-0.147634476517576
-0.352417825574055
-0.0924858418299216
-0.234906356603324
-0.170177946518671
-0.121613360145043
-0.118149077617914
-0.287116195928307
-0.156401137906849
-0.38432478259624
-0.260212554483454
-0.279798420164791
-0.216593072101165
-0.026597987517783
-0.361685279595692
0.084663833322316
-0.231028153148494
-0.1657490781288
-0.16380942910173
-0.14149497823026
-0.0968968061174631
-0.048943318193766
-0.0611329157251917
-0.0764201918724916
-0.231093124826781
-0.131559695632386
-0.0841553496519614
-0.20677887609884
-0.0555351924779854
-0.23733010279115
-0.0979828122629755
-0.06661085759352
-0.129369300897529
-0.058501233139888
-0.0865883706767405
0.0171359605768887
0.0152173002799105
-0.118850614303212
-0.0925916896105708
-0.233588737392207
-0.0668896576931715
-0.0605707717816171
-0.0567256719352907
-0.196420639650397
-0.221618120260382
-0.104041617193549
-0.0926176667157132
-0.102350962662323
-0.0952014800201421
-0.284843629359513
-0.149589311601069
-0.0882305903281496
-0.264335937252326
-0.0651752611445848
-0.290810402587635
-0.166479611225544
-0.0886738207909245
-0.108995164868963
-0.195735786895358
-0.122060090804472
-0.0240593390631431
-0.0768782618821509
-0.0340397443260564
-0.162953806154555
-0.0867539589037023
0.0635301558974283
-0.14611686259419
-0.174915377428557
-0.0238981701481722
0.00842250660169123
-0.0916146969808245
-0.0233842420303372
-0.0343650543423596
-0.124238813494376
-0.104601924679332
-0.119897386523319
-0.222599385923973
-0.0994826819211535
-0.120385717166957
0.0890544072098136
-0.226330767939677
-0.0551084292686561
-0.0587641328812301
-0.15516918289853
-0.0920967329137261
0.0712265487906454
0.0524565226853257
0.0339221853860937
-0.0995986242300838
-0.0331549923123425
0.0280638298296618
-0.186535518913113
0.0954154660611873
-0.0460751784247052
-0.0786513703898103
-0.110669729731195
0.0714330782851103
-0.026215090981355
-0.121874344069304
0.0969863920202504
-0.0696543052499149
0.0122457989438247
-0.0776859680622464
-0.0390484765497192
0.105189789637979
-0.101803410207994
-0.0969041476551915
0.0431519838093206
-0.0327668512004267
-0.0442891024456448
0.162134197404739
0.0346139132268665
-0.104243475289226
0.0823481337072887
0.0182142503017797
0.0975949721007945
-0.136914412882936
0.135467170307123
-0.00445024502745902
-0.0362209593562458
0.221611783302361
-0.0595714525131494
0.00928067455179028
-0.13956021879642
0.000894907086554137
0.0520636619527624
0.0739740547661187
-0.00991975739808542
0.0292629464687544
0.0685092935329851
-0.0661570844747325
0.200378531950955
0.185129535059344
-0.0385580459996411
0.0485020343480355
0.165561018994981
0.0920970151712574
0.0358988630467093
0.0484169050168461
0.161354816598708
0.0625247644063429
0.268106506175629
-0.0145240887300266
0.0452315370383379
0.062332382053801
0.00329678819758554
0.104030794727563
0.0976396505997972
-0.0260071092776363
-0.0285270191880314
0.178819027395557
0.0987380612343977
-0.0138951307759449
0.119029354198059
0.208955544857664
0.169127083317093
-0.0317849438010327
0.226792628637596
0.077712027621453
-0.0311122527685785
0.0262137744715336
-0.00166177366368523
0.205520641983264
0.151137142931816
0.00456117242855936
0.246725828596155
0.0244297168936693
0.00947247389670664
0.0818815765680103
0.108440547554779
0.0554654658939622
0.00251344416760284
0.119178378736518
0.104560368697031
0.173541170615043
0.13283057657245
0.0213201597504696
0.132352329636092
0.220652499437892
0.20202905814448
0.27128150236774
0.073126738651366
0.199003664311602
0.152836002858605
0.227013417331762
0.129044360779217
-0.00404064120070275
0.193135717354461
0.257580588729192
0.289071430672543
0.262121328441465
0.142804772955006
0.276369889874517
0.254447732605714
0.129907712011156
0.107394835027603
0.206100923448806
0.141935776958016
0.109557438236301
0.184634639585716
0.252213837757265
0.334051813177436
0.117862803619244
0.130049748439302
0.0518082858299786
0.205909801311851
0.13194690354706
0.17520390911135
0.170089047000319
0.022432666338695
0.144654100711811
0.217348141999262
-0.0100105570839916
0.210860015611276
0.0804534264539142
0.185849919605017
0.198120462607275
0.229719798579202
0.310600175402922
0.135613352220338
0.235420805161179
0.131589460630148
0.274854053689208
0.18225837177258
0.369376886261486
0.28682166240004
0.133395247495744
0.216467436961895
0.351648593362775
0.301235985762944
0.107057450200053
0.275913557465988
0.33240335550783
0.267942679933025
0.253057588062022
0.308887619781867
0.339920692725357
0.222726004220908
0.258146210650549
0.23404562383955
0.267520979482535
0.280414345299678
0.27101021473833
0.12126448000343
0.340188675107244
0.257859445641011
0.395846474277385
0.334916226922798
0.156398243048952
0.353273418301313
0.189264387103026
0.239760360731783
0.289698980332762
0.390309239826368
0.245111991726328
0.250718486687379
0.324434973503066
0.354896584841621
0.466431624727192
0.481983001401302
0.140316222656995
0.343001610542632
0.387558522028751
0.316740938635334
0.201500926955942
0.135415490320994
0.208944059961733
0.225245491808691
0.237243137184166
0.383729757622154
0.222166259299272
0.436429475054467
0.177835051934913
0.478152045671366
0.355284954398516
0.291070037837219
0.319314739561321
0.341365278278202
0.207337080465072
0.0965385214103886
0.385255527419389
0.381844862866619
0.345701764175604
0.431697536882501
0.359528578752443
0.29175938087635
0.488595083984322
0.202684070970351
0.440856512034215
0.416276095209109
0.178237282428322
0.427820709135695
0.407995156545729
0.357959543309467
0.26802928290223
0.396955105154895
0.487392753231851
0.291562573375014
0.342478104814838
0.423381934033984
0.412376759815655
0.304510739064266
0.381074495109567
0.519564724585008
0.285039603603206
0.348524352038759
0.357965007813851
0.542383825340362
0.331728142101215
0.456064316869597
0.354424581339809
0.430354000823486
0.3668248474352
0.324134286196266
0.428763667480351
0.465183844111311
0.493966117411775
0.436331078101832
0.330438786964223
0.331913005540638
0.417855113932312
0.452850252075334
0.396825008543487
0.518885139224222
0.442749623652131
0.344232122181399
0.378418994880089
0.339793369323142
0.503527753552487
0.440872927901179
0.305768803893287
0.588829577918034
0.326876556593449
0.456890312589236
0.464315596083402
0.391306274003274
0.388033983662126
0.464643069086261
0.335101190133104
0.477398090953192
0.469167762752526
0.445428526835258
0.445212459636193
0.54428477483562
0.481908775060665
0.546932704171361
0.38324020227903
0.500592847549442
0.517411492948778
0.565245314602868
0.286785595272503
0.490982935664653
0.398684313211271
0.577398193299175
0.597784807605018
0.508906146662883
0.523599442369353
0.497912855521852
0.500442381353386
0.512157108942262
0.519794691773955
0.487947042266354
0.526564308943987
0.530469058812233
0.389276104194463
0.548523693712052
0.463950326628044
0.516639344824943
0.50986011156541
0.368033354673906
0.563815607952178
0.440254844505926
0.47578808132622
0.335517826557069
0.395257520148729
0.561874315006972
0.680690064474076
0.497718271726765
0.50458318855403
0.470759934386672
0.483025480241963
0.60725169692682
0.496147943036997
0.606530801377463
0.456851846686691
0.785818562608696
0.459176286654655
0.545136950392237
0.524550144629365
0.524074983880326
0.686825572445828
0.553982990659797
0.405678043495646
0.549017700230419
0.573653914881923
0.561718964125706
0.463215598192402
0.596710915821069
0.573511593920334
0.729380425369005
0.681412982830617
0.518202200234471
0.428907585058069
0.686998222012571
0.506016980412139
0.609328186732819
0.670222355649152
0.540498988837302
0.467398275247559
0.636549712992914
0.584339643256239
0.565954749083043
0.690464815089632
0.618326562724271
0.65316858851129
0.585640279128415
0.748026307365528
0.770305060922581
0.620484441562895
0.695836095120721
0.661293061994453
0.467898614449712
0.716105296291342
0.524378456943843
0.549884845606849
0.62770377704544
0.684018975997785
0.624981842627992
0.564440650505312
0.836764565831038
0.546615509071521
0.671926692895097
0.706337587345758
0.695771168790951
0.65982994542458
0.613681166089486
0.521848694368915
0.727459701683225
0.66347062881045
0.675022207936054
0.578002146527821
0.762945595099534
0.578083410385134
0.827824564507595
0.66543281172548
0.703106520217957
0.563957528457014
0.450203519903469
0.690425924807872
0.814054206327309
0.553889711871435
0.748124669640886
0.632009075191851
0.581311745777391
0.719229915516212
0.514392374306603
0.735839708792624
0.775814296387292
0.721939488966931
0.617927476791345
0.804078175061655
0.847002885828914
0.548584801439311
0.695888178178718
0.56875599576937
0.717232846450613
0.766171451497378
0.786983079269851
0.801778180276506
0.787677347585846
0.557289319218764
0.708213676121005
0.548911470943503
0.730966136028621
0.866111214308868
0.901018894575643
0.716217561394166
0.764055640938205
0.706418260541159
0.643247543787941
0.836320281233281
0.762643256548515
0.606792862107264
0.91907680772471
0.822764978129166
0.753715825446534
0.711345677223169
0.740807156679839
0.761901364384238
0.761895466389984
0.692886052768214
0.762413677303793
0.747937984241752
0.827188257551818
0.853791446783787
0.820513456094492
0.75256154645685
0.753574704156617
0.686393100767068
0.688501559179293
0.767939873321815
0.749623463844552
0.707977293657853
0.786062236744657
0.819067385858496
0.92372679589982
0.708292384864577
0.968654259599074
0.718921258881115
0.874634976989008
0.680574755067264
0.722148325812753
0.898694677579706
0.947748337081418
0.818621335677846
0.812601306275887
0.817033488968894
0.653513542934396
0.738024765422361
0.684838338069419
0.682845857801849
0.766692055971256
0.86819268202732
0.780284122301941
0.837308234854332
0.827289734426868
0.764184536012938
0.782155938590194
0.725815041951551
0.713061119476648
0.915880051864604
0.656019088074542
0.711612669076352
0.880772551236909
0.917140525870972
0.753070325322419
0.807324542017993
0.95269350525615
0.96682246722858
0.893432567316981
0.77210529241589
0.817550294096307
0.89294725726968
0.975006962973924
0.95623466279049
0.921172394685685
0.789377814050848
0.874931000102676
0.756047931087091
0.935582513222483
0.921029203017082
1.15041859368532
0.819044178101961
0.863417229942135
0.94435519859868
0.889800694750968
0.859040237868991
0.989852313102337
0.879652880845591
0.749645653789662
0.853118651141724
0.73089260193936
0.987992344791349
0.775003689204248
0.889507420173906
1.00098510979099
0.747301477359142
0.866351556834832
0.960890641139676
0.918155766021378
0.816505457137013
0.952871292264612
0.800383897159912
0.966919254106493
1.17712145810668
1.01918901018603
0.955928061308153
1.00759117322067
0.88433717930826
0.868232291805962
0.890845195397834
0.895958533687654
0.904714010034656
0.91816876688143
0.880192188864335
1.00390771473191
0.968911887072272
0.974140285637955
0.980473099989099
1.03493286297241
0.772591325907106
0.93609815162202
0.952619471397226
0.898645851262504
0.948515630891995
0.981495028313673
0.986213075285359
1.04382728271498
1.07260911875484
0.86757669565019
1.01679562178856
0.907014952050504
1.03520679946168
1.03413107143062
0.952781587346239
1.03805771665413
0.826054536465748
1.00033419550396
1.15354762805427
0.918917875129536
1.01167326747296
0.922031014766462
0.93178443734974
0.974481295051812
