0.155667563860743
-1.0902397366495
-0.909576025216885
-0.957026126224657
-0.978920510212756
-1.05797336106628
-0.951554719345701
-0.948732018813897
-1.01651473816334
-1.03428303637048
-0.883315629579699
-0.965345273403285
-1.04223636638779
-0.928968559796834
-1.02362982756981
-0.986536048898798
-1.02209333198651
-0.962831376222507
-1.08105388639559
-0.937267493671724
-0.945535521411713
-1.05337723608389
-0.876728048691623
-0.893339916489807
-0.829355242622194
-1.0390750656396
-1.02835134351863
-0.954165499749273
-0.864275256453462
-0.969440695422643
-1.03416975958359
-0.944837610388348
-1.08718523025987
-0.868234543960768
-0.970825306502908
-0.873160855692749
-0.852716740748458
-0.938131684492918
-0.823817585278967
-0.802768314972118
-0.982168972876232
-1.02797935213914
-0.685221356372895
-0.91670923559633
-0.937029559221928
-0.818266073062649
-0.877022581404114
-0.918189783980697
-1.116958162923
-0.966982681544869
-0.812401407476588
-0.848284918638078
-0.878624942145613
-0.763175539268492
-0.777867394398757
-0.95730965811943
-0.97379943240698
-0.784389542857433
-0.98670355357191
-0.899838188204406
-0.907217612919401
-1.0116295654982
-0.901689494414019
-0.81983955955765
-0.983554802622104
-0.920218765308965
-0.938705931978336
-0.784026716529462
-0.906878666884673
-0.988042487296479
-0.918574728161072
-0.964308269494216
-0.732096637449219
-0.998564779335645
-0.875561357857966
-0.830992177010583
-0.805942783933238
-0.760792315112095
-0.864206646971051
-0.752957478026394
-0.801801625690131
-0.915531709020422
-0.830851040183701
-0.958354407295936
-0.706755152885269
-0.951148732178796
-0.808991748274876
-0.981588762062031
-0.833965750131832
-0.830222134760514
-0.754849462997024
-0.81186281324738
-0.806963903973715
-0.799726511033708
-0.769761162750373
-0.893426313009992
-0.689859076634929
-0.858781267277368
-0.841612784152258
-0.873985501628803
-0.800721324003052
-0.906914655428511
-0.818213444505562
-0.742614387712665
-0.810974966871743
-0.768789306370749
-0.802110971948012
-0.862012796172026
-0.840816048185176
-0.977612929575328
-0.738811253469262
-0.808913212596247
-0.745435180795091
-0.808003807895682
-0.798658452909421
-0.754675730848738
-0.713197065042723
-0.884827505061534
-0.756411921234986
-0.719435927326524
-0.780314529998742
-0.778836051663102
-0.778668739167302
-0.79299383191494
-0.774675500049251
-0.733832841386345
-0.641352895938802
-0.758826944716608
-0.725590525388972
-0.807030799581412
-0.790984395048794
-0.824790420713061
-0.798619085500564
-0.814735361666474
-0.706159689057093
-0.543167472716166
-0.745427811246315
-0.627556141546751
-0.720461109433593
-0.654092767290341
-0.690058005686076
-0.622257064855895
-0.830880462746679
-0.668931601104747
-0.765211637324187
-0.781490355020022
-0.725748288596685
-0.676882923796275
-0.65137864789026
-0.751114017035281
-0.671505405593485
-0.643794401594129
-0.679018339099813
-0.661068622145577
-0.748042065662019
-0.688219893572252
-0.657346417529331
-0.562171121292145
-0.633512161917538
-0.642424730987058
-0.695930864213973
-0.654812560963126
-0.531134428616568
-0.706546086538996
-0.678257481544952
-0.792798625723101
-0.649317853505142
-0.68357174298463
-0.487972847265269
-0.724068714613496
-0.710939405692051
-0.688574082730533
-0.596977543469767
-0.718146972561615
-0.646221887780838
-0.691489917378992
-0.649360872134276
-0.699679315454871
-0.621977558392044
-0.831216141651097
-0.661342342945071
-0.6801389992822
-0.687974852855141
-0.714343275039491
-0.716605306578357
-0.64655106685778
-0.533062178434025
-0.72632726709278
-0.644052718995198
-0.712408933640368
-0.615250723232284
-0.701175887877079
-0.763818766861519
-0.654867766581682
-0.568574468253334
-0.386570076158846
-0.613846151999131
-0.555030534329778
-0.707063787595967
-0.632992722051804
-0.533127961605647
-0.578983577674951
-0.569756809543537
-0.602372412919111
-0.613606242366721
-0.552848309355118
-0.657378304524779
-0.463745719290049
-0.69517778802182
-0.545305553411923
-0.501046717299459
-0.627653823155395
-0.60080573643677
-0.556678437667169
-0.649057198449854
-0.644478456856441
-0.643620634617177
-0.458928796001405
-0.518827381618541
-0.478459579697734
-0.523091932037587
-0.640594877601112
-0.574525786310102
-0.570832305585867
-0.55430893621116
-0.545103738786218
-0.53511956164108
-0.60064297183705
-0.414133640062455
-0.530418627640724
-0.516481972052389
-0.409471438782895
-0.501513724708801
-0.532037256499597
-0.465701833536426
-0.503769233165954
-0.679006591023526
-0.412823779482897
-0.457859123021962
-0.662123379604935
-0.517065358804621
-0.539922744240334
-0.459374009182564
-0.467604419165029
-0.566787972452597
-0.530721900347979
-0.604060891848818
-0.512037646948801
-0.394167772957232
-0.569961910886116
-0.497027967573821
-0.6180331643797
-0.465674369288387
-0.391668238534017
-0.420821103118514
-0.573580297324633
-0.545619192212693
-0.307615074205742
-0.476081265662197
-0.480727513390812
-0.540895512473193
-0.47993493123649
-0.499038085681165
-0.349043472207533
-0.612775850696217
-0.479754486167292
-0.526403532563778
-0.405664528873286
-0.445159247941276
-0.50766766794787
-0.643898509301124
-0.379638967422635
-0.648696248719
-0.501353214900923
-0.400337640148318
-0.490706339837418
-0.526826192296625
-0.45692525796456
-0.44246681135878
-0.499578119314425
-0.401848812507768
-0.454360913257343
-0.510041869252464
-0.543093562388504
-0.509243146160183
-0.375579235068818
-0.563617496142884
-0.455841001044528
-0.364371423751638
-0.448507877387542
-0.463275526492671
-0.41090454963491
-0.376955268243494
-0.585526839136141
-0.481338212881661
-0.360967989618124
-0.379822675011763
-0.455134300756083
-0.391449046042873
-0.322405720675964
-0.473549791885226
-0.540509182904097
-0.368515091215876
-0.376725091527088
-0.558031213541262
-0.403965838831511
-0.40573021976598
-0.316651846870225
-0.377814777887684
-0.33769257915585
-0.250196052349786
-0.455273217936231
-0.324668087251538
-0.563888988188826
-0.44557137098701
-0.311362752489223
-0.386561018921958
-0.342326081608244
-0.416703027127049
-0.37385785841575
-0.442242624643568
-0.266207277900286
-0.42667562917938
-0.333282839201934
-0.380298858619475
-0.389128671814603
-0.338132427960842
-0.320893098020313
-0.356330578678725
-0.331721788376708
-0.449937320351019
-0.257024827221872
-0.381195565052152
-0.32973397023807
-0.210467132121622
-0.2799047141954
-0.284645179330536
-0.485202995677701
-0.223742308398826
-0.139156505712491
-0.348095970575561
-0.396548419850498
-0.221534660392345
-0.248211396223954
-0.363379146662533
-0.37014894731951
-0.35560507634679
-0.554543978873582
-0.326255874776749
-0.322163840449268
-0.298655455336543
-0.240037975782423
-0.383531949541141
-0.162659760769573
-0.186363912440615
-0.304445704614527
-0.258214693102854
-0.255776897570079
-0.352729513839749
-0.295387475092199
-0.439128520903109
-0.204808356278736
-0.173852386635175
-0.4174336230909
-0.350509252500243
-0.359056252012941
-0.326314537927829
-0.260570405903174
-0.253023597006729
-0.370100155739561
-0.180485221286526
-0.199375428024608
-0.049948766879425
-0.206903994825203
-0.34185201862326
-0.19036155688472
-0.272381056934961
-0.305035788256471
-0.234858754016664
-0.242067448010819
-0.445466151950371
-0.254369557323022
-0.248376807808585
-0.221627983844294
-0.224451492830968
-0.311005619299728
-0.0204328216274679
-0.099874386574596
-0.195812896054232
-0.358074306585193
-0.395473836477167
-0.24128493918873
-0.255871264598173
-0.321934996007432
-0.248111363351494
-0.406454912545043
-0.161065064612638
-0.255654518863789
0.00144899802736842
-0.18315626008359
-0.289070988750562
-0.1074555095594
-0.141772101613282
-0.242742369962035
-0.146183605288366
-0.176291225344868
-0.216874988589302
-0.177096535589911
-0.313452264010318
-0.0917759604531508
-0.106953148609733
-0.292359521111534
-0.160210728176163
-0.190255854021486
-0.160325509743799
-0.170868302111531
-0.204101463884267
-0.135806084897486
-0.379484003010257
-0.100868366486448
-0.0894910858926385
-0.144299787258473
-0.207869244741956
-0.0710294973977012
-0.335265331714242
-0.305052112896966
-0.165147084165208
-0.270139227483967
-0.215538981733891
-0.166683177942497
-0.100463413339138
-0.191291113112791
-0.152312336616233
-0.147000793915866
-0.0574911289852293
-0.176539910425104
-0.00658572552289623
-0.145269932469078
0.0295078049694391
0.00166772148912133
-0.0487192399285176
-0.0914188427597806
-0.190840819868029
-0.17334293191167
-0.0654785139276425
-0.08965501875572
-0.182113096972577
-0.126406115938652
-0.0600029989244896
-0.15276035721807
-0.0669798723035658
-0.255528243129417
-0.0620634472512197
-0.181735508232192
-0.0236106586374896
-0.0860790925832061
0.0790725139108121
-0.107837020914302
-0.0131436564375591
-0.0643626480861382
-0.126493709466353
-0.12416278745604
0.0562777011038012
-0.0230470070474558
-0.140521689579705
-0.0305442669105343
-0.0369414130730275
-0.0772774264604832
-0.0654685212511505
-0.0426066122520397
0.00106038893167111
-0.157214585565554
-0.0153503603953914
0.0897648914552744
0.0170389665029593
-0.20542609556326
-0.0544906802898523
-0.0464691769203549
-0.104576041070609
0.149062717237921
-0.159905880423399
-0.105425735562581
-0.00969574345815575
-0.0886815257912136
-0.0844259343887251
-0.0547664916386141
-0.14772095658753
0.0442313342592314
-0.0905603781155298
-0.0198555218434123
-0.00884865468033914
-0.219823273114732
-0.0550278340752633
-0.104775366874866
0.00290760257208028
-0.0867726167561949
-0.0635634338267048
-0.0177221577872306
-0.0713234311183831
-0.187668426782505
-0.0605570333712017
0.0675750107052123
0.104867241635417
0.0484766575222673
0.0896573695146236
0.0339599786359919
0.0125174517243842
-0.0216505440094537
-0.0411310684057853
0.0634495111696391
0.0675633843207127
0.00684682143395614
0.10465557300748
0.110951470414594
0.0347907948803828
0.0292850279901357
-0.114042171814483
0.0922577613007839
-0.0656425596906493
0.0624404907058329
-0.00626125018132021
0.0807779662799291
0.203424974883734
0.0985014491948915
0.104834298415422
0.0743637190796002
-0.0175019032875966
0.120900967537271
-0.0229845333214497
-0.0362538903054762
-0.0133540043160005
0.0514575119050976
0.0835332439065822
0.136778248371052
0.126030728838617
0.0525424490571989
0.0299435041160142
0.0341446566386298
-0.0311036694718512
0.0843900971739308
-0.0534087753011415
0.128227120904939
0.195907034876588
0.101851014121324
0.207077957282313
0.101319767270538
0.0464634235399588
0.0973504790826973
0.0867012705935693
0.128004255834503
0.11733437944729
0.075520094278484
0.0423251897304205
0.122311336301397
0.0334477891848552
0.105501550074832
0.292466731072793
0.136307563219595
0.222157127419912
0.105183130250095
0.0755419858332886
0.15967648921759
0.234817398926204
0.0923326239122238
0.133338740347283
0.313972955526046
0.0553703874938542
0.267282184101893
0.29551498697791
0.0759812662670909
0.126978289193557
0.251226746643908
0.101506717822385
0.264589278079862
0.0836954841721778
0.347314276469566
-0.0158027456167551
0.134467201260574
0.0757732995327091
0.199148185007186
0.0347759595008181
0.0403340643028939
0.135877921203286
0.14931497828019
0.29703278332252
0.191061642046001
0.148531758884543
0.230452423323988
0.193775087351745
0.351481717770564
0.198618326477124
0.325661465700199
0.0195295766511199
0.234257321493
0.337604310221365
0.159542124598161
-0.011286551386482
0.0836315490198987
0.180363632293111
0.208749227634806
0.195233187348455
0.210207596755981
0.0250819428237761
0.133159116213339
0.0522520103182524
0.200533334403398
0.155671619787415
0.294799547547925
0.105647651959253
0.171691433348611
0.327329181996512
0.221487872387898
0.13029497982835
0.306947927280157
0.179086800574595
0.135695494516027
0.18390881527455
0.163203639948858
0.278552799295153
0.225227864173388
0.187232687253565
0.164558215424826
0.463734673308991
0.395780484313952
0.178388228181388
0.182780353809562
0.19986177242112
0.137930434040565
0.201976992231967
0.258819188130913
0.253794121030633
0.288765738380701
0.174579489745566
0.385166250781813
0.288186350814936
0.28093974252148
0.320865530666139
0.21674853686033
0.320847289019392
0.343818459179551
0.252650123386764
0.333486282284072
0.331339484903269
0.25953557210368
0.279222068154695
0.358501272839839
0.257821443075076
0.410361036477839
0.213487672535534
0.346248684510955
0.167380157046517
0.334313040427332
0.479930121294754
0.34521322809396
0.274210619137918
0.344727437903275
0.309709182835458
0.389404989347519
0.399029257375165
0.177211324185936
0.523951180430026
0.269084604390231
0.254158170116063
0.257855615072119
0.445009246758148
0.321537189100905
0.507866763866875
0.208213558090703
0.221208563421423
0.316829671227488
0.446235783932793
0.235164518006522
0.302793246451247
0.242226924850837
0.136557512612534
0.428845821527922
0.340167376907483
0.3338341350357
0.274278769019288
0.278037821621488
0.243672279588436
0.274481888840439
0.356494915043321
0.235203491937042
0.198408342697483
0.297063846472468
0.588670042853052
0.365090438078256
0.434958626286273
0.40180642374187
0.434215239497976
0.303546116831537
0.419752867042881
0.345498443551771
0.604686442717461
0.457194048836049
0.379948109063355
0.484074685881515
0.384614842184493
0.452262083505645
0.408900466679557
0.482426099120997
0.333280259666484
0.435175843823153
0.232726477667763
0.428987483806774
0.255827939286391
0.371538722818029
0.338205866488072
0.458306047997287
0.535416671220697
0.403711015256366
0.476038832655021
0.379700628021137
0.323899871527128
0.45809101746358
0.458865962783376
0.36929365282211
0.275116112889018
0.419107180380693
0.502265609251592
0.445628780503456
0.54531091887658
0.467703349852865
0.41743456376037
0.604915130603677
0.44297066635692
0.227098174171441
0.408790451783351
0.522450039442804
0.537979655662832
0.48055942837954
0.442153260268367
0.537614628383386
0.414421990245476
0.488086402929662
0.37457512237619
0.519584810697304
0.484234527648873
0.440226698473839
0.543883776900452
0.426635754754807
0.481008386071462
0.465067119019027
0.383659542380922
0.564780558508626
0.376354366407418
0.391476651910716
0.447782995678265
0.537229838259194
0.436271909379833
0.486164212349496
0.487394670921292
0.439346734955422
0.524323762916995
0.568378139321425
0.619123814161083
0.507137769685612
0.433956279119654
0.493252485166188
0.388886543890771
0.42961992081656
0.485090324204053
0.695263901333714
0.451342930280462
0.431103209726711
0.481390791346836
0.492960391839252
0.684032686998639
0.388061996712415
0.507452714046266
0.49602045434606
0.459128462578842
0.547288423525158
0.619261478046676
0.565763477060264
0.367749932303354
0.540643695485611
0.585657764730603
0.493760870717995
0.670660524766873
0.65819667990024
0.649385137728636
0.623476991540369
0.566526030058271
0.552496258740811
0.500018469360117
0.550098564614085
0.661773945783369
0.629059313364596
0.532967467228011
0.658119612881647
0.634900782491657
0.561519339548168
0.581220481006662
0.72318780260917
0.484410264516221
0.65771321553576
0.606641484154676
0.793992222478682
0.516918163029128
0.458354278781038
0.537740014057157
0.643953542950081
0.608598489487681
0.678406232225736
0.589596771632932
0.677242417712397
0.753109688900313
0.699432524546871
0.628786890195638
0.61257902524127
0.637086629755845
0.72288467602603
0.63466307664223
0.60672691455548
0.635363616929773
0.472018915944957
0.593536292181135
0.526778630146034
0.642223018109693
0.418828179961654
0.735893926297051
0.534187997123647
0.599845064039656
0.505878559636379
0.547082153925606
0.663446792721251
0.757285956495752
0.710457010772527
0.60449736047258
0.6835660285083
0.653825223930521
0.666809188549485
0.767639067711425
0.648591171160554
0.603432266793142
0.589190500204894
0.725227705541761
0.721481026841801
0.832165226843062
0.566467882981371
0.649932637892325
0.785181553158747
0.735847547529381
0.693301199330098
0.616309231104837
0.840049404885103
0.623064783796535
0.781176837713305
0.805714917694528
0.670661011033845
0.7469992517174
0.79213736411438
0.740821782617537
0.761103538386568
0.795575192823852
0.604320852620561
0.810762255552892
0.749432383214666
0.715918883359535
0.715956073115404
0.80163730333327
0.760628780434778
0.772556261132173
0.830810813021321
0.659360037671819
0.667033760075933
0.607058454673172
0.764357783019123
0.758170248030344
0.637369342577009
0.766599950791697
0.73479264432153
0.663410189490374
0.98634075175164
0.796968035738599
0.702386158611996
0.923026068471855
0.719373151769989
0.780280755572197
0.563916560886326
0.705914398231872
0.72778078527617
0.744632372853116
0.75555738536963
0.761365895984453
0.81026600013352
0.848668999624365
0.724579355763012
0.798356401244805
0.79814402817159
0.660613117812534
0.743781934087622
0.740242071386213
0.728877988978629
0.793107435374998
0.744185291886814
0.770213696755744
0.89580568235315
0.780751811529809
0.698484150210145
0.784489314808971
0.759910508787004
0.746472043168314
0.791061756892916
0.865955816780566
0.813016767201951
0.905014183755968
0.849300337052434
0.726068434937107
0.973413708692124
0.733597532309445
0.878347564650085
0.799145031912987
0.919963601215571
0.774953883248468
0.686867292215125
0.859940378068187
0.874373349515771
0.833744573143968
0.678909508717367
0.889464214857911
0.868973966706291
0.916570360052383
0.946541394713107
0.87381595378364
0.884682096262138
0.688800139187118
0.931868809738016
0.917702064828369
0.84871814381892
0.804431271904315
0.837777618519659
1.01327195682677
0.879858279990848
0.938503663184014
0.855367922062336
0.915073303318347
0.870046648797113
0.934427818205327
0.958263221266696
1.00728430064524
0.874440282619532
0.931181467668983
0.963853899577971
1.00222411853331
0.750876859236995
1.04598713393373
0.842961864074987
0.84899423662941
0.797595351819824
0.821077376586727
0.924174486169908
1.03108127210012
0.921558188794424
0.854706774108798
1.01684734699622
0.980209440376216
0.937948469140623
0.910824951329852
0.926079591687374
0.978165182364892
0.885891196327334
0.803368325784792
0.913355949079701
0.965613595213961
0.847554464021055
0.98139323189056
1.04206539963615
0.847102456289196
0.836994620898414
0.926770730152059
0.858826494167683
1.10234491469271
0.886314777469191
0.98520060926156
1.12424498417983
1.0897831318835
0.843846575504665
0.923048475589241
1.10041962519207
0.858224398730966
0.917074046243916
0.88353539595137
0.834080216455406
1.03578900728336
1.01479893808225
0.958150048269001
1.02331491803065
0.872447908374307
0.869178835471096
1.00689016421699
1.0638511348034
1.20955414936756
1.13563040425157
1.11257012280551
1.00433434554991
1.0465222347715
1.09693291269129
1.03311022024083
