0.128836652861764
-0.977379479634413
-0.933487510163575
-0.938038649516856
-0.96493660140155
-1.05596067579442
-1.04114228721952
-1.02090530015889
-0.875434489562845
-0.881371704577485
-1.06596673510444
-1.07520854871819
-0.947292688295061
-1.00358376613629
-1.0102048823543
-0.995056225253385
-0.93010339999617
-1.01732183332564
-0.799070459531346
-1.01120618328619
-0.828072260923129
-0.777981930639174
-0.829064644412359
-1.0456257700174
-0.988488804798364
-1.0093008558624
-0.897463554590518
-0.902458667121703
-1.04695008508124
-0.823088280278116
-1.08468519127687
-0.942823985777175
-1.00264816221005
-0.983761134273382
-1.16053750539087
-0.851298276740195
-0.959892616795923
-0.923530343341228
-1.11529234748253
-0.987046917444257
-0.98983548444114
-0.860991261751168
-0.821442494112254
-0.748737925456782
-0.857682957322059
-0.838073630713955
-0.877873362502003
-0.980240768499082
-0.892663191252257
-0.940520050468484
-0.884530823240689
-0.889712130139314
-0.885295374437734
-0.748725844953043
-1.06720716388652
-0.698220799045503
-0.923230939227877
-1.0013383082009
-0.835276529436864
-0.827872940428677
-0.910536824720611
-0.812731526319671
-0.816573715344666
-0.867487553022832
-0.814012208409565
-0.938057007102645
-0.818284944450159
-0.733325772590175
-0.908497649671887
-0.759128910025523
-0.865341948633089
-0.918057947444391
-0.723403172552991
-0.775571718446874
-0.679358321954591
-0.944057724135455
-0.789331138060055
-0.786697585429799
-0.83581520654621
-0.86162191979861
-0.739601147568956
-0.847814504705082
-0.892308002438865
-0.800200691266004
-0.673551162008769
-0.821648653751003
-0.873095152349308
-0.764242427367796
-0.898616012362767
-0.835160581555569
-0.783383796309318
-0.78800938126258
-0.850879233678295
-0.903130962060055
-0.786546405140066
-0.736830979790287
-0.683552492914068
-0.833174025431658
-0.68111062926378
-0.794103129667769
-0.823915208175009
-0.824539324461495
-0.829375257177223
-0.872956212387326
-0.883718062749994
-0.794192553445862
-0.924383220706133
-0.716124000173017
-0.733075061135102
-0.736934306363421
-0.818365773392642
-0.738992906815765
-0.665374378884902
-0.700892573674959
-0.801948494893874
-0.717004698831569
-0.797386233040496
-0.842175748707612
-0.714693844188577
-0.801512257762947
-0.693156656578793
-0.818719851436728
-0.850978234792956
-0.59914282350061
-0.750928892578481
-0.731113110600356
-0.708005806290255
-0.771675974492954
-0.720734041573159
-0.718452098322662
-0.597231764041813
-0.770020546257669
-0.861979677022788
-0.758489256079464
-0.724708646385951
-0.731806729487001
-0.757738530462946
-0.625781902896153
-0.853052256528446
-0.63469378902107
-0.530896636632716
-0.686074721426869
-0.699457429399169
-0.736204498737419
-0.80085007277328
-0.654901698302225
-0.835550278120261
-0.568487686426915
-0.631677444565
-0.657526769637758
-0.672062194599746
-0.647339897479068
-0.658085541017036
-0.728973004501076
-0.656503409013356
-0.746984187554577
-0.695739986541283
-0.682267427763728
-0.577167239625273
-0.526922716848308
-0.626859310975702
-0.565076086136598
-0.682149017212263
-0.658023696133098
-0.535744676464569
-0.599233814578852
-0.641668707048159
-0.575094021487266
-0.739502792060839
-0.552260079687171
-0.571315907145751
-0.643113637896011
-0.716056333944894
-0.6099904954921
-0.644011080424181
-0.670215411836833
-0.610438837384256
-0.738497617739774
-0.657977018401648
-0.513588748219613
-0.72121332449906
-0.48907981439957
-0.641263184351849
-0.702025059024254
-0.794061581794952
-0.55295867019449
-0.657075025445174
-0.665974241109505
-0.652471958174076
-0.548286134925143
-0.773247333504833
-0.730655193891239
-0.582727227205064
-0.53244603508812
-0.586464534167548
-0.54668963455099
-0.545931373977557
-0.698251500543788
-0.577444532447559
-0.665308798301644
-0.577781919486753
-0.612919478052182
-0.593018015477599
-0.534288166532703
-0.634461275991089
-0.541715727967749
-0.571440548004175
-0.566690819982081
-0.521053255499245
-0.470370293770848
-0.613238224731347
-0.6026981551482
-0.514815293336691
-0.450026535252096
-0.606135441653826
-0.520434610132555
-0.550803894817911
-0.498248667196278
-0.548178394437446
-0.530188545305308
-0.467341159152627
-0.612914871279819
-0.599866514073703
-0.655565906364421
-0.595323697133553
-0.554515099134835
-0.565086963695655
-0.475445213423253
-0.650445705499282
-0.469061640223379
-0.602676794268822
-0.540067714714218
-0.3812215486307
-0.544341258041754
-0.482147097838177
-0.623750262362191
-0.427419531546655
-0.409663418102141
-0.552938804379226
-0.446455107634663
-0.623784777941352
-0.562093639582706
-0.466989225815034
-0.544361278576275
-0.61002124172392
-0.622090386181171
-0.499645812782383
-0.491821055512089
-0.493379400540252
-0.316805167559982
-0.426048995770783
-0.457060392622758
-0.440820636077954
-0.531767734627343
-0.55660694638348
-0.519215016635998
-0.489049925044952
-0.492273435748773
-0.549966098085152
-0.468213949478626
-0.62701503257218
-0.362435269272204
-0.477997259542595
-0.372588769228369
-0.642286441394102
-0.496408272585341
-0.591273839635709
-0.526697691528428
-0.290472216827802
-0.564089222887006
-0.443718629782918
-0.465441019044467
-0.42356808232799
-0.657878946254073
-0.48490021440534
-0.479818070033464
-0.579548371464183
-0.62174878207998
-0.642437230874305
-0.613733054640468
-0.365643320988893
-0.353291448546957
-0.519658624366337
-0.416244030198908
-0.354422005403657
-0.43403398455387
-0.262599371091609
-0.453414643236201
-0.467805631870224
-0.46499781572929
-0.416159984333293
-0.375907457400456
-0.487035389399073
-0.396801258843277
-0.299450961078011
-0.475521761218111
-0.479574181469292
-0.499111402014715
-0.306341798585598
-0.275099303679752
-0.384437613238225
-0.415931015776635
-0.441332250755179
-0.402005665277284
-0.300303875177134
-0.382961037487962
-0.408183321575818
-0.598135973512835
-0.484789632173549
-0.319207936152102
-0.394025051130994
-0.290629235747594
-0.195899904999167
-0.431545072760766
-0.518354679416131
-0.458000806540812
-0.37222982740347
-0.381436863412857
-0.285356967661754
-0.440850887623091
-0.39410225764601
-0.431205820500465
-0.322042688822708
-0.267685980475932
-0.329197959506929
-0.331156343374283
-0.412769342837357
-0.11054579529515
-0.35038932905926
-0.482473335184324
-0.261830075904232
-0.406495768666346
-0.326655312537941
-0.2032047712356
-0.521076229632338
-0.215620497548177
-0.442309633430134
-0.286081880142508
-0.329345855485518
-0.373826620316392
-0.310688296615564
-0.362854638715993
-0.386136219968084
-0.321509575127039
-0.214795471639433
-0.301676564121616
-0.306404224574197
-0.333742534148892
-0.292146924104099
-0.321330353341917
-0.375814926040511
-0.380012342725498
-0.160508060808587
-0.192447239520135
-0.194518502336005
-0.253377238211011
-0.334192627043634
-0.258953684464615
-0.246453137905096
-0.275702492177736
-0.278752284602209
-0.299346503416269
-0.336133078861032
-0.272698510250405
-0.208823506563208
-0.250831300088719
-0.295779220181974
-0.206329612692675
-0.354538427944623
-0.331353524867563
-0.151080618719978
-0.228440265056501
-0.0895935964486312
-0.335062123643244
-0.171850930929179
-0.300275995801208
-0.235808840272196
-0.147659744014565
-0.183455835773864
-0.251553040460829
-0.23480827606846
-0.27738179510949
-0.373191645246733
-0.185684997744722
-0.301846992180725
-0.186467326646446
-0.137256787299261
-0.269709449339343
-0.102147139194942
-0.225899918045297
-0.214543364637123
-0.213669987217271
-0.238944046251319
-0.23014626495686
-0.21717169909648
-0.16872330107358
-0.193655373462541
-0.067667063102087
-0.167597182708045
-0.17168914814341
-0.138233161538537
-0.136877840578301
-0.131749797156409
-0.246780129304091
-0.0977866293762939
-0.301459246413681
-0.183499144263365
-0.281019777931178
-0.173775532192381
-0.147654016884842
-0.112499060177124
-0.264679962393257
-0.205614917704128
-0.169625543441769
-0.2545047120831
-0.113799790792351
-0.113745102583604
-0.158218599306953
-0.280301766914055
-0.234192778186665
-0.0690548840220932
-0.083231908066513
-0.291371499835944
-0.0969869067687126
-0.295777088722329
-0.092561501429047
-0.14873249883882
-0.0325689734003211
-0.0332584437207535
-0.155765599938451
-0.163902314041495
-0.175888446472913
-0.0567851262400016
-0.154347377358886
-0.0418947377342837
0.129841181128495
-0.0655646220403007
-0.202754910893437
-0.162025673040599
-0.121014706953462
-0.134942943889898
-0.216876441409181
-0.170219690160871
-0.0780175681626789
-0.035511802339692
-0.0423646552938735
-0.128027910718539
-0.157626013179818
-0.00941651894752627
-0.184101229955006
-0.130755658970544
-0.00935989478159258
-0.170650527154625
-0.0990047540736336
-0.10143095566202
-0.0719495654443113
-0.0969669906202754
-0.0581840141255345
0.0581921881156835
-0.0772722876701769
-0.100297163558262
-0.0706288742124453
-0.0766540348335381
-0.0207862421902214
-0.108490902647293
0.00322053796438079
-0.00833330005846564
-0.0493919400418034
-0.0745713326671768
-0.195764132674631
0.119419305967908
-0.027524145599295
-0.0320032784709844
-0.0996537460354891
0.0666623744353837
-0.0525476970937743
-0.00210341900783131
-0.157861785870391
0.0224281385390368
0.104912045950874
-0.0792709810444669
-0.133482525732074
-0.0479419175111328
0.0761587295419537
0.0559915023722579
-0.151550900595286
-0.0101901082627321
-0.0268578720335637
-0.0229609977875326
-0.0439555026742963
-0.037458068472916
-0.0210565273204807
0.0868300427404865
-0.108880001388161
-0.0480950455420374
-0.0473064994163856
-0.0204648072882343
-0.00338593292739693
0.0609953485311512
-0.203507000616184
0.000927681142674065
-0.0624864548895912
0.0371877354765362
-0.048975748730889
-0.128689324710689
0.0778452394916343
-0.0558802763957455
0.103099678969596
-0.0199068734155829
0.0792058566394993
0.169144990700722
-0.0365119070326202
0.184705783580767
0.0254975051813866
0.0527710674145752
-0.0106712946385175
0.0376150350808617
0.106392961908088
-0.168823277777046
0.0143997802157264
0.0170416384442426
0.100860124151112
-0.0501844532162277
0.260122578934875
0.0541764566260149
0.0578051159213559
0.193218056954647
0.12634883416502
0.0478767590545195
0.0681162660923407
0.0454063016547753
0.102605234282594
0.0177285645493239
0.0406663566589589
0.100757528005141
0.0618772568530597
-0.0308757579611358
0.0499578809649007
-0.0182522614945194
-0.00221520390392254
0.148674929921247
0.103517298384157
-0.0506820303377395
-0.00101630185141841
0.0609883014438948
-0.0247852190337655
0.0506847768985519
0.0546782323415445
0.0577235834456885
0.146546801327366
-0.0650531389433326
0.132416383895085
-0.00417120134827754
0.189325703365195
0.0915351607404847
0.051166070360478
0.160437182799622
0.314064067680112
0.0967309214394922
0.129494600108899
0.180269280590199
-0.00869053567264096
0.0762247030511332
0.0814038704820005
0.212790607939782
0.24014522892223
0.179602449685605
0.160031878076369
0.0371276622520428
0.11577085882955
0.167105712813865
0.20455224896275
0.148147135631123
0.0103557715945443
0.095619165748032
0.214594988431883
0.198997028282122
0.0961353821728011
0.201293821473584
0.0885349663735236
0.344088291853152
0.060288680958337
0.156096773753874
0.157224330684276
0.259081313350725
0.17620711302974
0.0581087333733067
0.168407463372001
0.270692679181368
0.224340734452559
0.263389615367154
0.218512055487953
0.176327091688887
0.133316443548774
0.0142822300685419
0.1954762509068
0.124564165643306
0.0728321482829765
0.298070545249305
0.155710082053164
0.22612775749936
0.185210013458227
0.191659160271065
0.178945475625646
0.0996842571181216
0.210046538706979
0.33088182902127
0.203746992876782
0.271784668060398
0.172680632824637
0.14055326045966
0.230743543919208
0.12028956600021
0.184363681394594
0.339604392965057
0.148635810787009
0.286453441551958
0.250974598317337
0.271750600734202
0.254207740977462
0.241556675575443
0.412162695584213
0.201369772123189
0.265260758575772
0.222731716751231
0.285615824072281
0.319922372662158
0.261391963951877
0.186276530276199
0.163075754970416
0.0253216340282718
0.200639784532583
0.286389610454107
0.339483686854827
0.148337456347076
0.170728818260543
0.388941642463073
0.34945185734662
0.299614170998304
0.158894265993503
0.368196260646798
0.263141071102586
0.1601344438795
0.4405820567287
0.192677952722842
0.235162316362084
0.250256883464442
0.205964136617863
0.259317215502228
0.236708977480762
0.262924712508754
0.316897003193666
0.322263952603764
0.23697897128114
0.324794985581282
0.33951667162336
0.289658730692428
0.387328006583015
0.217137646682895
0.211370760469594
0.511718254894354
0.390310056718754
0.419925232390637
0.324078433032621
0.252759209453932
0.219326445884729
0.335063435600698
0.292145350769372
0.381953936655749
0.362920230945898
0.297334329871734
0.432167617904928
0.365892660642574
0.396759121827831
0.405949020828627
0.421220656744301
0.320236810417472
0.320610740802749
0.291140924667868
0.252237032906105
0.486468589108447
0.325341640479091
0.372185850237448
0.203399748010086
0.179150149261603
0.35491738884794
0.351067899353019
0.270072713634402
0.239304482963611
0.341200351582781
0.407600298932499
0.387025768939742
0.276245829582851
0.405290382680629
0.351568429871327
0.332843425412869
0.486464028074842
0.516826656854704
0.378870267020475
0.527709356078427
0.232975345712699
0.442306751572719
0.420290779291437
0.482820438982352
0.426036397396118
0.29720310296403
0.494664149930809
0.385095136509103
0.579652400431116
0.425140133367729
0.504277629902117
0.590908707396169
0.416404256610103
0.451137779139935
0.367461699292568
0.389565402962731
0.361041060137245
0.306855085567517
0.532836670852744
0.351532066835173
0.476027080461509
0.42112313863351
0.41642165938059
0.397348086139416
0.296900571777144
0.243166238822929
0.383085376546837
0.248564617780243
0.424805949110975
0.389802246994881
0.434882136713331
0.372713610792129
0.445785197305662
0.497392290991316
0.39037090514046
0.337092572062582
0.547723909080386
0.477760392770316
0.566509664634661
0.575526225212597
0.567398549598285
0.580888491504086
0.420635708847003
0.629040582879715
0.347482220428867
0.562540728434346
0.464533939420986
0.435063369012952
0.477649905727159
0.410445349703968
0.417591276282011
0.559547978510124
0.511482814382782
0.575946496089708
0.399197176409058
0.450999532813246
0.415626744303223
0.353434552400325
0.675741850714931
0.459793127544153
0.575206609728091
0.606668921009165
0.564550121532051
0.46719654357042
0.591814104703954
0.474801454180939
0.581001191569252
0.712278518407355
0.589563639021674
0.630979022537463
0.546390769240187
0.362877619383609
0.60047229130143
0.531060586239109
0.62416662841941
0.523405795512183
0.420745322177709
0.494883510267076
0.639196388904945
0.499399746654167
0.496103356214288
0.604463795898962
0.503333319608403
0.369677351737189
0.462623339875069
0.583170793893451
0.584937014414832
0.492232235811442
0.558649742156988
0.598599989406465
0.74864298723364
0.742025503194509
0.559012226831376
0.53419798413141
0.402110463399419
0.51286723011401
0.617316106613258
0.630897759607119
0.645470518402605
0.511359383983341
0.579419528920718
0.688011693336925
0.670727953418251
0.526150319406439
0.609867355889672
0.548099023967271
0.641784133436447
0.599324925710354
0.523940250132461
0.617266891476748
0.640427493018923
0.634492927928991
0.517959840509042
0.705271387483335
0.644723272493765
0.683674920960207
0.673208604793383
0.65265843091844
0.538982829455658
0.712167748698842
0.533135859224313
0.647841389520819
0.680500686541576
0.584574315743193
0.733187017849417
0.599401734767114
0.648034172206406
0.555549235523788
0.707430891948825
0.644554684081397
0.671065908833871
0.650954205473436
0.723785287447979
0.782202250135422
0.705837731016986
0.698614925659488
0.762982108945805
0.64968621592956
0.688008606812496
0.405092354493319
0.646059820197271
0.787290315120945
0.723995672020472
0.616074036466522
0.767636601413075
0.58042026783898
0.76951109472066
0.59931670114618
0.653710160106933
0.620172712186097
0.638881468275833
0.667830228703755
0.686824840579503
0.816903100368969
0.828310904261441
0.775111794439166
0.792042688415447
0.659395154544154
0.733756987873548
0.676059114690556
0.678445342898164
0.771036770541866
0.735581903904306
0.646402173632668
0.916928720479143
0.727749528626419
0.68870302559415
0.816774679767687
0.879092546183038
0.735917686286158
0.589464614430744
0.596140659675145
0.657572964696514
0.82852422559356
0.775062622273105
0.673999139265382
0.666986906183606
0.682998682977946
0.849221845299158
0.836140056925461
0.751574896588235
0.717875151542919
0.816711561142614
0.825687261790127
0.731868022005441
0.817235270812181
0.87613001257546
0.588015532480075
0.668754576147804
1.024191351382
0.56840299689706
0.764559181924472
0.876044731017975
0.745818006435025
0.934410739012752
0.74062222734596
0.74567904911909
0.848219529883369
0.71448016148141
0.601471601609805
0.786720567100569
0.802455420818752
0.780235019378165
0.881965422317055
0.729819546238147
0.939432425092295
0.950539801111197
0.91104868595943
0.908445940654064
0.704944375666523
0.8796612484178
0.705278885649931
0.848910645198766
0.846231046749031
0.899037732794364
0.787429691422582
0.746044848837792
0.891941730132418
0.784096304119024
0.920208847088282
0.862190562043421
0.85947134101534
0.810445725627131
0.842289857311715
0.771793918209981
0.856914129406026
0.813413069499566
0.800403078066609
0.793261098783537
0.793241410411104
0.84489860920783
0.781730290945016
0.75142229893497
0.900834025672534
0.852078857253509
0.845389609803835
0.895438689871273
0.900087188674673
1.0405127011643
0.904175313689742
0.772925565922528
0.742852547842866
0.917707838153652
0.859501947223705
0.892958203635186
0.789317413127696
0.871071298624013
1.01187012218382
1.00240762396047
1.00991062504486
0.968974959369802
0.788625629299131
0.849226918803833
1.01152528065703
0.8047181896527
0.964723986986753
0.942047409933996
0.944809545790345
1.02763132814179
0.866223600110004
0.819243854303425
0.788950948422697
0.981124590014822
0.907333955835078
0.889064988889564
0.855805340727169
0.851702494759615
0.968470268501115
0.908511609769395
0.913699869693863
1.01842948984997
1.04126424947296
1.13858135250245
1.09148603486554
0.908477722590676
0.8790062882533
1.07054889709852
0.890772970653751
0.929189610778446
0.835533902056636
0.896411921096989
1.07230750565344
1.02691905804917
1.01170122757938
0.870516338555757
0.974483992679657
0.885082779570504
0.880182609106167
0.966260254546174
0.998369173700782
0.924584212239082
0.947271705899825
1.00737775280747
0.85623310983498
1.07989833782421
1.00941457275569
0.857902936337927
0.95832690667371
0.9268179767724
0.992191075931044
1.12074332172072
