0.0773560324279618
-1.05363329281299
-1.02916205289311
-0.946495418888067
-1.05969491106912
-0.820779374713785
-1.00640652884048
-1.05525416548959
-1.0444178992536
-0.81474783362229
-0.845710287042269
-0.974447378997145
-1.06748593462372
-0.834659509218355
-0.855592048353671
-0.911303213696552
-0.98827587383579
-0.846483329122017
-1.09050228162442
-1.10206736364367
-0.872432191251089
-0.898883045330611
-0.941740893659401
-0.942486344213229
-0.929888423169261
-1.02571340720861
-0.869098152976257
-1.11874348926686
-0.854186847762695
-1.03818690115218
-0.864200196014906
-0.874479945836243
-1.0143089307424
-0.964815711381016
-0.890551563263632
-0.840714024153986
-0.956534276250337
-0.867565422460833
-0.868327178928109
-0.880543178679188
-0.923079590749008
-0.83940129533485
-1.07397444543633
-0.82979035140002
-0.874496620290876
-0.864580689564281
-0.879985029761379
-0.869625925536954
-0.775769086551787
-0.847988848921974
-0.777701884317612
-0.835833721400342
-0.886775450439338
-0.915766635765858
-0.887470152950495
-0.987624578676022
-1.08544046418392
-0.753155863958361
-0.891147791691292
-0.853210626218074
-0.84640929393442
-0.949074411129701
-0.892700257972967
-0.885427630778182
-0.762098047606463
-0.809354012556968
-0.686017162924573
-0.891349769476863
-0.824532518897285
-0.768797617913524
-0.810615996271608
-0.924774608847328
-0.975920901548375
-0.720578278431274
-0.876021338751518
-0.794517346986228
-0.821991016102859
-0.832547901013577
-0.750220274060865
-0.928876673219544
-0.869149062086195
-0.901705844668517
-0.934305087661431
-0.894734607168341
-0.718076361412541
-1.08912265461869
-0.783068174812096
-0.875625629298879
-0.664459745591614
-0.862895385125122
-0.899699965060661
-0.833627948424464
-0.710191523564978
-0.901836318530179
-0.780308772985191
-0.710608576403764
-0.679050687397962
-0.970415861490909
-0.744192599924333
-0.736682847436502
-0.87194387557418
-0.791608021536935
-0.905262279851134
-0.846843972034468
-0.830584265386178
-0.811073013826378
-0.789549541090943
-0.932734446404837
-0.837364386241566
-0.724228648873667
-0.660769886653569
-0.740547459678186
-0.840613229166766
-0.726017962224066
-0.719157238033223
-0.721113317240219
-0.861606612711291
-0.824200697229498
-0.747884138769139
-0.714005176720272
-0.792520030178346
-0.746110670182424
-0.79616129952815
-0.799217320024689
-0.811665170326078
-0.776053967693719
-0.614401796429249
-0.726566168430502
-0.864871650374795
-0.722642401659862
-0.614338073487136
-0.755988583849357
-0.656121886487154
-0.58163858001809
-0.716135866309333
-0.644984608018902
-0.811120902792681
-0.802337388173719
-0.715078134674438
-0.649743353716794
-0.804391611778673
-0.787180833333694
-0.861151851625479
-0.72624775576878
-0.693546871956864
-0.628879308063185
-0.685778999802053
-0.629557365765025
-0.767379746102092
-0.693666959854272
-0.659441147837328
-0.726851741146218
-0.697946584041908
-0.655289386041292
-0.834864608053535
-0.693068760250574
-0.664013373254333
-0.651039764878195
-0.695046860096485
-0.636067554246156
-0.569862555634796
-0.495771086217002
-0.613246951046171
-0.77165125159083
-0.640494879908363
-0.722770152776806
-0.675330600796204
-0.789535991350736
-0.810715920124121
-0.517227800367543
-0.622277467577268
-0.602779770064222
-0.744615730274811
-0.674781930022175
-0.54947113631082
-0.754770365467715
-0.574852176214512
-0.505678217440008
-0.830889197955164
-0.577343396397534
-0.541019490218331
-0.611152476158955
-0.800573008217738
-0.736468171116984
-0.593749563681629
-0.584180395238135
-0.493541191710147
-0.678737104106595
-0.592310189792737
-0.679801958910745
-0.704616267521587
-0.647418837301625
-0.747062223067542
-0.601698325695767
-0.603822292569601
-0.775161170573886
-0.619779555650025
-0.577097907072882
-0.600384811354512
-0.432479282829428
-0.377883362385863
-0.640748044852381
-0.59426463255159
-0.70620418839351
-0.654998155156298
-0.652510082349067
-0.5488582444551
-0.655289360203198
-0.65784536490657
-0.648345899544098
-0.621412535892264
-0.51499301782509
-0.696990423983833
-0.618566988438354
-0.447542004255088
-0.49939246237441
-0.520365779603956
-0.50837967028727
-0.61787711322615
-0.670275402575707
-0.415407219671224
-0.620687577926631
-0.590610825073061
-0.460687922641802
-0.426910577620836
-0.500158880344788
-0.496195488997216
-0.690097313129119
-0.483892187866398
-0.467640271444961
-0.57383323337293
-0.50536976867815
-0.61317009512505
-0.466737681535549
-0.523460521234951
-0.450091855036697
-0.511189180084468
-0.306436254218121
-0.483661663659603
-0.521417872031425
-0.564582663240117
-0.60316451391016
-0.62357701850111
-0.60325504884983
-0.383039219661348
-0.636303238883265
-0.518153525780089
-0.523510391319653
-0.501308264110144
-0.491007498499641
-0.483286941899447
-0.481769897672477
-0.517826818598179
-0.483529568695311
-0.396224412717822
-0.544188120747007
-0.530135260801635
-0.607176305332839
-0.439898313478497
-0.549565561670016
-0.404913631192913
-0.54557544197777
-0.614473466765974
-0.370756558408522
-0.470646498504786
-0.526172605160062
-0.45714024714538
-0.541150041042014
-0.471628575074837
-0.443917613136742
-0.556348400530683
-0.383919860231713
-0.466255547462145
-0.428052261438598
-0.493362475719569
-0.461845338657518
-0.517117462673372
-0.519272331657461
-0.478681841934349
-0.35296974580173
-0.430976746375239
-0.565588513047396
-0.451825832266591
-0.439156118911165
-0.361081319857885
-0.451038973778778
-0.506389645711463
-0.358592157922932
-0.438589186507659
-0.581105152636255
-0.413347043522472
-0.418177194289004
-0.42544301375903
-0.271707051063418
-0.379570850516708
-0.505852969237687
-0.335262177833174
-0.416710552783537
-0.345369804184175
-0.420951468068906
-0.389093598097114
-0.598316046776336
-0.401602723324709
-0.367589257669294
-0.340583768433228
-0.478761691319018
-0.279895210230835
-0.483605763784298
-0.478784679186806
-0.406550094470061
-0.454663549021355
-0.224911292841421
-0.361612219907511
-0.407329365302288
-0.258103468040993
-0.304243702325038
-0.510036293367339
-0.343342987356734
-0.248058585662178
-0.37008199029323
-0.0847581161422448
-0.312380223694444
-0.28609836860254
-0.287820527610033
-0.354159380990637
-0.430185688866189
-0.39179757357773
-0.436881703625557
-0.347347566467133
-0.429114347491339
-0.300051181665455
-0.372227185002533
-0.270300705068305
-0.307634153158802
-0.337579865838815
-0.383556250399911
-0.456608701539049
-0.379742121449494
-0.304599613617449
-0.221344784650033
-0.257743100764821
-0.402341466164864
-0.312556946434761
-0.360379774609357
-0.338097763092476
-0.388298719658913
-0.337213164814907
-0.246737769463133
-0.244415729925998
-0.258030129084258
-0.354120712743558
-0.365200190750273
-0.320440224074518
-0.282354429115117
-0.180191958778349
-0.312011288440579
-0.249685003700151
-0.394899543121229
-0.15852402144775
-0.201155007797491
-0.337979095576822
-0.259421826112841
-0.158789392101499
-0.230926891351993
-0.28268875349013
-0.252005081357604
-0.272469959314792
-0.169303176219659
-0.185035663924223
-0.131366519947455
-0.281279133427528
-0.410298955324433
-0.21466554973748
-0.148532257391593
-0.199547439205846
-0.374838811549233
-0.275120703034961
-0.0976562433796126
-0.332651601723105
-0.0330342975034704
-0.240207545554454
-0.230878975261626
-0.254217533773323
-0.23486775706569
-0.333355675022587
-0.238935702938363
-0.30238489317673
-0.314163337198942
-0.188402314184005
-0.0983561949851681
-0.286936720605572
-0.26744137737188
-0.211224376743532
-0.242823687962475
-0.0683099037378515
-0.225334274282941
-0.156620157300807
-0.452520257505331
-0.102315956916108
-0.129701261045861
-0.185974748735951
-0.257099232916246
-0.195215008694873
-0.179996707818959
-0.301534452770054
-0.133551448573166
-0.132473413816448
-0.230305400125332
-0.266127817083998
-0.210079123787088
-0.0961713104051454
-0.214306753894498
-0.175979721587323
-0.148423908489331
-0.170469150077412
-0.253889448774295
-0.111242374156977
0.0336852205475911
-0.288147926589934
-0.153671360083325
-0.117523269032883
-0.0728322142834069
-0.238203694811888
-0.210884329489304
-0.111037062703897
-0.254984040791487
-0.0752023401971507
-0.106416487821837
-0.192819508334499
-0.221255991037019
-0.066733851786641
-0.155423542571113
-0.195591131543573
-0.103329541571796
-0.138867141323393
-0.181501243861053
-0.0377809754485637
-0.0681183450859139
-0.174114644284783
0.00635693788889694
-0.0591545683510882
-0.18112314165068
-0.215085090608838
-0.103029812045134
-0.187006803305647
-0.122667615117571
-0.12074791549019
-0.0925976435407954
-0.122656341350214
-0.0309213989540596
-0.156350534829655
-0.287931023093577
-0.186122795720539
-0.137022227442612
0.0407538631773772
-0.0604376804136642
-0.00189060439331539
-0.234986550729852
-0.151432181132128
-0.179895096221852
-0.129227010972331
-0.0478460107596883
-0.0595722703621962
-0.273524462375462
-0.123422553696077
0.0917822652527408
0.0111521313360491
0.0562761030019375
-0.0789241227174902
-0.0649684527553758
0.102291287282062
-0.0341638303769397
-0.161323451245431
0.0104935715093257
-0.048098739223892
-0.136541314097862
-0.0820181905116322
-0.127165256885875
-0.0377300387804736
-0.142007305228568
-0.0744518996477217
-0.110677531196272
-0.00709619468461271
-0.0120831273070834
-0.0942162830847654
0.0760921100193597
0.000933265842524043
-0.220720541015944
0.11211470801444
-0.0694846762455249
-0.0834097790829051
-0.0494304089473765
-0.0878313582352964
0.0335535161873775
0.0173003737607636
0.0635163216179255
-0.0704508590541629
0.00151150287455028
-0.121663339876058
0.0129371553009292
-0.0782172812503811
-0.0253379335539101
-0.0517013808368008
0.0495352382065836
0.102338067829904
-0.101615871493732
0.0215612401044128
-0.0165443480519104
0.0620506155641699
0.0484358529609686
-0.0221730296092445
0.0856764851169548
-0.0449150266103802
-0.12339013488346
0.0511951330915604
0.146452716783123
0.117667772929624
0.0138062269889807
-0.0541841705996679
0.144967826505513
0.033395498306074
-0.027237911740075
0.0156171197535073
0.0154161223459868
0.0919822663716872
0.0821995806791
0.00678488883149963
-0.0567053847984405
0.169113634578125
0.0256975917713277
0.131023297242344
-0.120941463333992
-0.0565117997703169
0.108374055090442
-0.00378364546710142
0.0243629616485985
0.07509402497824
0.000552334560726283
0.133874940131238
0.139578365128118
0.194298322186344
0.263841569579366
0.105371138974318
0.0534122423272254
0.0947658421776642
0.0199515259829238
-0.0706885839629248
0.0431203622888888
0.0618765850564208
0.0976708091264524
0.0997987411100957
0.129658846763406
0.0850017136166209
0.0487160207350659
0.205448514789164
0.0518580246375659
0.0292484760470941
0.0895439080976842
0.110529060299783
0.110859226949194
0.203607288330994
0.311195546154867
0.238804445055909
0.137934147090995
0.166589607202138
0.112733340225157
0.172408033414914
0.310441806750936
0.144926416405033
0.0228014517494941
0.228310373327057
0.0100257694596445
0.172954525684286
0.0933744360914754
0.155480442270931
0.192072663182559
0.0565009093813808
0.223181242345013
0.0642075497247424
0.102875082248211
0.222366557706926
0.0212226850401283
0.131462781846195
0.166725013764277
-0.0853000318067975
0.0401256376475093
0.0939057884830557
0.241391412673406
0.224772090396846
0.17187635576159
0.109258253704255
0.157553239349564
0.306770977418149
0.131257403400896
0.098864329867757
0.208580447021743
0.123285239424894
0.136751235661194
0.0796943807404356
0.14211216021709
0.222326805493726
0.173621390078765
0.0699736994266126
0.139167561126924
0.12563996817849
0.0441961568658441
0.340052383849435
0.27625658063552
0.178076237719806
0.0241458466730122
0.251600224882194
0.25107863214741
0.281143144302118
0.210305960392779
0.302973558609625
0.202891921886798
0.219574870414866
0.160185001896617
0.235738311992502
0.38911282465685
0.228955375827809
0.192658265007782
0.316745236043532
0.19676213485884
0.146109860238065
0.199945859383797
0.0191140506953829
0.188323380524613
0.233357811853459
0.282297441523533
0.258135405159606
0.335417285498132
0.219635248084721
0.395831708341235
0.324998933342576
0.345756547595911
0.344566988920058
0.190065187940104
0.290605656323515
0.28200928595604
0.225896827676237
0.35963095120449
0.269185300300594
0.214664375296941
0.335565668240135
0.116347749678388
0.25307207649416
0.39040422080451
0.284619777676477
0.237150374212659
0.2915683835981
0.312766006467999
0.354563168861757
0.358470978000969
0.11601525589162
0.429747258332281
0.320143705100237
0.419273078554473
0.308499780171363
0.268932184874709
0.296307316738641
0.291693135061484
0.285570732118312
0.492159220479039
0.259995803867601
0.416250813926534
0.459046274823361
0.198558607787406
0.287093047830981
0.198422906769694
0.234618591460924
0.348100884737247
0.249023548167143
0.253264283203749
0.348993880159978
0.327106891255437
0.403325652631569
0.34493995644639
0.45674336823486
0.514160305107548
0.314125589669007
0.353072391776027
0.393538762916146
0.523055391529179
0.318746906614071
0.458546963071838
0.259947689189589
0.132318015593093
0.430077109471918
0.434365380982678
0.309059195587895
0.228622297603418
0.456553578683912
0.300832080796841
0.446594004175646
0.25698709606185
0.317359831265225
0.406901035752973
0.515420095801754
0.420031116404563
0.354422361225238
0.317189000726741
0.314495252935027
0.313784825470635
0.44146770666796
0.455607928694734
0.50116291587658
0.288406726786804
0.46537137139029
0.394745352577625
0.289569496724062
0.502275182807248
0.54431274190654
0.407959287376102
0.391272564835691
0.435469456502582
0.476820291268769
0.346616756229885
0.417929699916422
0.378899456752194
0.528086730105091
0.555240501789449
0.563345622923061
0.51022753750663
0.401592496659226
0.468441956041683
0.589402090420544
0.558660544709242
0.452619110472328
0.356757830038838
0.434292603829408
0.536842199394789
0.465145532975266
0.499234951790645
0.518338423345857
0.479610295631157
0.333006822481183
0.469973863200709
0.339914381262084
0.524403705083107
0.451613247229784
0.456469742103543
0.502318441817099
0.4587621741623
0.483636811405135
0.496594838753223
0.458452915582222
0.422533416013489
0.533753764979147
0.411094391198677
0.530583193101901
0.477241582128019
0.460272421423383
0.440511875280505
0.366805923159083
0.576621943943236
0.594396520802275
0.439905137782579
0.41953445053906
0.474378823744323
0.531215666950196
0.48641228104362
0.546022508070952
0.521226332383422
0.423716187539927
0.579499965454605
0.590106815619934
0.494987189705004
0.625409837861866
0.367026035702883
0.467671735515711
0.63716578346849
0.560098902730356
0.458091151777587
0.495184358498402
0.578639430872895
0.500689674221036
0.546881391657799
0.334151651160869
0.542103626622574
0.508355250233801
0.558691250709757
0.511240216142357
0.677681883572431
0.668282738319102
0.585918388439436
0.492285929590307
0.498335211531082
0.63050366601869
0.405945777385369
0.441543944276409
0.5662767328898
0.582590200266256
0.584060352186944
0.606019965051253
0.572084454081209
0.416012446638316
0.574732627162389
0.524425245148156
0.633706648195172
0.5844807562877
0.652394489231829
0.617065819321304
0.690030072647173
0.661646033433618
0.63035438773481
0.685629524073971
0.671280082751999
0.530731247856463
0.777970876530926
0.611272563036157
0.691538020324306
0.715346126146108
0.61769188114074
0.63487117640425
0.744608697014785
0.847033763376399
0.469252471579673
0.631987532699957
0.710036997959245
0.564148485122484
0.600838982852849
0.811444425373207
0.584452558060074
0.640743292507732
0.728538396172171
0.711633325271491
0.753890681259799
0.619982632071355
0.621829353974327
0.559588473202337
0.693232192093226
0.712124826698809
0.65944197220325
0.701722846698016
0.733693593593407
0.533752140841943
0.652386907371086
0.855271229391563
0.644759741613564
0.555877970277121
0.678512985174876
0.761739342623227
0.564285319845736
0.794645117640939
0.72671257644809
0.717083964215994
0.709299293288147
0.753557082402211
0.793032290345974
0.768118758746957
0.650298739894116
0.670729561680469
0.716054359083384
0.677988792610474
0.684396060389988
0.722999165551059
0.592045904953933
0.799959718095205
0.805233190514546
0.79741604560128
0.769467028748721
0.800343558354912
0.801064807452719
0.800970561508059
0.794126208048678
0.815442130702551
0.694061603340918
0.702772855409331
0.739314867662906
0.687668057429849
0.706461673078738
0.823535257327207
0.831820802828426
0.741295047848484
0.783536212343429
0.60210922811137
0.759347420844287
0.779250824460117
0.814449736851879
0.732508945552884
0.794993740646584
0.762798191979006
0.747109180567828
0.830934025222371
0.751376650303177
0.76874044206701
0.67086538202773
0.759842905193425
0.595696709548662
0.789853261945384
0.768237210183308
0.771344227320891
0.775061650509068
0.800463044296099
0.822045680530397
0.770694599298434
0.508814796698334
0.915175183096636
0.726858248670504
0.732065224536945
0.873341823682963
0.746474166690341
0.608913685179407
0.593273991380524
0.822905552848026
0.813960053930397
0.849676223648304
0.686395483094959
0.713742313305467
0.814970804677219
0.840064795901153
0.768604009081404
0.713111007352313
0.88055866461963
0.899107267788267
0.755966856439154
0.921649452112244
0.833533407586761
0.720610565385093
0.929872987046167
0.926926183609633
0.764436577901242
0.975301766805579
0.792085998857335
0.637836487289975
0.908690925037612
0.981719888056581
0.856298253578777
0.858762089779444
0.864090889548224
0.83856242105102
0.909055375854743
0.839395486042
0.776039216579719
0.895388662663488
0.89045631696425
0.864113742041311
0.904059469748985
0.895320918860175
0.938823424978004
0.879245565519011
0.995599372510914
0.801546037496602
0.964524600831951
0.872129205240091
0.876845700905162
0.834820233256342
0.884028647974422
1.03080400823649
0.922841368343586
0.893318231402585
0.862743058770778
0.943133874794811
0.965289215825676
0.845191092628687
0.950323879748193
0.782789892222625
0.947093317378372
0.955526039003901
0.973487154242059
0.781065836242546
0.9646398082813
0.940904977342166
0.872698668826566
1.01799442613077
1.00445436484689
0.679552589268065
1.00851086607218
0.848796150175954
0.819810956778761
1.09036252169467
0.929612662694585
1.0421235257996
0.925446194209401
0.769821369983183
0.767385002417801
0.979120607905227
0.985655985965597
1.02895137787677
0.954755646999133
0.864504478247677
0.962571707669029
0.980724520913883
1.0371988170051
0.970860794225102
1.15711927939263
0.945270039167442
0.980856385866798
1.07641332332927
0.890775274952021
1.10219409302406
1.05645565045697
0.881029556386819
1.01951119114939
0.942697793512985
1.00091944597354
1.02259164722453
0.961669880265917
0.995056001591448
1.07977347429601
