0.134618288267584
-0.975203559593448
-0.932617770267399
-0.938711080230791
-0.976590955741783
-1.02656133074178
-1.06366496512162
-1.03463874144905
-0.876990885209287
-0.875427669359396
-1.04709704779596
-1.05543864374985
-0.923068191161403
-1.00005761496228
-1.00725114229733
-0.972262897933803
-0.927298262031465
-1.02683715653098
-0.810555258455383
-1.02015176580742
-0.828436576801191
-0.771722905877112
-0.831557873386848
-1.02629377146086
-1.00170774347643
-1.02920351818493
-0.904051614115549
-0.884065321445094
-1.05456060714137
-0.834472410728937
-1.07181348552872
-0.957845719661416
-0.999764745082568
-0.967952029905864
-1.16184774903609
-0.858829732021655
-0.928184570961568
-0.951033424014348
-1.10934983540197
-0.994530647529195
-0.984348958514046
-0.84426376590659
-0.836863079259392
-0.722625443873475
-0.815208323928595
-0.835415452482546
-0.863586435199979
-0.968603726096961
-0.869740157027919
-0.94320990699937
-0.891548956780254
-0.922791313858211
-0.879439801945696
-0.751171900748849
-1.04774405131287
-0.693189794847164
-0.919338527592409
-1.01747564787902
-0.816236936042547
-0.821591097879327
-0.908524537643835
-0.79736352132235
-0.853737787164413
-0.84746432380822
-0.809189702177839
-0.952569702772965
-0.785380299417427
-0.712266479823468
-0.906756901380579
-0.749918403440656
-0.851901144165644
-0.890525493010191
-0.724307056824811
-0.771901451925163
-0.677144526270776
-0.951252115603186
-0.804944401171433
-0.776911349137839
-0.8660078586241
-0.877573788504102
-0.744660982563423
-0.817519681783723
-0.885392945272757
-0.803447653477916
-0.655563822490846
-0.825020004489814
-0.888534313351094
-0.768213733120795
-0.909309230483234
-0.81380224799699
-0.804083122484242
-0.780862198671139
-0.842002516339247
-0.917474488033778
-0.77437199027271
-0.735512686632512
-0.681937862212988
-0.840416702338926
-0.663617184228532
-0.817427842078958
-0.815674441279563
-0.839193671373458
-0.85046305317056
-0.847270052133415
-0.895540777680986
-0.77810760931044
-0.942453701349425
-0.722657480190881
-0.706993229644358
-0.755604260012117
-0.815282906011338
-0.734487033727736
-0.652961652987247
-0.688031063599633
-0.803286875874897
-0.723180812231636
-0.80998257794337
-0.845713608742843
-0.733832343795851
-0.799790074607519
-0.719823166745564
-0.839589453147375
-0.825779349390131
-0.611933603605002
-0.735909462244656
-0.741450648705695
-0.704670685520335
-0.777447526241156
-0.714054357527194
-0.722519016286703
-0.615182475268722
-0.763972691332491
-0.831548247411076
-0.758387812498384
-0.720876569485899
-0.730448833196028
-0.759522464672211
-0.627107060492836
-0.868614178417552
-0.648235755579066
-0.516535176743757
-0.691659446460183
-0.711687617912809
-0.715588714635611
-0.795959576782642
-0.642588566995199
-0.835482891263987
-0.579627438645378
-0.649906991658466
-0.663951704906162
-0.679037134908638
-0.621509003394013
-0.648674390256514
-0.758186276442916
-0.656677392536286
-0.741128778087203
-0.702184563063144
-0.686075702522891
-0.564015412907921
-0.537190031477042
-0.620233989175332
-0.545706251339853
-0.683574651975586
-0.629534485373553
-0.532874646421466
-0.620194668563419
-0.668952651866975
-0.588368338019906
-0.750446708101162
-0.559079994863915
-0.56710751868019
-0.648944644086672
-0.721486346770619
-0.604489604523263
-0.631731319322796
-0.686773057557291
-0.578509193413254
-0.739938026875952
-0.670825891786902
-0.508951694904669
-0.742026434403007
-0.475237926198409
-0.636891429458177
-0.704954243960499
-0.793580003888029
-0.557179194744212
-0.647755599333945
-0.681721894684478
-0.663288021105243
-0.561410208176379
-0.762251192466579
-0.729267668486718
-0.605352848524057
-0.555249222002275
-0.555258730524359
-0.553158498624829
-0.558816970116131
-0.689023296937445
-0.574136839963873
-0.670262503781639
-0.599170700059733
-0.625912093769542
-0.594637773516552
-0.518850038826352
-0.659746316352239
-0.535511748656384
-0.578078222948416
-0.580238701622116
-0.535512418958404
-0.491499519773085
-0.605064043760366
-0.594644396990509
-0.519588816819751
-0.461661639247265
-0.608414797530399
-0.511385682549281
-0.553483968705054
-0.466710451855945
-0.572224625930512
-0.514958147581407
-0.471821018885666
-0.606785419901892
-0.610070993232753
-0.656054123496465
-0.573154039955484
-0.571477805528506
-0.588922970430216
-0.497116129599982
-0.657646275741324
-0.464309185444583
-0.600888598755194
-0.534315293222195
-0.389782411221292
-0.522560379417803
-0.470137786791534
-0.61755776232246
-0.412100563832016
-0.4317173643615
-0.569083927155981
-0.454011517790447
-0.618990906604152
-0.54099799924401
-0.456569833579256
-0.541689396662465
-0.609644036388175
-0.675800859166184
-0.491299784738744
-0.481508165490574
-0.497390844838766
-0.307748222186739
-0.415189995428053
-0.44304943236557
-0.42079659476705
-0.551526313321236
-0.552106761986166
-0.513879573512759
-0.483684541124861
-0.495812406347697
-0.54111879987599
-0.472661157826227
-0.629371755346593
-0.346176005848439
-0.468286324464398
-0.385956026240008
-0.648679271416907
-0.492123848110237
-0.598729175122414
-0.524505496976852
-0.302751276189193
-0.536897911233024
-0.42789960183492
-0.46930898001021
-0.428269206156499
-0.652619262568454
-0.491766112411724
-0.487611493386157
-0.576068995659096
-0.640612459054528
-0.634497524841043
-0.601909803031738
-0.378500199423212
-0.335794574529691
-0.520172273791389
-0.409044309010512
-0.356711255096259
-0.426297410911985
-0.270917765865729
-0.447087804411776
-0.443155178487488
-0.472131509603719
-0.41457412538782
-0.380215529635084
-0.500202754914529
-0.391473795273307
-0.327456563234608
-0.459499482133655
-0.481439386535138
-0.490855942198614
-0.298552842443481
-0.261134348262061
-0.389844671432874
-0.440010789467119
-0.434373979827822
-0.39670904789111
-0.290635729807174
-0.369695811824963
-0.422905736881286
-0.607675828432146
-0.492523869824803
-0.336131815450443
-0.39250942076205
-0.280813290763935
-0.188862141802718
-0.423128737133366
-0.522500855633367
-0.438992056040653
-0.373087534290824
-0.362358235249032
-0.301473592668121
-0.433053791293735
-0.408965599178241
-0.426623789557283
-0.35139371434346
-0.257811243950877
-0.331801369947341
-0.325778508422259
-0.407307733703725
-0.129323390312517
-0.368629735690321
-0.479480319189248
-0.269659911414797
-0.403208218435407
-0.292332678758918
-0.199845947857133
-0.512784595451706
-0.211827016807993
-0.399244431701192
-0.280522771693013
-0.347536045772256
-0.368264621660676
-0.311734846707585
-0.363352443607331
-0.39803013416497
-0.32954628460273
-0.231262997286801
-0.304114312749987
-0.316896061498494
-0.323569778432601
-0.311072412007386
-0.325584389944369
-0.365770120887621
-0.376608456957413
-0.174914145959789
-0.195718751847907
-0.186590735623637
-0.274779698427679
-0.292040322058571
-0.233941417080129
-0.238513034775897
-0.293910317864693
-0.2715492678071
-0.309804126388339
-0.341997183624472
-0.265230788947371
-0.20584328088753
-0.234316760061265
-0.314915716920549
-0.203685209366769
-0.342635502290808
-0.316663481341141
-0.163078598994207
-0.225677365201706
-0.116834291215903
-0.355049996810437
-0.181936006880228
-0.283034338114698
-0.253999125636347
-0.167110551604496
-0.181143895141989
-0.270167574303907
-0.234780726221604
-0.292355827825501
-0.379247837497666
-0.161609959998854
-0.301835723709758
-0.178948675333599
-0.1451840602503
-0.275398738286189
-0.118960340527393
-0.204245931914934
-0.20737159343645
-0.220288558681084
-0.23708998488067
-0.221342499283971
-0.20806169484913
-0.193154709335588
-0.243011776388763
-0.0573424812176958
-0.17673795787519
-0.161639875269406
-0.143900407721206
-0.126380710019722
-0.145318863110464
-0.22773862025029
-0.0848729317044774
-0.326207685851919
-0.187451638850637
-0.266729604474341
-0.166038867396556
-0.152933128517102
-0.103661576442695
-0.270100393762265
-0.203436984522669
-0.170760621411329
-0.249677624249562
-0.0942672637986929
-0.128171414828801
-0.147348327674915
-0.282047630758653
-0.240376282183273
-0.0857285392409815
-0.0743520362715639
-0.30320900822814
-0.0943724273592736
-0.323143210406979
-0.0905770781759577
-0.160431732017806
-0.0563437952920549
-0.0214933246082451
-0.169769019920991
-0.172431535063386
-0.189292479712268
-0.0712674789553261
-0.15188321127803
-0.0288666523989887
0.114139564708628
-0.0598037224104724
-0.183002065227901
-0.17537279958448
-0.122919650091703
-0.157201786336624
-0.218893023202872
-0.194995647794672
-0.0924713620306601
-0.0475846964129623
-0.0292182022065956
-0.13616538653357
-0.14908406941983
-0.00550561951919975
-0.196415040362825
-0.125614516709764
-0.0243106864557665
-0.166197695068178
-0.0710934836798702
-0.107996568032972
-0.0468693183276417
-0.0659388665613251
-0.0629138163720111
0.0643219891884049
-0.0568388883573582
-0.119133846048455
-0.0737679948927658
-0.0990594463923206
-0.0369907139818562
-0.121523748184944
-0.0291436632839079
-0.000428987772589519
-0.0410945587168823
-0.0952466841470379
-0.203701852705769
0.131060449590353
-0.0175964373336394
-0.0358987936220329
-0.0983980207879382
0.065169794306834
-0.0711209504522144
0.00562070808865712
-0.172307025072744
0.0140244253400948
0.113465773190949
-0.0769482328275659
-0.117010139712904
-0.0709706442804567
0.0808964703627702
0.0436907784833073
-0.162110469327443
0.0153614654021031
-0.0253245675379405
-0.0291607448212964
-0.0545836399272487
-0.0605177223716549
-0.028739839971205
0.102036641163834
-0.0993833459559256
-0.0141072486491752
-0.0309291000059348
-0.0289338225085008
0.0104581408742023
0.0460478776798733
-0.190767254591729
-0.0176097697464539
-0.0694998497555829
0.0371740540321307
-0.0519003032813539
-0.0945205983726198
0.0478723344151568
-0.0586718154204884
0.105730443251813
-0.00870974600835626
0.0751459853782799
0.159787639157935
-0.032681075557523
0.181633532274399
0.0319963813436378
0.0597265149385529
-0.00636316551546296
0.065649984909855
0.0965750655070067
-0.15634586376166
0.021027555502158
0.0357397889174495
0.0863310410910981
-0.0446830406617646
0.239880072673923
0.0738044138070448
0.0496933802177253
0.183593083550715
0.118417808552826
0.0361405984232096
0.0517437489750164
0.0261292026757943
0.102850665624296
0.0386523583361186
0.0524850037490955
0.0818339693242856
0.0638481275362352
-0.0353720839155523
0.068352425504112
-0.0183831384804922
-0.0171090579665161
0.137002206761178
0.0975153569822609
-0.0490960487309187
0.0158803997979279
0.0539494569172787
-0.0313568504698446
0.0603773690384014
0.0507298475636804
0.0517852180272921
0.153349020503763
-0.0450400233256267
0.145619463805644
0.0179545457068988
0.17404243871455
0.108621136108324
0.0507660384837049
0.153211261827872
0.341013932888981
0.103479300914345
0.122084858365578
0.183947203261557
-0.035113759587362
0.0718664390929735
0.0788685669873668
0.207055553504975
0.221375954030075
0.180517917076007
0.167309258901457
0.0352083315454509
0.097032346477761
0.191779308585088
0.204264534565286
0.147625600221013
0.00771021070635208
0.0903847867299212
0.214586771801302
0.191014047508324
0.117530297730577
0.198645040173586
0.091626629624757
0.345342189379562
0.0642579619119338
0.138897458785175
0.165171060216576
0.267444491970448
0.203580151574131
0.0716564481467835
0.161658674926287
0.254279332256406
0.229358636193517
0.267660756429444
0.199378601985705
0.158665880486865
0.138769506161167
0.0240093601154748
0.183163210711691
0.130341676481878
0.0792300204114981
0.303240354622245
0.150629112912316
0.204039377381066
0.165433909413228
0.208598155617035
0.182004954150894
0.100773316578615
0.214633884487964
0.308023816416795
0.191839306984688
0.278066065780873
0.16940341981419
0.166669093625097
0.242322333590447
0.113508935971873
0.184167721226987
0.344363090469973
0.1556281655711
0.273616949476772
0.252128855043434
0.285400396627248
0.261065610908706
0.239719262938897
0.389248586520443
0.198910173304284
0.273048946686317
0.234134255668056
0.286129362541561
0.320006177755395
0.263419038154363
0.166921609198939
0.164611057022857
0.0262270247619878
0.18316387546864
0.307353960009894
0.34076227564955
0.16913728220873
0.192506997778685
0.389535087966547
0.371248200331337
0.300817176965419
0.161756930786904
0.368038191273688
0.274036631330464
0.172353994139208
0.444015183595075
0.214214849308407
0.231378089254836
0.248543420794121
0.216196283779902
0.25944926273308
0.239446617405951
0.271959890686479
0.326719520924702
0.310210462787511
0.229688041362116
0.325862620599633
0.341659055149557
0.26429664228044
0.407311547085997
0.204543381069855
0.246255846717347
0.48924293168807
0.385667104196385
0.390158570716319
0.320072163871539
0.263867390520389
0.197499925462888
0.347804495457262
0.305537372953627
0.38082630382206
0.337046537050365
0.292678206413319
0.418279304269742
0.382566677049804
0.412873059357693
0.41361562508104
0.426498340261594
0.311305703740236
0.335885223838086
0.291204164551717
0.27861730504171
0.48185886330547
0.339638494000839
0.381309498977468
0.200736966344931
0.185330021063872
0.345237733083438
0.353096207556147
0.267967540204177
0.256364216753362
0.320873343672264
0.391476779242812
0.375946555973241
0.276995981443414
0.40707887240689
0.326348104091562
0.350612884025419
0.493836183133175
0.519425742617422
0.362186355640595
0.529705092447242
0.228480918661271
0.45161675471672
0.426270388530827
0.491038341281173
0.435999159272651
0.269963955831625
0.512438068230934
0.380592056064117
0.600862933213497
0.423052810724896
0.481036903528756
0.584170938177352
0.41829230237607
0.432902571454017
0.37266134844996
0.377679405716577
0.333180190978062
0.302064403818606
0.552622970558863
0.360125391005372
0.455233773503365
0.426170612250464
0.419927303027858
0.392134451915556
0.30979660065956
0.241534669693488
0.401322257849501
0.242372789384313
0.424592754805734
0.38181961432706
0.435351295069959
0.38175443568268
0.458439788725054
0.499576161981348
0.366503493131151
0.331851451215799
0.514679913584013
0.464196855698944
0.578164098172538
0.579503664911129
0.56653587982691
0.587809951743654
0.41915565271877
0.620783079145558
0.353279375464663
0.555512108195333
0.46823625723766
0.443559886469569
0.473828696426164
0.416269321662242
0.422198255460316
0.547979013717517
0.545253312940985
0.583605160396776
0.395385899281858
0.461721969824505
0.438556329196069
0.369247153314252
0.650279226243748
0.477022185705504
0.604119881999054
0.615244086970269
0.577404382911118
0.463511422866421
0.600503592977562
0.455395659338368
0.557525539733373
0.688688745845576
0.579932170749221
0.643043064094348
0.549265391199587
0.356124898789549
0.628827711768024
0.541530412365306
0.623740661200098
0.532347836412874
0.432801259098888
0.518659237833108
0.631770986007901
0.503256945878784
0.502426568575453
0.588474881500846
0.509869223289695
0.378347466183602
0.480989054843162
0.588931867370048
0.591027240200798
0.519399192215382
0.556835427080206
0.597935298248766
0.734008087414231
0.754986833710231
0.551443718009457
0.535075854601134
0.394651835194703
0.472782883194232
0.631839040543797
0.635845918274008
0.654965238257213
0.520195981008252
0.573240512376254
0.6685714656144
0.662132300045207
0.541202858550031
0.59383399690669
0.554714858183112
0.646646363000419
0.582879886614366
0.525015204836815
0.621863978693738
0.629158115111892
0.641923000118854
0.514475264006986
0.692368322023835
0.664943573088776
0.682403330685589
0.679789425976008
0.63127412919595
0.537032280918886
0.737256002863735
0.536842445646995
0.664706176578958
0.670481130441706
0.586642024180902
0.725988572842848
0.607046304202846
0.653578715521018
0.53885050194327
0.702584330661665
0.645924448460855
0.65394200948777
0.644449865304795
0.727098088526361
0.783633895831482
0.738321768681319
0.706317134848907
0.76897014144389
0.645357870198741
0.664074193188137
0.417201343754529
0.657961985424752
0.783230903747859
0.738003511183591
0.628523247494615
0.764727273671336
0.584127234371497
0.776919366385264
0.609397076448392
0.654878061627081
0.635284842566225
0.639527985961604
0.669889299985496
0.686781238697654
0.81339261370235
0.816880426846095
0.765000386047921
0.800689591822672
0.680729170908997
0.742832060939426
0.679222870289603
0.681733713555223
0.761790819911919
0.719220331960828
0.657548601241312
0.887384017594332
0.689806569090146
0.69524587123418
0.80853354694525
0.857119332625273
0.736519035139089
0.554790716430401
0.589145220091135
0.653624826218356
0.818377853244288
0.77770239377429
0.657159001651342
0.676140826230841
0.672164686639965
0.865529782898658
0.82277373381642
0.738773728676807
0.724254189224217
0.814381549072467
0.828903021496307
0.723501872712438
0.815771622517886
0.854157363210402
0.595190327615841
0.682017823768157
1.02385308756065
0.574318001913098
0.755728626322359
0.857846565203797
0.745250045967527
0.90559579331954
0.73163159861515
0.728372263729989
0.860128953820921
0.718084493392108
0.623131898769261
0.77657303750587
0.805054306747069
0.752939507353113
0.890309397478335
0.721179529557315
0.926666343620819
0.931086115159855
0.907324117130175
0.887809783316375
0.720526269523335
0.859234566514945
0.718822790586633
0.85358143811704
0.858394192423525
0.920012605325225
0.795814530201083
0.756601313892582
0.904857980551962
0.766648620143084
0.936657252755084
0.856448912636478
0.871665230178069
0.819877491096574
0.836018504484674
0.741088647898952
0.872136317966024
0.809947712767118
0.805042098170923
0.791644876145215
0.797189627695664
0.81454442508459
0.778946866523079
0.744416586428597
0.901460418709474
0.841753814213056
0.873834241867034
0.907971191739335
0.892444506110779
1.03403198565587
0.917226448068733
0.780221204214804
0.753107191537057
0.940470399164318
0.86652273847979
0.892195153782318
0.780504622918894
0.856761119466575
1.02188324853879
0.998669699137159
1.00745551084576
0.972148586242299
0.806558287998474
0.825063052046248
1.01050722148407
0.806802212716862
0.959893988519855
0.964011762844345
0.936557079732352
1.03198176970686
0.860073174865021
0.804644708623082
0.792286618019207
0.958595961811478
0.910567141955531
0.926100872168502
0.899545614631366
0.865098130997916
0.941065057798478
0.877651597027143
0.920239280338121
1.00742749622307
1.04292057883187
1.13772490986545
1.07008629328257
0.897052674528611
0.894943873722349
1.07434555131582
0.880603970303879
0.930608133302871
0.826303484562316
0.900613856072963
1.08015875523611
1.04491564819875
1.02769798820044
0.877485930033767
0.970285645457687
0.893034568843033
0.877535058879344
0.940510226364566
0.994521030967886
0.930491878175376
0.955074319645179
1.00289065373062
0.877992534416979
1.05681200899473
1.00920853040012
0.868975381171651
0.952012981975425
0.922473646193134
0.982177523507516
1.11462202244564
