0.115604292333022
-0.972927547070692
-0.951274919513273
-0.940617099805794
-0.971236918200444
-1.00566564901329
-1.07096791269374
-1.02699686272985
-0.893886615953771
-0.887217547333273
-1.06965358173298
-1.04161805259355
-0.934801198914498
-1.00818447256138
-1.0032100021718
-0.98192419992627
-0.945436348859241
-1.01072734689831
-0.829996726461259
-1.01261782056859
-0.826487562926754
-0.795151048830934
-0.845712055010446
-1.04239383923041
-0.973015538972902
-0.998535463636977
-0.913520341136441
-0.885641799962662
-1.05214818530491
-0.852648865327426
-1.07546597054567
-0.977482556950489
-0.995333616173058
-0.952868169108603
-1.15608271817305
-0.849992811611273
-0.956154772165789
-0.950252979273638
-1.11874384267131
-1.00301140173062
-0.971469767289862
-0.851126556234824
-0.827340751073207
-0.734315922652
-0.816656759017798
-0.829433121615804
-0.862307266553773
-0.976215052036257
-0.887717387547077
-0.928783254211589
-0.901916549655665
-0.905579682786536
-0.893961327105829
-0.755708935890064
-1.05461422796905
-0.692590081261814
-0.934080563074676
-1.00551930066562
-0.834824364301479
-0.82246040001668
-0.907126072220584
-0.807782131178535
-0.83744111568921
-0.871245575301915
-0.802540817359
-0.950037108393097
-0.802171740728607
-0.73219756664633
-0.905925068610074
-0.766303167229091
-0.858537614876371
-0.90167889938231
-0.726746245601362
-0.777345969065921
-0.68433867958261
-0.957729036259282
-0.807230735711211
-0.788479707119597
-0.854774911836517
-0.865964740098236
-0.758622233999306
-0.80342497974346
-0.87983460649144
-0.773418984146682
-0.653867012385864
-0.824484780125957
-0.867329799869027
-0.765785473679209
-0.901312684503564
-0.845329168181369
-0.782974973116222
-0.787252013461248
-0.850259842372742
-0.897808111525991
-0.751584436864882
-0.754103372485417
-0.697348769845018
-0.839827852634238
-0.652384544866874
-0.834986151301502
-0.813662751746728
-0.815489329545076
-0.831540675462984
-0.875431873064533
-0.881552008830069
-0.792674508882345
-0.937764449198475
-0.705296541137188
-0.721461433488427
-0.729481096300791
-0.807030736991256
-0.734446430236369
-0.67368178474935
-0.700477487617456
-0.796937662486109
-0.720142298590066
-0.806203297897532
-0.843306648568941
-0.722376674250663
-0.807357636345554
-0.704473085198668
-0.82822696252498
-0.832629072985773
-0.573431896749311
-0.741607254190173
-0.750026079820453
-0.718362225642756
-0.7447122420789
-0.723378236687053
-0.71746504114512
-0.608380907356691
-0.778811108649191
-0.862241638946725
-0.752891780077607
-0.72065950794254
-0.732213502949814
-0.765733560425989
-0.605834341717358
-0.852350273273398
-0.642779109385486
-0.520569939701153
-0.691703566470534
-0.716050413617448
-0.742553424166999
-0.7805456548313
-0.648643869593575
-0.811328292815692
-0.577891600078871
-0.643886723348418
-0.678918958817664
-0.687233082766684
-0.63678290532002
-0.649434363940563
-0.737626054109092
-0.647988023015542
-0.748027371731665
-0.706566545894152
-0.672592653940328
-0.572491423905419
-0.524959012078408
-0.618006163347478
-0.55538062993498
-0.693766224995465
-0.649676455875242
-0.52594960933121
-0.609287804426607
-0.66162822390937
-0.583788324407
-0.740396239156722
-0.555816454943658
-0.577683539244704
-0.639948690608106
-0.708873797405622
-0.601565969016496
-0.630641231594644
-0.691394204550703
-0.589041239741649
-0.759770088379416
-0.661188204345677
-0.5002022615631
-0.738231475037767
-0.487735942505073
-0.642517545431721
-0.705159984610675
-0.779784492242932
-0.556054444280864
-0.684755533484677
-0.684828459199649
-0.695183180791861
-0.563128048197918
-0.757534846287696
-0.74197409399649
-0.581257675957296
-0.533015788522012
-0.58779832264331
-0.543341138628982
-0.532922392259099
-0.696894368708275
-0.580726128643737
-0.663226424771856
-0.575739916820452
-0.606922355980056
-0.574557338550508
-0.541585101591112
-0.641353524594645
-0.524712694640334
-0.559037791325255
-0.600387014204954
-0.523913491285411
-0.489565318194146
-0.604909692153168
-0.599253526976813
-0.51793955333708
-0.453323060286813
-0.609130068701811
-0.512682602321652
-0.573806247720517
-0.497570348059529
-0.568667595561606
-0.533156412397699
-0.474994741632635
-0.60588520441761
-0.605696263780286
-0.654352359064396
-0.584152591418477
-0.583049048898376
-0.586612842613672
-0.485943012614687
-0.635240436833295
-0.486488225405809
-0.615640073584627
-0.553666024871529
-0.386457583537525
-0.515105193600249
-0.490437102976129
-0.620063199193333
-0.423748905402715
-0.438768940276727
-0.564865728877336
-0.474206115390166
-0.623371886810933
-0.54486142960049
-0.473603470405179
-0.525406964146561
-0.607272016606334
-0.658198723198505
-0.48932607997235
-0.482505333300686
-0.487645392966043
-0.325537863043869
-0.427458041009053
-0.454492161233276
-0.436764344402331
-0.552513948755856
-0.569852547970064
-0.540813165693933
-0.491831827387592
-0.474457889908729
-0.553750314952003
-0.487720630121147
-0.619608633652125
-0.366732695956254
-0.450406248510976
-0.388766410412988
-0.647288981760033
-0.506028184964027
-0.57940100163079
-0.498436680019676
-0.291108256404051
-0.533524379453622
-0.447678473405897
-0.464350868958644
-0.421991006005859
-0.64787907315808
-0.494063659043716
-0.494437189344861
-0.555354157352649
-0.630306024714215
-0.636485365342628
-0.591713476729046
-0.372540388490635
-0.339274771162565
-0.524058786633755
-0.400117318562749
-0.3616544141495
-0.441188023147509
-0.264762113206112
-0.438219145893883
-0.460993941995133
-0.469659355128826
-0.438219995775462
-0.39529512910986
-0.49290944969673
-0.393871747673179
-0.308976758974882
-0.458518347402163
-0.485495980443186
-0.49175722671063
-0.293410108372522
-0.27431205585623
-0.388507861349693
-0.423869365707565
-0.440347603421349
-0.414322842371104
-0.29336622759976
-0.351547953467224
-0.411841374200592
-0.602776506743244
-0.49819608116659
-0.329621537216885
-0.392233267313935
-0.299854636686435
-0.176254258314687
-0.424711693969934
-0.520099523847133
-0.443379354504783
-0.373930804441189
-0.377062762771875
-0.284933127920125
-0.421104095718996
-0.376003766883295
-0.441689482997463
-0.325751929499227
-0.273818152458682
-0.333526945546592
-0.327747668071199
-0.420811725663346
-0.140685404254703
-0.355906899424304
-0.482781499052105
-0.269945283164629
-0.42605216296457
-0.308569616898441
-0.202206469864583
-0.515409226325781
-0.218439236705352
-0.407739760061979
-0.268025678243411
-0.349653952548952
-0.374054682964263
-0.310468103660926
-0.356977475596224
-0.39041796454068
-0.342060489092674
-0.22247175704571
-0.302161380970911
-0.309981195058057
-0.3074029820724
-0.29820740465424
-0.328761600194513
-0.365835332932726
-0.384398638808505
-0.154682029030559
-0.188415331306906
-0.18201997800285
-0.252080806857183
-0.302131053052724
-0.247532255822331
-0.250014265133983
-0.295014244001249
-0.265376616506168
-0.30013147287342
-0.331740540502181
-0.268031861358063
-0.202125424780036
-0.245524610094751
-0.318632519281432
-0.193788462386166
-0.352570966242521
-0.31485884660457
-0.135900314551221
-0.227193963928492
-0.0994970043989751
-0.34517112885264
-0.189415128307568
-0.282967018965164
-0.227389313919554
-0.171731044952427
-0.18364298157951
-0.241661700412051
-0.218611181274426
-0.285510161101363
-0.388352576171668
-0.161545624108068
-0.309624549676072
-0.180483568445186
-0.137190236672725
-0.268496044911881
-0.0939803807884016
-0.223757694101449
-0.224883620648697
-0.220792947371905
-0.248163592525126
-0.220965573440434
-0.225543730836164
-0.169987250195928
-0.21783235740806
-0.0457071321654333
-0.19946346693672
-0.175673238146184
-0.147639898596574
-0.125607457706834
-0.148888898283549
-0.249073989383004
-0.0936793897433757
-0.316172229165245
-0.178454188715667
-0.267929581296246
-0.175860886849834
-0.155797450749949
-0.115761940262469
-0.268084407907838
-0.219802197638815
-0.160694352976256
-0.267861218716174
-0.083467140548609
-0.122677071029444
-0.147456741509497
-0.276011080956468
-0.231889358527787
-0.0747651243557802
-0.0942445945268048
-0.27617011404405
-0.0927285294289489
-0.298857553700072
-0.094540361783352
-0.155472258086497
-0.0461441425793027
-0.019315271900246
-0.160051603433563
-0.145943246839891
-0.180115372522918
-0.0551873937506402
-0.171751822598685
-0.0276898665140151
0.131709736408091
-0.0618469952289319
-0.207617015801464
-0.157422857284842
-0.112045854945158
-0.150225763138378
-0.223966097759687
-0.173237385523967
-0.101682291310411
-0.0505768911207244
-0.043450244239326
-0.149464985552754
-0.150157171096746
-0.00996757638885592
-0.181186386362363
-0.136691518794023
-0.0176913558301964
-0.168393418486296
-0.0899735493064367
-0.0964451232592348
-0.0667453439902879
-0.0872414499507643
-0.0541271156690006
0.0585833119849766
-0.0557447249241096
-0.121181457813735
-0.0748630948387691
-0.105398516549969
-0.012767852255895
-0.0971874428657219
-0.00614184076097726
-0.00534614876174358
-0.0403503306973357
-0.0943952430897606
-0.194109179638453
0.144421058368206
-0.0337147422577901
-0.0290361610995207
-0.104580963493322
0.0441232752544313
-0.0371819973057579
0.0246575185931362
-0.157429868426111
0.0328379839472344
0.132524167350747
-0.0881324015910584
-0.127617681935
-0.0688052262904307
0.079425424122615
0.0715788331556958
-0.162849811917729
-0.000632932868360697
-0.0518233621777028
-0.031542664022632
-0.0507782955269299
-0.0407924258047817
-0.0341224613307198
0.10618347557054
-0.10359615932242
-0.0468864477727927
-0.043509130233626
-0.0478583553343998
0.0394536305565306
0.061821876192164
-0.193083977113762
-0.00446264038498756
-0.0513664715372621
0.0297088205342068
-0.0435200809188098
-0.116840215421688
0.0812082315822095
-0.0473520340945705
0.0989882954065701
-0.0290004276312524
0.0649827949180577
0.156821202196277
-0.0367604855262061
0.174601213244193
0.0168185452350104
0.0471332825314195
0.0123973285983194
0.0734765960711264
0.0822725414060699
-0.168047230317219
0.0126768719437993
0.0151977951579061
0.0812289548361508
-0.0712194297701779
0.246242424243058
0.0539789762850245
0.0675119293365279
0.179024093176125
0.128965103369008
0.0695361382962799
0.0674216509929148
0.0531356182620279
0.11604911802999
-0.00167665951102647
0.0580960303798988
0.101626745517568
0.0644248443038982
-0.0247931727533954
0.0681262268186221
-0.011692817358416
-0.000950288376563927
0.130926003951485
0.0958043274679397
-0.042304868043944
-0.00405308427663371
0.05506896038535
-0.0214269748799156
0.0570491500347096
0.0594555570482263
0.0572158474722627
0.153518273111609
-0.0541070302736856
0.120970977902401
0.0219296595609353
0.185880602532953
0.0972109632658523
0.0589816865340015
0.169534709120418
0.320874403869745
0.117267642262171
0.136337497523939
0.175699713846
-0.0236309597675817
0.0557240292979667
0.0812898739838109
0.206646219334715
0.225782655429789
0.175867568570021
0.147458122720903
0.0308826082433547
0.111362650595659
0.160874131839867
0.215669195332458
0.141625441769178
0.0287618781462641
0.0869897801804478
0.226060176280756
0.213661793356001
0.0987066925572331
0.202321108264686
0.0966454556511403
0.350943004796101
0.0659303908981054
0.163158861513801
0.169986848198878
0.25758215119141
0.187377606325414
0.0636541635508154
0.194692437342138
0.265822100931344
0.229347764330183
0.269745931655395
0.21134129957174
0.181621620407185
0.161665473188464
0.0241159181178552
0.184427966062293
0.133906518381572
0.065056446608792
0.305227197463335
0.14688777408604
0.212635976587123
0.1984300401273
0.204486881685456
0.175760055788336
0.0996066890316006
0.224583597482203
0.298248072687904
0.216152324217487
0.26019900734479
0.170852008521386
0.147353333698673
0.218540607714027
0.109383982837527
0.198378122783088
0.347450436531935
0.146534336864054
0.269195513388028
0.243050867892044
0.286273766811566
0.251695850313214
0.242397155591314
0.377010645815187
0.203784310515514
0.270699087669154
0.210221282143127
0.302588018636219
0.301262306289429
0.242033583601405
0.179484733233261
0.193560379002975
0.0222576355275458
0.204368745403395
0.291381429470437
0.316458366585107
0.156229217231078
0.174453609415941
0.377656656267686
0.366271750661624
0.295379828031426
0.187981095009584
0.368670276444325
0.268473786455633
0.167850457627816
0.450253317934169
0.217516655297063
0.228736027407085
0.250430696300472
0.188531275539478
0.255578327875196
0.220738388151206
0.270681677654404
0.333369414733411
0.305861376462334
0.215328353015107
0.336925292609146
0.354491171996404
0.272433709795871
0.399287912252155
0.198967077797723
0.22682214841485
0.493334402754169
0.386293377646893
0.403945077192144
0.335040136320204
0.239253476584012
0.207111977945625
0.32731806503561
0.291055674311089
0.383153510453755
0.35796766237577
0.272442449075317
0.419262407910644
0.386970737122927
0.419640596006115
0.408236324637615
0.425563043021513
0.312417881836678
0.318995678726135
0.277585308668313
0.249550203152581
0.504031281760776
0.315528325962173
0.368476093607305
0.187804454211759
0.168116047384586
0.352604880744402
0.351333742858144
0.263239676593649
0.261657663488886
0.322082958982216
0.382658146844778
0.363813072812669
0.308389128656449
0.401601977131925
0.334000771138167
0.332040852029379
0.485329295322215
0.519223604854669
0.382744038664706
0.52047133155145
0.255670155511708
0.451915573612881
0.434256595423814
0.481393000925527
0.439698066604052
0.313964477147226
0.4826958307441
0.387454895598135
0.563909263639959
0.419446433900877
0.482286661304338
0.589603594838275
0.411913071490014
0.444833769030375
0.375519181631199
0.374758227088718
0.365994963627328
0.321653220911881
0.544556039688497
0.362293959308457
0.471686857177254
0.422478077927552
0.435190879231827
0.400456437085344
0.295837974366898
0.250147831740269
0.392503973167476
0.26432017794825
0.447673512572187
0.37895758479521
0.417765958903889
0.356328320823427
0.426850293136072
0.48234911093906
0.380279100199037
0.320184351831635
0.510009279530691
0.495312788415327
0.573005965445705
0.565220023177656
0.56185502375849
0.569640025220345
0.415191270623341
0.615648701996352
0.348690399689812
0.549016347743011
0.47423814522897
0.442968000385686
0.497245082736538
0.423080649358461
0.429945095760982
0.569428101385915
0.538533117888458
0.586853588775352
0.399034755592346
0.451831966310848
0.433218780925871
0.346025482502607
0.661733748623599
0.455597776753563
0.580076846494418
0.593532076071201
0.575942724508073
0.465373348953381
0.6076656613859
0.463457413082977
0.56621113334659
0.687936902090732
0.570096372209765
0.631781817234632
0.527707698121153
0.370749168088245
0.59416227283844
0.537875005046061
0.62909624405362
0.516770001851191
0.423105282334448
0.481528016626185
0.634771451292329
0.488526219294737
0.521600892543532
0.604207602889213
0.504506600183128
0.38939282137816
0.474564374885449
0.596768053455644
0.565085133297153
0.505787617750828
0.522380912257997
0.601247135953224
0.726251521187571
0.724385779074506
0.545226919081421
0.529648550493176
0.394306735743686
0.479352638312577
0.620769965668336
0.642560067331579
0.64240390072045
0.523086414393806
0.57508801527204
0.667574030820326
0.662197413088778
0.534303298159938
0.598656708017194
0.55663713905951
0.632883781347292
0.591466566640222
0.55130795813686
0.611960491604616
0.627769588274009
0.626787864455527
0.503138750595422
0.692540368905425
0.65470651124779
0.673383881890118
0.668252181976818
0.664147754566007
0.54996041112405
0.741734552196614
0.55183469734608
0.651822417423919
0.676464987561427
0.594782250028633
0.721689909370352
0.6148512184986
0.654146511410953
0.53018589098224
0.718169394521741
0.660003699592777
0.64700109866347
0.632730726779762
0.69875301468224
0.755331910569511
0.732603715239401
0.720286077277262
0.743213841912994
0.65350090397013
0.670184642731521
0.412876695603833
0.663398851529748
0.775490603035427
0.709986981120116
0.629965413686379
0.764620401162884
0.565219311438201
0.778494366866233
0.634906264714808
0.666553328737081
0.643257793115129
0.636838620902336
0.663408470703309
0.681120037372457
0.796301687725385
0.780374327525066
0.783568135253331
0.802679166160019
0.667936843327605
0.731693689747493
0.677856944970714
0.667021924880398
0.762507317649812
0.738300877807681
0.662854190388435
0.90598161352937
0.704211701992215
0.694044475495101
0.809622798459111
0.877122848685847
0.740290680146425
0.59490681046512
0.60213354936557
0.640494351650733
0.826142497718594
0.781885418772112
0.643135787259002
0.684742922471734
0.687384734549679
0.848618234996833
0.822368168554137
0.733199200072709
0.722515681514727
0.821485358794879
0.837679088533079
0.715252400142051
0.829822568391593
0.849616154460645
0.59046820802129
0.679051363266032
1.0345466666743
0.552461996326744
0.764979449678541
0.863549425100338
0.733115249795333
0.933180289479034
0.759599326269928
0.745670617337367
0.866390312095675
0.722455369534808
0.628757045458155
0.782133041277196
0.824431222210524
0.759824512931718
0.885992926395234
0.73777450460886
0.910153727765123
0.948700702313785
0.893592622343787
0.902557158396645
0.696533890375847
0.876213892412868
0.691219475597439
0.845859044041918
0.843129517723263
0.881001792082022
0.800404425871222
0.7433391019268
0.905125276700853
0.75276886129826
0.933668375595377
0.85851474739548
0.868540865614218
0.814887402419472
0.841188160427621
0.766159148156236
0.866550785511785
0.808235281506596
0.792531768794921
0.747970608282832
0.809468479316225
0.837400939726912
0.784824210097982
0.78459197007337
0.910215932177254
0.843790063074021
0.845091685752307
0.904990660328659
0.897414154265882
1.05163569105595
0.897176993534055
0.784478707381976
0.745900560163213
0.920203566253154
0.861582521226201
0.916808445410688
0.784385744329489
0.856912040526738
1.02624461532251
0.968408398961056
1.00619422111537
0.976849237864278
0.797195566645239
0.842490808512591
1.01024199312565
0.804730613336576
0.966340209469297
0.977675272028586
0.925771604758918
1.04005293037247
0.85870031019497
0.818239746581618
0.785618384008872
0.973015276013146
0.91709338040061
0.90687685212191
0.864931201742081
0.859210545302777
0.965353952223169
0.894264729076989
0.9191324521244
1.02294411446806
1.03936965067925
1.1455785372738
1.07653207193274
0.890407147300109
0.886586706939979
1.07719479286728
0.885747071137419
0.940816000677614
0.821950992662384
0.914009605259552
1.08075756069852
1.04444491502913
1.02372563859683
0.862790135911535
0.959515733219594
0.89148223603655
0.880871965903725
0.952281129039444
0.989638959317048
0.921345490900521
0.954696431626833
0.987894763003406
0.846948846817852
1.05318983505398
1.00052371987307
0.860367846638465
0.943216239911827
0.930158354964006
1.00457696107577
1.13365529764294
