0.139483886753819
-0.99181722207031
-0.948679355455067
-0.926355105458713
-0.979529326335781
-1.04868305106067
-1.05876050636069
-1.00762107943804
-0.883677121699033
-0.881200888619243
-1.06774063997
-1.06299758560133
-0.967257335079762
-1.0000043417558
-1.00457398905619
-0.996456005186224
-0.919265131227485
-1.02498051710391
-0.803741885864377
-1.01210795270088
-0.821423777494655
-0.766245625430884
-0.828811197432419
-1.03011836816908
-0.995606577295631
-1.01376663871794
-0.901476875319714
-0.909764572094621
-1.04096007618811
-0.808291051616486
-1.07834463002829
-0.966451863234191
-0.985616467547745
-0.968004928311175
-1.15123352790044
-0.860775294727351
-0.96154177676472
-0.9546075198548
-1.10692666394825
-1.017061985152
-0.953315149606702
-0.847161817589247
-0.828057108192618
-0.719938740302471
-0.818214777432505
-0.826373063665792
-0.862616325721352
-0.971416871801996
-0.879869506159244
-0.912719037836354
-0.913944058200443
-0.899813155721999
-0.886219000654881
-0.759862903804217
-1.05000098123614
-0.702790111565633
-0.925654068707117
-1.00481549870079
-0.831641524084931
-0.838175653473956
-0.896150345519992
-0.819389569835527
-0.835349883892577
-0.850524555792202
-0.79851072307805
-0.923280435381678
-0.793605575349986
-0.707833462597967
-0.896258976505275
-0.754768654551796
-0.842544236673594
-0.895228013547498
-0.737353773648185
-0.761122630552026
-0.681858141871753
-0.954056423801139
-0.814833332116569
-0.770925766815474
-0.852467327819934
-0.872477615450749
-0.757669404501717
-0.809020943362167
-0.898119923362532
-0.79527480566678
-0.659739630287566
-0.819134898240112
-0.867218452844114
-0.750411864200895
-0.908922223463061
-0.830721487889818
-0.781410648103098
-0.800545486937254
-0.843460101580214
-0.903579527299351
-0.7945003402836
-0.735493812545051
-0.692564523154563
-0.844605547631314
-0.656186693679408
-0.822168509905365
-0.830562376849451
-0.826927389419591
-0.841683671473279
-0.858209527862838
-0.90619113854814
-0.78183160289119
-0.925179908090789
-0.71599710252534
-0.715284869825311
-0.736860650626582
-0.786243787583718
-0.735121825633396
-0.667049715471241
-0.687189643781189
-0.795166238374605
-0.741395012525833
-0.780658268844436
-0.837617560227786
-0.710911428888139
-0.797722178734046
-0.705117586399993
-0.826424614256085
-0.822194979033755
-0.604399988528242
-0.755240010344896
-0.746712096266665
-0.680593659475869
-0.780452680565715
-0.707377033178223
-0.72595893452665
-0.601777055419588
-0.789454617662455
-0.844320650352481
-0.752032830739715
-0.721803858465293
-0.731491847840226
-0.744658460325597
-0.620227682648721
-0.856344832687701
-0.638163853523859
-0.521146976932792
-0.694207725700308
-0.687345915401612
-0.716619956541465
-0.791962938875779
-0.670534862327951
-0.82627635809965
-0.569831501451269
-0.630785102414921
-0.689857799350871
-0.677018584452179
-0.636133182881859
-0.642896005276949
-0.745520307058378
-0.640394500418252
-0.753292112678367
-0.715958372277101
-0.67414578480029
-0.581986441341597
-0.539876857184672
-0.613253891552806
-0.576882480522826
-0.685427162396499
-0.632047383298477
-0.519990646944392
-0.624494959246169
-0.662914699822825
-0.564324272924373
-0.754900574046724
-0.574545647868226
-0.557728873507798
-0.63572438105634
-0.718654426403031
-0.58834172759234
-0.624210121878047
-0.665010327128357
-0.611996042707381
-0.736469355483556
-0.652129013811043
-0.512182008987839
-0.76152710881634
-0.48999634749286
-0.612517126400109
-0.709970035732034
-0.785556885132142
-0.571196080514395
-0.664674085817314
-0.675439670812525
-0.680205462090891
-0.565809634999426
-0.765543601692374
-0.750388377004099
-0.56810699991283
-0.536752296934182
-0.570494645616088
-0.550734246567269
-0.542824645321277
-0.695728736810455
-0.594158390684117
-0.640262769202093
-0.585937903805149
-0.600688814174058
-0.584829975917988
-0.540738906031481
-0.656509121596932
-0.51402033344214
-0.570306463208424
-0.565708708089083
-0.529533286087107
-0.48460291987806
-0.608887369777
-0.607244097398286
-0.512590073669447
-0.449045783068031
-0.614092712679006
-0.507705941774417
-0.56659527039035
-0.471579574970375
-0.562781447853771
-0.539023943743059
-0.464270233335069
-0.614245154717578
-0.621853808442676
-0.654067953922673
-0.579818768343628
-0.570403495198803
-0.552607396735641
-0.497268435801053
-0.640413000588122
-0.464002727744352
-0.617844276626832
-0.554830311351744
-0.397069104104757
-0.525667231316222
-0.474937700360838
-0.617939241846562
-0.405681116622551
-0.444727504340192
-0.559018274937762
-0.472672187954767
-0.618148355122565
-0.562409540760476
-0.465894147362391
-0.530930462860547
-0.614988346256419
-0.652153814347792
-0.49942044682519
-0.468067429385358
-0.473978714527991
-0.297631125245961
-0.445485923224999
-0.466007702076508
-0.444767889533363
-0.549952094510158
-0.573455353071034
-0.511963779275382
-0.493987846901157
-0.51107157769776
-0.55657423752148
-0.498343138154678
-0.625368119876028
-0.364912342424792
-0.481763817732687
-0.381171865243962
-0.662775054325448
-0.494333973885294
-0.597227961681066
-0.521048874885534
-0.304991581176636
-0.539050693493287
-0.430318324196558
-0.457372426397105
-0.420073134993192
-0.656669938289012
-0.474831302941152
-0.480249784677801
-0.574770030934668
-0.628852502668316
-0.649228475484993
-0.601419397299618
-0.384969531141637
-0.359419139276879
-0.523607779135761
-0.408744750037339
-0.344702242878183
-0.422710942202322
-0.266072099850628
-0.444208434979242
-0.474833117724887
-0.470435351410235
-0.431229248694907
-0.389734301278887
-0.481000457724695
-0.406864501694696
-0.300229071008733
-0.478054047200339
-0.487908982908493
-0.49595055643117
-0.302467250465068
-0.258068743889477
-0.38470930258344
-0.432695405241156
-0.427626369420296
-0.381237637640703
-0.309189290269232
-0.349858326321948
-0.39121358803037
-0.620440242595742
-0.485760862110896
-0.328364532573277
-0.372566997984651
-0.29067499151107
-0.182330959559658
-0.436427300080793
-0.500762908383365
-0.439735696953808
-0.37541282742034
-0.384413164552034
-0.288878579016694
-0.429900833974482
-0.405047697170724
-0.42847849567967
-0.339415772268877
-0.278352105309641
-0.34268265484006
-0.321050897200032
-0.431881649805326
-0.12530438840441
-0.359277697732835
-0.476007646125755
-0.246951259069205
-0.387571940529495
-0.30992362299362
-0.192237147393164
-0.524210531302097
-0.225863012677164
-0.408070696483409
-0.265462902989024
-0.340868974225317
-0.36926037773375
-0.331363429582755
-0.354726372588779
-0.404116803730038
-0.331563782534038
-0.226069678004184
-0.277138548907197
-0.315663531353367
-0.328154057686691
-0.302387750755541
-0.320793600277906
-0.393930308367042
-0.398917939401677
-0.166312017472832
-0.21158575895591
-0.177723375962881
-0.255580997596873
-0.305849818411886
-0.254803462928802
-0.243665686086621
-0.278262439557272
-0.285897516474793
-0.300312170702668
-0.341356181319092
-0.282614525896837
-0.209931540092247
-0.229511940564039
-0.317280667178995
-0.199931544099075
-0.348966093555741
-0.321258260545932
-0.146529701129366
-0.21614762267217
-0.0979869978739795
-0.346186665454068
-0.199202536441435
-0.296137542256113
-0.232329721808946
-0.177673815951113
-0.175697004892228
-0.257542377500992
-0.225052516550922
-0.309789979471489
-0.369813973494032
-0.154949829740541
-0.297267451689849
-0.194421596463763
-0.14066931459357
-0.255750669593376
-0.114342999301227
-0.206520056710457
-0.222933904764002
-0.200504739378595
-0.245778531734353
-0.216810253436817
-0.227364484718885
-0.156214763237143
-0.222504170546443
-0.0798524117871416
-0.179738409826091
-0.190747666458404
-0.157413234138136
-0.136045911415558
-0.141161472818038
-0.224865003440602
-0.103128680693106
-0.303122857298499
-0.159309456322675
-0.284672385768015
-0.169569944147215
-0.151134688045601
-0.114613191628063
-0.27938518216509
-0.213877316272774
-0.159000774498256
-0.262453663755584
-0.0861700416447387
-0.11809819866065
-0.155688970336631
-0.271578105302215
-0.258569468695228
-0.0690100796522651
-0.0711803832456147
-0.294393926955588
-0.100006542607112
-0.309811890814537
-0.0995850040916285
-0.161177966049111
-0.0464725398793716
-0.0275930813683781
-0.143836895343267
-0.181935413920039
-0.184234198670066
-0.061712340808455
-0.160647381942515
-0.0383971146475241
0.10732603040137
-0.0702256668177321
-0.187261920042579
-0.176280224111724
-0.128853472588757
-0.144837749880552
-0.216437250149896
-0.178222334283275
-0.0713761863774648
-0.0501692620524273
-0.0208292004893545
-0.159577663143284
-0.140650629987517
-0.0273099843466208
-0.193093012107355
-0.136450134341811
-0.0313763119298923
-0.16340350077914
-0.0958026501572726
-0.0759932444475076
-0.0574392054768529
-0.0841714922344674
-0.0497845101078776
0.0614109952515822
-0.0725325821886435
-0.112901904672274
-0.0758855246030239
-0.106861860919352
-0.00886993961941678
-0.105839215307062
-0.00811284108797177
0.0161184390141544
-0.0540383969551911
-0.0750010237893941
-0.2084904073487
0.130278410624777
-0.0317365244304376
-0.0334921007103222
-0.0923291295153108
0.065072565907751
-0.0673816289215224
-0.0124667446515552
-0.168302939695479
0.0171843246870699
0.139969178585497
-0.0935820652800648
-0.12305393391233
-0.0433751714373085
0.0741776392907261
0.0544048751066192
-0.115162017038816
-0.0229651263858955
-0.0302939549857929
-0.035070343748867
-0.0648446894747443
-0.0585594141636453
-0.0465690387426822
0.116016647612107
-0.124220970765132
-0.0336474860304911
-0.0460337881051811
-0.0312149791164179
0.0120221393157991
0.0491205735407774
-0.200287816742467
0.00955871551290922
-0.0541048563175072
0.0380472544690082
-0.0440232490812317
-0.113824417440029
0.0655304902074983
-0.0516329978467673
0.0861056658620649
-0.00447752209360869
0.0775244053957919
0.15320291924407
-0.0410287284476127
0.195326970619997
0.0301166282572616
0.0557751681819214
-0.0205410459876111
0.0743842713052481
0.115409452468495
-0.165916499727499
0.0242443054873645
0.0385639018410449
0.0931403273126303
-0.0328613510370542
0.247704904846379
0.0503923719943094
0.0603178333915644
0.193021105371343
0.115632021470447
0.0494002644605785
0.0367775233916424
0.0391338727935966
0.0905727127972099
0.0478171571991922
0.0577000436272737
0.0987274480328593
0.0880282623514506
-0.0305417310079923
0.0718963694637988
-0.0349627407840066
-0.0174931266878207
0.121046408091531
0.096996481342932
-0.0396438708139968
0.0107953703625393
0.031167909780041
-0.0200017275702727
0.0421185790623698
0.051941517178727
0.0434680093791037
0.143487423713321
-0.0438140716256589
0.141890871751071
0.00717479796469584
0.171407485968027
0.10682597601759
0.0557540960132065
0.161431789590003
0.338668473325529
0.0766060960052269
0.13508256690572
0.203180460429334
-0.0261485506211576
0.0819945952510434
0.0691118129589605
0.205311205450365
0.22910106887741
0.169789110088907
0.153728914900204
0.0293768415804186
0.0818588543962028
0.18882464376029
0.23603076511229
0.123720500449226
0.0184451887747738
0.0778835036924748
0.204033790291884
0.188293025060934
0.115203731283427
0.224002202029524
0.0888363298025483
0.350371499814842
0.0637202798034388
0.158688301412407
0.160653105750396
0.25304940543448
0.188364757441889
0.0478877304766486
0.166416991503955
0.274153202194613
0.211785684993537
0.266048360690242
0.174749884773748
0.170074753299616
0.143873235430273
-0.00259968626033952
0.178478439004999
0.133945986657944
0.0830927058321558
0.313455246753254
0.144831882799908
0.224299299821713
0.182231494519664
0.180992490774194
0.188993705787357
0.122394349574932
0.237197534829576
0.313076827428299
0.192332512924033
0.263698191412418
0.158867075866031
0.168004413721671
0.257437521696179
0.119646580088948
0.192684464703843
0.335798264020852
0.152573934422234
0.260215770216063
0.260149823015593
0.308278994506107
0.24858470525041
0.231860699598852
0.370894753628809
0.182252728149323
0.262199504410627
0.236921172137174
0.295791749496449
0.310204199279759
0.241897140820036
0.164278648471848
0.165456421128284
0.0213916566459394
0.20237759612465
0.30115008863695
0.337522453317598
0.176643693961221
0.15977582200283
0.374333584826838
0.353652667911457
0.314267273742095
0.17012901674866
0.381310797583863
0.26806908220543
0.191507010370352
0.438048974244072
0.214076182002279
0.23199556147178
0.273090470770612
0.208482400843032
0.259430641930402
0.219375511904496
0.284998873614632
0.336522405227333
0.322336367237841
0.227213327728136
0.328155369107836
0.335084428479545
0.279016102028889
0.395204343732903
0.222234412437963
0.228827998881853
0.504124976727581
0.389937794011404
0.400852044383609
0.318581088273099
0.246743942491775
0.19701769169192
0.301474084600742
0.289750518864447
0.40398261386649
0.339189696652934
0.282089552679998
0.419737699058245
0.367233610151547
0.397531199082296
0.424800419942183
0.416032209893038
0.325590956271572
0.314705629377487
0.284574046975903
0.256680821393918
0.500471992434389
0.335513643814085
0.351421964877079
0.21296469132184
0.159817746293328
0.375071790256386
0.343051349501112
0.287376947097445
0.266435069177226
0.32268707179479
0.391189656338292
0.393466839835418
0.301141234345883
0.408256483551962
0.340281028090502
0.323132495357703
0.481303420408191
0.517641200561388
0.34591749444496
0.535839624014038
0.23953171210719
0.465753086253271
0.427854435965731
0.492701653751406
0.417892019586084
0.285149405297238
0.505086239305116
0.379450809766117
0.581883132620515
0.432276573644239
0.483726156348033
0.587022480056544
0.406195472841541
0.425457182909654
0.376941770788162
0.383711063794166
0.35405790497399
0.320325670776694
0.556019839034613
0.379253647917864
0.459159304885622
0.418650279483469
0.405656026638975
0.427448510611649
0.303490224406544
0.23671583035887
0.400230420824904
0.241286730942954
0.434733942973322
0.387740216581672
0.446847776116791
0.366220557544296
0.445442790746194
0.48251796439158
0.38115707695911
0.334508094767835
0.540184080514563
0.462832359295881
0.579654310254338
0.583752862310592
0.56151404854145
0.569652223303474
0.410418308062527
0.639989916569887
0.357998369195439
0.565051905575672
0.465725022836257
0.443786459611874
0.480674219188948
0.413243889525564
0.412970832550883
0.543875767317022
0.515807616178629
0.582158488431389
0.392224285799932
0.454631390589369
0.415363444674242
0.353022239570641
0.668212339645987
0.460778293655431
0.594158752614331
0.590994743207724
0.583357891951288
0.469029353850587
0.59323941897127
0.449758729877693
0.563043579708572
0.692695867502838
0.575382882739772
0.638053133242814
0.555292556986209
0.354832992630165
0.610485328139372
0.529992849603513
0.604119592550969
0.514058890139193
0.408223140946994
0.500753055796853
0.635354849939043
0.495187189809998
0.505078818167588
0.599630870344876
0.498532634222907
0.371316356944541
0.48436020134944
0.587256323092863
0.589830627862381
0.49890377043406
0.545873200097365
0.592721596724093
0.734524188594338
0.751259307023289
0.545186105041553
0.538031250727923
0.406049755387913
0.493130336697807
0.607781501497457
0.651756365592346
0.659146297956892
0.513203914339534
0.580642330741343
0.684425164045016
0.674265605984808
0.514682158668343
0.603356356181845
0.546804561231223
0.646384156564837
0.593876308077852
0.546542482837305
0.626783768615417
0.631246403824035
0.622480818952472
0.521640365475261
0.681947270911092
0.627224471710303
0.681173649700141
0.670833167510932
0.645166466192616
0.534807990076816
0.727716274562969
0.536267539141664
0.653545887600093
0.681150826324789
0.578305301507314
0.720848179223247
0.621231811641589
0.664265302763754
0.530940528119745
0.701468347042026
0.649470218915194
0.661541090773813
0.654782751488841
0.717304894774989
0.789629655680364
0.739642514808009
0.710668409010396
0.76498839066844
0.671335053467455
0.690709440688641
0.422423945689285
0.639632282448048
0.778639683450563
0.731842643215081
0.603926800030039
0.782918316531284
0.570203342264061
0.770456255687054
0.628364211244259
0.649724692742971
0.63243136167279
0.629939384298484
0.663476139167811
0.664801201101739
0.800115530129642
0.802436463285744
0.75426169798061
0.817681878162885
0.655985728566391
0.715939084875907
0.684434974312401
0.644528121077442
0.780458336871969
0.738321506535168
0.640078085835255
0.900064878593101
0.6994962831745
0.680857155608649
0.817729524027535
0.872151150251608
0.745770715365955
0.596140588154202
0.606157010584501
0.666594101886773
0.802494423364386
0.76844850496434
0.674065029552643
0.670215644316251
0.69065060837197
0.841129276365885
0.815673474044172
0.747189506658375
0.728520743149153
0.817949559070533
0.848596253399065
0.718753906705725
0.828092519574795
0.84194404558801
0.586278114867006
0.652422895854578
1.02260226351976
0.554071782598845
0.747243753119134
0.887734566616548
0.745624933560472
0.949820118761428
0.73645702938603
0.732871269276553
0.841625850614941
0.718996202880814
0.59386739558219
0.781388200913472
0.831725651925299
0.775128833243816
0.875871894904821
0.744243001298881
0.91067078015413
0.966034749658012
0.879969636818735
0.878149679011622
0.697599448984428
0.879973341015968
0.703276881520538
0.851837757987857
0.857170429583327
0.909050776058037
0.800039645653755
0.746116763487119
0.903380633803411
0.772050512172996
0.943054538734952
0.860841260936963
0.8650858812452
0.82114332442789
0.828871048266501
0.770007166649859
0.881325523744044
0.810848930343689
0.801557020374725
0.782670551304588
0.796350295725723
0.807637357557354
0.781977019485075
0.756516653650998
0.915161138223639
0.83932330576295
0.852449802100299
0.906680171395773
0.887307685424156
1.04746885334615
0.89175178203876
0.772667357164651
0.752690397281411
0.926784509008487
0.876561118908266
0.904090820234211
0.79159193165333
0.85801092507643
1.0045668075461
0.997431010628866
1.01123211750751
0.96234636130031
0.79397978305622
0.856557717322186
1.0237021596083
0.816853408549995
0.955409025865936
0.954769565413014
0.941659421097561
1.0348956363886
0.872398961862666
0.812130293997749
0.779096810333481
0.964245860023685
0.936010856185105
0.931810118886003
0.864391917561091
0.858257819479491
0.934756921903059
0.91528006459654
0.930280151337231
1.01537670245303
1.04864698382951
1.12556639073457
1.08278935161454
0.899080565968362
0.892331580905331
1.07659613880364
0.876856273127291
0.932727494253292
0.824498547071247
0.902899965355264
1.07904654286351
1.03152786105993
1.00984124756275
0.851979148471032
0.979174771414669
0.902454351046574
0.885100051387934
0.946899740034578
1.00219810795449
0.927164305663676
0.952724842907225
1.01252725126696
0.858481294930564
1.07945396781598
1.01666164139883
0.847406466009649
0.954729284920364
0.937132579889341
0.992276962942102
1.11206305184159
