-0.0772772203236739
-1.05663325922543
-0.937054510568246
-0.905690483580744
-1.02337814905979
-1.12154952139564
-0.906312469555644
-1.02683205169186
-0.956628630077308
-0.966090546861284
-0.933002562116342
-0.878289967324752
-0.964359194982185
-1.0414760247288
-0.959275677732281
-0.948189632664213
-1.03376863934976
-1.07643748927649
-0.964595039728884
-0.989595843881558
-0.887643947029714
-0.946490215754249
-1.16821053596274
-0.951186004403432
-0.877888467283177
-0.893583861862765
-0.955126630622686
-0.98193230345068
-1.00134302050507
-1.09591656025803
-0.949311181462232
-0.850358287886117
-0.891495502319567
-0.915949866522911
-0.912465347267961
-0.891339569905921
-0.852931363909804
-0.934461557827444
-0.840810431480449
-0.840062937809831
-0.833485877391873
-0.901411368115025
-0.888438013281194
-0.953659537000304
-0.945721354967469
-0.797526620559551
-0.888558764783977
-0.899629527617035
-0.891645962258216
-0.896807077700878
-0.935912055165992
-0.887861063603691
-0.872597003609094
-0.907174985057086
-0.968780659729288
-0.851079411624209
-1.04145768753708
-0.861867801760626
-0.951159711823675
-0.960741339325183
-0.997698648074135
-0.775679762390692
-0.891780752810066
-0.831416615117878
-0.750979888870799
-0.741203091397421
-0.886160529307902
-0.839786638345748
-0.835209863129806
-0.65257054026129
-0.920318336180768
-0.809087651746791
-0.816094662480387
-0.960670932966829
-0.913358544642738
-1.02321946269494
-0.887687575151311
-0.824114766399412
-0.88959986266085
-0.817129788544767
-0.769790851050362
-0.820038614825547
-0.797788161321024
-1.08231530496523
-0.752869947483823
-0.794441628544754
-0.84849045328471
-0.790842216454312
-0.989510930765264
-0.774502592194645
-0.780940934971871
-0.765676007782823
-0.922437856225043
-0.63436734822483
-0.819290477315158
-0.82016938476998
-0.725364751383803
-0.85012383865635
-0.847930421565611
-0.800590783285995
-0.789573855508083
-0.939471079256246
-0.874477378727914
-0.949259576492161
-0.800737884156766
-0.832448682380958
-0.621244677663466
-0.854042069548431
-1.02540697880541
-0.810149237157685
-0.830034365883506
-0.887163823306951
-0.7842529790812
-0.687642121165009
-0.806238637904602
-0.872662951799583
-0.722683898969105
-0.788169533891197
-0.653918599751988
-0.72889162730109
-0.755243570579739
-0.632986777417573
-0.778159114848791
-0.666675714696514
-0.649685030368647
-0.76407978689418
-0.611546242025235
-0.828791095094376
-0.756667828230762
-0.660217344101918
-0.83988537891328
-0.671483045921273
-0.923435926024314
-0.712935631102238
-0.738205885525831
-0.708387622395212
-0.802902793980749
-0.830071728060821
-0.710901139927002
-0.735775909890123
-0.590680913150513
-0.629927527109548
-0.718246464468154
-0.722881761005249
-0.57257206495355
-0.553275242133864
-0.595829737163551
-0.766582703264431
-0.675685247653041
-0.814574531388542
-0.737650304679574
-0.642856873805648
-0.764859108241172
-0.841670384260061
-0.685234077403242
-0.654262895278146
-0.707851982976547
-0.757745771895826
-0.669356587557375
-0.600939269471674
-0.819647502306253
-0.562472544353161
-0.696346551974085
-0.488265378698363
-0.721828785211253
-0.756839486916013
-0.696018086412479
-0.560434416001643
-0.540173628596455
-0.696135449954889
-0.659032992819743
-0.77440427419859
-0.61138090376972
-0.652767079783744
-0.625891540489291
-0.690935250078187
-0.762372257692663
-0.687724664960903
-0.868457762007609
-0.618328273792001
-0.572785877447131
-0.790919331970788
-0.654436283587639
-0.616736368490297
-0.551581636129108
-0.610432597175332
-0.672391550644021
-0.618653781097869
-0.605963262842553
-0.561974271589936
-0.789282276050254
-0.602738707102504
-0.603461932817942
-0.69587318574179
-0.558781537097957
-0.567970363219002
-0.377935022608449
-0.615998015616545
-0.757434911391683
-0.733786361724369
-0.591962936040115
-0.770866861864955
-0.476494329307693
-0.638463183687913
-0.575657623232492
-0.524084157166868
-0.566392562542477
-0.762767491653311
-0.656051766580301
-0.467728036480037
-0.675350144329321
-0.479640007894843
-0.733897141849312
-0.535635810874821
-0.609433837208133
-0.542761420386884
-0.515028050935472
-0.498178468152883
-0.568583837437385
-0.495378004253326
-0.666432329097493
-0.554646829821383
-0.636617779803049
-0.572425905201274
-0.651681119305137
-0.54434974808112
-0.570366425709629
-0.459968155106072
-0.693048969278014
-0.758143896842459
-0.594753055355434
-0.609395061205321
-0.582996978855488
-0.514853339747344
-0.663161365133264
-0.536373489713069
-0.47974622103081
-0.431816876869254
-0.602918671651631
-0.507205823485621
-0.611343674201327
-0.366467020957889
-0.475925740849983
-0.482100077738084
-0.572432181672896
-0.580746112911517
-0.504077916510598
-0.516840736057403
-0.344876536273245
-0.330099751134301
-0.459677728802058
-0.483801811871759
-0.493897259523083
-0.51639279114621
-0.410411437805522
-0.540870181992888
-0.439009260475092
-0.577108368024574
-0.432580529557537
-0.559803360277881
-0.428617124162095
-0.491436957457278
-0.324442611179554
-0.522295904291572
-0.43391591110886
-0.596969575601911
-0.615234142189689
-0.492018849524218
-0.580680979004447
-0.419069355985369
-0.417534434787957
-0.463954382289734
-0.368119024671563
-0.548858794302005
-0.515951732324085
-0.519705800465196
-0.541944507618596
-0.350609433783363
-0.452980645724122
-0.320642694488303
-0.50698928528162
-0.561767014344871
-0.401873193548163
-0.50070435677465
-0.495520752011181
-0.436901854686743
-0.423514795134049
-0.398345285435748
-0.388279744030862
-0.334768242483995
-0.363562366940768
-0.609166499540836
-0.442572083115946
-0.523997945645764
-0.422357861785513
-0.389189518501297
-0.385524889686369
-0.376834974476526
-0.465105084918956
-0.414815145714648
-0.426115960320639
-0.357289045721842
-0.444105497574849
-0.516266757122455
-0.474253800419265
-0.384703826837068
-0.274554905173925
-0.383295455046863
-0.314859077605588
-0.282727124550283
-0.437832408666275
-0.331583640579454
-0.303623254665703
-0.453733090028367
-0.48721361191657
-0.480415575248821
-0.206507095376379
-0.284940136617934
-0.278639072052376
-0.412087095656415
-0.427078261580618
-0.246144333584592
-0.331949279114706
-0.411692672456276
-0.460286016122992
-0.445744194962718
-0.40328794405556
-0.424649877503942
-0.41125603683231
-0.391252065175515
-0.16329304396054
-0.413251066167586
-0.310180351170959
-0.294096609576571
-0.432267827178934
-0.294498821045053
-0.434568179121714
-0.282387623130054
-0.199086066241544
-0.329115522578996
-0.401638558749116
-0.494625641461004
-0.363945615996287
-0.315553934470715
-0.380019278567287
-0.212519246307585
-0.248610441685477
-0.360638119381699
-0.13973558855405
-0.207661419880085
-0.353647017958386
-0.261293617551215
-0.195843769347737
-0.151754059298307
-0.405392542688921
-0.369693904153757
-0.16340340010078
-0.232630185382638
-0.267124410995588
-0.36339560044231
-0.342391216051624
-0.255506621144051
-0.361791294451691
-0.171711682405704
-0.23019210493539
-0.278869742348138
-0.207822219457288
-0.279004306942423
-0.144117712777632
-0.183896924190835
-0.247881970577255
-0.0701910006505312
-0.347649994294653
-0.221300911761046
-0.153123378058413
-0.188465745541166
-0.239968910101888
-0.345568600695599
-0.210582465924761
-0.364518095200397
-0.11531588108593
-0.241501929166025
-0.208700328645425
-0.318434111550674
-0.257026649719577
-0.191778906283826
-0.291785129954343
-0.156907444709951
-0.32719263638408
-0.125748760243704
-0.255519152578911
-0.160578254393158
-0.131284940986136
-0.134901740836529
-0.287647440384709
-0.169736387615562
-0.370201380166492
-0.266199160194851
-0.290477060025057
-0.220809295626295
-0.031970266575549
-0.358798128848514
0.0762338340980598
-0.239002292512003
-0.178765051824366
-0.15511422474921
-0.117115915868059
-0.10646599735875
-0.0456961111747018
-0.0499206380268253
-0.0949947127839032
-0.250552546461822
-0.129494163783614
-0.0890492745918275
-0.215742341144264
-0.0669276365834459
-0.255640939195777
-0.0888821564570111
-0.0675758788468398
-0.135301492534222
-0.0635740020397864
-0.0987987567736695
0.0291923787398629
0.00907218186732521
-0.117415595099774
-0.0901161319740952
-0.25565528753543
-0.0451319609866091
-0.0690110156861918
-0.0711993561955897
-0.173702215950045
-0.219009943632659
-0.112582056436743
-0.0927226324689888
-0.120150160503357
-0.0852329397282478
-0.265369163648881
-0.169859849576125
-0.0897090861355578
-0.264282840723771
-0.0450708107910634
-0.290916827752406
-0.137673497710509
-0.103736612517951
-0.096028319041017
-0.19971385226235
-0.134903716717195
0.00414672950414405
-0.102683123776665
-0.0307581919912565
-0.156851581755373
-0.0751822263159782
0.0508532961902349
-0.152957148198221
-0.170370334867958
-0.0225284090831479
-0.0013547495832321
-0.0822410365038461
-0.0386858559951141
-0.0343346653731251
-0.113995412933399
-0.113228110777023
-0.129201313716438
-0.218908340772909
-0.0991035539906818
-0.144080694275214
0.0945954045187106
-0.234934797916727
-0.033543172750782
-0.0532782478775371
-0.160360398291344
-0.0751649460223653
0.0753096142482361
0.057082642386272
0.0324571907174511
-0.103494208688276
-0.0175562231618913
0.0265081091947913
-0.191338987653069
0.113253093826243
-0.0504530300797964
-0.0735343671188824
-0.129297021772455
0.0591389118405594
-0.0193967357132995
-0.13856841798903
0.124145017363034
-0.057528636369911
0.0226502145808565
-0.074361547629367
-0.0228592588141998
0.104673332526279
-0.114663722416389
-0.0920973404016272
0.0505380985274527
-0.0461250968520474
-0.0493124775206795
0.17215355111917
0.0512487365203199
-0.0968792716644352
0.0517644231226178
-0.0100416846537602
0.0918769980736934
-0.114345685474335
0.126225777205787
-0.0103863100865908
-0.0478202964019343
0.233407916438058
-0.0372311258656076
0.0277854288944042
-0.143584652818392
-0.0153624271936866
0.0377063274021329
0.0674599327541177
-0.00526131916838622
0.0199038500380701
0.05730086893684
-0.0738763697439496
0.190340267122814
0.190245737364245
-0.0709098691652078
0.0517286184758383
0.165750747641915
0.0874630841853182
0.0377525743471112
0.0431737159412573
0.155289917525849
0.0702003428067093
0.277203374296322
-0.0235823794225669
0.0538094170525546
0.0491610269041578
0.00616180741039903
0.0917533208225416
0.107360794115934
-0.0146733823211342
-0.0298974679639265
0.177489882628483
0.108809882824208
-0.029774936801542
0.125388202995095
0.199169737934653
0.185230397732877
-0.0465783025924284
0.214896254541591
0.100394095127951
-0.00704232235577792
0.0288967784401916
-0.00653436134041699
0.211336183641771
0.136770982432938
0.00613683744002135
0.240968447198071
0.0231244774430379
-0.00813633405518931
0.0736193232981029
0.0762927443712153
0.0608113129283889
0.028328753360357
0.109728114712247
0.109427052658149
0.15223106389797
0.119072587670126
0.0461715612154776
0.117863733466233
0.222345748351696
0.189603486531528
0.266927801244761
0.0531179106127501
0.197697730926411
0.156476261263198
0.202533550576543
0.1326574280881
-0.017463901352171
0.147845990442265
0.250454044173264
0.273107193130304
0.244908367021427
0.132114940610194
0.27608519124317
0.273248460001819
0.126292005458101
0.104875224803998
0.201149885733475
0.157001348061222
0.137370423887682
0.190347727543269
0.249049401227774
0.339932126040276
0.128400327300583
0.144242585396147
0.0697166423939437
0.202097225477621
0.112243602047981
0.189513238225834
0.19092321034244
0.0183577288867446
0.124444607096338
0.187251251868044
-0.0294578881091203
0.227079356370662
0.0747486799849885
0.197840002477723
0.184431593014535
0.22874679407269
0.316560825210975
0.115256694902762
0.236014974121967
0.148229218030312
0.261613625004253
0.186780189348595
0.362897680100418
0.280174385506261
0.148321172095312
0.216106865164909
0.325179429680246
0.305398425026346
0.11228914973536
0.283743509720352
0.331979924549792
0.249981215419888
0.249301463188123
0.300641056981661
0.3506222268432
0.258219602202303
0.273835461279715
0.221355931155223
0.249994733188535
0.284327894876904
0.286300628156627
0.110169227404499
0.333866013306373
0.267202533205217
0.382622150036069
0.334745575928217
0.159384364188763
0.360893626865752
0.179823156667652
0.228418852919458
0.292086443337292
0.372152899327261
0.234572080695802
0.239828457364611
0.297023564099885
0.370657241561701
0.477733125955206
0.492515412777041
0.15775323713823
0.363384442969516
0.392999529669761
0.31733043723096
0.221196655371158
0.135088464468374
0.195467496719765
0.230617940381341
0.236081735064575
0.393186440361977
0.2096239736888
0.440439206225441
0.209303170363039
0.46531874004124
0.35773832163279
0.293660690413071
0.32450015709064
0.340797182778748
0.199310025153704
0.109526579307424
0.38760859845752
0.379591934810697
0.364438344885242
0.417695089690189
0.343966571575987
0.283037432700646
0.491168790684604
0.192469587608122
0.460088818672589
0.427091964819589
0.177748307065473
0.442102958464996
0.393781351821083
0.33437868327385
0.281948636637744
0.376070866430421
0.477293518463457
0.313629786312412
0.35056938813299
0.417682370510048
0.393769258546961
0.31402578477586
0.393786839000776
0.517179766470138
0.263010612282851
0.347369002298089
0.362581849883679
0.53997416525563
0.328185407638471
0.451376223098363
0.343265987747561
0.420003097618168
0.358928919446305
0.320336944155519
0.425492456575035
0.465198393311959
0.490669818863416
0.444831178138938
0.330026735400282
0.349058467562178
0.413350672615586
0.479634653356647
0.376639317055721
0.504788044379917
0.440936003023617
0.367096978415677
0.375199125506561
0.350329722661583
0.480413047858635
0.408164021843364
0.311491280887408
0.597316123889381
0.315400151130916
0.452650981908682
0.459779467994388
0.39146594226766
0.415458568811942
0.470858164275613
0.356205786574918
0.486924193811093
0.465936837735835
0.442666485711549
0.452305177512874
0.528066905456254
0.484770989879389
0.538785520368732
0.36879892137167
0.503724452228621
0.498006461729865
0.56294283176113
0.305722537164776
0.483443543542335
0.388964176173276
0.583798600798416
0.608340265546479
0.507418905830502
0.522881721695702
0.488610707523567
0.51543544479009
0.521387435788398
0.515607891565025
0.505280875384569
0.533400415184478
0.505458713261785
0.400733467949475
0.519929788285411
0.444818688381512
0.524907334703047
0.501375754109312
0.34659812899617
0.565929416511813
0.423023909234419
0.476558228883286
0.334363954903326
0.3901142918031
0.55753605562465
0.682271783925614
0.504077609792488
0.499607915024685
0.482620580501507
0.487292100491308
0.600376398918463
0.506058098579477
0.601530972000023
0.448338090481583
0.792635456100582
0.444517369666134
0.524240199899778
0.536002396608437
0.489208161189244
0.685613045129325
0.548308233782943
0.384902160575513
0.559790279586031
0.561781535897726
0.547781157064612
0.490264858041253
0.598512552578315
0.555506182237785
0.726061589068455
0.653689635070258
0.520960711405761
0.45930300175556
0.675976915310633
0.497087118655235
0.612583672163822
0.671686774898941
0.541509561443985
0.476820097495331
0.643131833530315
0.573422026210662
0.56433053779369
0.682871340213426
0.63019390889547
0.648381964055119
0.583626634256525
0.762320598281626
0.762718098123453
0.624443479423607
0.691810510775411
0.650630041347454
0.485750721321311
0.715999082871869
0.515073487588317
0.571059425116999
0.661029591102225
0.685215609408146
0.617103460946015
0.567090186489183
0.832996870260083
0.559756200566259
0.647426953432078
0.687146161398043
0.700565685233676
0.646906884173472
0.606257051359874
0.496646516094975
0.728266302794332
0.654787177210119
0.642690548921618
0.574079537529355
0.736667724483307
0.584224460765934
0.823413271704093
0.672345653555563
0.708427571536488
0.544299945238716
0.453988945662102
0.687076316523496
0.789537975487895
0.557744252018477
0.751943871355932
0.637654187506884
0.581079135355632
0.734754096830191
0.505150647441192
0.73238394227366
0.796417389866932
0.730832600821543
0.614678170571713
0.830306732114291
0.841173913882545
0.528682070142328
0.715707028691169
0.561702738798071
0.691328136615016
0.771433355994333
0.80409215641339
0.808462137007985
0.799889259938992
0.553305028651031
0.728826240619965
0.554088934896537
0.72955938111854
0.881891980364869
0.880819218141933
0.710622287254511
0.79086842173947
0.716889275046691
0.630127744052502
0.846554127481546
0.759369093639109
0.609277807337598
0.909591403624087
0.836566575047082
0.744732997474262
0.713225805620992
0.738513521051044
0.76759588253868
0.776021004750005
0.72692838978273
0.758029507148773
0.771450173123256
0.81223510113278
0.875378541260394
0.794263271241296
0.757810886942079
0.73419590737877
0.714914230819837
0.707893824371395
0.760239838165121
0.75502581032057
0.707532233892696
0.776687830293377
0.828842509853015
0.929613826735751
0.684558867708435
0.961245141519517
0.705334432783433
0.879972350684572
0.680728194479794
0.748645511305323
0.903074358281725
0.959827573654764
0.801248114531797
0.787581269036572
0.823717733944944
0.641309601492433
0.725289853157293
0.67426117571292
0.699174676679057
0.737481196640328
0.871357888273148
0.776428778717953
0.830244985851493
0.826909952713735
0.761211738463846
0.798084341732847
0.697973373372307
0.709440445381449
0.911623649855095
0.64620765436229
0.727978989492576
0.890796672557322
0.926326370805334
0.744535720029742
0.791146641295113
0.942921585245201
0.973330132827978
0.896161416585714
0.771808594457899
0.83093701297209
0.908517411050205
0.974762950642861
0.931114024690709
0.917637292816026
0.808808627311613
0.854430801295386
0.754900192232938
0.910296925400446
0.923496773703967
1.10560261774699
0.811737756632122
0.849028815912811
0.939006365260926
0.868231783081627
0.876967364513699
0.991354754504493
0.87745466485239
0.708998716192741
0.847813246165415
0.730303268324503
0.995602840374301
0.7940463763229
0.901170148655932
0.992369750616958
0.751032498757918
0.849629740046602
0.953858054565235
0.917381164008815
0.830104034094716
0.951376962177406
0.800043367875964
0.981601183418722
1.16972075668522
1.01160695311089
0.969470110128529
1.01630226393622
0.870771482187979
0.887268595931643
0.885595471258578
0.906134449051927
0.890456431346225
0.938028628138588
0.891605191212387
1.01136294907706
0.968635676871841
0.957918568438438
0.980629299108323
1.02898155924742
0.784496516632038
0.926092283657281
0.969034581875933
0.87579519487338
0.930490918335965
0.975568453370701
0.972712242788963
1.06487793591565
1.06777742052344
0.872731808139396
1.01041656429269
0.920480678483405
1.03146123065233
1.0508168240146
0.945126308961722
1.00181416053239
0.861148504497825
0.994983735527459
1.15859605421209
0.894439616409346
1.00501067838015
0.939957006534894
0.934586998996213
0.991936304211841
