0.059660012525774
-0.991927829078773
-1.05145034514865
-1.11016707939406
-0.984522313378943
-0.858923034940445
-0.918348578953908
-0.991821242986113
-0.918151143223903
-0.929181421520865
-1.06772679742446
-1.02954430515995
-0.931531447483692
-0.954008375807457
-0.930760073171036
-0.868229412540366
-1.14478418175415
-1.09706569779259
-0.940624219577264
-0.943706299288642
-1.01770881138288
-0.949456172117714
-0.915279338197107
-0.97209585922442
-0.872946480363547
-0.893994706753069
-0.957264412467872
-0.956633674963903
-1.08148489984103
-0.82083698550205
-1.01145524637873
-1.01781006072621
-0.976892474470462
-0.921928373974955
-0.941398102736349
-0.910724161902878
-0.94876064067865
-1.00245345329103
-0.909365474798481
-0.833135962157417
-0.844796443705065
-0.859702843135472
-1.05010916159381
-0.955379050395076
-1.02773913175586
-1.00645838413947
-1.00279505393146
-0.812867946600924
-0.901638711313903
-0.882965756286245
-0.932110536786633
-0.975480885559046
-0.751209645264769
-0.906544578731411
-0.815672147087514
-0.865008836441244
-0.941894266574955
-1.00020706633177
-0.894902559076118
-0.848107647823533
-0.934107477053476
-0.824218271791098
-0.73954735455988
-0.850810716884119
-0.96190090394318
-0.702122253984339
-0.822241103751189
-0.859767481022451
-0.74770558195718
-0.759230186641843
-0.814188778687066
-0.795660490852295
-0.917520376565699
-0.832068672379707
-0.817442375552437
-0.704636910844546
-0.921052181739461
-0.877723528988287
-0.878672218943319
-0.976001232887814
-0.908066172516452
-0.830609033015508
-0.877389628588503
-0.72927268499442
-0.761605602348771
-0.805645323364043
-0.832799252909314
-0.697872382543722
-0.703889076089694
-0.897151284926389
-0.734986104364785
-0.833711759648859
-0.734632994850105
-1.00179001465272
-0.83282122313136
-0.814584646884127
-0.83239319390038
-0.694994356143327
-0.80567586783919
-0.6918986563133
-0.842094860364736
-0.748523841835207
-0.833784987768188
-0.796733725092763
-0.846032814151212
-0.757876002426714
-0.699595962525716
-0.701433885154135
-0.929445312243668
-0.810162283354867
-0.908786508467427
-0.721658264821493
-0.777640653687035
-0.722150260421481
-0.847365793852389
-0.826260444104785
-0.760629511788038
-0.840665216278541
-0.940928255049395
-0.682164709040043
-0.818144028783234
-0.878001279493141
-0.831776209055641
-0.688614570976918
-0.767889147810454
-0.704091591786314
-0.778417054876222
-0.706888815689201
-0.722164450065392
-0.939272216601175
-0.680742260812631
-0.834251535379765
-0.618890278012824
-0.710455298536235
-0.683467920899499
-0.750974007999382
-0.799726032994055
-0.77245432518848
-0.724075720869557
-0.673847137834199
-0.650266112370997
-0.840678589967516
-0.698180390898975
-0.770254023746327
-0.784261192945727
-0.727657040993918
-0.681736247271622
-0.755165639612971
-0.751351489397492
-0.814568768045512
-0.682450385402641
-0.764641956256725
-0.775136486990549
-0.636851949012812
-0.810261093102209
-0.663183186742086
-0.641865644434572
-0.653582892167595
-0.725999678607004
-0.644075655981301
-0.772578199567979
-0.616441137795461
-0.611390403389014
-0.699312703539929
-0.656052369056393
-0.807866964341984
-0.42968977266574
-0.569718404437462
-0.676272754909825
-0.643614003476273
-0.718674593026901
-0.644947478123593
-0.574110803086558
-0.687165623131248
-0.648637720388755
-0.591221028668426
-0.593251395588038
-0.518679138732462
-0.660776915723432
-0.737369825887264
-0.67158462176044
-0.519491199757135
-0.504419368335244
-0.636238021113217
-0.64477131594648
-0.636526401055904
-0.586997689241778
-0.539108887623947
-0.515951079287824
-0.6559697373013
-0.702864421510266
-0.636227512158858
-0.650112178564508
-0.591278166753851
-0.57393127967497
-0.611742989825368
-0.656295272729796
-0.788041418984827
-0.682189181956164
-0.560569340087705
-0.656876753361192
-0.672038696072701
-0.637626615895851
-0.438498344946461
-0.519253441793874
-0.654740223546224
-0.561891929935663
-0.616770799659257
-0.707508548423089
-0.487112742000711
-0.376320550683973
-0.553635700033818
-0.656984990408257
-0.530620837631664
-0.70273703512662
-0.742644897647363
-0.507618906973976
-0.697440174547479
-0.544796084417323
-0.617952487220234
-0.617670868547743
-0.650628633403119
-0.429820024541106
-0.521726516124304
-0.61055949267375
-0.526875707529261
-0.345734005856459
-0.447289173551504
-0.674329626409618
-0.61299187606205
-0.398639956144872
-0.545458011937475
-0.543796333642771
-0.645266002024577
-0.52488879974659
-0.418912422899019
-0.594245125579412
-0.519754869011654
-0.606587399861847
-0.62381130666155
-0.588207220151725
-0.491385243367315
-0.470074903081222
-0.455043757151935
-0.353182624255035
-0.554746188060794
-0.492995826328446
-0.527559765604324
-0.663341190882549
-0.415582420635359
-0.59887494110029
-0.620681801707746
-0.543320110000848
-0.397519830624517
-0.486410094588834
-0.46540430237103
-0.596941351250111
-0.547556127959209
-0.6362580986013
-0.434766605044289
-0.545865515359501
-0.580376604869162
-0.453928296740671
-0.471432351439082
-0.498329862112539
-0.415980818303345
-0.476201850486931
-0.390889743736707
-0.478865237461424
-0.460192517996462
-0.561446830408288
-0.451448134476214
-0.569432225707217
-0.415953004960027
-0.403248016889466
-0.461295724286313
-0.389624247677429
-0.483963959263297
-0.500196921778112
-0.486422003734582
-0.454529590110349
-0.368249208350249
-0.423057514027978
-0.497231237488614
-0.391294550088169
-0.351947521089425
-0.536041790538888
-0.534219606233846
-0.304123807450508
-0.486145764577275
-0.374501828488185
-0.461061975624621
-0.409089567389508
-0.439070457026724
-0.448317171349823
-0.399918043528509
-0.486934332533807
-0.308328047551942
-0.440332741422275
-0.441326736009953
-0.469415419336953
-0.314945503482193
-0.353504032450815
-0.277502744576052
-0.29193267698825
-0.428402173045079
-0.270660935479514
-0.441822209815236
-0.499219163270173
-0.42936158726803
-0.33369293044388
-0.354131799933119
-0.316960492961858
-0.436112090513114
-0.516803555175125
-0.379830456815661
-0.306914289612269
-0.357276297863402
-0.35324145693244
-0.457304309221772
-0.403993771249632
-0.28055912901802
-0.291698684801052
-0.421496325747927
-0.323208888256419
-0.221497846907444
-0.24731016524304
-0.284614459083168
-0.284514136398795
-0.425842526460485
-0.526153880767699
-0.34211907182374
-0.294350110934699
-0.183886795358692
-0.300786484047407
-0.364930670551238
-0.322550250226609
-0.277773781812983
-0.336409686949761
-0.190624302326573
-0.394301201498056
-0.318148672665374
-0.402399562223712
-0.336465285357437
-0.296264112814313
-0.40466230622368
-0.28074787464485
-0.257407325992827
-0.395925543223396
-0.421010944529688
-0.298558797694031
-0.509223900733633
-0.30715517119922
-0.2882135842116
-0.192598687211099
-0.258283157877041
-0.344126298081452
-0.423532163948306
-0.259002461536703
-0.302503162421358
-0.341462085590232
-0.180894878157121
-0.208470826153277
-0.385933231815046
-0.41510458425346
-0.287971735838687
-0.238746565786768
-0.302239116403867
-0.277510973382684
-0.218467584259052
-0.283062099248163
-0.283624144097504
-0.267436829457486
-0.251456614606529
-0.227813765962911
-0.371444143448866
-0.29777606205008
-0.441315542962072
-0.19377028727083
-0.35128163037414
0.0627541849835812
-0.201789033747249
-0.310765316885655
-0.208967791755146
-0.235957948881222
-0.233119633458579
-0.164637817721548
-0.0409824915785621
-0.241581639524759
-0.171974579434562
-0.257619981083189
-0.122344875245208
-0.253391960496163
-0.129368969674993
-0.394362893084246
-0.195838620475477
-0.256215167353156
-0.242344137582787
-0.150342489260833
-0.286075952594788
-0.190539480910065
-0.150173920314204
-0.109225288241285
-0.199635188776106
-0.169791730515231
-0.165618645285146
-0.150884069349053
-0.197611552624683
-0.167951820188308
-0.181949275412477
-0.175742115212382
-0.0784694107266327
-0.326852036212665
-0.254242523345167
-0.127366545668612
-0.0812162683430539
-0.194411863998545
-0.0359372121509026
-0.226682296740622
-0.239649757862406
-0.0455995699856346
-0.228944879791758
-0.212389795262632
-0.154986261251208
-0.110531649572542
-0.214289643992812
-0.0577852468297192
-0.105756021885167
-0.074271114190609
-0.243542581209052
-0.063364943788101
-0.0405588921659121
-0.1919098981851
-0.202829488494278
-0.0292316906515747
-0.153505421635361
-0.254221637769439
-0.275350182911121
-0.0427027276807832
-0.143115532233474
-0.0703525490500117
-0.234992425310907
-0.10987969873616
-0.10358749964091
-0.121510656520904
-0.0111252788658284
-0.0695606421619208
-0.122054255336172
0.0114802981633497
-0.100708303463167
0.0527084345964299
-0.23014441889248
-0.123699682608072
-0.0414377031125739
-0.0184562324233288
-0.0539876716157055
0.0200232183796848
-0.182241434667567
-0.0511015128444562
-0.115697246533206
0.0427966972216359
-0.153710011877199
-0.0696832716694725
-0.0135987609546153
0.0375088505170919
0.13134503700349
-0.0771796332902732
-0.0902603123283162
-0.102150692861738
-0.0502044141255952
-0.026806793071138
0.0402620328233012
0.0154999727830315
0.0564861489529644
-0.0477868043267161
-0.0567619142242067
0.029162821300672
-0.142569541096404
-0.128378134682503
-0.088223091908139
0.0833767567349573
-0.0764724291503194
0.0142185848477025
-0.0183236453942775
-0.178920328403846
-0.235174352239107
-0.0225510363429377
-0.0365256687392253
0.149403444035791
-0.0375132267122682
-0.0245872451398996
0.0395806142276769
-0.134425052018974
-0.100379886909123
0.0628289091113306
0.165724568773743
0.0641948639790662
0.311287598367138
-0.00601898283037068
0.0303110682739074
0.0135292985388913
-0.145942913661152
0.193547442456441
-0.00372013077285677
-0.103379018240057
0.0453147779062122
0.00887064071330916
0.11942726246641
-0.0876603609856391
-0.0921948618045936
0.06180662916357
0.00651763106550157
-0.0445836638846558
-0.0064597673018388
-0.0263459223637325
-0.137615764866686
0.0125456433220492
-0.115170033641511
-0.118688014791378
0.0103625814046954
0.169646274679405
0.0485237126813142
0.0839229071157514
0.197534485796852
0.0822525948744654
0.133887167116424
-0.0468577037099467
0.173686086511408
0.0780799832734782
0.0918559100402162
0.0335234797362918
0.223281754438295
-0.0396061347778413
0.127221538288098
0.082962305772546
0.0666078535889565
0.0114615386086503
0.085489249603175
0.106055687413751
-0.0155897845188411
0.111428562173498
0.0207132619930976
-0.044674159676601
0.153088750174806
0.0941577897943832
0.0455162173253276
0.099840156438741
0.173217904583924
-0.0449010290599063
0.0425157113231339
0.174811452975402
-0.0210389539649028
0.164931753072746
0.0118166271922389
0.0811316422839886
0.0715581108755205
0.169807798950328
-0.000235322159960805
0.0555910257492203
0.151799930078187
0.15558476339028
0.0983253509465773
0.191420185123633
0.137887791249558
0.181004661508878
0.098860792606926
0.0863953030310186
0.157734259434956
0.00801023858162263
0.0842737379197651
0.118882040147561
0.203441121696026
0.225385337711779
0.176179804132448
0.220367616849262
0.152092903990733
0.0815486486919861
0.183293312338732
0.0644604592943246
0.145040711830306
0.00755957108445246
0.261378119301225
0.0158174914446062
0.196305878842223
0.0796947323866092
0.332846445696206
0.0186759142243829
0.13294797469889
0.218562834655787
0.307327876120761
0.178146519515461
0.157711563732654
0.236815374514249
0.234342812688779
0.216689868155541
0.179585907479911
0.0558580589364188
0.208384902216057
0.219396646875704
0.0950236738563252
0.220610359338085
0.0532752892058348
0.175093128320776
0.153560584587418
0.358926465436193
0.308123554618603
0.21138888031085
0.187535059649748
0.272866571039548
0.0279732041090501
0.124394728669464
0.172604238196195
0.175516865965554
0.0738519395555597
0.208006635387201
0.220442757861567
0.0264580880503583
0.151192917165245
0.279363471217831
0.277862969802586
0.360557708207424
0.165102259280369
0.239449267812506
0.271159465660489
0.399082026378066
0.204970675600166
0.170587287603004
0.251764213974535
0.362228167607311
0.335950441270335
0.164039401105783
0.290113315625918
0.296011820062232
0.0976533303814059
0.347992653020361
0.360567829280956
0.292146448911126
0.264730887504526
0.177400327964389
0.243781657403662
0.21108242329206
0.192249805891273
0.339693367881457
0.298182061750643
0.304972731966586
0.222088629673216
0.367414655867144
0.144238339384171
0.293799738488129
0.405373081263227
0.324323003888806
0.302934807075582
0.429377561263389
0.288656836678605
0.264977428673727
0.365239089135992
0.354934820339074
0.371453898516349
0.214470761591594
0.361784474618881
0.348369690434238
0.267239909620069
0.373436665054675
0.317894664449554
0.316654315773411
0.273027162946528
0.282644380432275
0.33165075288075
0.301696672042122
0.380929191476255
0.366256171058711
0.306009573295053
0.285904386587826
0.403405746504684
0.388765938977409
0.358644833882731
0.20954891801376
0.34514702762437
0.353393637459091
0.263947992074781
0.355325464302512
0.317504593112273
0.282059047019604
0.407914810292053
0.402810424057496
0.410575473154631
0.405405447899498
0.271437829535172
0.257298814821838
0.358258690111363
0.308261463225251
0.293787177429818
0.375127573938544
0.381431561770352
0.341926699419758
0.540079972289255
0.54905913952615
0.419975738818357
0.460392765704192
0.362637917475423
0.410073417967017
0.53777308167794
0.463457607904878
0.475691169642681
0.402019722629094
0.370011136231988
0.455000377944215
0.200136909420685
0.233738890447739
0.406588504013487
0.274049556802176
0.441475353334349
0.509433901172613
0.528601294924027
0.276588976421215
0.550178828203435
0.406375736877381
0.378114495185331
0.419173798404135
0.37453575358685
0.404280390531808
0.321835388071798
0.633453316276401
0.382524247964496
0.628882960288088
0.53934218586961
0.377742710418988
0.407177837215466
0.292294994204591
0.415046092445746
0.488734201639631
0.574199338829939
0.430451518492295
0.528056530526687
0.422419565418502
0.430872825817437
0.469766369107795
0.41681589758278
0.473704610218664
0.336416894907518
0.397197126459995
0.431718182723274
0.47480175025935
0.413408993038962
0.414739014649332
0.578775849344572
0.390112677384353
0.532615477172928
0.536730685932593
0.477539336455144
0.645575621047505
0.470997921716613
0.604851226891648
0.543785036517622
0.579792855251157
0.433815109458764
0.528931807726044
0.473639324700129
0.528004109335611
0.562375637456754
0.547673824874259
0.522904357040344
0.501830241480835
0.562236151925796
0.538023510479333
0.555117377379394
0.469490976880266
0.625776787746148
0.426223783802086
0.512667417140187
0.394441257005005
0.566707205532089
0.566225290840981
0.489305796446298
0.538580631636863
0.63773453290343
0.608523198309988
0.469814921696795
0.423446416311044
0.508905955258702
0.551674945875722
0.651085991128432
0.536800004329522
0.58734661694198
0.691023335980654
0.546351272988049
0.502233353225288
0.686562533236588
0.534292621098206
0.566547152204845
0.694661299417525
0.635237410863814
0.345241550549349
0.536571426767839
0.624800929609275
0.503449979819486
0.694213697078805
0.685478936797314
0.468710634623645
0.57711004157073
0.615300936498743
0.578354846916307
0.506657981653811
0.53997813038057
0.573103742973711
0.709196157546809
0.553032912741814
0.454084774652468
0.677162501714206
0.510372729463617
0.740850227070007
0.706484341184791
0.665073877498146
0.578579605392482
0.680535187982973
0.603745269501245
0.715081712806507
0.635561820005893
0.53458112261946
0.671440248357009
0.729246679237475
0.581854587216051
0.734590482006598
0.635677101996559
0.655826693978544
0.61205698284883
0.756142275207165
0.686998745445998
0.681762024741038
0.679824982779298
0.67394025639176
0.606189167040228
0.736806735234987
0.75063184852043
0.754863255405999
0.794872668594994
0.579101397297571
0.690453095236054
0.630183255909781
0.679571059097842
0.688067394727517
0.789385616497754
0.823958164486376
0.737956911862574
0.463562636336976
0.673732387256142
0.649725721228017
0.671119294735901
0.611420078914475
0.678565345969789
0.673916684447975
0.718004356133337
0.721924310633891
0.72756579070434
0.776076651592153
0.710362460090097
0.819331974749627
0.812631408358651
0.725700200316832
0.701479581608327
0.863792997843856
0.643972340935791
0.637684130499557
0.748682007581748
0.708949579574507
0.583262546340989
0.62364620404746
0.580825235241406
0.665173910447155
0.749404343806993
0.704953214656027
0.717252825091361
0.66735696773633
0.615706558070157
0.723314126934514
0.838646622645932
0.646423644565412
0.745963206492841
0.667997993067633
0.728598122245558
0.821902896124701
0.797877841970735
0.844822056632213
0.723131151662516
0.856682086463943
0.720788754217192
0.813665508828384
0.737748174553278
0.821027361714059
0.924227560381116
0.726018510374793
0.777101278625723
0.939764249639459
0.884477222100467
0.68890666187845
0.857721071705462
0.848562060478031
0.753413101090179
0.838758241156649
0.815324727069859
0.826805638209836
0.726429245637569
0.696998306879854
0.912514188039817
0.770426779511794
0.683654498911474
0.659145688760412
0.793890249481708
0.995447841484611
0.86498692378511
0.84152955404766
0.860109539937497
0.962820684359352
0.769730304558794
0.748330394863514
0.854530075630571
0.749983709622275
0.845009489714227
0.959438831826486
0.932105230991273
0.818796569973735
0.925900280979184
0.820107925307431
0.748529594151409
0.827755611929821
0.789452122314535
0.769706379825496
0.812079266669014
0.769826658307582
0.881057551089069
1.00794356272135
0.979211682924755
0.931048322077886
0.793717161054294
0.810980078985706
0.880332506479667
0.98034728148568
0.739819854366559
0.917416024543577
0.807469787955816
1.02352362188658
0.880590838532867
1.09371172316266
0.838784819346076
0.9379226747925
0.888221201698694
0.931470658709134
0.881473183681653
0.812026608363679
0.917673033904257
0.973396031274276
0.933118604557511
0.797761070925788
1.15567358712735
0.952292880774866
0.816897401943212
0.793392746461439
0.907215633672137
0.941687686309877
0.707042816955985
0.936639129925353
0.857580428209646
1.02006032640794
0.909872450512794
0.947226555143936
1.06141269466375
1.02306102518421
0.95939577640505
1.0069106137377
0.93013923136306
0.971410523262116
1.02712496411813
0.911647135003464
0.907092398025668
1.00181477195106
0.884770118862377
0.978292550110073
1.01620520800463
0.980012750713787
1.12908759551175
0.947709719981145
1.13018059956898
1.00456857068113
0.928078282315779
1.06990361884736
0.884570479602248
1.08742273889538
0.918658038412884
0.863586600117488
0.966061134084748
1.08007691673017
0.957994089750433
1.06523677552402
0.942634345928321
0.873478018705865
0.938462000311877
1.03871323305427
1.07108005042449
0.991864760488695
1.01057752975471
1.12850675884866
