0.13883537460881
-0.99189252170688
-0.941594405558645
-0.938016222953808
-0.956418140582753
-1.04161481526788
-1.05051789285455
-1.01998040780515
-0.884489402030748
-0.881337348053468
-1.06920951439931
-1.06022639468029
-0.959561787737654
-1.01276178815568
-1.00435831522781
-0.988233928160158
-0.936555411079161
-1.01936482850906
-0.819010590236622
-1.00330055726412
-0.849282376828196
-0.781286187544784
-0.81584092340891
-1.05184438011627
-0.97822220420073
-1.01589480651393
-0.878228453726743
-0.887052582968347
-1.06342087593953
-0.818324008320826
-1.09065674184272
-0.95262221577396
-0.980347553034331
-0.965928950310821
-1.15606744569191
-0.862282554954615
-0.939941984476482
-0.959765879741666
-1.09200057071956
-1.00917824136212
-0.973641403729539
-0.858000689356303
-0.833717466411743
-0.726069407467044
-0.820619474129592
-0.822649268137111
-0.861234430888848
-0.979035690344217
-0.889499724449523
-0.921525287604065
-0.886098306496808
-0.894051260761105
-0.88184077665314
-0.746794519595166
-1.04706364207438
-0.683230473874414
-0.917626331565496
-1.03472107778499
-0.810948676136137
-0.842918689043903
-0.907591606202001
-0.811561630625952
-0.833887144495028
-0.860749941699242
-0.823801348032051
-0.917078226327941
-0.828259799506503
-0.720003995627838
-0.926658460933375
-0.770149394732083
-0.856939919561308
-0.898260753044831
-0.712327113358072
-0.77878793757837
-0.668754558544151
-0.964842326881506
-0.796482799486319
-0.781057410462376
-0.859747879729918
-0.880310452956751
-0.742716220853748
-0.816845102336225
-0.890712923069593
-0.785885453877787
-0.651428177902712
-0.831551953353945
-0.866995084232925
-0.755364982142357
-0.91142741221478
-0.826822865417995
-0.784353942160663
-0.805466064027584
-0.872415169723993
-0.916828403284048
-0.795367665574108
-0.7473633991758
-0.683573699654187
-0.83587127982297
-0.670231885386249
-0.848590372673984
-0.84302367802684
-0.825772565727927
-0.835464020782166
-0.874469046318908
-0.896473714327889
-0.780994299275225
-0.922613683025545
-0.718211906315837
-0.732999160810827
-0.717905687630331
-0.818420845673962
-0.74794657815359
-0.667698094421226
-0.670545207193535
-0.798509250775982
-0.735965066694472
-0.809947401719822
-0.833618056587577
-0.715609689367936
-0.822193434235431
-0.74379114967214
-0.845653569218822
-0.838464346853743
-0.604705479248885
-0.718448270543643
-0.740223608630347
-0.706889368043073
-0.774237259937978
-0.712955260708219
-0.732439519734221
-0.612503605882466
-0.797483728963183
-0.853267338243451
-0.742993655173705
-0.720254113649881
-0.733089420771399
-0.773859556398523
-0.62079752093837
-0.851182062226785
-0.633985011997548
-0.525361636695368
-0.682539475245368
-0.697116276250035
-0.725820825173119
-0.795255168697258
-0.661287239353905
-0.822506091746742
-0.564356389959688
-0.633568670586137
-0.672848351479629
-0.675869030216516
-0.637057205114802
-0.669018524606441
-0.746879905745966
-0.672092294869353
-0.74964704590837
-0.740818092078232
-0.681718956442707
-0.574023997708208
-0.527880179678001
-0.624063834874314
-0.548686832119477
-0.70202320669006
-0.666201666998336
-0.516733689897275
-0.624958174439798
-0.661383473195348
-0.567409216940214
-0.762314472389317
-0.559973325816156
-0.569574579206124
-0.632220265694214
-0.711630972300165
-0.579585992406494
-0.625202037535627
-0.688486456098281
-0.610861860058181
-0.714333237894301
-0.669933368308708
-0.510347077036763
-0.754941193426848
-0.487524744611999
-0.628027545213221
-0.702272443082135
-0.792053289338522
-0.561735345467875
-0.666157353920368
-0.687268151208413
-0.673520707152412
-0.560771326085166
-0.775088700390123
-0.741863043498052
-0.572028418082298
-0.542218046055392
-0.564790230326111
-0.536372557870235
-0.543234050391423
-0.69577381459744
-0.575801159753661
-0.66484666609683
-0.58915589037081
-0.625914093650089
-0.572689974004199
-0.53082173892236
-0.648070534202716
-0.537524430856862
-0.581876283210135
-0.565193240004242
-0.518593852177122
-0.482241413605916
-0.617952163591484
-0.591075684952988
-0.519905179592852
-0.447650840277598
-0.620618616367031
-0.535907172845984
-0.566769293863017
-0.485319277109489
-0.563401035879721
-0.531401841482038
-0.462704184935815
-0.639074198843313
-0.592362068060622
-0.663352410686437
-0.598219174393979
-0.572958387869767
-0.575379493088111
-0.491690626681546
-0.630727674004915
-0.466650163544086
-0.619486731010793
-0.555217820482271
-0.38471529488644
-0.527767368212216
-0.482535337732032
-0.627276079269604
-0.406119766029025
-0.425523799836631
-0.539460030594075
-0.459262185990668
-0.63468976215192
-0.565009349638244
-0.461842210105484
-0.542079666508531
-0.620217581918534
-0.663656801994217
-0.502126834559578
-0.472696706209194
-0.506707853513982
-0.329686139302574
-0.428744256056603
-0.478487012893115
-0.448307068207084
-0.570469177827672
-0.555839068306678
-0.50197479958345
-0.497924631349802
-0.491344526188467
-0.560234119967873
-0.479684105310129
-0.648036727081578
-0.354612200914757
-0.449150563952264
-0.377933070650599
-0.654873321184691
-0.510816777923666
-0.606041284062497
-0.507249777010099
-0.301506270483548
-0.545774269473261
-0.435791783983378
-0.430594323646259
-0.445676042478468
-0.665842686580079
-0.47487613779734
-0.497867960611744
-0.568057717829742
-0.642620523688761
-0.662436302097418
-0.608435046568354
-0.364721329046582
-0.344971738013136
-0.537932051632066
-0.399107746339544
-0.363125715455367
-0.424382777583139
-0.254056159000696
-0.45968059408052
-0.469100607596928
-0.443611243266557
-0.425692171778487
-0.408586430570854
-0.481144146162314
-0.396327081863437
-0.299692507016533
-0.469568683851849
-0.484475707759111
-0.483139782610183
-0.331288775113266
-0.273272210420557
-0.379946094391811
-0.416507397698704
-0.437419768754719
-0.40862055332397
-0.286036652574042
-0.354497231454704
-0.40265893838217
-0.594737359670612
-0.470024985782771
-0.318023878900014
-0.396608679962424
-0.298479859798439
-0.185755090013738
-0.433691863942822
-0.508856177342722
-0.463507932912771
-0.359475957102327
-0.388038599660569
-0.293510382573919
-0.422858911302801
-0.400341399475626
-0.436416797728717
-0.336021545398596
-0.261898927262255
-0.319923325513614
-0.31962229971487
-0.417741316524463
-0.122361226579605
-0.36031774428129
-0.479099525171
-0.239228812016029
-0.404392561686158
-0.290737834714383
-0.196126329616069
-0.528795545319071
-0.21600588487354
-0.403315793856141
-0.279347049977778
-0.322017647703333
-0.369094531968083
-0.323413429851632
-0.359058954295381
-0.395547508981369
-0.330444572943924
-0.214476830587289
-0.29240340507623
-0.3281801729165
-0.314367176120958
-0.307703628771636
-0.322521949965342
-0.382045300139152
-0.374446133729298
-0.165711550259716
-0.222110175145468
-0.194374457821286
-0.269294965629645
-0.303068880520768
-0.245196781052608
-0.242902211690324
-0.300833489484596
-0.295207703582514
-0.302628165802064
-0.324597553436095
-0.275724499814873
-0.216316255656744
-0.255375452317408
-0.309647306176951
-0.204205086191044
-0.364467863570461
-0.310150061412542
-0.124012786760415
-0.209621257917694
-0.0949820333125406
-0.335643363357366
-0.170240753698067
-0.29386185612032
-0.239923529242786
-0.14956558369364
-0.169965115239867
-0.267828761404792
-0.215744028387207
-0.29224565338693
-0.382066895651539
-0.17338281197138
-0.295216206295718
-0.173754473105705
-0.135782955037517
-0.247189803946212
-0.103044408024029
-0.205882023969701
-0.208453311510743
-0.22554657860637
-0.230169632158686
-0.232984728162781
-0.219087791259919
-0.169427728573096
-0.237233010094597
-0.0656709755168823
-0.18016146251924
-0.177957552096013
-0.134226073670685
-0.137531139108881
-0.159152714947993
-0.244331597447176
-0.11092579205987
-0.312979517227907
-0.192118417307835
-0.267815474214683
-0.19049650483813
-0.164241552822412
-0.114031789012763
-0.260911131870956
-0.222128459335192
-0.166645242925187
-0.245832193876333
-0.0861360900964826
-0.138397725543248
-0.15046229372607
-0.274298016134423
-0.235513376578936
-0.0834655788710824
-0.0699660315809161
-0.289476035269038
-0.0940889072858568
-0.305303993805718
-0.0750755153868536
-0.159366999958369
-0.0526268621575751
-0.0311935311855092
-0.160544531702916
-0.151516084362183
-0.16500705575883
-0.0651328224963681
-0.156589193938712
-0.0178664579037781
0.113897027424776
-0.0428988795337749
-0.201368383804855
-0.164783901781778
-0.0969157372299846
-0.153859846632512
-0.212027990947329
-0.161207834804225
-0.0640702224968268
-0.0569397525646372
-0.0276232224808269
-0.144198091495692
-0.132616438168556
-0.0247402457165273
-0.197077935921381
-0.133767415402395
-0.011898863155655
-0.165092354371145
-0.0745970179738274
-0.0901010448420249
-0.0526904592639854
-0.087274940327865
-0.0719055198683673
0.0410956119172746
-0.078477423286436
-0.10321891089053
-0.0682841987139454
-0.0925463567373182
-0.0195769994579022
-0.102620146267355
-0.0156868153483529
0.0156059950915422
-0.0450166169423567
-0.0922161675986363
-0.196446419123368
0.131145886333844
-0.0313921056755011
-0.031674890569623
-0.100127554821401
0.0902264325169754
-0.0509082538996057
0.00998187622628426
-0.16603364171801
0.0287048884247977
0.108279812823393
-0.0835782441228805
-0.139116324381796
-0.0369438564133806
0.0762423371219345
0.0349041750575249
-0.145960287864859
-0.00197388092736755
-0.0345269441308019
-0.0146102497320483
-0.046452193821858
-0.0345335736287441
-0.0416034073328208
0.115209393225997
-0.0943925900779556
-0.00841574872217148
-0.0382362099506364
-0.0166760000423595
0.0120352892505518
0.0635038601722649
-0.186007911632357
0.00338348281023838
-0.0648656019750645
0.0486116943180641
-0.0597055709329882
-0.0932601376528647
0.070597588381302
-0.0377059739508011
0.0986484618462794
-0.0090814245682633
0.0874959186102789
0.159202036650035
-0.0273947524033286
0.181285777970645
0.0206031084197693
0.0526355924245722
0.000679119310603139
0.0589574582400192
0.0787229181727756
-0.159612430405654
0.0115900350739178
0.0123897354771564
0.0849426499266045
-0.0453219277883873
0.258028499550141
0.0372575681745049
0.0598610571940882
0.177445938766927
0.131211332888591
0.0384522395059134
0.0570179294859089
0.0470506551020272
0.0899862447548574
0.0221961738667363
0.0481229250367221
0.0915046045486403
0.0753499808217944
-0.0177868272056766
0.0684473846321174
-0.00233377653210066
0.00573272805834935
0.142066337747719
0.0971247420680477
-0.0565099899276715
0.0183675453629875
0.0409401398469611
-0.0182686544970388
0.0616318687004575
0.0688609663535573
0.0489448969810062
0.149845792829913
-0.0658479517785538
0.127331046440532
-0.00312702741291409
0.176536262378525
0.0963017919522056
0.0346350316400314
0.166400218028624
0.335259232713732
0.104853727510291
0.137709785417217
0.198041160984879
-0.0277867516182962
0.0657753054628994
0.0678179516926978
0.214882128591007
0.241441792279644
0.1546969814703
0.187019875398387
0.0347431141010089
0.09884449521385
0.169996648242236
0.230586910665371
0.135870475990593
0.0367595448676998
0.0829729019893759
0.22064792993294
0.18504061915908
0.10607413605414
0.193757939017833
0.0871309541724622
0.347069811691814
0.076541093176074
0.152029419391435
0.151317133753754
0.269409574289406
0.190118568723394
0.0714797148246321
0.190007579044303
0.252917726390163
0.213231752468284
0.261129484165532
0.192285793426354
0.159081802221925
0.149758853672738
0.0163932357984502
0.18347690305363
0.113937505072783
0.0715422298079219
0.300287183942862
0.149025298942561
0.20209695390054
0.168262878031359
0.200458645255535
0.180349733614908
0.109428297958272
0.206818194310782
0.308947785782391
0.191252427194701
0.263586472125196
0.173123120729295
0.151621005912786
0.219844369325874
0.11480393773185
0.198930840999684
0.334049237602743
0.157542395515651
0.278769878661014
0.258778134333419
0.268337626811789
0.267398316707354
0.234630599402763
0.390244422907234
0.220385242975449
0.250849981702844
0.193992606391339
0.284429335358434
0.306206745432289
0.257023157807172
0.188169898662552
0.178149072238018
0.0308312370882471
0.180526452079154
0.298745566415674
0.349956254983281
0.179037964181256
0.171390471976678
0.383701707129084
0.348555628255034
0.312095547395407
0.169399834928488
0.363645492285502
0.267798652745958
0.142580907517761
0.453316967553854
0.21668449810054
0.217957915416363
0.263569239508614
0.208571073561455
0.24761210614921
0.221925002449741
0.289451915035675
0.343899121531883
0.323344838099896
0.206965980579767
0.324887393572739
0.34457809825304
0.274457007418832
0.386740703243861
0.20937796926225
0.213460782018847
0.513015566045061
0.382550558218869
0.395021498666944
0.330803536383394
0.251689020293868
0.199495902054847
0.326985084255884
0.291524920786544
0.371698441769199
0.358679554804972
0.289744275298613
0.433444714993826
0.365193134066337
0.389929207222353
0.430834582226741
0.413479486118258
0.308795933132675
0.325646220359714
0.286540956398988
0.256697054229568
0.491595592435451
0.330690084451365
0.362364468811253
0.211771687418333
0.178279405159915
0.357591071213173
0.354434361777799
0.267620961270852
0.244620604023752
0.351707910142778
0.39350064140112
0.393814578486293
0.316096117475865
0.399387639837305
0.33454177082485
0.319561040864765
0.478028798435959
0.513117910649258
0.393886435368452
0.534913688679829
0.237988474346607
0.458029320743846
0.428444424433894
0.478946964213109
0.44763143075693
0.280494595152031
0.516226334729409
0.358582752797998
0.584235796182051
0.418426178691528
0.504579514495948
0.592868120614326
0.399752482437209
0.442586339748579
0.375916579861743
0.381229486796794
0.346505351884425
0.309383120075216
0.56063695621128
0.364640991719673
0.461081431046937
0.419744371889786
0.411538496196854
0.380896889107039
0.306149164698761
0.238816308131631
0.405565070998865
0.240600373719118
0.434478693480412
0.384648523636978
0.435687335127454
0.371728638686948
0.448819630997462
0.502750574315714
0.382983938015829
0.323809782817982
0.519451881902353
0.47317140262713
0.571312557689109
0.572877784545546
0.568625653577669
0.576488456384546
0.409272201906685
0.621645549686247
0.346834312555396
0.57237440586119
0.461067335790068
0.448107921011883
0.489383504433808
0.39312792683231
0.422376449623218
0.56054419470112
0.517607056789272
0.577246509050549
0.398584802886895
0.456334182658257
0.399413756214261
0.369243524339094
0.660584753509853
0.483411208431651
0.589362397698142
0.582416442812185
0.572824435943095
0.483876194937945
0.61227370768973
0.466434901183016
0.557391245424628
0.691844918256486
0.566786705784654
0.633941634331145
0.548323895020769
0.354254438419052
0.629159236724581
0.532471523860781
0.615720801277875
0.513766441370459
0.431324528930487
0.498525244378548
0.63192102728832
0.514205725351741
0.516021260144481
0.599185748410791
0.49587162941466
0.377073265313257
0.501241874175794
0.592163673990297
0.598365658101457
0.52147871466051
0.54296516844705
0.602386470054098
0.733439717167806
0.732903070055305
0.558716607582367
0.52762346741271
0.396696445187172
0.490009224096943
0.60956803298233
0.643219023540156
0.663769293661211
0.51319118252522
0.579642469059786
0.670775644376765
0.681844125675439
0.517207602949065
0.590871848223204
0.555014369673649
0.659117315600467
0.595322553482553
0.540760787991383
0.6194453986911
0.624423339832253
0.621319753658528
0.493690229645249
0.693228133205957
0.634264415122955
0.680274081137009
0.669495883004369
0.643333625459904
0.52923865134636
0.70596482672734
0.550330940031228
0.656618672763457
0.676174702143303
0.57598876270027
0.71035844151487
0.601156251312024
0.639092556860631
0.549386175461632
0.714459521068498
0.66453262140535
0.653542829305311
0.622025051229318
0.707277617712832
0.784197247447653
0.721949896451999
0.721423040734492
0.745316913852757
0.650414774168771
0.673326118855909
0.426486723492896
0.637353533557939
0.789203031155367
0.732393511787641
0.624412539067792
0.779058800555359
0.587329769350424
0.774978264987125
0.615822662806632
0.660370264481762
0.627677299428869
0.640845913096117
0.660189722791845
0.681113976489921
0.815520692416709
0.792695548772737
0.770027205307188
0.794918678555857
0.671706737229941
0.721118068750874
0.67980231171121
0.663193999292856
0.777458017826795
0.733349503716839
0.655823312808805
0.902899793083359
0.700431531097161
0.668136572024052
0.816886321303321
0.875771366833534
0.754070266241009
0.581066442075216
0.601028783643701
0.653691295167852
0.828128730512959
0.773485109304619
0.639847675223816
0.669390997644358
0.689981270409886
0.853717705025147
0.803205154207963
0.735396875026531
0.71327210225804
0.813583362062759
0.835545950647879
0.714174975659828
0.816595592124554
0.852570090424801
0.588621927741373
0.672543849764338
1.01670258345423
0.56981294487503
0.766893416521879
0.874487543185217
0.732162341865933
0.941303045427802
0.733921950322302
0.729634383732372
0.860840638856416
0.700165132148801
0.629979823862755
0.81320708275378
0.824503322789306
0.757696987850136
0.882513140259018
0.720436392010508
0.907598150440624
0.944829318246306
0.881153748297992
0.897604882077302
0.711586755727108
0.871674741226529
0.702398110344241
0.862053907841201
0.858178998264374
0.895659916110832
0.797213209946379
0.765755592982158
0.930968658353478
0.768866180624944
0.938494344170085
0.880181046265567
0.896109026304909
0.804414258243917
0.830927237570402
0.761216052598893
0.863463634464034
0.801155587865405
0.800879893495425
0.785957615356171
0.803173947584861
0.839505345375782
0.786705991304094
0.761970118815809
0.907236287202397
0.865281466604729
0.848808422102212
0.906203558735003
0.912107574790361
1.04391782278481
0.896264211132201
0.767244460888198
0.757130749996759
0.927310735074632
0.864351495915838
0.890437038127502
0.802648853153488
0.857007895389134
1.02592168828311
0.989711290061222
1.00311124680354
0.956868889260356
0.79606192117813
0.830075271884325
1.00138005628632
0.817639865101276
0.958644522687477
0.954952090190175
0.935398557193975
1.03854532421072
0.875650436126382
0.802118831956469
0.805497509900745
0.966781264217963
0.92182282304497
0.930711100448771
0.885593163989302
0.863290951215127
0.961496439564281
0.889546478450878
0.930623210145379
1.01741288014862
1.04117022693735
1.13539931016902
1.08376702993111
0.880432080991881
0.862349522431955
1.06346297305929
0.867666327652537
0.933087137065969
0.819867879789349
0.895703592244982
1.08324446517112
1.05881465709334
1.01724788111672
0.872805289116594
0.95851125023997
0.885398580641719
0.904392440596119
0.940745107158452
1.0025424402166
0.910576710439241
0.94534621666097
1.00211024001538
0.859822029463058
1.06611834667535
0.991318005618325
0.86547530002228
0.962960270136548
0.932576961795021
0.989528718495506
1.11436249573822
