0.0460935212938157
-1.00418193019956
-1.06824044652083
-1.12583586385077
-0.985186189754275
-0.837860783414011
-0.924068205650312
-0.9893927588166
-0.920597122942486
-0.953368375856092
-1.07717213495991
-1.03968288552727
-0.922397779795121
-0.958856545851467
-0.91891623058209
-0.901025490178533
-1.1302484655972
-1.09492751628787
-0.942482962040118
-0.95458805312911
-1.02676608731814
-0.945176901945933
-0.905192030356232
-0.96686888269217
-0.87317803164254
-0.900927983985559
-0.962846317430682
-0.965522187123731
-1.09065645976463
-0.827626229321607
-1.02445908205283
-1.01409834430627
-0.986035032773801
-0.922805215896858
-0.960198014779872
-0.914267456851212
-0.925102048251364
-1.01769249630222
-0.904363926899604
-0.842394262731804
-0.845992794058917
-0.857980584401937
-1.05378617946487
-0.967333791385655
-1.02612313586455
-1.02403675526987
-0.992767774303928
-0.805577055820502
-0.886643813548054
-0.864730187596629
-0.934696218995519
-0.973805007793099
-0.729698685937441
-0.900803850734099
-0.807911022535136
-0.849768090311596
-0.966263691808843
-1.01344868686078
-0.914146946400014
-0.847150439159363
-0.951091910488583
-0.81524993559222
-0.743201877399675
-0.859292644471505
-0.945175484063946
-0.700727939171194
-0.829953754549007
-0.856656337369885
-0.72253644959882
-0.751752185598189
-0.794048862894061
-0.793955928493169
-0.90890464554862
-0.842851754305943
-0.802581392946986
-0.711344193424403
-0.914141820842895
-0.913763088394584
-0.867933020461888
-0.98901500584161
-0.905083014004483
-0.852229758012424
-0.868213624586795
-0.711694858473035
-0.751741060434842
-0.810517078528567
-0.823189018939665
-0.67910416162479
-0.707332747039558
-0.902193830693716
-0.745450804269258
-0.819428191538846
-0.721878523056979
-0.99142771758192
-0.84693528487519
-0.817720089748905
-0.814470095269483
-0.704912956743658
-0.786781210067348
-0.679663777138421
-0.834021153311975
-0.742405822134738
-0.829797441419382
-0.809115667194757
-0.853848472515864
-0.739525472539245
-0.70891034369886
-0.711559983264495
-0.916214477803179
-0.799688554706928
-0.931146998675015
-0.704791744581485
-0.785581588437759
-0.708430734178263
-0.815871544006741
-0.818025933303096
-0.756297856896644
-0.83294284957983
-0.927900739414201
-0.67694414885081
-0.811987931344974
-0.860726765674335
-0.824048825003206
-0.709909079793597
-0.762068630785468
-0.692148877303663
-0.77199921983357
-0.711565309650205
-0.713209465700993
-0.926215702113598
-0.694481814920295
-0.841740665947095
-0.625607921655268
-0.719600032637521
-0.691133905526019
-0.734765069211408
-0.788564793668712
-0.765765231419881
-0.719976897607068
-0.668513176443502
-0.622878158746342
-0.861908122423683
-0.683751477914603
-0.771898392319189
-0.801099187621582
-0.744480048745222
-0.664799010575973
-0.763121954225327
-0.727682869380971
-0.801994424387993
-0.698684522247908
-0.77023961060011
-0.766473760476402
-0.628498672319643
-0.787806828675499
-0.65512677189554
-0.65170567847641
-0.674520109262387
-0.716314079239259
-0.649248218038004
-0.79199476115008
-0.606450910250938
-0.609669811825672
-0.689290362832631
-0.656274775551798
-0.835672169871629
-0.438226614391737
-0.570725523894846
-0.656775909115905
-0.638951779594373
-0.719403999248653
-0.65233849445384
-0.593811840774384
-0.698417623426043
-0.624064358370244
-0.591776250936132
-0.607483594523702
-0.524289571023579
-0.66425516190014
-0.733570252101702
-0.686239631972903
-0.49022825539101
-0.483864374294609
-0.629941630171909
-0.652360783002626
-0.647203975991415
-0.557062463624109
-0.533119785718495
-0.499315255790737
-0.663464969956062
-0.712818611188762
-0.609650071433505
-0.6608035362733
-0.593175561300796
-0.555913374441109
-0.608325701736342
-0.687259997979707
-0.765445190122617
-0.694885143595217
-0.566313985259749
-0.679386935702043
-0.657736494667823
-0.619525453369294
-0.434962441389936
-0.523424087165021
-0.662912510007644
-0.564716827093639
-0.651430774445716
-0.711320137335521
-0.503119645441899
-0.377142955001924
-0.557208390791275
-0.675186806947175
-0.52059212531801
-0.700925392078266
-0.724154439398926
-0.503157187204026
-0.692814165822102
-0.535492907858551
-0.630641198261023
-0.59367864109799
-0.630660567319377
-0.413624435838152
-0.538536944166676
-0.580918643534289
-0.522722351802865
-0.351122726993247
-0.431062314444692
-0.657482866228501
-0.588745299234045
-0.368829998346311
-0.572901109570091
-0.515048080153358
-0.651128572474871
-0.526073427005188
-0.408830578363457
-0.6009383117513
-0.512733259252182
-0.602724512474779
-0.65055567209961
-0.602664332915201
-0.497843124207044
-0.478021472979115
-0.450275068024483
-0.357419865847028
-0.541731827031023
-0.490421069280631
-0.500121267264002
-0.689871406784071
-0.422390492514677
-0.583444883002387
-0.613350718413616
-0.512194802378241
-0.398918382471836
-0.496316529152191
-0.469183959844526
-0.559593841140227
-0.546847379414363
-0.609938604411931
-0.432959239513003
-0.562939220919226
-0.566924975591034
-0.456509750765154
-0.51649902293461
-0.512859284762061
-0.414579315849335
-0.461888084658764
-0.376812962274051
-0.46074805995827
-0.44177194367209
-0.562204327167443
-0.462548051508579
-0.596125606669332
-0.41908425889455
-0.405872893072936
-0.476849208603519
-0.383328413141994
-0.504155063662029
-0.499984252219783
-0.485643078629916
-0.435083164660816
-0.371882300681993
-0.420737051230445
-0.477113555954556
-0.399360242573133
-0.361770450797616
-0.538661332320292
-0.513712250393238
-0.281455559483014
-0.486589824996794
-0.391791456186388
-0.494109347135472
-0.40907252331869
-0.420477844071947
-0.461721834193528
-0.409545040825816
-0.489582031680896
-0.309096372865917
-0.420337226868028
-0.465823683059073
-0.455374337207434
-0.337382520204437
-0.343640936061335
-0.278196150012571
-0.319286585131861
-0.413610909004142
-0.251500624553919
-0.449005418705187
-0.498304160065253
-0.416597064715538
-0.350032635024118
-0.364328307401247
-0.325305924968362
-0.43693447909406
-0.491753760368837
-0.371749530236331
-0.306981890652899
-0.340749152771035
-0.37010252553667
-0.440004452068538
-0.416616810459625
-0.282903864741796
-0.294316562875608
-0.421636155633676
-0.286135222049237
-0.238948317447555
-0.257251719163169
-0.290041413363283
-0.294945903716802
-0.428732995689538
-0.519152497446902
-0.361756870311111
-0.305444705881874
-0.199010395902847
-0.320312100135195
-0.351338692808995
-0.325712517890844
-0.274412310776983
-0.361502396971148
-0.194058853573751
-0.395695984543712
-0.30447910325008
-0.387474909692628
-0.313330845671384
-0.311537045100821
-0.399780445441498
-0.277958631875388
-0.271378415991548
-0.380745474777059
-0.410376203510325
-0.286193595078901
-0.512104640592045
-0.309080166246809
-0.280767187227578
-0.183216864917272
-0.25469124049333
-0.337935791599124
-0.400929528123598
-0.299490202436083
-0.29201459487726
-0.346560883095635
-0.183944729914762
-0.217948599223109
-0.364666146649973
-0.403266776849104
-0.300084935421986
-0.265890509580447
-0.289708015444912
-0.308705041470258
-0.213262150475846
-0.277196464369652
-0.279687604394172
-0.265637440340492
-0.242358858987522
-0.212356346687947
-0.38392049479596
-0.292914687931579
-0.457499283919114
-0.206112637915276
-0.350012737922336
0.0563587197797446
-0.199252782441157
-0.312808612049631
-0.19936935958892
-0.240114707398973
-0.214218784807381
-0.163311221566767
-0.0558347729276156
-0.231829824133404
-0.192371561676052
-0.233242242711485
-0.138258926944844
-0.251530847926597
-0.120177913881043
-0.403862748111208
-0.218228845177384
-0.257934644811012
-0.228735046538306
-0.145801614781373
-0.296599177658034
-0.188806888905393
-0.159468572843523
-0.136941875546358
-0.191427426672648
-0.193530490745663
-0.150087864897246
-0.147503300008952
-0.190326657240567
-0.149800475452538
-0.195069926561903
-0.195972765350904
-0.043067771170159
-0.328755990537598
-0.269762684543845
-0.150267880825646
-0.0780935981261267
-0.177187489019344
-0.0270707217461612
-0.202179250106559
-0.220426246947168
-0.0177231687425238
-0.234816903099294
-0.226122722881088
-0.132809495911243
-0.120332237970756
-0.203111529507426
-0.0532311493088881
-0.125029140429841
-0.087749396935857
-0.259511575004404
-0.0639868675215138
-0.0432550052135433
-0.201669157007596
-0.209124031783896
-0.0190024738541455
-0.161289125563307
-0.2625629785468
-0.291055932662949
-0.0577913924796807
-0.134691650043286
-0.0746755600150435
-0.24454245038463
-0.132144217227565
-0.0952105141219855
-0.128597601057578
-0.0119765257602171
-0.0633506832856273
-0.120978276708857
0.0292953629698107
-0.107599869909827
0.0673643694966505
-0.220091632743981
-0.124584383409928
-0.0436250866424871
-0.0290666760707541
-0.0604397631265698
0.0442510303633136
-0.191143097071369
-0.0404618728171205
-0.117334900977215
0.0251456939225906
-0.151776723240491
-0.0709197745092758
0.00212559480934353
0.0305659317381113
0.115922379611791
-0.0811891938454068
-0.0867467962135879
-0.0993891300232473
-0.0483726674899498
-0.0220176543255455
0.0197690446305614
0.0232240135609418
0.0582002663713297
-0.0643150289213355
-0.0649152300813404
0.0232752448530509
-0.163265474104269
-0.135195916489406
-0.0819554196693639
0.0924596954887009
-0.0554394542383093
0.0106385033870228
-0.0299661894725879
-0.157191811286105
-0.239219321043802
-0.0358339985442403
-0.0100468462400856
0.142563383354871
-0.0374061641355248
-0.0117289029322372
0.0473015262496417
-0.130492645741746
-0.116479924330943
0.0767091909438062
0.166723689504254
0.0698419243687951
0.300220662043808
-0.0082347400439546
0.029247682827138
0.0154854133991977
-0.131753033971715
0.152117193512376
0.0262972747974023
-0.0951483715999845
0.045270736331197
0.00497574337842216
0.143436750224562
-0.082852606971586
-0.0710517948215934
0.0512143551941109
0.00790244883343315
-0.0721979750881435
0.0135630095743071
-0.039322053523507
-0.150978978122881
0.0222588191548844
-0.112396754885947
-0.137911022148377
0.0195354797732423
0.160243336550514
0.0620128637134094
0.090087984210698
0.19739886647393
0.0835254796314539
0.115270874774716
-0.0788709234741041
0.17384420941165
0.0831051091547897
0.096267608715315
0.0576165496867615
0.223724199808769
-0.0346603963762784
0.132038040977168
0.0900204275284019
0.0362084280435311
-0.0027456785666669
0.0824186265824246
0.122241519196469
-0.00667209728578171
0.112621222476926
0.00519106762088714
-0.0157958700665427
0.146074921614913
0.0994294853075169
0.0623616883002897
0.0892179004731951
0.174227643859208
-0.0418999437494933
0.0191034843293613
0.18422506719359
-0.0346518625936027
0.168725064301925
0.0181078392073062
0.073987464559085
0.078501013786315
0.161655493366107
-0.00827826685290725
0.0347880171080859
0.163760626198622
0.158565304352306
0.112285024053321
0.190604209569235
0.152325326790933
0.163092914380721
0.12509076279289
0.0888100434180799
0.151141850176309
-0.00416861498748968
0.0870035823634148
0.114765695463425
0.192948411535975
0.201592105015536
0.169941721419491
0.20485059076535
0.126146527025644
0.0612004241565517
0.182711484502608
0.0512717759444834
0.146570024128516
0.0164602067459648
0.281247552625142
0.00837645099380628
0.192865944033431
0.0807120604542824
0.366550857874477
0.0254181487750913
0.111662601187356
0.207736280309828
0.257914052019339
0.15400515616292
0.151573869083662
0.247172816453265
0.254786689436643
0.220633521101026
0.195768779818133
0.0826921176767642
0.217306220129897
0.221437838827157
0.0873328492253195
0.226179775950312
0.0790525099998298
0.172667639284911
0.142542494856258
0.365016706940872
0.297663392929842
0.214798631368261
0.163032206186172
0.282581842087801
0.0398716915645689
0.0900615993551769
0.175092939727001
0.175563594873035
0.0448539188714576
0.207819860119915
0.21809612167964
0.0248128353805128
0.194854892632723
0.268586318354925
0.287628359573544
0.34448995443292
0.170009402090363
0.219536613562518
0.261434992368279
0.401446502734967
0.18862282124978
0.14209700790254
0.23161052685229
0.351318914167733
0.321753126369872
0.159850384270971
0.269995956656822
0.28072745422055
0.0900698525927324
0.359501239204773
0.361917473392357
0.293330802910902
0.27953343708896
0.188697023643339
0.236965164360417
0.199311999056834
0.170876076120531
0.324187026499533
0.284982101498048
0.297105531987283
0.241310852883302
0.379899409809935
0.147171912455786
0.273918889544712
0.384786066009305
0.354058238434287
0.298202113913009
0.43868611336707
0.290863125786739
0.260354576808106
0.374887490495685
0.352054095631004
0.38792646015587
0.218730724412986
0.353000285818024
0.364162684709053
0.252674188473278
0.386013662152475
0.303133554750062
0.321903180836738
0.262909671424114
0.290296507427851
0.345794011602971
0.301981151020196
0.383688252926402
0.343579543289935
0.299144600372026
0.288086781813213
0.402166553791285
0.412714480987084
0.335136074633766
0.19689631259066
0.370970516100722
0.366163551749743
0.263244084982668
0.329519274450306
0.330146290541817
0.293997469888857
0.422530131329454
0.385055505237941
0.42685248168993
0.396438098820152
0.27918596834094
0.261533016590703
0.361205621212815
0.320720392084654
0.329710719672566
0.337558960207658
0.381713400479466
0.31726621133807
0.518664561587821
0.555840538230064
0.44422278300443
0.493612733299171
0.365588058804635
0.409524873790577
0.543535766814938
0.466506049515226
0.486477886568189
0.386646477993794
0.361602898829666
0.456510314462158
0.186211943631968
0.249291887297289
0.404597476684512
0.289166514468408
0.457868894506199
0.503375709542668
0.521295895872772
0.250367581773117
0.539282639627271
0.403336255975129
0.375287497172965
0.441709725164737
0.363517121910896
0.399923174877861
0.322682611703226
0.62980996993737
0.395169660573966
0.634074908966985
0.541702723412154
0.363380852965627
0.42537005326174
0.289887593332944
0.423603416053607
0.500254856143374
0.574610400982092
0.431036846930347
0.528879581748889
0.42240205900428
0.429009318526175
0.488671333521879
0.423897827827627
0.454905525316477
0.297574628507553
0.393119926019256
0.42225103600764
0.434841856042674
0.412145123013092
0.415799665683338
0.575068893183301
0.374537821162439
0.536634032846705
0.524360668531795
0.472709560376471
0.66167976349235
0.46573883994704
0.573212243266186
0.528596600762128
0.615040198773692
0.43579535468538
0.524349234178413
0.473861568006898
0.508851322662298
0.548994072303793
0.575763437211005
0.511368769746447
0.485015171980359
0.562595638659365
0.557973880304955
0.557799367244925
0.480332293569976
0.651307600043799
0.407303019897946
0.514430421374509
0.425434934444088
0.575548051789756
0.554540492258355
0.494317598205717
0.539526877661779
0.655154589175618
0.596628556906229
0.477044369566497
0.407984640655197
0.504677385185819
0.554445750924988
0.658649378208904
0.518981996017997
0.576868593522232
0.68371982471786
0.548715262253734
0.511910794175758
0.682853757505262
0.535422928706139
0.548195441314158
0.687961163293104
0.631964666329606
0.33117328595497
0.545432497463955
0.618164828968043
0.500821515156176
0.702305472187683
0.670030164599939
0.442732177743799
0.577957268352951
0.616451054935462
0.569908299449672
0.51219577890261
0.563593596897204
0.549576002991972
0.72181976204116
0.5466843358449
0.433736588834067
0.673766505566617
0.497224857031113
0.727884206396811
0.693757585561489
0.657627561086625
0.578455308052348
0.682108378924669
0.603454665490974
0.700999824119277
0.638017011666502
0.532891493557251
0.656449897838945
0.750619383028031
0.59217490833117
0.715480583486885
0.637737361086058
0.638417598394966
0.622582448921627
0.773186073429465
0.669027413547344
0.683633363682527
0.664254601893567
0.70217151736433
0.602794216935274
0.73274625092901
0.756546927318536
0.732392057845695
0.786233780473109
0.573813331052484
0.677810928389636
0.633876116270464
0.680703690304571
0.703010918316123
0.785266994710097
0.816813942518838
0.73416143825062
0.463124453539281
0.641399799302405
0.64770230750864
0.683060681068673
0.664897019606286
0.691961039193816
0.673534506028726
0.719036725236075
0.720566589931542
0.726497125405619
0.786958066328722
0.718561900152077
0.808491371479286
0.810165657543439
0.727852417759315
0.69114323452885
0.853128375209051
0.653992682204137
0.644099319214442
0.756059330221938
0.715950019612598
0.58387770874901
0.588063651218683
0.599337542877856
0.641364257078394
0.742695026213913
0.691245932147274
0.721860438278223
0.667807364957021
0.610909308732078
0.703853790956212
0.81857425768671
0.663908240450696
0.756792545305033
0.673098328099818
0.720400313352409
0.806214315058913
0.800524290495567
0.836927370504122
0.73576151552392
0.872772562898394
0.753534590229453
0.818195211563468
0.728485919128267
0.820727273461523
0.9253262403792
0.731174160675433
0.787592669755387
0.943122483726221
0.901960715545119
0.694841851414822
0.851703771066597
0.846947554713572
0.769535201611649
0.837695950058823
0.797796257670659
0.840792177050265
0.736043769200719
0.680415424033124
0.91049064219034
0.765999879315832
0.686698382512445
0.669423228992806
0.769043919860657
0.992041551207788
0.850154278506868
0.848424959476515
0.853086216321788
0.983222111283947
0.761923842542367
0.749469489907556
0.818053347037561
0.748935973398502
0.834890228243442
0.950217241740638
0.938721669309658
0.83159512707604
0.907918531436153
0.811637893046424
0.760503452380446
0.820100934749842
0.787688261651261
0.771909266793131
0.784986506222687
0.762457932366305
0.871938756177899
0.986147529468445
0.995516976619682
0.937839210197606
0.792264067824831
0.812609242103298
0.893824890565338
0.988172474061903
0.739203935210019
0.916544873848964
0.82459441567117
1.04444500085816
0.907027391886338
1.11061979250853
0.829810229466039
0.921774752715505
0.881248804629574
0.934606681435262
0.89873279420605
0.809440257837339
0.918244019660212
0.973180545185952
0.925103048990309
0.806356987129363
1.17536390441238
0.946017195914954
0.841823408034808
0.79128616887327
0.907611427165379
0.952539969126524
0.680209397889487
0.938996777251013
0.854349320051885
1.00806158523843
0.907852321182351
0.934570071817436
1.0688021307228
1.01124874161153
0.961066902496078
0.986433418576945
0.898109495690104
0.973295906149646
1.02510675638035
0.930214009788076
0.91358973973846
1.02294039212859
0.90025985178309
1.00300099529724
1.02846833645838
0.989272423891915
1.12831357974581
0.936793463791699
1.15468432429422
1.01375489404118
0.95466201628682
1.05671024054563
0.872208687160227
1.09646212405173
0.910768116895252
0.869085814583617
0.952575818551153
1.07409159464468
0.956488435241057
1.06239375682167
0.928147979527702
0.879397919799711
0.945169742569016
1.00984547396819
1.06336111430683
0.983527019410191
1.03085264469069
1.11312751853183
