0.125837735209299
-0.989237268019904
-0.941285825726163
-0.947341069542895
-0.973737413092228
-1.03147368558745
-1.07700612420126
-1.03009312430151
-0.893346323306
-0.8747089953476
-1.07070669647494
-1.0480438965945
-0.953184648271388
-0.99450805523205
-0.999422274041889
-1.00003230865668
-0.923306272381563
-1.00479246794178
-0.808144786608331
-1.0113479467905
-0.808235156007466
-0.795165210847365
-0.845690390921838
-1.03270643968125
-0.989450490045529
-1.00321347830443
-0.88694587463467
-0.888660125411186
-1.0512303302849
-0.83715942166931
-1.06860064019104
-0.955071335941212
-0.995547799302138
-0.960258486849974
-1.15544949622383
-0.850110256430281
-0.952866704331518
-0.926554638441472
-1.11534391805626
-1.00352127095507
-0.967245758021028
-0.838759418028835
-0.826463869608016
-0.733633701391683
-0.818412639727467
-0.831290435226648
-0.856501147650072
-0.983133623925059
-0.89222916693989
-0.918868122194084
-0.902838580647737
-0.90584977611934
-0.871922416456771
-0.732076551503364
-1.06242575276781
-0.694712838944156
-0.929274893142258
-1.00609578423062
-0.808302985961997
-0.835072106458228
-0.917493860673246
-0.804467911478666
-0.838946209071994
-0.869835683016791
-0.807601935850416
-0.946720020121044
-0.810786804056651
-0.709361718556582
-0.918385530017404
-0.758484596988497
-0.856535926329592
-0.907754796127478
-0.735096224292753
-0.787248754673618
-0.677116405141468
-0.96069801106613
-0.802612928161834
-0.774163994427716
-0.862238676247671
-0.871141145973321
-0.738162305708865
-0.816594534518378
-0.898679598296882
-0.790323120315312
-0.652200471519138
-0.85023837332592
-0.878763304063567
-0.75051544300651
-0.908670927838648
-0.814384305900763
-0.778888391612559
-0.790122880593588
-0.839320411735797
-0.922029599250666
-0.78999969828029
-0.74404061742819
-0.67825937102492
-0.844983312851052
-0.663857369108791
-0.823742957594309
-0.82304684633767
-0.829109744532243
-0.839261021094373
-0.874617926380917
-0.875585677123313
-0.773814388412137
-0.922055023981881
-0.698232603650892
-0.729380756839136
-0.730499507293475
-0.813846387620771
-0.734385086361861
-0.662354383246718
-0.679233116998223
-0.795669283368351
-0.707617522274264
-0.827346839029657
-0.835841538187699
-0.724514999038149
-0.798959985747097
-0.706877157165692
-0.835948873569415
-0.835762420608572
-0.579241882786635
-0.740045471612228
-0.744442988822831
-0.704996184131974
-0.773127984027232
-0.715848632935201
-0.715987866273073
-0.608111668323562
-0.78938136591464
-0.83955905077168
-0.760872157654728
-0.718200058848826
-0.738580792939461
-0.757952851832906
-0.619784848256698
-0.856026529245693
-0.627213074712431
-0.51461704827827
-0.685286388962449
-0.712185701906443
-0.728905042469303
-0.792088392286187
-0.658096077765794
-0.840238484198213
-0.592239279602995
-0.638122671319932
-0.667234308452118
-0.659984016167615
-0.6280232685049
-0.643215604693735
-0.753449417805205
-0.647510474670111
-0.743467407312189
-0.726683222640732
-0.676326628855765
-0.567018155261903
-0.511009830189772
-0.635549839676822
-0.5646619696978
-0.687463402665357
-0.670909143614482
-0.505332180517915
-0.624726583059133
-0.651424240217987
-0.562011923450221
-0.751021645682401
-0.550070355635625
-0.567329112231676
-0.617212372102322
-0.704308540005566
-0.587477311128903
-0.639594132617549
-0.663910175925481
-0.602274026082296
-0.734605743425779
-0.664270518240085
-0.516837399324299
-0.735500123669907
-0.490478549287063
-0.624481313328694
-0.697938156340577
-0.792833322918529
-0.571132948103892
-0.66351354692347
-0.67084696425279
-0.672015950960691
-0.571756045310649
-0.760199768275874
-0.745663405565414
-0.578282817092189
-0.525041073487691
-0.573862188445061
-0.544302588057434
-0.54781724829449
-0.709094121376797
-0.588997069664744
-0.665201188030974
-0.570284351750001
-0.628201214574615
-0.571118363597638
-0.529906247601546
-0.645308448349944
-0.533992020822235
-0.563894271333865
-0.563050937685129
-0.532418862900996
-0.474095985083505
-0.626984031850429
-0.593651582665609
-0.50549278259873
-0.457262750501906
-0.611966621473463
-0.512093704046093
-0.575284750428417
-0.489151732986754
-0.562482409322101
-0.49997590192985
-0.46182497971324
-0.620792470250999
-0.608067118099689
-0.649456163654651
-0.606416932678204
-0.563222419510618
-0.571614237624579
-0.479750277274927
-0.631118798298256
-0.47205531931956
-0.596107966167443
-0.533284338297305
-0.395638359462416
-0.545881352513469
-0.488837570025682
-0.608726211740499
-0.420056229067867
-0.440510558522078
-0.563355601712789
-0.458100187305532
-0.623248658862631
-0.54812273814507
-0.480683101466297
-0.551371625792664
-0.62074729760777
-0.653072224604113
-0.508787319859446
-0.473119107174298
-0.501817862452423
-0.300310012850483
-0.41256310418937
-0.470222799048657
-0.427558538582099
-0.57561358394341
-0.575843633957052
-0.519574813549156
-0.496739616638639
-0.493087373856529
-0.543154614243853
-0.489394698069942
-0.624556336263026
-0.356977157996545
-0.467374462541315
-0.375573960602454
-0.642854110584228
-0.506443902901108
-0.582685049793109
-0.503509271459143
-0.282983201542538
-0.53858963811133
-0.439321760650258
-0.433225490834934
-0.428100708438874
-0.654799190705402
-0.496629497708582
-0.49419912709292
-0.580618115647383
-0.625013744198256
-0.6320885756069
-0.587499067523145
-0.364454636152279
-0.324638704474492
-0.520229679681458
-0.39916919575685
-0.352166454308393
-0.439164983685824
-0.283694290291919
-0.45588611739813
-0.461597663200853
-0.468253122474725
-0.407931163710604
-0.398571159044262
-0.479879133366827
-0.390258418076864
-0.315186255258631
-0.47786571452419
-0.481287359671371
-0.494489403387082
-0.315525972585943
-0.278496661005712
-0.420755180280913
-0.431267113853584
-0.441229291174936
-0.391962805611159
-0.302320052667862
-0.355060108763039
-0.417438301813736
-0.585269935581586
-0.492310582374375
-0.328185252190664
-0.3932717225113
-0.307523569341288
-0.203683673468088
-0.431841377664663
-0.507279787920672
-0.441439680432118
-0.351006496535427
-0.392862129004016
-0.296434764838649
-0.420554922909042
-0.403390316646899
-0.439863934532906
-0.342005065490815
-0.264940002548205
-0.335895423657857
-0.315039309446254
-0.426944035575686
-0.1154488277668
-0.372033020139713
-0.4701120450179
-0.26307111952606
-0.404428539565956
-0.298457539779487
-0.203933838373231
-0.532310525233711
-0.228393417160749
-0.396751923178158
-0.271110529775571
-0.329535040166257
-0.364064940144118
-0.319169924844394
-0.349813993339395
-0.393904581157185
-0.331442728460136
-0.223615535709285
-0.299407855387944
-0.308086891439904
-0.331621672886282
-0.29220773117161
-0.333934555596243
-0.367474361758054
-0.3672197121521
-0.178890108751706
-0.210704046716801
-0.188084243760202
-0.276358548132366
-0.307755703381749
-0.258053486054483
-0.24064489938814
-0.284283023991618
-0.272805014613872
-0.280172959368571
-0.324179525209141
-0.27366972366384
-0.224228381463066
-0.255955410104725
-0.299784741660145
-0.200986851176138
-0.347342140259873
-0.316805792795203
-0.144556880199154
-0.215632467048802
-0.0908116030782886
-0.346528673357868
-0.183606369242034
-0.294779914802962
-0.230719962642078
-0.141899894993119
-0.186647765243001
-0.243888114163312
-0.216799857477567
-0.289309525087856
-0.384692360524572
-0.16122552215352
-0.285515815275253
-0.161737482970292
-0.129913245593691
-0.268232099621411
-0.108030291252592
-0.220992947996995
-0.228370677784692
-0.216823393661566
-0.235133506988345
-0.229293821235303
-0.209665156254691
-0.186052514961726
-0.232659682330869
-0.0517398137732634
-0.191232416830769
-0.185133244872167
-0.152115079514554
-0.143709844688859
-0.138050598044953
-0.234162188344353
-0.0856819920231805
-0.321462516542894
-0.180461301754267
-0.284272919017147
-0.168842361049781
-0.143509437667727
-0.124902782506189
-0.250194199833976
-0.20165030426621
-0.160282445847175
-0.251127423019701
-0.0882076451832512
-0.113005368667155
-0.161367080953009
-0.291369406178315
-0.259884873943227
-0.0707478211997855
-0.0659951804833522
-0.286716308692697
-0.0807716675322278
-0.307883804214716
-0.0836116557446199
-0.147730317702622
-0.0489061027793139
-0.0398720066397146
-0.140116143563148
-0.15274102715488
-0.170213439720677
-0.0503890544748788
-0.140948857996577
-0.0262917796977665
0.131345495472523
-0.0552584495023633
-0.191647744718155
-0.18152826809364
-0.126912770288224
-0.137080332399625
-0.206430269950901
-0.168446862896553
-0.0734849913692319
-0.0542301311783788
-0.0397206054636572
-0.147669260005756
-0.140580027042302
-0.0242452462855241
-0.176128188421334
-0.129226487314996
-0.0165488555006099
-0.168767947787828
-0.0903335021698674
-0.111183393556898
-0.0710748800500609
-0.0858453210160313
-0.060046892338769
0.0386027418103512
-0.066940580516811
-0.100306984308572
-0.0766183064275521
-0.0906870238037316
-0.00818194835400734
-0.107245394014245
-0.0139243804901312
0.00523586298594738
-0.0391644680855439
-0.0791800210562093
-0.214999466496571
0.126164778536885
-0.0334964068480609
-0.0353374388595916
-0.100197502990561
0.0605429206869189
-0.0607955660279406
0.0154825998701243
-0.158212162220928
0.0297888396986545
0.135535395800262
-0.0790863694675844
-0.119160807366577
-0.0363668953582914
0.0844084455726031
0.0498541432193789
-0.13894447225415
0.00149639302208342
-0.036986726174857
-0.00590680427625639
-0.028834729399491
-0.0665940128857377
-0.0403945088654108
0.0979003908475431
-0.096615207019742
-0.0246276102819977
-0.0297684049292391
-0.0220424097670518
0.0312241339913103
0.0637362033668331
-0.202375335306514
0.00228119098323761
-0.0548994326617448
0.0362148896495253
-0.0506727317104316
-0.121789437294204
0.0815256241691344
-0.0631262821911538
0.0826061397534514
0.00011365786129045
0.094928288890712
0.158468104935943
-0.0388905744257193
0.16487654827255
0.0277056231632789
0.0697095925904982
0.0114489721908285
0.0551999760181256
0.107317594028081
-0.179528790641805
0.00456875716302668
0.0197043062556993
0.105948790704124
-0.0400048730150631
0.242150634554995
0.0606894180180265
0.0622463876658777
0.177252935860867
0.109600065214549
0.064394460866709
0.0809596043412084
0.0478367981185572
0.113194721520757
0.0185855588438107
0.0707848403021696
0.0766497031367943
0.0668974278104836
-0.02923712113044
0.0835225667995722
-0.000728916800197766
-0.000263043220606543
0.131734610219141
0.0974664002101695
-0.0497628224674872
-0.00196833295697345
0.0467684164787901
-0.00650660252055995
0.0650771034747447
0.0683500737854158
0.0536366251664911
0.147533494675209
-0.0447708958313373
0.137389905205351
0.0105352716404843
0.162003185580556
0.0949633482749746
0.0479396597337904
0.174146087904211
0.311891633698359
0.0756900743017181
0.116509848289734
0.197027319634474
-0.0106867876450766
0.0696325043673167
0.0732067655761466
0.207502181522338
0.234659529932269
0.167084444160602
0.165799377712055
0.0518133771351669
0.12194145062221
0.180352348632966
0.212132734887044
0.1382605534881
0.0188016607682297
0.0962014091926087
0.220641857857974
0.186453928068322
0.106158483201376
0.206884104027131
0.0994244887477518
0.336183014361147
0.0483071857365532
0.129267832854845
0.154944905005516
0.252331188272424
0.188916959227861
0.066645249168812
0.192214033739234
0.253524551348024
0.218555078813652
0.252535949351937
0.212992955792134
0.150206767928508
0.147504085017517
0.00491797791369349
0.192110332150796
0.115398405850269
0.0822108840811487
0.288044734083573
0.158848768241513
0.24424529123888
0.176618742825521
0.181187713743013
0.170919032399651
0.126927749037001
0.232877643633731
0.315916743766127
0.214096963044102
0.273735888775174
0.166309092244171
0.173133447260324
0.217443070229361
0.108632652187412
0.173699094092645
0.335086919488419
0.14976178306775
0.287328567066716
0.262791773742517
0.294650471801821
0.253787600164166
0.229069035428157
0.380170802329304
0.205467453970862
0.238892007269545
0.200385065097954
0.286632851332383
0.317092028926581
0.236699149138058
0.16343565819483
0.182825686407585
0.0198255184312955
0.189268008040375
0.279625299791211
0.33287248076851
0.149590807599151
0.183561591199275
0.399842124070748
0.377088299039412
0.302057125418872
0.177636709215309
0.373496774050266
0.293517365836977
0.183298354630635
0.444515263215053
0.186439010590695
0.25098376847515
0.275515141451171
0.210972721775476
0.242548779041396
0.223232727158371
0.27969516609705
0.322419749545572
0.312262096269517
0.231356658302755
0.32659288420661
0.327460688386271
0.271868955684284
0.378575331520664
0.213090835110154
0.207650026152444
0.518836457405896
0.38498998753494
0.381140404961856
0.325791773032471
0.240137112544067
0.212942385942259
0.316635702875656
0.29034231065566
0.364795112829595
0.348231683838884
0.279746469896725
0.410031719721726
0.36371417070985
0.40449889724957
0.420498904091471
0.408199159629368
0.309236419862313
0.325611502445553
0.271066871216093
0.250858471090695
0.492826719389131
0.324518547658631
0.373697441176026
0.182801044174145
0.179791625434146
0.355026259004343
0.350710522657562
0.274239160403929
0.238032368337388
0.336796805886022
0.380428716922125
0.378836283317193
0.301196395832691
0.41116526089791
0.341142188490798
0.345786037145291
0.507031663261208
0.517398292417792
0.371225566733027
0.535434714363366
0.229949870352799
0.447771870377524
0.423009814164601
0.484202108023068
0.432871681834856
0.279300960582347
0.510406345648746
0.381416987615792
0.582758868603574
0.411842889542139
0.495791574800241
0.608139597404319
0.412559734481489
0.432395098612042
0.395075226153972
0.38843339178604
0.347686566751592
0.315149380468247
0.524162525055719
0.346146787642344
0.471084401161052
0.41067400291147
0.401019675519136
0.382780405633912
0.298538524898655
0.243946745580872
0.404465193574546
0.25895774892732
0.435691118070158
0.3833112376282
0.429711111589012
0.369533267062752
0.439933071658179
0.492080075810937
0.38107938888127
0.316487047732147
0.536292224104332
0.468983254300125
0.570809257270055
0.571180396655701
0.578360856317837
0.581561763722167
0.409585221254655
0.611032775575339
0.346420620834117
0.552893936680423
0.481454236977012
0.445056463710984
0.491682224747009
0.42037197473186
0.423979761266971
0.553938306075376
0.537387499357856
0.576262631790852
0.407875466204337
0.458170582450552
0.409147740789131
0.358254031082607
0.676523044407617
0.483082563877827
0.585003067099079
0.594645614914455
0.586539578465578
0.478288467076991
0.576733094414007
0.480968713031
0.560531193414561
0.688545645496681
0.574313021552372
0.643920441691746
0.557841709192918
0.331008464028938
0.61193996789124
0.521623189193396
0.613252696267577
0.527313246045184
0.443683960696644
0.513131727460035
0.637361386318186
0.500001483871851
0.513356611846776
0.587484984681948
0.511104688947299
0.370920606702958
0.493576653878943
0.58635213748596
0.578454126944573
0.500966758953725
0.528225850079374
0.608613379586583
0.750063262521111
0.72102401737891
0.572306231236232
0.517742622997737
0.385667516764628
0.491197997059375
0.614491629907184
0.630334326893346
0.648717678489489
0.514946139701156
0.589478793343206
0.667957895663054
0.658128038674917
0.521247142312283
0.631247946187775
0.548842817746548
0.639564116737991
0.592351204012746
0.558706843948862
0.611817247200738
0.625481033355636
0.622547246378729
0.525420759849948
0.703289007376423
0.640663765167891
0.677272059332081
0.683414339798846
0.643234159527894
0.536866570061115
0.719171789512952
0.536819161075115
0.647437669898306
0.681766378628934
0.599938623601791
0.726411405547405
0.625347785852442
0.659436885007813
0.532359151989776
0.696938208482522
0.646219221608337
0.657588989287379
0.65762327064302
0.706656351629053
0.783587997298223
0.734882236496595
0.706304231312002
0.753088199019643
0.642371683464945
0.673252021154987
0.416273221226375
0.646559642591622
0.785279788679541
0.72096875692274
0.641439177111284
0.768840329779142
0.566891211084715
0.767716978305506
0.60935897401973
0.650798819380686
0.623662967215866
0.634724387454927
0.676794258597644
0.68995892068739
0.809160686118336
0.807140929932919
0.793879553436024
0.804888695419769
0.674844798072797
0.715438311384413
0.704412395514019
0.667186405602434
0.779951757324651
0.748994170353604
0.661314169654885
0.909050577785003
0.690609527748816
0.690097809121331
0.823625656092857
0.862024627396239
0.750643914326651
0.584852201648508
0.593453403372426
0.66848083701425
0.828562903388078
0.79284459518886
0.645981932739699
0.663445451182225
0.674344446274128
0.844630547729535
0.816234273974736
0.735350189711518
0.708649581353199
0.815212749228557
0.848649516227116
0.725338333110878
0.844010643798479
0.870327379465505
0.570001188307401
0.668430150802924
1.02878171638679
0.555538324794114
0.761235850306201
0.883109528039915
0.732966674492379
0.927106157218496
0.745965053576873
0.752002222508881
0.860755495953497
0.724896970365211
0.624693368916263
0.788554428588853
0.80653170416443
0.7498912286782
0.862176115941543
0.73065225398619
0.902844364731942
0.950702999508031
0.888182090501669
0.905434222445848
0.725909555340288
0.863461522366412
0.708917570326198
0.842630161367022
0.854202015112586
0.883924582847423
0.800034223101756
0.738564542840965
0.898915522230381
0.776095380790478
0.931587519157231
0.849060659298395
0.892700946592504
0.802976550562684
0.817523471461838
0.763686895965349
0.855716509729118
0.787646925074516
0.799775091108536
0.775105489368695
0.788214652105658
0.83054903632477
0.787043803368646
0.750749337073616
0.908866347272752
0.848975346308867
0.870192799141132
0.891349942069394
0.891213045799347
1.04454336945458
0.910662478459111
0.759853955844994
0.759962013016906
0.917657634455338
0.869496410885624
0.901124288852793
0.796238570306642
0.87940374007332
1.00267854901273
0.984271554506511
1.0088845390011
0.979022787799343
0.806634108430962
0.826588586749234
0.996434078482607
0.82905677622447
0.942872221129654
0.932506674788134
0.934067407185835
1.03758170277286
0.872602775472899
0.803514459142488
0.796988352292436
0.962265546393004
0.904717837586945
0.923292667549547
0.882952584360089
0.849153979708175
0.955479113474913
0.917763909943516
0.951023243527017
1.01805748443228
1.03437695208673
1.11150514600087
1.08098893353137
0.895317762263603
0.878096330917962
1.04825152776089
0.876374681075194
0.938481212052298
0.820568256196231
0.905423706372934
1.06613889304235
1.03827500597269
1.03173476081422
0.86171447648288
0.95440769268064
0.904318299412744
0.914336009879686
0.9479306373317
1.00627618868685
0.917545615597609
0.944200610108659
0.98874921471627
0.847686734415624
1.05224919562591
0.989180028547925
0.867974096357354
0.95266761231751
0.931992596266231
0.992946401327487
1.13368793224609
