0.131751511838808
-0.962776281198043
-0.94965208104416
-0.924190103719284
-0.966505586255044
-1.02295417360466
-1.06179660230562
-1.02134339221279
-0.877235823764528
-0.901024729436958
-1.05246752243478
-1.05869098611278
-0.95457044256139
-1.00907770981293
-1.00211613193149
-0.97743954953865
-0.919430899608844
-1.02075484252543
-0.797344868062013
-1.0218137726567
-0.844563858621838
-0.762635813572122
-0.83168021830734
-1.04459458407062
-1.00171473224257
-1.01548987977219
-0.885819069119635
-0.889211672114501
-1.04121103649993
-0.845577983712673
-1.08433588115258
-0.957598796554741
-0.99969530958519
-0.974265055308736
-1.16062057792305
-0.859076740341064
-0.946346161279476
-0.951037749868023
-1.09319689367141
-1.00755081000547
-0.971535222518396
-0.832959433771457
-0.83505945789955
-0.753483618505566
-0.831610796786914
-0.856506725774282
-0.857385115385998
-0.974247743685425
-0.882148757577892
-0.942985238089124
-0.890901894827682
-0.914140048040989
-0.897536853676968
-0.75541815232875
-1.05843816815901
-0.697421441050859
-0.913631453965986
-1.01526452717739
-0.802990830068044
-0.836413905380016
-0.902452191528397
-0.815091609644562
-0.83936619705397
-0.877169445500216
-0.803573973351861
-0.9221269525139
-0.824007436499275
-0.715111519607748
-0.906642747693555
-0.770043097358947
-0.866387286772234
-0.897854961939286
-0.717051979746996
-0.78140870654336
-0.682884498798886
-0.964630493538065
-0.804393026493822
-0.769515420047284
-0.863691666815985
-0.869414331622493
-0.74538107923695
-0.823456974187767
-0.886073218922926
-0.818343497599378
-0.658265471251656
-0.825873804426432
-0.885869797329763
-0.749803993187426
-0.923418558298107
-0.840467304503045
-0.781039799146044
-0.77548823506485
-0.85466765685938
-0.91078638045952
-0.781792316321248
-0.732204673272195
-0.682466905822951
-0.843440904744984
-0.678974761431027
-0.802409028015569
-0.835105882542767
-0.827119746121632
-0.83164105799686
-0.862595856757152
-0.885541543546852
-0.794548648535835
-0.93614335992486
-0.706568513052649
-0.716482756213922
-0.749082116331132
-0.803621874352214
-0.732378932347748
-0.646877768514381
-0.678912303084785
-0.821824554628257
-0.730244070821088
-0.806860564932019
-0.839558708614715
-0.725280602542616
-0.780193768357213
-0.70472358227187
-0.8416414359509
-0.835883930841961
-0.601843610123076
-0.733783667315466
-0.739022705930873
-0.692405726737408
-0.785782681552238
-0.722648556915185
-0.728140483304171
-0.601812543067184
-0.779762348191247
-0.850993370356511
-0.751699828313393
-0.739357496222503
-0.739435213341871
-0.774944259326797
-0.647152863455854
-0.872483615467969
-0.642326502016166
-0.533250934432629
-0.679405878291396
-0.719289659281107
-0.74083678408708
-0.775617655589544
-0.637404064005164
-0.82670115085933
-0.565344826127219
-0.640127237618322
-0.680485265987061
-0.659875344196973
-0.622731777065491
-0.653326175738088
-0.738459757197386
-0.64268697729135
-0.722026806998113
-0.74887513071859
-0.685502667835633
-0.571949603324504
-0.523037052013434
-0.607867845303342
-0.547597031113753
-0.677034388467568
-0.625225428829193
-0.549978521982012
-0.628654999199036
-0.650363686656472
-0.58148148389671
-0.749616062366503
-0.564460535780445
-0.568161359464398
-0.633475843919194
-0.720250192439133
-0.627653972383981
-0.625184053789
-0.68744559043817
-0.588673447679944
-0.721970947135516
-0.673543433641898
-0.516507380880001
-0.735861936691823
-0.496575426053563
-0.647999727351042
-0.680735290264703
-0.788813794977382
-0.567766320331866
-0.6831723645996
-0.670905447466253
-0.681044289237597
-0.54372205426918
-0.771510720938449
-0.72697969263046
-0.600273275841852
-0.547996788692135
-0.583576668135765
-0.538704311868711
-0.556699815246085
-0.696657022822524
-0.607236540532387
-0.665665620550046
-0.594676809487349
-0.591951687929974
-0.569978783827837
-0.523004016146706
-0.639480469287304
-0.527087442920793
-0.579775337893159
-0.54452666182259
-0.528518563059791
-0.483963758909433
-0.59317712492797
-0.605807247317961
-0.511095513250258
-0.463574832213816
-0.593904586272391
-0.538685130537667
-0.58475832297162
-0.485476906911227
-0.545626808859195
-0.541689473438754
-0.473089559605347
-0.601231502953155
-0.608404314580341
-0.648084167470118
-0.579503895892831
-0.570663635806946
-0.56893132900522
-0.491933961302248
-0.638454492396261
-0.461664570939005
-0.606357797872218
-0.550374131071561
-0.380046049074556
-0.512861712490998
-0.490973462668161
-0.613064957577552
-0.433587668185525
-0.421560790667375
-0.55364458206704
-0.471357507217315
-0.603178467663256
-0.553642866286724
-0.479642996034119
-0.541011457086757
-0.610642234395597
-0.652293272694854
-0.511669056510604
-0.469980883308282
-0.479446339162018
-0.320154227033732
-0.432555466791646
-0.465328654711172
-0.447855200309048
-0.550736063726115
-0.560630919495502
-0.519538372015869
-0.497691994655756
-0.492677930544757
-0.566006992427778
-0.466287334975902
-0.619721205002724
-0.357477745723731
-0.481891591399002
-0.397504031431613
-0.636870988983458
-0.515720680916155
-0.562069080341735
-0.526124399565026
-0.281169064772239
-0.566929819557805
-0.448419079547764
-0.471954965771783
-0.429986600587731
-0.678849127627095
-0.479128679111072
-0.483943275461747
-0.553509709129885
-0.618298932027789
-0.630369192099844
-0.590411958415215
-0.364625953361789
-0.349664415523321
-0.529256615109484
-0.398105668337013
-0.350402307784992
-0.429338133626125
-0.278733925016921
-0.452205053210511
-0.453154991374439
-0.473517114064593
-0.408250596771128
-0.381196935248323
-0.484032319819346
-0.396103936198617
-0.301615243200493
-0.46317627612752
-0.461324342706419
-0.490225377194312
-0.295996167581548
-0.270214242910661
-0.386471478633285
-0.421439453252296
-0.448673140681566
-0.399662883740526
-0.31023886913139
-0.359198706790152
-0.417595762861747
-0.589678659098537
-0.481226932626362
-0.335352196457694
-0.38448914405601
-0.292152204064611
-0.188528772622648
-0.442914710305819
-0.516371677904942
-0.435757130245042
-0.365206401642351
-0.360672373298215
-0.306233018831762
-0.433936980201903
-0.406068024266629
-0.437146385928938
-0.338435488494187
-0.265235519821079
-0.332597695824648
-0.332569784412516
-0.439496170624015
-0.122525382370171
-0.340266120544076
-0.482592346863114
-0.254723271885587
-0.405368427300271
-0.314300340291147
-0.17982900701738
-0.528436154995113
-0.230792507529389
-0.419312589290363
-0.280265156587373
-0.345981873708724
-0.373882018010866
-0.310523375289031
-0.354439686643821
-0.392414174482928
-0.331336882350226
-0.214334456094948
-0.299300304590612
-0.323997374985013
-0.306829318581461
-0.300434140439627
-0.324013905627566
-0.369325321319286
-0.357977104754746
-0.162255249602186
-0.189575688929086
-0.182646822671302
-0.275622958968823
-0.321206025820933
-0.240129422812217
-0.242501914083287
-0.281746092326672
-0.276283734664515
-0.292139899363094
-0.344058700012195
-0.280434140117157
-0.197317622292707
-0.245209417600154
-0.301201161586576
-0.2082231576706
-0.35397705171109
-0.316911525186335
-0.139833750065731
-0.220469799511298
-0.10441561692738
-0.352429219857485
-0.198818995406808
-0.291104798841205
-0.234092581774273
-0.162520880391229
-0.171491867492796
-0.257103411707149
-0.249067385909151
-0.316425185066984
-0.379407256167686
-0.183031506090139
-0.313385282102521
-0.17405595454264
-0.179692823442597
-0.270418862982996
-0.0942343745315173
-0.190697471794771
-0.214845764023166
-0.200479845910152
-0.233825320963319
-0.202901974482335
-0.216433230559008
-0.185368341400012
-0.229315850638894
-0.084698894170268
-0.167762413204404
-0.180664784662465
-0.146182108137062
-0.137167188156965
-0.160929880243945
-0.239794173850736
-0.109888311694951
-0.305412506583197
-0.185648082398823
-0.256642803425498
-0.194909999688227
-0.158602483023799
-0.123661012024965
-0.286576791894919
-0.221865586805209
-0.158774238833115
-0.267657649099976
-0.0830080002651135
-0.145248136460898
-0.15024814001178
-0.273111946188037
-0.223283340288402
-0.0630912253585101
-0.06107571288301
-0.277719603549155
-0.0899358651914539
-0.31884942427202
-0.0875552137221729
-0.176209683736073
-0.0540598931322394
-0.0485927989698022
-0.154313253063302
-0.163948110625656
-0.180307134551964
-0.0626122017897338
-0.139508450970152
-0.0351074999638993
0.111550720493774
-0.0450011973004382
-0.191515374298712
-0.169565200573688
-0.126452856646562
-0.161616773762963
-0.213950844217278
-0.185611645342411
-0.0988447477866286
-0.0418951250162986
-0.0583468054207885
-0.1329461971797
-0.134963890757631
-0.00446072603666218
-0.1895313374751
-0.117640079140088
-0.0225475465283021
-0.157695385418055
-0.0736894646572976
-0.0960149436338746
-0.0507438692111103
-0.0925936387076388
-0.0593421177546225
0.0521002890829877
-0.0653789941023271
-0.105538290766025
-0.0589605902836309
-0.0926915486903725
-0.0357946918006087
-0.0914838343785184
-0.0149072565381051
-0.00644582405450607
-0.038036415757307
-0.0791483183486785
-0.2093835359435
0.135101713491163
-0.0222607158824494
-0.0403934800910349
-0.0806042485626876
0.0574087783767867
-0.0503436079453335
0.00386425487465336
-0.167043433859063
0.0199315915138673
0.148772236956284
-0.0745481603914731
-0.124785447497573
-0.0303982358051955
0.0830377197979605
0.0511493162672949
-0.143199998588367
0.00754639591316877
-0.0400312970177873
-0.0213616802771376
-0.0444391990291734
-0.0630673584992304
-0.0218648269380853
0.109048415698752
-0.11811941912187
-0.0570949291181278
-0.0336268191302656
-0.0334019144847853
0.00123996015859375
0.0560215136670527
-0.184042355222328
-0.0249640656581432
-0.061290459969607
0.0360539796864434
-0.054942429321888
-0.120004496835468
0.0691422233237242
-0.0501085661667591
0.0937955462503375
-0.00156117732637355
0.0872538427543193
0.165395093763303
-0.045750552482377
0.179510332846159
0.0468922698685644
0.0371862013091435
-0.0220793875276111
0.0533959007442865
0.0869443962239094
-0.160065773162312
0.0125680467428358
0.0381172850928956
0.0806255322947808
-0.0461198652172913
0.244558619190643
0.0291568019928486
0.0785655797925108
0.200315198828486
0.117360338168688
0.0539859488218288
0.071003322299831
0.0531384625951529
0.104282823057758
0.015983945116372
0.0790215984115549
0.0941882033628849
0.0823108197556325
-0.0247965347457498
0.0644566462482536
-0.0266197844489884
-0.0197964044524545
0.131360557367397
0.110212627334297
-0.065462768052395
0.0151722287666606
0.0404653436836846
-0.0195675604704482
0.0595867317737695
0.0710573786004751
0.028510664817992
0.150337988855947
-0.0476207078288711
0.137848025941744
0.0205292803717413
0.159149922395392
0.115384109133004
0.053179879194814
0.17945318451218
0.331270530104921
0.107338645807696
0.142589002291855
0.203357436835298
-0.0302987043356593
0.0957390942458084
0.089826654393322
0.183550801096872
0.230913270582217
0.16698201602421
0.179006908736405
0.0350171187752879
0.0978234160971867
0.17508846683713
0.236039256287718
0.148011924522551
0.0325899297759122
0.0801574006090996
0.220805003047315
0.180576872240332
0.113613166096248
0.23053796291821
0.0974611870340587
0.344320611075177
0.056384105292103
0.139556083969642
0.161375401498954
0.27716650600797
0.199422019446784
0.04612862168655
0.17331796916682
0.277502443507002
0.211255796663129
0.251355706859536
0.206172232794733
0.171331331074697
0.143758206951516
-0.00616635960397163
0.209586519319002
0.135625300718679
0.084088751262174
0.292926974643295
0.14300939582143
0.206829187714281
0.193346319524546
0.179755589748658
0.177520812854721
0.0917258030271998
0.21438200230287
0.332062893069578
0.181517693066935
0.269853889832657
0.163393568790994
0.145516189741781
0.237267884302411
0.110109977248871
0.192562584489043
0.314265358692604
0.151227191204887
0.289501408218366
0.26460336854098
0.284217955647263
0.243344948014472
0.240285598162698
0.390875906016217
0.209354746771735
0.261960513633435
0.233755869700112
0.294003066299738
0.316514139627282
0.233790144829642
0.180751527614024
0.183737957340387
0.0129194027071906
0.182098391201593
0.313067993660374
0.322285454501619
0.173261829772109
0.164998554050728
0.366956126060106
0.362735706241075
0.317539722978396
0.185969974303001
0.361958791026673
0.253038730339954
0.166316135411802
0.461574428554072
0.21254631789275
0.236544721346383
0.294097955276744
0.212348853545184
0.252394490639364
0.232730237420885
0.278807524121249
0.32518800178257
0.311391310518177
0.205205553120811
0.332502350483141
0.337866909676622
0.265940410232786
0.382319415560472
0.208599762779523
0.210052821271552
0.519577185226142
0.390520781430126
0.407846926941041
0.334407878004226
0.247182455099981
0.217784545146301
0.323891944224973
0.322503536103068
0.372282168912451
0.33107557302793
0.272720377954753
0.431635689840439
0.381940025840766
0.420415148412568
0.400021211577623
0.426173192367961
0.311937248917008
0.333053894376578
0.276803267737349
0.260702614990589
0.502873682441823
0.335539398033294
0.363931891739309
0.200805374625225
0.154315880144031
0.352809425298075
0.369813469732999
0.26276654740756
0.23062542839667
0.333134817526064
0.389772301869821
0.364039988490855
0.283509424889397
0.443811135326349
0.321462021236544
0.330191340327741
0.484438274237267
0.513506763152559
0.37374821682189
0.522848424271692
0.232264250357151
0.446553331653727
0.417634054052619
0.485637116071043
0.426990332446097
0.29721496989208
0.487339798570371
0.406541814747454
0.565004105567243
0.415114272016281
0.507568664453665
0.588363472698617
0.433631594547452
0.42975378384952
0.399373127806152
0.39001778260803
0.366548260234413
0.319493797173722
0.538590833301305
0.371839834532407
0.483956896654342
0.430313393544727
0.395034425746894
0.400428869455608
0.301093927553554
0.233309005429429
0.407954252369644
0.26356122638769
0.434133977306702
0.400254960444165
0.441882118564497
0.381399655217071
0.441193623050157
0.49325284449136
0.373698115031132
0.32465144187256
0.51500636521506
0.469996608767767
0.564945208146417
0.587715342746297
0.554725440892975
0.572657130810521
0.412260848483813
0.612268726329758
0.365888328521007
0.547754302330593
0.473248429632982
0.436000531315388
0.483675659163192
0.417366290626856
0.399996259513564
0.558979453284794
0.536822565960558
0.576276087280838
0.381223528990566
0.449523098493726
0.411091157840217
0.35502682620123
0.65747296599175
0.448612789812676
0.586250811827836
0.595666059896878
0.556661168232622
0.453463245886241
0.588102087739642
0.473277642764778
0.569928693701035
0.688400506700864
0.573841121122903
0.627050559596331
0.547379764314903
0.347764061152452
0.611401337826474
0.516477679567822
0.609138395656088
0.520949704761578
0.432319517800949
0.492128329973995
0.610588874047184
0.512523347772912
0.518417144996769
0.625637797147293
0.48671779742755
0.360562848778173
0.483470582206402
0.574011156760397
0.58934494143502
0.527225756204967
0.533063767268306
0.611668011590113
0.738730728010915
0.732982222688512
0.556106582192795
0.53516717303505
0.393313356585146
0.490523950032545
0.618389187351255
0.632475374244715
0.656456415576708
0.514798213506925
0.585040481098151
0.680259092185206
0.65368239123067
0.506290461091661
0.600873629785142
0.552580213430594
0.664750322327507
0.581248504605583
0.530772670787944
0.615009285808657
0.625974608509558
0.633501555044108
0.532101124177357
0.69326666391779
0.645614794885705
0.665600845769674
0.662355862291971
0.631364397248956
0.53698212646525
0.719721227056549
0.539017595416145
0.647447038418576
0.706174510359282
0.602431123059703
0.703597200132421
0.594454610316737
0.662644404514404
0.5299754479777
0.68246383940255
0.668977927833158
0.672390650762323
0.646393676515332
0.70618356070009
0.768817132875256
0.717549690791409
0.712551919403745
0.741807281544414
0.657443504095107
0.670198040139573
0.425987982644755
0.652187930791332
0.777017512666119
0.710442883991535
0.629808309204803
0.770528834973182
0.570615565748445
0.770855997962874
0.625465216242823
0.649405070819815
0.618722419957145
0.631594256115674
0.677068526654808
0.673367838838073
0.821957280426665
0.814799989437288
0.77182265175737
0.787934883130474
0.672522725678661
0.714944641943744
0.689213059499953
0.68124228343119
0.776883210628026
0.735886302076221
0.660556385405211
0.912703062554602
0.701956442383154
0.680626279226621
0.815323126119103
0.867835975262023
0.739051237338006
0.596419118839254
0.596261981864676
0.646424961268999
0.813410106949051
0.782138107178013
0.645839796336964
0.668354847712261
0.692912073099169
0.849760839137013
0.827124558519963
0.73590630417169
0.744935337987039
0.823975991199956
0.82893688396977
0.717513316074662
0.813174470123288
0.857211775969033
0.596537067457122
0.668178433359231
0.989873694646589
0.560089757137224
0.755735274638817
0.864205045252616
0.740201841202095
0.938354540982483
0.743907415950316
0.741901095242672
0.847342857339782
0.717192044898736
0.628900425047101
0.775716329557025
0.818340552627824
0.755479348660957
0.865212866627577
0.734252533923268
0.905079116465239
0.928622600639041
0.898295440231344
0.874755145313652
0.715709545822459
0.86258192972457
0.701598049232358
0.859908959549085
0.861625745009713
0.921900766713925
0.79033766284048
0.719194446942707
0.903752866768791
0.76243963097597
0.948185842260829
0.85006658130197
0.866788446803068
0.820789099829909
0.832232413728823
0.769324309818053
0.868931478767728
0.823509576622847
0.790624862433577
0.77051199337938
0.789166828578105
0.820827197776855
0.777215802135972
0.758207942504116
0.913768022967816
0.863079558129844
0.858647483221825
0.903987009606389
0.887245612557698
1.02379574176211
0.894809967232482
0.775169616299162
0.742938834336235
0.914780147438121
0.842169104525863
0.894399254123849
0.777008323370291
0.844325021769753
1.02064358078439
0.990257154614518
1.0065538388976
0.954971062167172
0.784129693510365
0.83769810517938
1.0015369990889
0.805766072118133
0.949176488916131
0.935391009586444
0.944005844834578
1.03699534208166
0.864150571534114
0.805184657765481
0.787113669367099
0.956108074131695
0.92187833866179
0.922019299784467
0.868493523843515
0.863051145405242
0.956891889982841
0.885410230396928
0.943526867457358
1.01664392078158
1.04393250874142
1.13134525267131
1.08521700118418
0.904423321445366
0.905034221505058
1.05026007091242
0.865401986128382
0.921299425780422
0.809243166976082
0.916706456190332
1.08391895809248
1.04360197646108
1.01034843507512
0.869711703707368
0.958450263011378
0.879177111402238
0.889842853552258
0.948909425734907
1.01267478300447
0.934226218870473
0.957035493411169
1.00480185414218
0.86864039664962
1.066544275787
0.995532790935117
0.872433820151836
0.954672439026811
0.936712203115493
0.987288742370765
1.12479670679424
