0.084114719120952
-1.05068011537837
-1.02284943721446
-0.91941999976952
-1.07485664185197
-0.812662158444106
-1.01172554499832
-1.0832272054706
-1.0484230717234
-0.835964976523737
-0.868085669471179
-0.988250641109017
-1.0766595621707
-0.847967557737406
-0.853723167864393
-0.919843351848825
-0.992388523993764
-0.868261732348439
-1.08194566822975
-1.10568428696655
-0.890416396733478
-0.89445091927754
-0.93882317873584
-0.959143521785489
-0.941630572808512
-1.02941613386694
-0.860596969751871
-1.12895592467562
-0.838994300128803
-1.04288552272898
-0.854300986629196
-0.874403503186609
-1.00531538934758
-0.946475012825828
-0.893660538454523
-0.831740001358756
-0.944767007178885
-0.878613136806469
-0.88317966283343
-0.881990142266293
-0.929171562865986
-0.867301159002733
-1.0478349171594
-0.832613983207248
-0.868313549933512
-0.882964681320068
-0.870230817015007
-0.863260445051353
-0.782564617533174
-0.855808453625063
-0.795648022441701
-0.839113512617136
-0.871966118673993
-0.914904819423984
-0.864088342934764
-0.977696113462861
-1.09027112902504
-0.7539505258369
-0.870828559029017
-0.862857887642715
-0.818545858752452
-0.952395563745728
-0.880816691431141
-0.880029595630876
-0.75371943664019
-0.779250409095476
-0.720391059477178
-0.894619263092678
-0.82318948589951
-0.744230307776266
-0.802270441237666
-0.893189118370612
-0.954773557580074
-0.729820208314278
-0.885684848337592
-0.812813336539381
-0.819958065795256
-0.828534248974051
-0.74259902403539
-0.945235353360552
-0.85566422986734
-0.871342398414628
-0.93819335335389
-0.895762348768216
-0.730905044210537
-1.07275047189625
-0.772867530683568
-0.870959260841989
-0.667839625264898
-0.855785434530686
-0.887798922057496
-0.833636862291769
-0.746307718370164
-0.894773745144967
-0.755086696413769
-0.708204237067344
-0.713113008561419
-0.978533956508509
-0.783817257723359
-0.715637076537961
-0.860980118312394
-0.784064135534439
-0.911491197311286
-0.852776289875562
-0.841286148347913
-0.804965960556907
-0.799988191669388
-0.939525519681005
-0.824356598620908
-0.726377849164705
-0.660685547908442
-0.752082996345117
-0.824118723743297
-0.713674541413144
-0.715383140089821
-0.727884734025855
-0.855659205642419
-0.838030546340764
-0.733772404467979
-0.71172593306489
-0.758921537711402
-0.75312489970689
-0.789820340643381
-0.776697740774481
-0.810202140222764
-0.771462666696235
-0.612801428875585
-0.719649803525928
-0.894684158654181
-0.702566309674336
-0.647484459017577
-0.75729075473548
-0.678983226599094
-0.567665155489925
-0.710442007959963
-0.638391179708787
-0.807288586845686
-0.811619734791406
-0.667922989487146
-0.643037762120126
-0.786541261562995
-0.772417785386031
-0.866817445464911
-0.729812458349984
-0.678339300346883
-0.634961779233686
-0.683829794872033
-0.629374911689478
-0.798780472292382
-0.690540512451479
-0.655509155207786
-0.7014944171966
-0.691217376164055
-0.679383454477607
-0.805416204868094
-0.680048369304725
-0.682643741725284
-0.646143071232632
-0.689057932608017
-0.639128300705721
-0.572859167341624
-0.485930689947898
-0.621931054418595
-0.757475744857282
-0.645127263253279
-0.743410735135286
-0.667464952921526
-0.789424197677583
-0.793186471583811
-0.523764658268951
-0.646525902058921
-0.620592497085711
-0.756344104226173
-0.683934886001871
-0.559075823675925
-0.761900902071123
-0.580473957462354
-0.491794084451884
-0.810089347299616
-0.609302349375592
-0.528610994714106
-0.614651622203106
-0.792088990570239
-0.699857115021554
-0.585534849777492
-0.607093821716908
-0.493003499166217
-0.701888817243463
-0.604199665520386
-0.688121440390819
-0.709406057602692
-0.664878823116925
-0.763571936816222
-0.622820378064635
-0.60183475037843
-0.751658391884011
-0.610565143259383
-0.569432961761245
-0.59371108100638
-0.426312830136739
-0.387719544392157
-0.637003058683531
-0.571863740754791
-0.697985739762852
-0.650430887222037
-0.64237023337761
-0.537630693279532
-0.656093940149687
-0.659741045967647
-0.635570036329249
-0.626235864740473
-0.511746009245724
-0.674960456078531
-0.621904649336561
-0.50100947553134
-0.502689473023501
-0.538690112839218
-0.504231756477454
-0.594659234889354
-0.685168765390075
-0.409901400898897
-0.619537801689298
-0.604255094334736
-0.47285822046013
-0.44756469175971
-0.516051453894235
-0.496522518775859
-0.686642353154032
-0.496102241328162
-0.481016503659456
-0.577873720793246
-0.509034598180491
-0.619719408075579
-0.447797350953555
-0.518817924367271
-0.453207113444524
-0.506061806909839
-0.29762790119336
-0.481608057890448
-0.526907781549701
-0.528570631516312
-0.594410417913742
-0.610045222019657
-0.61292230065307
-0.387728243244939
-0.638572566789668
-0.515347438246181
-0.487302140038904
-0.492599636362167
-0.490623677386757
-0.494075732786231
-0.481939714609841
-0.516937957389878
-0.513758736956686
-0.407980189463725
-0.536597379597072
-0.527172043002482
-0.58679693780403
-0.446304318996033
-0.546004470026195
-0.423744608494154
-0.53550600487857
-0.611080466457309
-0.3728163719376
-0.472074915216417
-0.511987148481714
-0.438107548136502
-0.556244044752972
-0.461336193645281
-0.456415543751282
-0.566360226249665
-0.373909803580603
-0.451240311439328
-0.420425633131489
-0.499795238753264
-0.472787336271076
-0.495724502141309
-0.494678726278927
-0.472692272043927
-0.371053699786943
-0.428519824925046
-0.562473489876727
-0.469267121901021
-0.424706541248458
-0.370837506714575
-0.44159896135353
-0.48686455868913
-0.372773481281834
-0.447805861357067
-0.58099906520597
-0.404230433805785
-0.410368524059821
-0.427650086918793
-0.271020218377819
-0.372083912712165
-0.514298242246305
-0.325023786727759
-0.392247315766593
-0.37491142899194
-0.443067309946667
-0.397543766762569
-0.598795154270212
-0.407936403464639
-0.359164171230115
-0.344661016341098
-0.48654410659035
-0.266811010435766
-0.465525515437938
-0.490276464387459
-0.416757175649548
-0.451239789462176
-0.228803904299941
-0.374624327301063
-0.411160452310677
-0.258202908103577
-0.302760840210412
-0.526365567206935
-0.340692741582438
-0.254602055427381
-0.368516033699031
-0.0934945747720998
-0.313562369635645
-0.299943590805686
-0.294061129881574
-0.356193998418181
-0.43425453207158
-0.404463050583655
-0.42548122753855
-0.346347294921283
-0.443181985083448
-0.302003340984528
-0.377280403326279
-0.288522189760557
-0.319385809657691
-0.360226914631824
-0.363426019248383
-0.448743679123048
-0.368604796497676
-0.32925880800379
-0.22010924976664
-0.252072256984312
-0.396879120714723
-0.300150936734902
-0.347137381213408
-0.339053726718764
-0.365799399341728
-0.346231796263179
-0.227921173523771
-0.248856540952159
-0.21656656056975
-0.361241609982429
-0.354740845081453
-0.330872211110057
-0.272743737603934
-0.166166611193472
-0.312959667114158
-0.231417129812868
-0.389019376566118
-0.17076417491541
-0.198586105488734
-0.358202811936606
-0.252570038693074
-0.143369967032947
-0.24306423634863
-0.316222397861836
-0.226024162700637
-0.260518113607597
-0.173414947949187
-0.19528699622153
-0.119940563589647
-0.293152237492923
-0.388159503036069
-0.202290568649622
-0.160927125246027
-0.202568649159218
-0.388412569418078
-0.270491517009593
-0.0836385627322365
-0.329898241319068
-0.0337243835782252
-0.23196660807713
-0.225467321116435
-0.218777276282654
-0.252826455485404
-0.334222580599248
-0.239371917358033
-0.314140671674879
-0.306861627093844
-0.18011413466454
-0.118201143727089
-0.296347670137383
-0.261059920016314
-0.202387460663388
-0.260091300514378
-0.0733285054645422
-0.233832801677435
-0.150607187542412
-0.444929287747243
-0.0952847066631092
-0.146425028341745
-0.196285222383705
-0.267341518894651
-0.181104413098783
-0.169388131667758
-0.272945056286924
-0.135897351609701
-0.129695215730698
-0.195515128484713
-0.282418982911456
-0.210239260229046
-0.101944536134867
-0.226387988371852
-0.174797477888693
-0.142246884828516
-0.174921942294213
-0.226071726869931
-0.0862785670014932
0.0388080212872543
-0.287964198873147
-0.170835250266594
-0.12051965372151
-0.0868813101183219
-0.232825588938345
-0.209333284009027
-0.108527662422224
-0.264895748882159
-0.0904973882585428
-0.100390180063004
-0.199764334610041
-0.244072844326917
-0.0836025861899031
-0.154703628093423
-0.204905995822468
-0.120262307629971
-0.159987559440539
-0.222171833913018
-0.0326476943462329
-0.054863803841745
-0.146374617049753
0.0025219723794041
-0.0682955477719139
-0.210683757436071
-0.213832588931687
-0.0942526154695865
-0.174701131939599
-0.122307805058809
-0.134254933720122
-0.083644216105483
-0.131084334124985
-0.0396043343149578
-0.125986495480049
-0.301652893607868
-0.198588253890352
-0.113255915009991
0.0486212943386677
-0.0502759374431937
-0.0139571958027442
-0.237738401382088
-0.169201070521638
-0.18364246200496
-0.106377712257892
-0.0071191654638205
-0.0801714416471992
-0.260919023753786
-0.130353174561102
0.108116056179786
0.0135792624582629
0.0528460655454782
-0.0813025202176936
-0.0819243446706922
0.103827000746206
-0.0377551564591979
-0.166972704846531
0.00141789993918421
-0.0498911824838256
-0.120182150859717
-0.0785780309423141
-0.129737810633067
-0.0476580137239295
-0.139098552786309
-0.0845009553454373
-0.108406477907906
-0.00604650738778338
-0.0027729624652968
-0.0774996153645409
0.0563304619296805
0.0156283704731169
-0.217554370495332
0.0885194417402571
-0.0845210835790946
-0.0831131679512224
-0.0497616346160582
-0.0887574446627355
0.0164088134163545
0.012930046600806
0.064090038664597
-0.084753882052854
-0.00629866072235813
-0.0932861077588195
0.0147776762741363
-0.078677883987907
-0.0473789875454227
-0.0774867706189679
0.0580191983843179
0.126952254677365
-0.0956614842012515
0.0124469373188962
-0.0471834136230732
0.0774433842226643
0.0709368071129782
-0.0277591001903111
0.0970765446359311
-0.072474303509906
-0.125307196471358
0.0544252041614994
0.158799046175805
0.0927869491550454
0.0151394124973625
-0.0466819520511371
0.131664128256263
0.0151441489320797
-0.00875987209961861
0.0077817240854004
0.00547695519228185
0.0936473711247568
0.0742453123444757
0.0102287750324813
-0.0435268975793581
0.155183921192515
0.0335066999932597
0.127506284376699
-0.12843744149571
-0.0553578951466085
0.0892396463906252
-0.00766457161016126
0.028527803359463
0.0671038160642577
0.0213974548188853
0.113865095066649
0.136614754785442
0.201731613971108
0.262797308457501
0.103370108763516
0.0479428288841104
0.0941867190297697
0.0402641046922057
-0.0352050263280553
0.054212490711554
0.0648100835394787
0.0881381631184925
0.0919407345347392
0.131248376683012
0.0989279207402952
0.0526323738754441
0.204218080615346
0.0389256853678235
0.0346547190460826
0.0890990494243967
0.110098850486538
0.131865304242901
0.200482797417405
0.312080495536092
0.211553843544701
0.141015484345397
0.172168679383762
0.123391983061892
0.163855837210027
0.325610600471528
0.149283643910387
0.0273056957356811
0.241776732250371
0.0124184004902028
0.168738960472407
0.0859860911338827
0.163231192678412
0.185886492057393
0.0736715215377386
0.217759541406149
0.0706641730212244
0.0884739239892106
0.218760393050678
0.0450841606171627
0.10534632244884
0.159970095917251
-0.0778755302536408
0.0245140020353974
0.093901363834465
0.23095992773345
0.217933529422451
0.160777786272111
0.10786954748017
0.163274913023053
0.296629596633172
0.130802203495524
0.0975749669484553
0.201591493050421
0.106450429443959
0.134518021113134
0.0953602259100029
0.136501061415679
0.218856508632038
0.161325957928887
0.0789780085807668
0.172179956369679
0.127880788542682
0.0342931135044418
0.34658152747726
0.26626095101929
0.180785966248143
0.00662162325108721
0.262493659609102
0.256847963153975
0.286849642835151
0.224245333688493
0.28938255139584
0.196976791989021
0.21790332207417
0.141585377274842
0.228300205450414
0.38039604586787
0.246256941697176
0.193252161916162
0.334895020757343
0.202222971101844
0.174004225506567
0.206324070951399
0.0286890505744869
0.199938018639544
0.236596380752394
0.285376944459976
0.225899631725854
0.330184847070393
0.206656139700886
0.395495677258649
0.333998505043933
0.338225029887899
0.345739905197513
0.18675339559869
0.271819475564863
0.291117581216811
0.222567901212906
0.363925893386119
0.239016599537971
0.214896520005901
0.317532173929772
0.116079226836116
0.255998413803121
0.395635338934693
0.267285653602936
0.214082024477165
0.311574878091308
0.310889618812252
0.383616731087297
0.357235831562058
0.150892787428686
0.428326913679066
0.321717943535933
0.436473705599862
0.322215715106579
0.257556755412905
0.279344373918901
0.27216256333755
0.275099014671268
0.485053706795769
0.277112216652204
0.431475390461443
0.445451226085566
0.182204026418166
0.293803216032986
0.198376851764132
0.244462963790424
0.365030184464801
0.249673922486334
0.258816809787066
0.343510675615626
0.322568019727976
0.389384828798045
0.349292500716806
0.447470187198999
0.508271315571192
0.323224260694027
0.346857063855108
0.385108957440502
0.531165579664145
0.32349876961189
0.43090052340605
0.266191235762474
0.127078998525191
0.427812308691929
0.422457333688148
0.310828537036767
0.224756476596014
0.45235893587766
0.299943879270933
0.455266039990397
0.263878616769542
0.323365593324687
0.393207039607092
0.491851976941809
0.438301134395153
0.366513240272441
0.325697004195743
0.305020495693626
0.336853174196192
0.422839942842175
0.467381927873515
0.50065862087603
0.28495927000229
0.468210025172175
0.390195327856558
0.294969386516659
0.514179534221082
0.551215468685908
0.406312594985092
0.353380041708099
0.462671970416464
0.446491326359288
0.363928926947439
0.397684996094415
0.379278966578829
0.529480141536146
0.545068211346648
0.568455468089668
0.531320339843689
0.389827932100306
0.469704691300595
0.56566332411957
0.552701283849615
0.452512683441644
0.333981654650535
0.421605660502078
0.535286809162694
0.481023414089842
0.5220853762031
0.504558274921717
0.49815429558565
0.330005082203375
0.464499099886494
0.358387365116241
0.517845856564913
0.44771541688103
0.47443589283902
0.478749059689378
0.465129048556058
0.469708186056891
0.495601225925928
0.455831350739313
0.432844760249069
0.55546739815447
0.435670788978278
0.538991718477426
0.498426665848973
0.465398941193129
0.427922935318896
0.355591808622086
0.580484588681506
0.609905336328358
0.445969536849622
0.431300215091862
0.46198052673875
0.53675909107274
0.487273989883664
0.531741810783268
0.530636075005251
0.430181776251165
0.575972383128132
0.591962956628943
0.487584019392305
0.640121123464185
0.373463028515955
0.477148642698988
0.624861048961268
0.589054973954666
0.431691879683493
0.489886449914954
0.570708583894968
0.486379855556574
0.537977454600697
0.324146369330532
0.566525866131338
0.502591070690392
0.578104676603805
0.50821463045965
0.676635693278421
0.661218694706785
0.597330187694407
0.467768514072126
0.494036551312617
0.640917239242466
0.401694788697071
0.46991430678174
0.566313318348495
0.60333249634613
0.591274463576731
0.595742029881682
0.581327064487728
0.40816560713343
0.587798647898323
0.531571780999637
0.633527212347127
0.576734879275533
0.645956798972453
0.631643873904046
0.678746675119936
0.661668509227613
0.652135215858053
0.684062031491357
0.679983428660545
0.525045076618955
0.772310113689311
0.627444212902154
0.72025509240089
0.688431987049862
0.643789015961959
0.657426036228078
0.751933186732145
0.837584657755099
0.473425022644755
0.639414773264884
0.698146601271698
0.553953184175298
0.610957436502563
0.812418765998597
0.578167395702984
0.627127715025955
0.710814387827906
0.718110995431759
0.737128724083543
0.62399781227103
0.644511578262594
0.568876778492806
0.697901667301662
0.72078882833263
0.649289137240619
0.692372136566728
0.710393651991628
0.543866736322417
0.641766983288226
0.835220837826747
0.647192120848866
0.588530103250674
0.682326872333057
0.747992593870796
0.578069668834703
0.789230803184877
0.719301338160466
0.738355889352542
0.714666609519765
0.760464095485115
0.793190012744801
0.782584859914958
0.6419898846806
0.679317742189137
0.723029693100303
0.676560884679406
0.692108304576738
0.739038190211965
0.580350948473103
0.800041250671037
0.788433525867811
0.785880496815144
0.767750533554858
0.821769957021879
0.806694964668638
0.805143586703364
0.790778903073345
0.804764829600662
0.694131417478471
0.6981706095629
0.722869322658685
0.685099987263442
0.711733930782168
0.811434228767638
0.850014224105341
0.741900426720751
0.794253584575325
0.604368155789269
0.760116616074305
0.794032791037012
0.84071643999729
0.7257750122259
0.791080645590125
0.744897212394097
0.746914843753088
0.845877026321614
0.778526933099494
0.744533524730765
0.667277804739207
0.777250409958608
0.56961974175228
0.808190329284794
0.765063023830152
0.746946024728242
0.76188575590677
0.813242099954303
0.821649427259309
0.797820600105054
0.50987539119301
0.918653574183158
0.725562773078648
0.716079799647073
0.875613796986776
0.748854594714295
0.602623598348275
0.59643032570613
0.834600793094917
0.839248239438148
0.841587923388828
0.67589332297709
0.729141763384567
0.830482985064982
0.837375707976841
0.749851124009755
0.726022744621852
0.870090768893608
0.909600097973129
0.775112147730503
0.935363604869442
0.817739159818798
0.736043080659688
0.92104703635904
0.926188327461889
0.75373484429117
0.970463325334723
0.775857825628776
0.642598051153715
0.911210315601945
0.967537457716265
0.859125168693693
0.852218488570205
0.863876662208979
0.826385457103636
0.90718149803029
0.835423429369818
0.771251068574985
0.913665392987136
0.898412302353401
0.859495373078653
0.931408187393901
0.882765817289116
0.936243595500025
0.878342526926082
0.989772625324953
0.788580521649462
0.986711921498661
0.885141008348328
0.883693724090617
0.839410503993379
0.889948015173434
1.0505800513428
0.926001733587371
0.897298127599329
0.877964959318806
0.966814168534705
0.95791125252765
0.82235860084759
0.938574996427509
0.799752995377876
0.934218117190532
0.947446095474652
0.968633128543133
0.792083045109354
0.946115071604885
0.944796170285992
0.88186672843067
1.02007113355121
1.01354590743504
0.689774898580764
1.00002706489516
0.844783600523603
0.815563965329164
1.09080614187636
0.93842242606577
1.02600572194228
0.931393586080679
0.782757032433412
0.769044232826827
0.984929693663485
1.00852779583865
1.02349275710713
0.961828392118857
0.856098802937799
0.946523272201245
0.965869529531138
1.05858954054951
0.978710678215995
1.14635443984609
0.991596964254245
0.992340256837775
1.0816223039849
0.890041238419072
1.10451016522264
1.06642503655077
0.851052346575856
1.02411552408124
0.952641572851068
0.993195432222375
1.05523545988612
0.963038839290655
1.01125619297471
1.09482356175093
