0.0549376074756208
-1.00357492801241
-1.04487300509403
-1.12431211188254
-0.988406403092201
-0.842543515571504
-0.919133410330632
-0.997094872410035
-0.898946661298632
-0.944492338189035
-1.07547534598451
-1.05019608871728
-0.936770487495539
-0.956873629694425
-0.922305079210429
-0.896123453893103
-1.13795825148657
-1.09379429396426
-0.931896505919514
-0.947838770773696
-1.0360235954148
-0.957714916613991
-0.922977930803612
-0.990745473080559
-0.893817731013574
-0.884808624722406
-0.974327280853074
-0.974559358391256
-1.0704688887337
-0.830792863775745
-1.00704217879752
-1.02568674480895
-0.98820889396677
-0.927362986718113
-0.967413174363041
-0.935960929872351
-0.935099494003227
-1.02233403409954
-0.906039868201856
-0.821962105265779
-0.830787742988763
-0.876895707253102
-1.04883488591327
-0.974580105051085
-1.04009145640785
-1.01135585167662
-0.988287541348184
-0.808453652802984
-0.875376000889038
-0.886425133024054
-0.936355062294337
-0.972227507761491
-0.721513501916329
-0.898193326775273
-0.800795563933196
-0.847473180750006
-0.952441715636619
-1.03271684029942
-0.913833085680511
-0.856333160323013
-0.945868638572147
-0.821958152548565
-0.725631673786654
-0.861496350382571
-0.95420764135174
-0.694897359141623
-0.808308899135581
-0.851671532366192
-0.727325725754416
-0.751906167011727
-0.790932899432364
-0.797469326359434
-0.913746683652046
-0.847267190782367
-0.811682137463276
-0.721162797333924
-0.899692508648409
-0.879909293006937
-0.885161322433315
-0.979000253010899
-0.917759246661026
-0.839367513798511
-0.892381268646106
-0.705526929859269
-0.771760236797119
-0.827577064174503
-0.802354931521521
-0.697740826630705
-0.703739385869417
-0.904119380302206
-0.732151431173719
-0.836497243242455
-0.708665593748539
-0.994387175126394
-0.861271768179419
-0.818131770866618
-0.82318612884064
-0.705719128421974
-0.804632241468758
-0.698060389837759
-0.831175184280904
-0.744146630973342
-0.824692920992004
-0.822460642084686
-0.852872089164717
-0.766015452174322
-0.699229308904937
-0.709070760957532
-0.93287339704939
-0.795576647165305
-0.927924481983825
-0.703270039189447
-0.787825052604718
-0.727681938728739
-0.81246450820147
-0.80545778053564
-0.768924511188104
-0.847248717906869
-0.954517333427074
-0.681355451530319
-0.819626525332093
-0.860438834176599
-0.841532161028717
-0.703138478281645
-0.749458228998435
-0.691415409239242
-0.771839584077854
-0.700741222966659
-0.713430279824737
-0.961738621520327
-0.694500119838427
-0.834887837630398
-0.647337298568823
-0.713971074640111
-0.702185011581299
-0.734542367806932
-0.793640117368494
-0.771150158404194
-0.721524443340151
-0.681003589111771
-0.621314589038756
-0.866642163705098
-0.694967364964263
-0.795726336899508
-0.783626675202247
-0.733944150360878
-0.679153346212275
-0.762871146177824
-0.75015028168419
-0.795009076810456
-0.67925249814063
-0.766560190732212
-0.794097968185445
-0.61774473495345
-0.809944583010833
-0.651334738478295
-0.647339435327281
-0.650318942097436
-0.730387464204097
-0.642424996755304
-0.797727744308281
-0.619903603627114
-0.622870609038293
-0.680542976309209
-0.662037552105682
-0.828640555675689
-0.429688839661382
-0.568604616600651
-0.654084277708936
-0.645087224068577
-0.727076275913865
-0.659913518553475
-0.580201192341456
-0.695879272267724
-0.62091993347473
-0.590835260915813
-0.604889233438332
-0.519728492359432
-0.653791357390423
-0.724694661224823
-0.697346169433578
-0.527663258246361
-0.471627282723899
-0.616518326947274
-0.640369913183651
-0.658010314480722
-0.566165061203946
-0.543147802568873
-0.496142483430694
-0.641320630699916
-0.717117242692235
-0.630083624885399
-0.652598642092425
-0.602733120245733
-0.562432706066542
-0.612338982855885
-0.66468748672306
-0.772472996411634
-0.689899575888117
-0.573049737484771
-0.660615811257959
-0.654096763768069
-0.622445632815707
-0.428782902491379
-0.525997297980313
-0.658572930925771
-0.562539046442065
-0.640378578522908
-0.736617304530074
-0.499109082724412
-0.377367579657861
-0.549011632793228
-0.663946888334584
-0.520327252934497
-0.709763291583408
-0.732498074605683
-0.496774011665224
-0.710957612823101
-0.540659449835937
-0.63495504140223
-0.602545144166851
-0.661768466051013
-0.417915192875663
-0.530848577141138
-0.584485106437949
-0.528487905531137
-0.355155637999241
-0.435728286599408
-0.663714622580538
-0.624362718994535
-0.385552433192408
-0.549239237006794
-0.546152146441048
-0.662920736879768
-0.524982296304396
-0.395731208647184
-0.590660311137667
-0.504678138494117
-0.60814358293693
-0.648804513204256
-0.595824692810858
-0.495300202461212
-0.483805730483782
-0.475438616179526
-0.347616115035951
-0.559803272084889
-0.489447150289774
-0.493927100937665
-0.693326562578471
-0.419140496231134
-0.60136650841848
-0.633847193083082
-0.527268675366253
-0.40026763814793
-0.491989491139315
-0.477629078005216
-0.560308387171804
-0.572898232994664
-0.600543976582017
-0.421524317547666
-0.542389223785629
-0.58468541719768
-0.471110749407126
-0.499605296982644
-0.498771404188781
-0.402539078415348
-0.468579264149453
-0.374267352230797
-0.473639054301272
-0.440764498777699
-0.549030708903271
-0.44293347827326
-0.57445607383843
-0.40281149645029
-0.380336290493021
-0.476177683316995
-0.370189442724414
-0.501796498800175
-0.481850112343088
-0.476938209133732
-0.443937211636294
-0.379356632840575
-0.437913904761357
-0.500285405640016
-0.39925379367269
-0.352455924858646
-0.53247824890689
-0.51240254682379
-0.290066969427889
-0.490773843565124
-0.376746636820341
-0.465514168923174
-0.420563838180451
-0.418682730345848
-0.459287338818521
-0.401559711394944
-0.480721184457624
-0.30175302112974
-0.435892555887731
-0.438839392096795
-0.437836327325206
-0.299745120337572
-0.343327134356196
-0.281457936621198
-0.295093145905821
-0.428936229129155
-0.269218530556862
-0.448872141307449
-0.482766848384829
-0.44827353621348
-0.335954851104424
-0.354658213867884
-0.322514092657274
-0.42773801230068
-0.498466794793948
-0.37490748042987
-0.303563534567873
-0.337451276405716
-0.349406124396523
-0.436895500942146
-0.426938545991524
-0.279416498130991
-0.292584872038208
-0.42085609526718
-0.299526445716308
-0.209150344647934
-0.27273328334526
-0.291218444161915
-0.298296914893407
-0.415717942094106
-0.543493536723594
-0.358772474917662
-0.305386222091638
-0.204762629745555
-0.324678471779405
-0.339640217512599
-0.325985425975982
-0.276476144872065
-0.354059896011381
-0.197001211765502
-0.375922540631617
-0.310851024097151
-0.445224707892494
-0.353347617109493
-0.327062400794857
-0.418307484910762
-0.283076818392158
-0.250874949824404
-0.396876363027641
-0.407428382497141
-0.305509645978273
-0.51106856810313
-0.298215952770033
-0.276092716052164
-0.179092869310551
-0.281181217498319
-0.337127085753295
-0.404247077342611
-0.284809470400993
-0.291325178858914
-0.326709468878674
-0.160600619001216
-0.217102042661941
-0.351104134797944
-0.415512308500613
-0.293408711370602
-0.244741321185862
-0.283817672902618
-0.293536288444637
-0.223065305001508
-0.278250688963103
-0.275608331642455
-0.269171700188089
-0.239332683014729
-0.20662472500354
-0.384105788103351
-0.303187977977377
-0.443897195027334
-0.177447052950593
-0.344110431522096
0.0755008722175787
-0.213873348773027
-0.322315024602355
-0.194589931138887
-0.244189579173015
-0.206857590837565
-0.154620604134973
-0.028144339078529
-0.227548695854872
-0.176971591708612
-0.231144414461858
-0.127400820129025
-0.25038514826402
-0.115339965570893
-0.400730103801033
-0.198512657911047
-0.267445709210365
-0.248564715216951
-0.155652991678982
-0.308012831900381
-0.193857221364763
-0.156613273924234
-0.138044224191941
-0.201017430076055
-0.212002437302008
-0.134500457448263
-0.146704200235425
-0.210714517827382
-0.158992189466661
-0.214156070497253
-0.181721983117452
-0.0555233887077711
-0.341621147319338
-0.261208277933445
-0.157103613421306
-0.0834574890629041
-0.18546191334263
-0.0333039886397375
-0.209478868314895
-0.222156835401796
-0.0661844903290736
-0.229211556925209
-0.219029160768732
-0.124128565471912
-0.103936398979711
-0.203173724539015
-0.0510226289413533
-0.113541822705637
-0.0896343658295634
-0.254515391685529
-0.0716571922911751
-0.0343640965847153
-0.194321882151397
-0.2159106280402
-0.0195965494690996
-0.173748384323122
-0.25775650319451
-0.297979201580571
-0.0439586528799036
-0.139321744216597
-0.0849957572280831
-0.229847714042822
-0.133120050991696
-0.119681361719435
-0.107671808424386
-0.0104151748112739
-0.0702886553745387
-0.131301968426733
0.0365959872795075
-0.119606653819292
0.0612930503711995
-0.221314208258215
-0.118665819525917
-0.0511854805670478
-0.0231275768709477
-0.0800529923409803
0.0448256251045078
-0.178874408875858
-0.0550083889458811
-0.131703333620359
0.0248276718230741
-0.154370103487187
-0.0801065436070357
-0.000261325945475541
0.0164142014595752
0.122187800642857
-0.0647936501921643
-0.0906786053401366
-0.104393267629591
-0.0546559351946982
-0.0204238123728829
0.0239860341420533
0.0277865082902115
0.0610982079057185
-0.0700145449435719
-0.0673495630322122
0.0161430422581931
-0.144188219546414
-0.136006214502852
-0.116956481707548
0.0946845678106637
-0.0522998406587656
-0.00429389342132516
-0.0277790656845107
-0.177480230613951
-0.244793296852338
-0.0537245534535129
-0.0298638668294616
0.147109908463879
-0.0241287080566334
-0.0276941032310931
0.0338313323524947
-0.1444859331994
-0.121771866693773
0.0679353123421449
0.14626272406136
0.0832045846050219
0.303560524760277
-0.012399332989857
0.0279428669937565
0.0158481578494127
-0.135304114273297
0.198271503146184
0.000806024116866241
-0.099138927369991
0.048087823804067
0.0135609425307059
0.129104234532881
-0.104372861706469
-0.0680609118674858
0.059802040169249
0.0126482794362052
-0.0318678163976257
-0.00780881984809376
-0.0629653786541575
-0.164583992530141
0.0122131553405935
-0.116340128927063
-0.0863455136980325
0.0255641477161604
0.151412486880769
0.0981072139268102
0.0922565735946785
0.198670001886581
0.0732985629871493
0.103043395765971
-0.0520272175300888
0.171392649810334
0.0613252893759283
0.0814242129657642
0.0513785545648328
0.218608457324026
-0.0406831141019643
0.122164056195392
0.0646715098617212
0.0372808013853312
0.000487962727660212
0.0808429227534418
0.11400438987139
-0.0254428255937538
0.100751689258333
0.00548536955000396
-0.017136243469702
0.155318292103619
0.103136995724317
0.0437076382583684
0.0961851841579467
0.171929402320022
-0.0586618949208696
0.0218576990163045
0.165710772198333
-0.0201094397623743
0.159393663794944
0.0166774844304306
0.0894497456027972
0.0910208974865849
0.16576026926806
0.0195233238226989
0.0498626751057634
0.157372000787297
0.149975296181546
0.103266704387714
0.195921828384527
0.13778719394959
0.170387888718749
0.103894486896521
0.0721241047750926
0.172990711057947
-0.00127267210969725
0.0875627332171753
0.12832044081606
0.193388215293089
0.207745571568832
0.192056359672792
0.201431215073114
0.15775959779872
0.0349442687175375
0.18239103843525
0.0433875662167628
0.148010647769955
0.00536219650709606
0.282566708401412
0.0405209242362215
0.177011805166819
0.0669075821285682
0.365223964073736
0.0312813330028651
0.112183869736307
0.224377749481498
0.273496562012611
0.151252659003639
0.147727958020603
0.229992171042904
0.254680695187912
0.216053630024324
0.162331440977946
0.0798377674250866
0.23515381653739
0.23147113472191
0.108857125282967
0.227548808767743
0.0541660075192098
0.172037008823184
0.160587452692487
0.353443881449688
0.320384726169505
0.213209314913992
0.178403364823933
0.266497687324829
0.0226134339564634
0.116615966528568
0.180348410497864
0.171111357082142
0.0775553046545558
0.204850690595166
0.202386107876797
0.0267367443658887
0.173089015876203
0.276200863136126
0.282678910508024
0.353705565231013
0.172673132910181
0.24252477294338
0.247386763413507
0.382331700599886
0.211351597128469
0.174076700322684
0.226785918513197
0.348802386692623
0.32066667828355
0.149916255317361
0.275816207126522
0.296408395715921
0.0811368552275393
0.345649291910637
0.359176538975776
0.30067652502757
0.279357013578727
0.182914772976847
0.237929308300378
0.20924003330714
0.187625020099046
0.30743999136123
0.279929187988599
0.311293713786265
0.230343934949227
0.387801660659485
0.141012729355623
0.27592590522331
0.381309461146153
0.330628454807788
0.304432998639436
0.446541827888947
0.277696078318577
0.268576714342602
0.366623422978277
0.356224530512554
0.373213577570283
0.218051737477463
0.371196010842817
0.363170443126539
0.257061196771107
0.376138915120531
0.332481732205584
0.320506103539891
0.287212526975099
0.293466337664385
0.337437347826886
0.309959550534976
0.387239471928241
0.370956096313659
0.300729364854844
0.285273629320034
0.396556282830164
0.398185531822737
0.33351780520085
0.205579522518964
0.363793895793131
0.364591951024972
0.277882101808482
0.346481585075417
0.319523926895791
0.274355032693412
0.417769709391338
0.395198056066586
0.423002979970607
0.397661059016402
0.298887286927771
0.238411092707944
0.344160282657644
0.331825145545024
0.333297726876812
0.340285091650128
0.397350630079814
0.336368357894007
0.514984089315044
0.529729924891127
0.439809407004901
0.484035390954006
0.355691712122124
0.403976747141077
0.547765985446113
0.463781946050191
0.480904510118922
0.404166173752387
0.365036516454693
0.463799463743087
0.199741069444619
0.243925749117987
0.416949607852266
0.293332268471815
0.444158359223716
0.515979113059819
0.534561064012499
0.26211236357364
0.546343848775014
0.426328863190551
0.391431044203262
0.442259057424084
0.378118152443333
0.389269895444461
0.3280006816486
0.639422976703277
0.39663758130702
0.628077927769561
0.544035593317339
0.366950809262827
0.421221300726554
0.285754213821639
0.426080635709424
0.469410780981263
0.578603422239406
0.412360660217313
0.519619480261519
0.411191325083425
0.429260038021212
0.484242119030067
0.434124309201557
0.474760075037596
0.310984467886747
0.409175044591504
0.43821591895882
0.448983642827678
0.400902166139262
0.423607844774465
0.578156842434655
0.387878288821614
0.52935381901526
0.531204850318075
0.485563868904241
0.636713593197155
0.451225394877827
0.59686890843895
0.552066668763133
0.5910301547155
0.443387274012691
0.538737889599866
0.449858433658797
0.522845874616083
0.552222033516128
0.555711187561641
0.51009686983297
0.477112846267723
0.573446228054232
0.543748620183315
0.550731695597295
0.457528989311352
0.647490767556426
0.392676975326126
0.499543460161607
0.393238220608006
0.5658658949672
0.548210838563641
0.490457339092157
0.543030666076596
0.652287981109074
0.595438701592763
0.454415463398875
0.413669283784294
0.511678014756571
0.575464789502093
0.647929923535964
0.549030721184575
0.593455635615483
0.695340420716315
0.565939577270101
0.514473793677524
0.701104589725128
0.532495012986091
0.558905617708953
0.692840183220063
0.639239396487043
0.338768622172527
0.529528332298359
0.620997316406579
0.517119609443404
0.684426722983251
0.698866370786092
0.45399455416964
0.566189351721501
0.60342032708655
0.588120461354253
0.491934007560226
0.554859686155704
0.57155694134187
0.71962857088718
0.545608149790657
0.44307230438024
0.664438008834843
0.504506409410531
0.726563774836545
0.689332219100024
0.657548397746262
0.587804612456916
0.675231102197641
0.608620093101016
0.700031457964104
0.669808404615131
0.536943499765422
0.658120826820633
0.730838502962242
0.573233050370783
0.718332313877875
0.662108067654644
0.65466020091639
0.608470603648223
0.752565906271378
0.667481756674002
0.676594576964881
0.669361191823404
0.691050557229959
0.620323086971585
0.736988787110027
0.761562012938463
0.728620178109678
0.775517028009296
0.590920866318832
0.668740041116014
0.627312975078466
0.68043060679384
0.699949667356981
0.774018991741255
0.818933836087473
0.723961153966251
0.476097975566638
0.651042389826222
0.651385101780135
0.686944658862335
0.632236574729492
0.705058090894255
0.68687934152421
0.702742742518411
0.705350821439432
0.741169697629582
0.783623301712747
0.714349225045631
0.826589200668991
0.814263012981155
0.732266669686483
0.677125843639492
0.860611412177406
0.641111184631042
0.636582241096786
0.75512358860942
0.692374634026181
0.578163164493832
0.611334645246532
0.599106753636959
0.657827067943595
0.741744593248427
0.698721877481364
0.729270410762664
0.671795293887305
0.58386822660886
0.729950993427749
0.835597252671197
0.642591408886313
0.743832118638318
0.651840926930855
0.732785109013433
0.807949190248781
0.769338874431582
0.836820915455787
0.705946509170305
0.874808662795457
0.737073745598053
0.794548021503751
0.724726581026586
0.836915124824508
0.90968544808504
0.741190181190326
0.788335197168468
0.954924933101444
0.881845820575582
0.695672034274035
0.852345487000531
0.851612401173642
0.764122518732811
0.865328516588371
0.799258597014347
0.817139144423889
0.729093713092855
0.672032413448975
0.897042046405255
0.766154600284893
0.668179862546388
0.665275555592673
0.798866502539487
0.959900749568522
0.830413290143179
0.852473346951899
0.851818736015496
0.980858258031258
0.746762196378853
0.743820962059321
0.849363498458655
0.760712983770424
0.85445287439598
0.949670773811519
0.937001969812189
0.838936157130234
0.915965344867102
0.835139754181851
0.75636051864003
0.82332353281955
0.787177021460426
0.748251003185936
0.772971955548963
0.77161931302791
0.873248255529976
0.99693118105113
0.981097319235847
0.951622400920981
0.781352427446236
0.806014120803447
0.892529794718141
0.966337121253146
0.758307081971175
0.915670543026649
0.802938021528982
1.04718925425143
0.889051030648933
1.10716247331134
0.84133435362258
0.921193013478713
0.881139884815633
0.936772920470207
0.868675392827825
0.800424119977685
0.919922362470685
0.980393859627085
0.917895043992201
0.81113392032551
1.15905445126205
0.949910931944395
0.834142581976032
0.812281880835744
0.887563665295104
0.929297979571677
0.681083735758
0.936321246299448
0.842166084343756
1.00477523243134
0.899028935096795
0.925149456240029
1.06512343300801
1.01135985411568
0.954173029918766
0.968802864478174
0.926931213287555
0.989015537742376
1.02149939334864
0.921234247450296
0.913150282298132
1.00473234206067
0.895280106987267
0.964289987993849
1.01383663194057
0.992334786801362
1.11814578778628
0.954597138482478
1.15317040024965
0.985120790318082
0.928323452239925
1.05025709125934
0.879822516052368
1.08353369188875
0.91100814680914
0.872574145274913
0.948011971171318
1.08762585582618
0.961678158445929
1.05374520223876
0.936885143880686
0.907916475551115
0.945169735059595
1.04730407838235
1.07803997888529
1.00237539154266
1.02800801448177
1.11980280201371
