0.141822322804857
-1.10852833613806
-0.91476741567801
-0.961531929723072
-0.959495800822824
-1.04687333054898
-0.938979585269556
-0.960963047157709
-1.01535568968589
-1.03024689616159
-0.898644193527054
-0.983785021488777
-1.0271440113558
-0.898562871205529
-1.02843891382689
-0.975609304270417
-1.01621048600775
-0.966197332103709
-1.05447262119561
-0.928190055931816
-0.959111984642219
-1.04455425462635
-0.873760569536036
-0.916498398206742
-0.846401523431687
-1.03556948316221
-1.02060201745598
-0.967057708331018
-0.875542352579229
-0.958018031542903
-1.03605882409878
-0.945554489966059
-1.0788666957845
-0.870713549220507
-0.977995761878703
-0.861010424309044
-0.853849631409027
-0.944529310637726
-0.858233123494074
-0.795062259084981
-0.983448828226611
-1.01365126598666
-0.649101796031075
-0.937096579802737
-0.933642328887329
-0.82746251043584
-0.891331418542124
-0.931144522424296
-1.11899630851504
-0.979112743916205
-0.816451828727076
-0.852338561688692
-0.851657694935329
-0.775221068421868
-0.7790977250747
-0.958077953382531
-1.01221892774422
-0.767559013091229
-1.00637599974476
-0.891451193310105
-0.951000066760825
-1.01777723065391
-0.891685009088126
-0.810450445234317
-0.994517599461606
-0.924880849846944
-0.936910647058661
-0.781377497996344
-0.919657721893916
-0.983828993466408
-0.911282698905093
-0.971789677157352
-0.725075570692503
-0.999150204783468
-0.886552420790727
-0.852235807342849
-0.805369572756869
-0.746094493495206
-0.857267849173371
-0.744598438536068
-0.809433541511992
-0.910233165188133
-0.817065604837467
-0.946095736789597
-0.709574878668011
-0.930565417039495
-0.815197712290488
-0.971912444008321
-0.828314725377418
-0.835444555001341
-0.758804978672195
-0.807790468066965
-0.829218029671213
-0.785574602394498
-0.776071127007791
-0.872658510012878
-0.687583787210638
-0.852870137539807
-0.874902883692157
-0.880616309389032
-0.783658642595663
-0.878688832619388
-0.824094419595832
-0.743871915928666
-0.815270812150303
-0.764137027835505
-0.792284186342575
-0.862332717652444
-0.821587261347387
-0.987883955704735
-0.76454947950914
-0.786360981829011
-0.734544316238998
-0.837291917109509
-0.779046706197241
-0.758560555181051
-0.711645679050143
-0.843196330769556
-0.759207256303526
-0.700943186002318
-0.765112309221775
-0.786373876320387
-0.790041738783952
-0.804282062015914
-0.767589289822496
-0.735820983641733
-0.662970356675354
-0.758329505494912
-0.724312069262878
-0.805967606250362
-0.791075957804416
-0.810623087935068
-0.787416615800591
-0.842145441689211
-0.698119046688097
-0.550387362974698
-0.748638006849782
-0.624305899553597
-0.729086545746201
-0.673692092464247
-0.687697546589001
-0.600135685615956
-0.848514332583876
-0.681580490938911
-0.764419704274731
-0.792248509296755
-0.723661730954448
-0.696654112802801
-0.623683185518259
-0.73613990345046
-0.684059513079187
-0.651765631194242
-0.681355513109394
-0.636043689226287
-0.726137955001655
-0.721941789454034
-0.625090000228615
-0.565707213422501
-0.674025701719834
-0.652651899589889
-0.693478940239665
-0.683271712765664
-0.54153819912835
-0.708551942352343
-0.699991977665996
-0.805304201451504
-0.648276616168792
-0.690738204531833
-0.461723094638735
-0.703128124859418
-0.723370532715664
-0.680690985111394
-0.601853807771728
-0.741334867555572
-0.658739522434541
-0.685231730387255
-0.654981842519733
-0.676060906896478
-0.616483411081084
-0.832177490190125
-0.662735625165764
-0.677966949958763
-0.681567896452629
-0.734488537836633
-0.742587867292251
-0.636479859719667
-0.573298740538701
-0.712329241670922
-0.620112412446008
-0.729568705750761
-0.61141184365523
-0.696476251852301
-0.742427747171094
-0.661742489040982
-0.556267315040072
-0.351251722886853
-0.609522043487288
-0.582153140683493
-0.728818483220194
-0.619909452149057
-0.520409772389804
-0.566595414989941
-0.596398634254275
-0.602473277284646
-0.616213864349051
-0.53080026550703
-0.676551204595276
-0.468162953098045
-0.676029004185772
-0.539521439174121
-0.507579368451198
-0.637602569599121
-0.616098682984996
-0.560032498526506
-0.636854310913616
-0.639659810549779
-0.631330738371921
-0.445408584155515
-0.488236288347229
-0.496205765648993
-0.536737853033236
-0.641634720241125
-0.579779244969965
-0.581101746693616
-0.547935202761578
-0.518467723315397
-0.53816582243166
-0.591855704361392
-0.421313288521607
-0.533902767922942
-0.514222491887202
-0.414478053584747
-0.494996250579143
-0.517204836638926
-0.452779487330759
-0.475675275151013
-0.690314701880934
-0.395251212295483
-0.43692560310889
-0.670447099942922
-0.536680084643703
-0.544845773854483
-0.472202243930591
-0.477715016577652
-0.581480570564885
-0.53468994028472
-0.579750085074778
-0.519552167361896
-0.394800191796543
-0.593555454087241
-0.493489996689093
-0.612373827588531
-0.467280354946783
-0.384261380802719
-0.439005230722207
-0.556255302823914
-0.53287773292194
-0.31245698305286
-0.451231588826631
-0.486215231432148
-0.549142297973831
-0.477454217341435
-0.468198477853461
-0.345291570943032
-0.57899303425124
-0.462502483550593
-0.511412373092509
-0.413895405903744
-0.446336117113609
-0.518486170072912
-0.629207799829887
-0.400292715598203
-0.643212049389657
-0.481303784068215
-0.393952712363501
-0.468107738229579
-0.518206112487844
-0.435989136162365
-0.442064461810709
-0.474886588928749
-0.413401015262915
-0.446215273039842
-0.524329765279598
-0.555384140421477
-0.504390862407161
-0.381349236114332
-0.562214376752318
-0.463021001786529
-0.36952939610759
-0.443527350750047
-0.442983614513563
-0.437439664592666
-0.366452016357856
-0.587203974236478
-0.470633108848262
-0.335905368926609
-0.389212531628072
-0.434978624558721
-0.403748998387946
-0.337139694131402
-0.492883751844615
-0.561143250807607
-0.346315860964338
-0.380612034537724
-0.573314418181243
-0.417805084552715
-0.371691477828034
-0.31553449847012
-0.390585502406729
-0.339445136416419
-0.243539847101827
-0.442642030632484
-0.337778403275495
-0.570803337293392
-0.442279575414981
-0.29011004592125
-0.384193397666807
-0.323565585670533
-0.404871502193337
-0.371298324789692
-0.438655305520495
-0.277886417572303
-0.425283494603815
-0.332963807577597
-0.391322869578868
-0.364791071554116
-0.345427725200139
-0.325403776430778
-0.354230276128936
-0.325899325877777
-0.443164363701863
-0.247165638877451
-0.384950502035957
-0.318144211801413
-0.215184434146495
-0.286366124037616
-0.293624524111661
-0.458085963785256
-0.250393960834354
-0.153519097432596
-0.325623810652802
-0.399406529769527
-0.218119829709252
-0.253039548245941
-0.359109290218285
-0.376325809526995
-0.340868900281655
-0.545461062684266
-0.321609148582393
-0.319822485375893
-0.332755172316605
-0.251830097889863
-0.383613539578612
-0.156060661800179
-0.188375317600973
-0.309371161103559
-0.272938111338256
-0.258885367249992
-0.33588679010057
-0.277882991000557
-0.423502785093382
-0.22279759235852
-0.172910406540811
-0.412493076534175
-0.352452231211961
-0.346147752254726
-0.323838418458453
-0.256669249304691
-0.245521326653614
-0.36723319801789
-0.182963482600395
-0.223026505219848
-0.0369620901937303
-0.206024162288505
-0.356139725350312
-0.195574406399899
-0.263163760308664
-0.297051346824942
-0.218259209337731
-0.25193629794557
-0.428907588928962
-0.249430997286933
-0.24265070598764
-0.214461449558249
-0.233273628450762
-0.321300985552748
-0.0173056413246568
-0.0874328601364117
-0.20362478146797
-0.372556099900417
-0.374039167404685
-0.21618984776348
-0.252097782047888
-0.293848743547893
-0.238656385196467
-0.396960923713053
-0.154256972241127
-0.268008816056673
-0.00245169846801461
-0.1812430199077
-0.29189019632286
-0.106386938508183
-0.145381749867415
-0.209021566832899
-0.124619286450011
-0.166945665420708
-0.214651226793586
-0.188183194054291
-0.315530160563208
-0.111862382233337
-0.104140142174338
-0.287340218429004
-0.16002169742223
-0.192770096906895
-0.174673302298797
-0.170732888277738
-0.218205780361122
-0.151131947222966
-0.372407218277609
-0.0839127255364704
-0.115542484659828
-0.162737795069485
-0.215481986075886
-0.0597334634686086
-0.326430854685729
-0.305691337652494
-0.174621276535639
-0.25431469527458
-0.231800924559086
-0.183626704978194
-0.128523608261005
-0.195495515950629
-0.142960005740493
-0.149163511032334
-0.0718560145266547
-0.17291086504514
0.00221958927281317
-0.146351969036187
0.0416858651199993
-0.020594301771097
-0.0556873916766782
-0.0920510334505592
-0.152948469152989
-0.180505822499442
-0.0694083563087632
-0.0736398917487154
-0.182547802029404
-0.125631156262806
-0.052972799645835
-0.146593940776
-0.0947488727037694
-0.234235897501661
-0.0825468045674324
-0.190789482338116
-0.0627503756816903
-0.0835003819354675
0.0713473284885582
-0.0843502341871758
-0.00764925369728814
-0.0673123536490294
-0.147932132319398
-0.142028298573311
0.0560053198402573
-0.0282363627349549
-0.149691905724546
-0.0375618474882435
-0.0406388062891032
-0.0715518133813853
-0.0727898293309385
-0.0555820124043465
0.0020637499400332
-0.156729142761799
-0.0246058328178471
0.082773212253214
0.021607923986186
-0.207985146308563
-0.0457103630391504
-0.0664832017552621
-0.0968955754388585
0.137814767799572
-0.170713065292046
-0.0812070731222439
-0.00997614967897231
-0.0699651505621856
-0.0874514220548615
-0.0691575244020295
-0.161507149839248
0.0272769077822671
-0.107430281876787
-0.033705427104356
0.0016083552458283
-0.216918090724014
-0.0594640859158402
-0.110883844611701
-0.00212283960770595
-0.0603968158147988
-0.0610644205495524
-0.0183549168844132
-0.0648844804267925
-0.181486278818858
-0.0472227892904489
0.084959283185439
0.0856719428410068
0.0289309908314481
0.0916909228006389
0.0316791908346619
0.0126111933540413
-0.0213021525078383
-0.0412710521023281
0.0646657982047873
0.054500646820129
0.0196563230945151
0.0989140284263221
0.120545211190898
0.0395183966407473
0.0100475210811917
-0.119445527847109
0.107692655226892
-0.0539848269566374
0.0644546199575518
-0.00227577417094173
0.0817555881182328
0.218654259871533
0.0828646507182865
0.10296617023414
0.090326955587167
-0.00635743483352791
0.123033243138513
-0.0177619190014235
-0.042640521259525
-0.0104255031814759
0.060562464643115
0.0940423219325283
0.140827590891811
0.107897199251885
0.0657690139606767
0.048712512473976
0.0281337908892743
-0.0146220595380666
0.0624502994470323
-0.0804495285702156
0.14190351876283
0.194981025752459
0.094280930327714
0.171506582734919
0.0852540725853365
0.033140107661167
0.090783697070006
0.0995964807190402
0.118440449695904
0.115835214270774
0.0497981140032484
0.051384755180063
0.137216857099393
0.0249465792137876
0.0982966442490076
0.285408907446941
0.127880460838815
0.226077499697479
0.120695509786318
0.0925774821637859
0.144968729235337
0.222541668605111
0.102054955614385
0.106863848651898
0.317153335073703
0.0479830989249089
0.263350849633998
0.315657171832591
0.0814072404563284
0.123123855442753
0.231669262648064
0.104319818627423
0.266471680173178
0.0984561539062787
0.32757118357829
-0.00761566467327889
0.158322802520742
0.0877919808738294
0.194546390519954
0.0231235489874226
0.0278668986269058
0.15344876587633
0.136897471383161
0.280468411668587
0.195876194300516
0.154301110348776
0.253267315059795
0.201448214657036
0.323448949542879
0.2195988826216
0.320736063835942
0.0328058899577846
0.250514942607458
0.328247539436535
0.158193724465734
-0.0190702399988362
0.0747046320291577
0.168808317924555
0.219270422966429
0.194479580391769
0.229538436662205
0.0327295619771729
0.111134708929256
0.0546453724266239
0.201200758641162
0.159234207460919
0.291349614345346
0.118008437992757
0.202543703318347
0.322752132456246
0.212460632090932
0.11641002328174
0.297842725126098
0.193881068215563
0.149410087888217
0.171492092665875
0.163959613458247
0.293481153824844
0.210967485377799
0.202774880734332
0.152016150335222
0.459472487836977
0.388848655718144
0.175623238011482
0.17047070208508
0.192524751416535
0.135876454739229
0.207521125048956
0.280061427700647
0.256435963035934
0.276044987800711
0.166516627547294
0.403704015058032
0.290062435278094
0.276203404074295
0.328773493970931
0.209574878014437
0.327434699859406
0.340490556450295
0.240182163102442
0.331032910972002
0.346366642147311
0.278625934736869
0.282725822378396
0.350917496356972
0.261474685697744
0.418841462192424
0.231478261202529
0.353555293832263
0.171014250732654
0.307361661929128
0.460870865966842
0.332155676378919
0.272754244325373
0.337297741057934
0.312655062223499
0.397557140938539
0.423667171091328
0.184386256147017
0.529729017883334
0.266740715600264
0.268007645076825
0.23947112169356
0.466354410620971
0.320620143864961
0.510413955174376
0.22723818131224
0.239238614077468
0.292866091326071
0.444704523723098
0.233874193010322
0.314966447415851
0.247890803253206
0.129428270799877
0.418024122594035
0.338317711601592
0.344017074276833
0.286238396292624
0.28024122368109
0.239092091485573
0.290162120926328
0.357548417480449
0.254743979255442
0.208875790154492
0.321813677293471
0.576579206484273
0.353744067573146
0.435106487918091
0.401644046478933
0.42750282240733
0.301716074731464
0.417556815091423
0.350337798107439
0.576505593618348
0.444852836498269
0.392902626369236
0.449927659884726
0.365900816333105
0.469570988244909
0.407650966447687
0.465007627938934
0.325483001783219
0.428629404272667
0.230404616000072
0.428878973209008
0.258661508097947
0.361495673059146
0.304315197823319
0.440912122099384
0.561254208666202
0.385453407042846
0.478877516325384
0.375302652600424
0.314669828552695
0.45302838596571
0.481946153603927
0.373214058830771
0.282706913013295
0.388897786377448
0.506910416497357
0.440076935376339
0.546765850799555
0.474005586565764
0.43171416252688
0.617368175679759
0.430822759490259
0.242750409207681
0.395982478145407
0.505675483937817
0.543066448325694
0.479378378348511
0.450400469038768
0.531516166218679
0.424123598860297
0.497238889857017
0.366382439183169
0.504669653556024
0.481016620912107
0.44356908431838
0.545537713141005
0.417252256866712
0.479007577643676
0.465996799425887
0.386721179152851
0.574290733964786
0.377558445096638
0.403833791485485
0.443694254062413
0.504817618037991
0.426696947200821
0.494609240665618
0.486528520516115
0.440113862256108
0.50225795123719
0.567909373037546
0.619772896579639
0.502570778888542
0.426039034822113
0.478876370164563
0.406813628016076
0.419161998554464
0.510625499883405
0.71820336703753
0.454955562679136
0.419541066034307
0.503783448665939
0.496569360461337
0.688903303610873
0.410917369043769
0.49659066621238
0.504084881331014
0.435386308262383
0.533671676773339
0.635037198110168
0.583229110299691
0.35880389753155
0.517786660485099
0.582993179657617
0.49043883358921
0.66840532524792
0.644117765761108
0.64316170131315
0.65032565889717
0.590936334809388
0.553678527476266
0.491503227348439
0.547533108085064
0.649893538712771
0.613780903690585
0.531925599131217
0.663164306523901
0.649134513946033
0.539689910635807
0.581592217728061
0.718426918422224
0.485840415587634
0.664714115951738
0.584623954238919
0.793868329360609
0.529030381062257
0.461756207282745
0.531567524085536
0.662889954028284
0.604915321405263
0.659996203286178
0.602010093547046
0.666844533231944
0.746923636539098
0.701616661886017
0.609741930737592
0.633135687370417
0.644592127865
0.72000550235571
0.627475358214245
0.608146229529932
0.641818012882958
0.449782074378571
0.596602833554538
0.530754778384637
0.63256201935728
0.431498659428344
0.743475424320487
0.549964925411782
0.600385706607484
0.500667535019626
0.539969101869849
0.656576368704225
0.736550970132488
0.709888941664677
0.563979337035676
0.682753851096148
0.662586347224242
0.667696850962949
0.760647414713442
0.649980625143235
0.589748159811261
0.59954009531875
0.726952474641151
0.715300736149189
0.818507476181505
0.566992749088727
0.67217422238217
0.780244341118586
0.73301108199757
0.693924757811272
0.631769394477961
0.845822834158125
0.613460729520199
0.774344637971792
0.816251084494382
0.682458253872752
0.763616201880176
0.797122132904579
0.730488581475899
0.76756805979811
0.805744661942362
0.591904812373771
0.800027105189113
0.753910384785483
0.699835920804826
0.71903854953523
0.796853337783795
0.75734959953879
0.769014023815674
0.820190085983097
0.692030599651153
0.652300701994962
0.613278523837722
0.743459195577722
0.743172306749609
0.62511892704933
0.751651103087571
0.725209378624855
0.655468953588245
0.989694705266759
0.800225006959846
0.68706967667958
0.930081386577929
0.70390701965145
0.795909529974913
0.563615348991672
0.715612509480554
0.702462338265989
0.755575952962641
0.758329289140562
0.777715516312889
0.804741454694301
0.838683154387299
0.730352284007774
0.801559032274856
0.790833350695996
0.64852553148268
0.720411178756382
0.729391311075255
0.73159283427737
0.802474730619538
0.763596529478684
0.765751645310517
0.882188280788071
0.777352214480384
0.700702606141906
0.776029218347685
0.755570710981446
0.770035037565911
0.771777760409736
0.855475872722498
0.83121072013677
0.902163732813091
0.865226824421481
0.728605123443439
0.998520209454132
0.742819683470966
0.87263417446283
0.809508089878449
0.912541189538861
0.794460406328843
0.684080975287852
0.829789750802961
0.873809358365922
0.841568219329172
0.671313708253682
0.8872838462357
0.878989700113315
0.905192279806565
0.937849071419458
0.881438481643058
0.899835804500609
0.664459708003976
0.935653527958714
0.917718518958454
0.818724735991036
0.779814875706525
0.832024156198702
1.02054139681429
0.877854390090539
0.956969075906477
0.863048944375544
0.909608603612325
0.864946629727233
0.941097826633707
0.952447601666362
1.01119001045388
0.903986598035915
0.917042099485655
0.967971903179908
0.983780263953331
0.736579309791486
1.0529854510698
0.841645440981184
0.850311415588526
0.781180708641855
0.822936785415157
0.926114868453363
1.03674121316397
0.923640254299933
0.854537720948011
0.983704410982033
0.953024933469519
0.950355817032942
0.906318264511203
0.947798090136688
0.996939912397794
0.867764187769956
0.787289032073689
0.892997953619994
0.948852169381546
0.852246906108801
0.963598824208187
1.03934290283213
0.822054997364847
0.826731412529262
0.921944116490173
0.867741196359225
1.08746023369098
0.86409515002508
0.982610752362441
1.14410212083603
1.09616749007968
0.842466094270049
0.911156898688697
1.10052766758667
0.853192197059083
0.924339930150096
0.884867240115962
0.834886773251464
1.06720285345489
1.02071330781915
0.955828971612706
1.01356280214383
0.875437239903617
0.864924834775088
1.02428790317373
1.07699291107994
1.18522479152336
1.13657948970765
1.14064608054016
0.997237016400356
1.04459762359568
1.09177855349902
1.04872866862311
