0.151418386574562
-1.0947709772624
-0.908174365062347
-0.961972163792626
-0.978565125960747
-1.06431955684038
-0.925485300365979
-0.958041514057296
-1.00220255966293
-1.0172736625927
-0.903225178645914
-0.962016826609848
-1.02294691496854
-0.925248992264021
-1.0282196510232
-0.968540830807865
-1.00925262405353
-0.971946627022297
-1.05238578945369
-0.942389326863654
-0.958931341352801
-1.05718754221184
-0.872470325649751
-0.900604426615037
-0.840277070077639
-1.03830985456031
-0.993715214562102
-0.936668226587103
-0.854470092446841
-0.98418928134775
-1.02234277527343
-0.940070528347203
-1.07443080513646
-0.876415553182159
-0.975339663434209
-0.886464466337667
-0.839281351158197
-0.940789578842086
-0.828373750346317
-0.80511126881439
-0.991409143731425
-1.01992936582806
-0.659196756680841
-0.927610271165672
-0.927172273869788
-0.837375794511885
-0.859648630932544
-0.921647634953136
-1.11888687735781
-0.984192543227493
-0.842081276210235
-0.832910114661391
-0.886364647453186
-0.77370551591318
-0.775408340013797
-0.97820299365202
-0.991206447780819
-0.795638719314558
-0.996099379067905
-0.863546487597625
-0.92086462914193
-0.992004382712497
-0.906758332190135
-0.828761309329588
-0.981706037960072
-0.93566379790694
-0.91508857911825
-0.772728302051982
-0.933383325554422
-0.980217336589866
-0.916737739073486
-0.943530468517261
-0.720981470699584
-1.00524713090429
-0.872832340601444
-0.846780129873594
-0.784755320402588
-0.740408051890197
-0.855497361301745
-0.755657310427723
-0.817722633999478
-0.925750774792223
-0.817984888552628
-0.954144286293418
-0.708532920401031
-0.945728263703696
-0.801618163769652
-0.967530889499522
-0.827996914689463
-0.805635259287371
-0.747928619263231
-0.804197643110391
-0.844440685021506
-0.79539568831626
-0.774174116016092
-0.870771036456598
-0.699987552096457
-0.845801536160272
-0.846350123484824
-0.897703198976799
-0.789168655941109
-0.878537150992205
-0.836405097753626
-0.741041914295105
-0.788417324176
-0.775015796873754
-0.802299977332105
-0.857960219640926
-0.836116401986018
-0.97575168861406
-0.75277054796654
-0.795999692858648
-0.730062752542126
-0.814619249806445
-0.794801203791145
-0.759306139086197
-0.727534791202842
-0.869223758021588
-0.765920668055644
-0.685318821005346
-0.768979453694326
-0.776429157094854
-0.780546363828879
-0.780015935200991
-0.778085886579278
-0.731679467446669
-0.66163049018499
-0.760524295798654
-0.748614485376441
-0.811266014246217
-0.779190585077373
-0.812287049715036
-0.796386879303849
-0.82596513412945
-0.670787355727893
-0.554542995659087
-0.759281556693784
-0.630877548212609
-0.728550274585349
-0.667494410757826
-0.717208075062919
-0.607047052197737
-0.848699177406988
-0.687099742479447
-0.766960393462028
-0.822751987996058
-0.730136878836292
-0.689004611558778
-0.655029929854796
-0.743799847372631
-0.675228422084194
-0.64381351013916
-0.676800634183719
-0.63801586352965
-0.720193124212233
-0.723458763210805
-0.645936151878302
-0.585930794867442
-0.637750653877702
-0.662934990159762
-0.702911202389547
-0.685439293508849
-0.541735071037532
-0.702404462793484
-0.698737922844183
-0.796609965484624
-0.670266285857821
-0.710203208258127
-0.461733638197482
-0.701779927686121
-0.746758089929096
-0.686030949993391
-0.611132018722578
-0.731722849105527
-0.641123242830624
-0.707667686083979
-0.645647440290664
-0.693529616879739
-0.612088605355186
-0.825905264120795
-0.66744010464916
-0.703517574557592
-0.686996007920572
-0.731150062581917
-0.724179699790155
-0.636438397106542
-0.580155698523913
-0.711783039823739
-0.624157581285919
-0.736207498028141
-0.636943004374313
-0.693979303785937
-0.765605022012948
-0.66104651118802
-0.573044691329611
-0.375785300930334
-0.624815428055154
-0.563743736087534
-0.738970327603003
-0.6294433650483
-0.516650927556993
-0.602030253533505
-0.571817901738618
-0.608665596988663
-0.616492364240964
-0.543441089334773
-0.666389228495883
-0.463618761486833
-0.690689676651883
-0.539153786142171
-0.5255612297762
-0.612070905875716
-0.595922935075103
-0.540250535884422
-0.614607853976535
-0.636474972408839
-0.648627335248649
-0.438673991142598
-0.486959270985113
-0.505925299075501
-0.54953614685257
-0.63005956481117
-0.566000768077227
-0.595783857289126
-0.543066260629657
-0.540004949376204
-0.533948976036323
-0.5814534596383
-0.408246377119723
-0.52386788174364
-0.509392080300972
-0.4208272135424
-0.487878476854933
-0.525516275431481
-0.463935340920265
-0.496331330973627
-0.672613703536983
-0.399848387503648
-0.457171749963567
-0.650909010911177
-0.532555742445631
-0.52855155497378
-0.465252831032714
-0.466545425879701
-0.549893606456706
-0.517027534657777
-0.591086332047486
-0.524801114164284
-0.368776434954865
-0.585864435917931
-0.500561212798642
-0.625101269892125
-0.477928652498143
-0.389208819914867
-0.449204822608115
-0.570504869119079
-0.54156999209764
-0.330911941237584
-0.469987415870679
-0.48529434847444
-0.571834681483021
-0.470572082296078
-0.477550668809283
-0.354234150484381
-0.602435194581372
-0.461087604281001
-0.52939335172947
-0.426323163505577
-0.443760383227304
-0.498044352942548
-0.642841162371794
-0.384584926785847
-0.662246232809652
-0.492306650157099
-0.386793842359439
-0.491869834807937
-0.500410591102154
-0.450167009699272
-0.435393974496843
-0.491871599815946
-0.409801599262765
-0.46217196760231
-0.508952873753488
-0.55666192891073
-0.490958004306819
-0.401803992853912
-0.559192876543734
-0.446944185941536
-0.399738971627732
-0.451734353016236
-0.461619892596228
-0.429959414653682
-0.373570775182304
-0.57229685498469
-0.463862085347605
-0.373100208919681
-0.392399377187713
-0.462299413507634
-0.40600015825558
-0.312104481059884
-0.499500258780109
-0.535334553197241
-0.375503115536706
-0.376913521841455
-0.562199861615908
-0.403697621141898
-0.37501279489757
-0.313816341379714
-0.373923895218839
-0.349113815040606
-0.243584909648192
-0.447276435262854
-0.304988641412782
-0.579367815661741
-0.437328232082132
-0.305269139935465
-0.397891619840211
-0.330994142207363
-0.400622779937976
-0.350872837766236
-0.434390447861047
-0.282432197041859
-0.429254243027106
-0.353210551566329
-0.377501655477019
-0.3716449287825
-0.343611278719271
-0.314128945676091
-0.364437178636052
-0.318442191828992
-0.423388975368238
-0.263645753714885
-0.386469830228383
-0.330977661757058
-0.210555651416236
-0.281759719470651
-0.290331076510518
-0.490671180830376
-0.230114332579468
-0.165457892849915
-0.340067486204635
-0.391933256408871
-0.219132893933942
-0.262415967220262
-0.369617104627783
-0.378282265041968
-0.353012767874598
-0.566990337720324
-0.335959353385601
-0.310463354164923
-0.296790198981546
-0.2485712833142
-0.374464264420194
-0.1625048459682
-0.186349013486352
-0.314081276628222
-0.265050022180318
-0.283071946109513
-0.344957013002095
-0.299677531002821
-0.427969550975469
-0.227319806747314
-0.171212357977555
-0.413093651960734
-0.369404130478141
-0.376375009139628
-0.309908293523435
-0.250793310468228
-0.258889221541419
-0.367710881331347
-0.201318327886409
-0.2278458924911
-0.0367699127128026
-0.211073053147982
-0.357492867891542
-0.198041816273958
-0.257581737035936
-0.279301670979954
-0.225838340928244
-0.249527837344463
-0.423648161229786
-0.258456779643003
-0.262319665017825
-0.221109518637674
-0.219728127847579
-0.299381339536152
-0.0227610667490337
-0.0939614286966479
-0.203628969224456
-0.365527306929635
-0.386872902119416
-0.22916499113804
-0.272453671638756
-0.321087448591282
-0.242491218986752
-0.409981442685257
-0.147423820391745
-0.259193251779968
0.00070977224405956
-0.189169527403278
-0.270219429867986
-0.102558927728192
-0.166667727237818
-0.205131428357883
-0.122877763163549
-0.176955810317639
-0.214814089453379
-0.202619340140536
-0.28881926100251
-0.0785256029023336
-0.0951558022360795
-0.283435659236194
-0.158198537642757
-0.210834491567577
-0.161729078466458
-0.200768780843164
-0.210277921277305
-0.141759893028466
-0.364908691654456
-0.0987401507481045
-0.110121155146614
-0.157042190529688
-0.219673950082792
-0.0418885013207203
-0.340825680741993
-0.297301960416493
-0.16909996592466
-0.251271465263946
-0.227323355341051
-0.168558058394074
-0.11333840939925
-0.193228420139693
-0.13105805299043
-0.145861163231102
-0.0526132334896287
-0.17905295421628
-0.0218929385592461
-0.147644714932391
-0.00173594891774974
0.0194378411650406
-0.0543067649085443
-0.0804751440559571
-0.167355886864227
-0.169833993762798
-0.0625221557534193
-0.0722274888628319
-0.17830841558477
-0.131372749990121
-0.0679186720881875
-0.147895579627703
-0.0812764689149008
-0.235237885164544
-0.0949076757762953
-0.187892960228179
-0.0333109302771854
-0.0537554934322827
0.079737287058252
-0.0991307660258775
-0.0162852684411037
-0.049521414840624
-0.130699766481616
-0.127928247972918
0.0681534190373166
-0.0205470624020451
-0.153917179749754
-0.0162281711435049
-0.0272608497209861
-0.0808050444992078
-0.0732518526739491
-0.0498694596605419
0.00750472144064276
-0.148430132315366
-0.0254624335084986
0.100195469352708
0.000979539241897268
-0.177932652663378
-0.0478288377689919
-0.0490197097053325
-0.096662153161113
0.138438584353711
-0.201247607976855
-0.113157354586362
-0.00673475299553406
-0.095959789952417
-0.0735005118807917
-0.0564830592488171
-0.136464632805994
0.0466566694332949
-0.0861023757267861
-0.0302069679291652
0.0298363233852154
-0.21028813158403
-0.0684971227126333
-0.110616402977554
-0.0132377416390055
-0.0660824405261933
-0.0526668893240621
-0.0165321266569059
-0.0616923610908029
-0.174445568731881
-0.0414129980919311
0.0480238647900807
0.0734190246546165
0.0523514749280731
0.0792277444614673
0.0331417686344687
0.0176409243297724
-0.0255574066372545
-0.0256158894525364
0.0732489722787944
0.0519404289730098
-0.0166642185774454
0.101482732960679
0.140198247951233
0.0180220414713619
0.0290010389378685
-0.11808548113555
0.106755390639087
-0.0737522907279281
0.0595224744161763
-0.00017562132906974
0.0778377376768208
0.20635428890092
0.080164188688451
0.0968742818517625
0.0820790290828447
-0.0240318511346333
0.129488055968987
-0.0333585063254357
-0.0395512014343661
-0.00864035890015785
0.049717042433729
0.0818896221836515
0.134011548209241
0.106056053999816
0.0437623632934079
0.0439827020587704
0.0355169604364178
-0.0151556460402848
0.0672133820223469
-0.0840161769414523
0.142497073105556
0.192955347593724
0.104360025433992
0.200807280432283
0.117081378149695
0.0407155698532197
0.0974303426622198
0.096121042978266
0.119494583363006
0.113096123593798
0.077348473493189
0.0700547103152498
0.127835740001719
0.0256126632415475
0.0975084546403478
0.283524787232723
0.142265880780279
0.224125169462925
0.132969932453425
0.0695776780565066
0.128935312203961
0.222196235074925
0.109538715795373
0.119204503004385
0.304976117531945
0.0445977368025317
0.258846627174855
0.299968420580278
0.0688367830651095
0.121523232309422
0.230693281589206
0.101995607502772
0.271738326415091
0.0808871754727453
0.323773226709598
-0.0211548642072551
0.141111316696367
0.0820915845423536
0.197356731052221
0.0365240483534552
0.0378739562152491
0.172986247160634
0.136460514249191
0.281541930183804
0.210839374435617
0.135748879873308
0.2566666516469
0.192346305192224
0.344845696827865
0.194824663069598
0.299649446881405
0.0283086732758438
0.256763917981242
0.320543938457457
0.163044541158222
-0.00695184917229969
0.0790497488590901
0.176887379702425
0.20331203339945
0.176513488281602
0.220772242194104
0.0316395028142641
0.133067858643397
0.0516731280168169
0.202123186708138
0.166519033792158
0.296767361852449
0.113456556276357
0.194243767160674
0.336936633448508
0.217189900523011
0.129303508603151
0.307073682238471
0.197752167632723
0.134179034441993
0.179014733007623
0.179384227621778
0.265392449335536
0.197831314476383
0.190031827155456
0.152684302548936
0.435127257760795
0.393920378196271
0.187607122200482
0.200672553051171
0.21816979122282
0.127691631662877
0.208026387579008
0.255152033795599
0.246961985396101
0.290813591141851
0.179761115068617
0.386179071120853
0.289773198301765
0.267951795498889
0.317860776044655
0.219899121896646
0.331296721688685
0.349114468729551
0.220636854703352
0.324300020237355
0.344756642859272
0.267753011684641
0.275780724939346
0.345402256913089
0.230596477202811
0.398214845726574
0.215000281073982
0.353596617380862
0.190324623461721
0.327041200986452
0.459643540459624
0.349010529957573
0.279356606495912
0.357447549118431
0.311409170611364
0.359577776275954
0.413183977710911
0.179078827971551
0.528971887513391
0.265973319319631
0.29592049020509
0.266872550977424
0.457244245907027
0.285537696641492
0.54478176685277
0.231395254141863
0.249960215876624
0.319110393041566
0.456122739716671
0.220481653956789
0.305471285241146
0.239126544089329
0.149987668849373
0.417844375033365
0.321387437170969
0.332114169485343
0.265293937369278
0.272255904134168
0.264113593241857
0.280473850726048
0.341633550728181
0.23647120096451
0.199717267311341
0.300668957432665
0.572450975802114
0.364906243588293
0.445930614466215
0.406117434206217
0.431891971808406
0.31855149482535
0.402197049029685
0.368716688103403
0.594446653886359
0.458854945065648
0.374509292609277
0.451321698264333
0.361474016166396
0.461511485210009
0.418654525739765
0.478802190597472
0.326261838876098
0.440142534125721
0.217407177983123
0.447351179026022
0.276475691222783
0.38796893204603
0.301955289599592
0.436768996713786
0.531099672019768
0.407127372382587
0.491569609707541
0.368263334233287
0.305402123701035
0.454452658692473
0.476922982362053
0.383602042359402
0.266925128824823
0.384728292664532
0.502970084387372
0.455474162931416
0.524667680271469
0.456832080647503
0.431060603025991
0.60001037846247
0.434687807686144
0.222477688462075
0.398668517619155
0.519605168059551
0.530380795585332
0.491566322200547
0.465187250736187
0.546673830062848
0.427035130338785
0.497023453020394
0.375767584299228
0.499148538237612
0.480496283965186
0.437223501683383
0.54526267440484
0.438774099899355
0.468140022402189
0.479495863028545
0.375693691231926
0.542291925472137
0.380349315854849
0.40173473003704
0.448446206559428
0.508219999184301
0.427237284397618
0.482873485633528
0.479496314863587
0.443821010127746
0.498010246692515
0.556075311254067
0.605040277245682
0.497853070020889
0.444566597702685
0.49658799496645
0.383490225175293
0.432444753730213
0.500665835403416
0.699237943465953
0.443781039986608
0.444669948294078
0.495247493296544
0.490125728180912
0.670821905606795
0.402791413872103
0.510062672401265
0.482638112503553
0.450133654027384
0.544845947196335
0.631897490311485
0.567215424700262
0.354480206219904
0.549197345344756
0.589936622071376
0.477468673879191
0.666359420328372
0.636323618665555
0.645668739331604
0.633417327263622
0.573808781043471
0.550435687962139
0.494460897507193
0.549509052550539
0.646534214928761
0.621232654013246
0.523439858146466
0.659305109878959
0.635136820672533
0.556564888502446
0.580796182716869
0.729279924156205
0.49291168285331
0.648975546943791
0.61915360290485
0.784330166237217
0.527308636063173
0.460695000620266
0.531962843802213
0.666118053238922
0.591700070270809
0.66183314602897
0.599609885001435
0.667372750826334
0.750831837282548
0.691402839819889
0.61417782926493
0.614181320779004
0.631719574660797
0.740771138961642
0.638915962386182
0.598851902397805
0.655420786100578
0.468147389464509
0.606438773223224
0.544761741020478
0.634616764334486
0.430214138539666
0.741358902352925
0.548249208985907
0.589807336657409
0.51963032870066
0.5654646525969
0.658415594451066
0.748985567364258
0.705818442025183
0.567157562222126
0.705658448413461
0.657759826641667
0.659769013448025
0.770720960530496
0.640725269575091
0.600476735722287
0.604441098746744
0.725632505028533
0.720603925364129
0.813657269709417
0.530177360860952
0.662305270734994
0.775587397127279
0.740888497216821
0.689196833557708
0.611430313062808
0.842726882806736
0.613312822890324
0.802403351819445
0.784618280356726
0.692799861405378
0.760689445075838
0.790013167721607
0.720637966141256
0.751455795323808
0.801694469656066
0.588129374459363
0.783651113511027
0.777726874632519
0.713283127681894
0.719806622806117
0.796254131253854
0.748670704634667
0.760790306851391
0.840287983608319
0.658325178558837
0.664595605754991
0.621734488650283
0.770732916316393
0.754056933805389
0.64591794827933
0.769804987144107
0.724948754359455
0.661693313831857
0.974893293245881
0.811277211483449
0.696054740784085
0.929746774776225
0.714372308571184
0.77711857095662
0.535507511061636
0.696960443168631
0.746630536211762
0.742614496220807
0.756913537102177
0.76244383555668
0.797481171963269
0.846410257751415
0.709990832131164
0.794401493515601
0.790630923457438
0.657000752205601
0.720426728579289
0.715960132150352
0.731189840536868
0.787528894674161
0.768082280250527
0.773653437002431
0.87874588876668
0.782726014634859
0.705560033409365
0.779244774786259
0.76009086199417
0.763770691087564
0.782552414217953
0.85206485025371
0.832649977111939
0.917229861771726
0.855256852668695
0.721314973354768
0.974441716667611
0.718186590437887
0.880137829126639
0.800592741188296
0.946044445949816
0.805950708260543
0.685673174358852
0.830822770104467
0.879134691355295
0.849277223241448
0.677870017537312
0.870498406888053
0.876310384163327
0.912787845967571
0.925882035484057
0.874217977994187
0.897388126850447
0.686398731311337
0.956674670748117
0.917850247412323
0.83587314571402
0.812153584695686
0.838246455350569
1.0247578825822
0.873131452506149
0.924713635512257
0.838325817927732
0.910839316446985
0.861066469142747
0.937843819634851
0.958432376218858
0.988094892257534
0.866840598646756
0.942057594066705
0.960894540127135
1.0016446753577
0.753203995598145
1.04980144955458
0.824405591811045
0.84230602842535
0.80825772551223
0.801695782631958
0.923286106436786
1.04925961425182
0.939709116906419
0.830641157873715
0.991314644887488
0.938844372363767
0.928391675698588
0.888394998447072
0.936097402572758
0.992612018893556
0.874253269519708
0.805940754505354
0.899882426703826
0.940676658461642
0.823505006565209
0.999578544209343
1.04570882671721
0.841018216362136
0.837973266096467
0.924789037613027
0.84702534474473
1.09746655785032
0.880607372571928
0.967696103483836
1.13372544862086
1.10222233216604
0.822217818128721
0.913398944429853
1.09768501561284
0.856100487348922
0.906399016200837
0.881815116067554
0.82449340664141
1.06540484655121
1.02430354937035
0.959593077055318
1.00689530343962
0.88803859347834
0.866223362391228
0.987486480657147
1.08371933449852
1.19547502579849
1.13725245994048
1.13371512789164
0.99538677167952
1.06498749967363
1.1141329974409
1.04713785304908
