0.160025402763448
-1.09648836330877
-0.914014856389728
-0.951513583103371
-0.961804223737443
-1.03897086520905
-0.951512507943758
-0.948743376847631
-1.00806843412514
-1.02228341941477
-0.913367372165454
-0.973338849556014
-1.00858234401929
-0.920096403764343
-1.02598727293783
-0.96335575753875
-1.01945845251511
-0.970996401463624
-1.06404096679355
-0.925347447879213
-0.945894494347322
-1.06812834226937
-0.86622707792885
-0.919915868101954
-0.838733247745343
-1.03546433901981
-1.02963688132367
-0.956216437599586
-0.864698162932282
-0.929913989392862
-1.03160288551411
-0.943863457557438
-1.07591756656604
-0.870534292926616
-0.974092970326171
-0.853721657652455
-0.838219493717253
-0.949363831847816
-0.82169087868444
-0.787538821665729
-0.989012006691043
-1.03743485735779
-0.678599652085868
-0.938748519556586
-0.947869377353805
-0.84462671617338
-0.877939736506151
-0.924487761147059
-1.1083297221201
-1.00571312211326
-0.840797590142687
-0.858117850862144
-0.879095403320124
-0.773448412236347
-0.795764594893132
-0.991289970454645
-1.00140018698514
-0.794125422251632
-0.991295374034323
-0.859299082340361
-0.92655289005754
-1.03349890864352
-0.909866874734872
-0.803742810122478
-0.978518595989765
-0.911147321377977
-0.941886438677821
-0.765855625198869
-0.90842531232233
-0.999902434666585
-0.900577429681876
-0.941384592617841
-0.711184418699826
-0.997983971750022
-0.900677605720455
-0.826119906788643
-0.797278711730698
-0.757303988224757
-0.858125013563478
-0.765875746539252
-0.826224958387526
-0.92222412991173
-0.813682951284168
-0.940388390215444
-0.703003910813455
-0.945241383807005
-0.807615553107283
-0.973368847621372
-0.827742234621932
-0.841337392680611
-0.736366647555598
-0.821239671369711
-0.839204839003146
-0.786576950279879
-0.77976814279426
-0.8852451032526
-0.692903323681481
-0.837328497651561
-0.850238857809944
-0.87522685181285
-0.765698800995438
-0.899640001442005
-0.811348644126842
-0.755665768416523
-0.80233934161499
-0.770976642497332
-0.800447643852628
-0.855514340371536
-0.847467597152593
-0.975743204445203
-0.751831743287211
-0.791786459801597
-0.76282979675879
-0.806761435811128
-0.796256451453431
-0.749272820208296
-0.723883953437876
-0.881922010298258
-0.760164765366635
-0.717767395149088
-0.779111572689004
-0.789643052933252
-0.79272795902527
-0.791068471070255
-0.772277572112226
-0.732171169064705
-0.653165845616893
-0.76659450695582
-0.744720470929687
-0.827674303144386
-0.790899173714216
-0.815462369231216
-0.797692135493208
-0.831786232964969
-0.704090851480489
-0.535924603138501
-0.7573578815616
-0.617408869995497
-0.705307866195987
-0.675459813455918
-0.705749853878347
-0.604815483535871
-0.84661323657832
-0.677429619168731
-0.781409168993372
-0.790532455012113
-0.703380622812083
-0.699057545595169
-0.658076489325841
-0.732082268303708
-0.669760791918832
-0.640528930350338
-0.670758802366888
-0.639661564399631
-0.736087409232536
-0.698191004578752
-0.661171311799244
-0.583114724869227
-0.646243559018403
-0.641845667335157
-0.713048968140928
-0.684183834593822
-0.5446069947135
-0.708805401513577
-0.679914769122754
-0.806013271439736
-0.639670347341534
-0.685836324429371
-0.462621340393602
-0.690800101184493
-0.698038505777204
-0.665560925348902
-0.596062869197387
-0.731403374344384
-0.63529659765743
-0.704628711287283
-0.65019295620037
-0.690438539996179
-0.612156420158663
-0.826499187100442
-0.663850706760125
-0.688560830643681
-0.696250651096766
-0.712526685207157
-0.720482311553224
-0.649057995534562
-0.580087639666602
-0.719389529001444
-0.634252382851856
-0.747184577529241
-0.633228741380233
-0.687824865897817
-0.773107275970357
-0.675582113956664
-0.580811935394084
-0.369167467214534
-0.609009218796609
-0.574928090569413
-0.717456598610817
-0.628655432805934
-0.509814723096291
-0.579702232259993
-0.588453690679314
-0.578373313130254
-0.594826135719636
-0.556572147570566
-0.656962039501205
-0.471024227537215
-0.676427658576481
-0.535091245218695
-0.500564389527246
-0.639584206935142
-0.611635162049855
-0.546435989262475
-0.632225454136442
-0.628412724141588
-0.649122227204704
-0.445261650390365
-0.489331878163789
-0.491032571818973
-0.531870829739453
-0.63638421492133
-0.575654524761644
-0.568648024162849
-0.546975070951557
-0.528215552696266
-0.55539757791569
-0.610087710787018
-0.425566089803858
-0.519268290908902
-0.519023078508977
-0.401473808764292
-0.531950126971874
-0.537311132053964
-0.451067155632563
-0.497869511031278
-0.714032635637205
-0.408271514874462
-0.454145584882283
-0.639692102848022
-0.538323249211399
-0.538909523846433
-0.477183785013984
-0.477161507119758
-0.562232607551652
-0.525932642483531
-0.584270272307173
-0.512255833231744
-0.382310795679316
-0.588604836766153
-0.503003952124625
-0.620719582300804
-0.468592759098174
-0.397817959104225
-0.43860206265863
-0.56921682092998
-0.523503799633338
-0.315516737516559
-0.480503570922032
-0.481857176079006
-0.548911165285488
-0.497345771600185
-0.475534784793342
-0.351107075295232
-0.598383100857464
-0.462772728609255
-0.531725411805048
-0.40766404398619
-0.45613365066085
-0.504655929547487
-0.638365384855135
-0.404152139150997
-0.646289242872816
-0.500200629479365
-0.397307040121274
-0.441324858699005
-0.521816756484356
-0.458881364815685
-0.45212326914624
-0.499792488444357
-0.406055864705592
-0.466798232752721
-0.515423265459149
-0.548069401171644
-0.482090740790912
-0.379989575364641
-0.574926520568031
-0.449882241855083
-0.362419993847612
-0.452094132616714
-0.438366702830552
-0.442004986568763
-0.387001307517551
-0.593638102960143
-0.473738905156382
-0.344527310610466
-0.385527485862748
-0.447371051886739
-0.413467414756851
-0.331342812589404
-0.48520466271976
-0.564122826452392
-0.356795190424452
-0.374662349315269
-0.559704797057469
-0.422899717764463
-0.36715759481565
-0.302075158537544
-0.38142548369442
-0.339402346966108
-0.251689382460895
-0.441564171664921
-0.32385384620148
-0.576020771359026
-0.426700971996285
-0.33575994138734
-0.382707041863914
-0.328023869120006
-0.398738134543106
-0.364733681818224
-0.418961497044789
-0.261063361079047
-0.420448733005766
-0.332896982976301
-0.381041132551043
-0.382058119935923
-0.329546900663377
-0.330269654475373
-0.347949810901124
-0.339303154759732
-0.442537034201673
-0.250204279835569
-0.387609326593828
-0.322769310114407
-0.218110877715701
-0.290316867327733
-0.264182656879303
-0.491216102836046
-0.250459188122252
-0.146647032760017
-0.346429299854934
-0.400662441772557
-0.218683534307189
-0.24276583770264
-0.337137016737411
-0.391212223193675
-0.343123141403092
-0.543439125263042
-0.337401062315565
-0.314163384800707
-0.317966293719182
-0.26219913646522
-0.381467234076997
-0.180819361169441
-0.190895540049243
-0.318455092821704
-0.272735019931471
-0.265040260428976
-0.339124210760517
-0.30618623065887
-0.420346529612333
-0.230643276419019
-0.158408414741881
-0.398524639925163
-0.360107618810124
-0.358137488302203
-0.335648744894454
-0.256954547453093
-0.259109381616475
-0.355639063038932
-0.187694371746318
-0.223144892051156
-0.0191783489338283
-0.208897529882049
-0.344837810805083
-0.192518082311067
-0.261566381546326
-0.268742273264155
-0.224008047380401
-0.250906650309317
-0.422742139047918
-0.259420589142954
-0.237702241538719
-0.21999547321626
-0.222741226230731
-0.323070171539287
-0.0138412190533316
-0.0971872089439256
-0.196737939773952
-0.379610398600513
-0.382785073425006
-0.232156866277835
-0.258838584669941
-0.326477768386325
-0.229711117252529
-0.402736264510716
-0.153278190012017
-0.248298944839566
0.01213896692866
-0.194088018113835
-0.28950235144966
-0.13844754305315
-0.153617694095792
-0.214903739186435
-0.132399311073905
-0.175615204830579
-0.216781873386862
-0.199470762609501
-0.280141262711859
-0.0822005006712486
-0.0978732895030189
-0.27551328512335
-0.174901996720364
-0.184919706171681
-0.171425545883176
-0.171685172390573
-0.197093257368933
-0.157011321924503
-0.368980309240175
-0.0732990270762799
-0.117186548330756
-0.15772929446801
-0.220022065960836
-0.0733219070716458
-0.337016596908398
-0.285431004550162
-0.161481263936638
-0.258577126922337
-0.225579888528729
-0.174444810449138
-0.115037264521345
-0.208210962663975
-0.135026506127075
-0.159018259019722
-0.0647647597521209
-0.191016999973409
0.00876611138409364
-0.143856357682343
0.036463033688571
0.00646198644330108
-0.0618041797046889
-0.0791772968884212
-0.172548575037411
-0.187552041993489
-0.0833625277910902
-0.0825651995413591
-0.168623826341223
-0.137067906230889
-0.0425318102448912
-0.158223773755115
-0.085340399782767
-0.252198664354968
-0.0755349793457404
-0.18816403084532
-0.0240038438757038
-0.109510514302913
0.0649717653810796
-0.0720608830283405
-0.0502019148876276
-0.067287338351845
-0.135096552109866
-0.140596964989134
0.0557453559169945
-0.0256185466322996
-0.151262633913347
-0.0178714857992753
-0.0216498189275578
-0.0733512234794417
-0.0788025821966667
-0.0485441985245259
-0.0135864626617382
-0.148578480851286
-0.0250830897912441
0.101043419284115
0.0190695815031324
-0.209627965322516
-0.0457012454511211
-0.0341578772180482
-0.0803892120343258
0.157937651591034
-0.162854475747134
-0.0823368507444612
-0.00866541074387611
-0.063582702858155
-0.0755039150250301
-0.0671745358971059
-0.137947326653445
0.0516166553214239
-0.0984331425821798
-0.0352129132404811
0.0016960975185086
-0.208654941069346
-0.061961545203234
-0.132792137997527
-0.020692011122744
-0.0468579241566197
-0.0609877307070325
-0.0217900515135327
-0.0762590449278573
-0.184899473981648
-0.0483176876217069
0.0529709341767908
0.088835385544624
0.0421712814836884
0.0871904933320147
0.0248771450366139
0.0196847337903037
-0.0100900174602037
-0.0377244424137436
0.0637011317384345
0.0555492750761994
0.00354196329700607
0.108011735544659
0.131007971432934
0.0353626311023379
0.0147950687953567
-0.120104780740769
0.107936493888476
-0.0482527910525679
0.0686118849064564
0.0153286705011615
0.0794968717056722
0.196654656853677
0.0932389592881087
0.116420974512083
0.060105937017009
-0.024958717696472
0.136091528815425
-0.0179433464919252
-0.0294933098252682
-0.0130485208148436
0.0667526187690559
0.0954253839570642
0.121075803235398
0.103987690331398
0.0523224170535703
0.0358788301285087
0.0304373398157894
-0.0189750358958289
0.0816913114076493
-0.0838542203564694
0.155017900378765
0.165715366664315
0.0901847475850034
0.210171616895279
0.10474671224411
0.0333237977740857
0.0783098648691334
0.097954764476105
0.129845136314945
0.120148316342734
0.0876287480639486
0.0542949991060673
0.14000803289526
0.0347519857602644
0.104348570414472
0.304810933678535
0.139508338182877
0.233855134325143
0.110163028348024
0.0574334127385917
0.13657901723273
0.231537267579208
0.0911340969886836
0.139484140866616
0.318188924615442
0.0319492890762333
0.258978786051853
0.309585763616621
0.0742524230805549
0.123774615925024
0.248626025978617
0.0997556811893424
0.260309684855279
0.0870935566839589
0.327947160696619
0.00630754562399861
0.11622727312638
0.0711488051382503
0.181011867075514
0.0355623103129679
0.0405267791868061
0.161874036676209
0.13053423150931
0.288522600346697
0.227750996420361
0.157637667724525
0.267909329187632
0.175631938065899
0.336391249418157
0.197489324238905
0.302352383497541
0.0188682843855355
0.238368763596379
0.325742438542321
0.159169961273791
-0.017984677396338
0.0818959885812619
0.188286007676486
0.217623806390458
0.188195402803987
0.21369941507848
0.0275752365899224
0.11962318150527
0.0462100225677881
0.195412658832874
0.160156870950155
0.278445020297309
0.106017590749908
0.183143174766273
0.325395555071193
0.222588943733157
0.1394150957506
0.323926189174475
0.201605400150831
0.13783852517061
0.184090213258031
0.178174997781788
0.286804823324501
0.241892537651569
0.193330808546441
0.17014913830581
0.442698203957234
0.407653150232825
0.184834154912411
0.1969283698697
0.207749310898003
0.137325310883297
0.199944500833653
0.278842776231994
0.240294934298967
0.300409172376393
0.177325220361149
0.393273830405912
0.287850233629197
0.270417010277973
0.330996044081542
0.222761759440762
0.317447236892387
0.344929227579037
0.248391716961132
0.337154884726913
0.350041923991638
0.261704471307747
0.269837911458278
0.36292874115204
0.249528936350398
0.394049881537489
0.230422579600934
0.361709416417506
0.178861529982009
0.323467410021241
0.482863562978421
0.349619038057759
0.283457232906014
0.375357081350941
0.316556044147197
0.382305447603139
0.385091350998496
0.179788679162621
0.531913091805438
0.284423404797299
0.272822084322761
0.256018559192035
0.453407348725689
0.321578084619249
0.51476583398218
0.229787690939555
0.246673272021902
0.316187583753101
0.447211464362501
0.222037254685373
0.315892819086401
0.225165248610608
0.162113515968798
0.421834570738158
0.352196453067659
0.351281914216893
0.280774349253356
0.268548829557529
0.25847222925987
0.290070788069176
0.363890680125856
0.223730878699417
0.222440004899662
0.308311349785648
0.572353609402919
0.352180744142473
0.456818938203717
0.3949022046535
0.408652979092789
0.305576607686298
0.410813712964846
0.37101538222266
0.594674274182033
0.455236780289673
0.400832397630693
0.446692608382782
0.394451792397015
0.475614304534082
0.414541469607206
0.469137021011102
0.318323486783871
0.422172752912643
0.233102988326262
0.422128668627389
0.245344151828791
0.361871210911137
0.309903003542847
0.447277911644154
0.567458195707956
0.397420868880484
0.485599504802374
0.373233479954542
0.31129181625385
0.472166658564992
0.482113270050562
0.371280842467557
0.270587291500107
0.398997031293042
0.516001798504817
0.425150375969629
0.519970348151008
0.485287186891059
0.423330701086835
0.598882941276787
0.443934607383881
0.203116423683742
0.41419913193594
0.522112661070052
0.535219843129741
0.477938079591193
0.460437091399234
0.531366526856581
0.401128039214528
0.492628153270645
0.359274711419623
0.493765148156839
0.478477141962304
0.457227640898395
0.540320450578008
0.41696338908285
0.486793224916299
0.486855010859302
0.410389063714316
0.565218709319012
0.375023055295431
0.392025563208004
0.46435472290948
0.523019543496592
0.461857048185998
0.481648056412344
0.480319343011459
0.479273040330648
0.513843785118824
0.562969695972485
0.637729436944024
0.50424049227563
0.432460806112433
0.498070661438252
0.413696589520232
0.429564007515649
0.515966644223595
0.687741142969774
0.444573706850737
0.423161336659483
0.51091367325317
0.497742544295848
0.674474657172119
0.391161900363084
0.525134083341242
0.501194683016197
0.456878444731278
0.534267908081974
0.620580982997605
0.570253304564097
0.372684027067213
0.523286693791467
0.577579856991307
0.491517016767292
0.659365980063063
0.639130863429796
0.663295404933347
0.627546327619632
0.580262061574633
0.559725962473214
0.504937306761188
0.549544137522632
0.647137299224284
0.622516573689697
0.537333541651165
0.663358443307386
0.62383500680598
0.541035628491882
0.572669288833124
0.709248803505478
0.499657156221139
0.652484760270085
0.590321876007587
0.800474344075104
0.508142705781226
0.463492747074447
0.535715445753451
0.657498425866476
0.613637874552783
0.665098606501133
0.590187988260637
0.661425581364786
0.751109513802307
0.727529949961952
0.614431229956904
0.622279930563975
0.665872682138126
0.728606266083685
0.658175215388814
0.607273895689519
0.660638557857212
0.475665272689704
0.598429808251214
0.523023026437883
0.642630218910721
0.447024603018136
0.728143298269993
0.555796084954433
0.597648707799626
0.505786321990736
0.55452794416473
0.66394773728121
0.741523139330778
0.723195862401438
0.574145750352854
0.688183377663729
0.663662816638839
0.662176485669735
0.769361327569434
0.620752393603514
0.597426205739628
0.604824247911825
0.728181806434014
0.719566099143223
0.834365614001203
0.56326128043039
0.670254552606427
0.805261601792612
0.760790816146079
0.674553456565752
0.623014760004156
0.834942256178235
0.619685332357886
0.759417300381465
0.822532932393059
0.678081813640592
0.753860932994048
0.782009457028995
0.739658572357341
0.749276355695507
0.813730344219022
0.607832540523317
0.807760359315411
0.745891708488711
0.703244165599335
0.705832836178506
0.793431323022015
0.76762159032916
0.758628758914003
0.834425122504031
0.658833421911666
0.65932806831235
0.628332420238885
0.765398644526431
0.75087173689557
0.627967723971644
0.774641360468873
0.715887956487667
0.632263394354923
0.981816220334366
0.789136442980425
0.684440652300647
0.915729831899214
0.699587978104862
0.771483470824319
0.547779641562904
0.693200115636131
0.727144087313274
0.725824855975853
0.773944486119451
0.766812753795884
0.800282416385222
0.865554980008872
0.743528833102867
0.782478505767235
0.788975950240706
0.665907352627392
0.715002513287046
0.727018757551282
0.724619050202974
0.793063976938717
0.740029161316288
0.770023197465522
0.893931756068731
0.775880318170566
0.699636495617248
0.773142092219106
0.745320165587121
0.73677694754763
0.772256472252686
0.869343756578588
0.842825356323169
0.912480979471739
0.835830003875992
0.738446040652366
0.972527609069763
0.729935548890373
0.867505373703581
0.814329464482228
0.915804357859957
0.780097696156594
0.688443206442306
0.831828465561076
0.884003437312461
0.829401922757593
0.682330477406532
0.863372856189482
0.891324594747791
0.910060910736974
0.929230000112421
0.858119214027066
0.885571747124202
0.688530380012854
0.951582244993844
0.905577882481848
0.81820562881444
0.797154268070876
0.833112793866758
1.00865211519135
0.874527644842202
0.917932230789243
0.843420379437987
0.915487113037748
0.870077745679743
0.927690504761085
0.957273350583705
1.01974830626072
0.89373342340539
0.927448189971994
0.974706904695763
0.978531720905505
0.771705180441696
1.04175024925883
0.840147020155398
0.854604298123481
0.804821593066143
0.818303350023725
0.92797900119871
1.03614769879984
0.948016914621132
0.846680160219494
1.0103470544593
0.940918944316571
0.933301071759281
0.896593162997491
0.947658925457783
0.985152814071929
0.866008261693672
0.784663274036028
0.895879286777074
0.939492818170078
0.82368210171301
0.996355682276645
1.04734335634574
0.846012425775277
0.833490457543028
0.934210387916063
0.857260825168155
1.11276384992539
0.878271231066385
0.971024077391718
1.14811562464901
1.10325906221096
0.863950107663872
0.916280796226812
1.09556057296
0.866079955812965
0.932524307122626
0.873469171329592
0.841021434610206
1.05491012226763
1.02029478216516
0.945246529656497
1.01880793375571
0.878588008345275
0.845071413611717
1.01427450713033
1.06017828764381
1.19024646697975
1.1646921530047
1.1373149399014
0.970804790400253
1.04808970031678
1.11982807439303
1.03567836568304
