0.129710945820902
-0.965960886114996
-0.944945457506239
-0.937935456253738
-0.965250088882698
-1.0300430118996
-1.0813574085921
-1.01847134202453
-0.887452689109881
-0.88536749616223
-1.06815591225373
-1.06074511917294
-0.951853599963581
-0.991316314142329
-0.988917250558695
-0.965200191173015
-0.946569786616108
-1.0044005548957
-0.843847178301176
-1.00851335149291
-0.83007950316892
-0.758739932027924
-0.821932830906873
-1.04185849082845
-0.983578172996204
-1.00406605282195
-0.908145516332043
-0.908729738703651
-1.03839192333253
-0.838874066601343
-1.07081767858967
-0.976388382779069
-0.995011314972818
-0.980254567966097
-1.15337529860366
-0.85350259648354
-0.954418774728364
-0.945433119702296
-1.1162657193461
-1.0244119893876
-0.996309584091472
-0.841768377066454
-0.816162383318292
-0.739518344922421
-0.823376659398886
-0.853253258773191
-0.853886518686556
-0.982682804333599
-0.892332711888518
-0.926406600237573
-0.898747689105326
-0.907657648496361
-0.899048842297731
-0.77245231335645
-1.04225705658498
-0.710940560140175
-0.91520316661737
-1.01032859023792
-0.836984541227993
-0.829122110640648
-0.895815299877565
-0.82425416456763
-0.848108190072016
-0.853850320498971
-0.80290287545492
-0.922679399336993
-0.796789131159202
-0.720261067952558
-0.91801795084695
-0.740840082266036
-0.840427525781909
-0.909194148587463
-0.731053374414193
-0.791769851880528
-0.67304016278016
-0.95665825647487
-0.792190326227066
-0.776078364714883
-0.869188696247213
-0.864737711616785
-0.760429659886475
-0.839096068194431
-0.894236048906235
-0.786333166636654
-0.649650862429102
-0.812759172136999
-0.881332498820545
-0.75564170051026
-0.898628980459277
-0.817384097592167
-0.784073475132254
-0.799220134926767
-0.833634290050921
-0.902194977749733
-0.774583276936864
-0.725665589679924
-0.706633939150703
-0.843900177709156
-0.649072141468667
-0.831687983209678
-0.835532183336052
-0.82093460770839
-0.846713212199081
-0.874826591711362
-0.886503317880556
-0.782700494128261
-0.947487374409068
-0.708446402149641
-0.707108644543333
-0.741942964821745
-0.822419592166143
-0.732087558332489
-0.659279556307377
-0.680997866433336
-0.798745118301463
-0.728758954879782
-0.801485861966318
-0.81579619930979
-0.697801419848474
-0.803047353119613
-0.7142303770909
-0.843462405653752
-0.848705135999809
-0.593363104131869
-0.735726350796597
-0.739837908914105
-0.692250284450311
-0.763334364366124
-0.736385564644458
-0.714473001385121
-0.596048554707489
-0.785728190336088
-0.847520482050034
-0.731440437016419
-0.709312642582126
-0.725791478608908
-0.750863070832521
-0.621581228455511
-0.840929228565976
-0.634900632701917
-0.514519799251849
-0.685885039607275
-0.717147179283881
-0.72266241037046
-0.782109426967686
-0.654934619228716
-0.828961761591859
-0.564259853482672
-0.639060514571044
-0.677317634976163
-0.663848480032531
-0.641089215941703
-0.627205520836116
-0.74845256393059
-0.658158614429076
-0.747515221071934
-0.720941694980748
-0.676699195654087
-0.594853367588825
-0.506042913508092
-0.6212473976614
-0.556210580577352
-0.696170023430431
-0.657625257256062
-0.518517286280909
-0.626188849810034
-0.65422464580691
-0.563836337971763
-0.782680537239096
-0.561842289548879
-0.575835193309661
-0.638931756725033
-0.697791067764672
-0.60361802603038
-0.629795603312847
-0.684660355682861
-0.591655507547765
-0.715471892885474
-0.671433529079912
-0.507714509259179
-0.736158857759134
-0.493050564348077
-0.623129677423408
-0.701813705274542
-0.784023507923106
-0.574698479478495
-0.656354167869268
-0.680701697145357
-0.684856970052997
-0.558046727260042
-0.765104464627297
-0.736646123492058
-0.575810579998408
-0.539150312400822
-0.59392204804189
-0.556088037893231
-0.558139001952086
-0.704832330152359
-0.586150049828311
-0.659356107300756
-0.588908810951662
-0.619867351292929
-0.574580807584736
-0.534447633149974
-0.662296949453163
-0.543137918568333
-0.572258149158613
-0.559051688909035
-0.5354597207146
-0.472736544590924
-0.59974700703664
-0.587367905860335
-0.532950440671625
-0.454613000251838
-0.611474172030313
-0.534073223979921
-0.564676235543609
-0.497243715357242
-0.566297379205541
-0.533745410247159
-0.474559470210194
-0.598664868389943
-0.610039024965439
-0.653464441882481
-0.584845514984401
-0.57373471752498
-0.572341542123252
-0.483141970843877
-0.652104581926238
-0.46002188015137
-0.620904045340945
-0.558962580427937
-0.379735075526622
-0.51804442681767
-0.479490272250245
-0.615257175844532
-0.402667577899937
-0.443202573662636
-0.556300533252774
-0.452215866315672
-0.622563232711859
-0.552188010318278
-0.46076974683623
-0.530745915907646
-0.592149318606344
-0.669635160537625
-0.496486276716654
-0.489124344139953
-0.483249776408431
-0.309126463977173
-0.431798193440316
-0.475025701758509
-0.456026576932494
-0.549535973518678
-0.539709916235656
-0.527049262494835
-0.505956307536436
-0.470956738697404
-0.539498751828828
-0.479552385110292
-0.625505304981514
-0.353543139327652
-0.449078939094331
-0.380216479889654
-0.649218394454559
-0.517965990488254
-0.61009153520379
-0.510808408249825
-0.277286937854441
-0.526039843834864
-0.420191375658838
-0.47714348219255
-0.413668072709698
-0.65695349881114
-0.480497646946027
-0.471360961223503
-0.585918174331442
-0.625335097437077
-0.645203773763973
-0.602575897633396
-0.359181871016931
-0.329767871366674
-0.538646825184409
-0.391603163839459
-0.342368141596486
-0.461066101668849
-0.252606519291685
-0.441879380875069
-0.464568900563373
-0.457618529019822
-0.425589813484598
-0.408632585049273
-0.484889745174716
-0.382541517515244
-0.31964462438684
-0.471793202234381
-0.465916629930442
-0.464502695192717
-0.319424205225739
-0.265337741531714
-0.387064406515666
-0.417180346268179
-0.435182660204215
-0.399891018927376
-0.320257219573839
-0.359313700249184
-0.412558282921969
-0.596882776551509
-0.487849495215345
-0.336445813169508
-0.382646582304939
-0.288978788635553
-0.18249420363767
-0.406399761084943
-0.511042075743721
-0.455095448102879
-0.36904313024215
-0.370556998040771
-0.287652168121997
-0.427168767433496
-0.395593157749367
-0.434630483169301
-0.336559093953645
-0.275833837360753
-0.32794004472031
-0.313349413058274
-0.434193853731797
-0.137593959980705
-0.349784373169403
-0.495940861575715
-0.266732213984098
-0.384296365494881
-0.318844585106415
-0.190505177032394
-0.505033464318692
-0.222481698068747
-0.411781559807928
-0.274550397106979
-0.327844059073595
-0.374478433116245
-0.298634269068838
-0.361664685504183
-0.394175294625305
-0.308231621925571
-0.224499055261217
-0.308809760339442
-0.31900203263432
-0.316549913726741
-0.293290244235853
-0.321975812738734
-0.386311333011036
-0.404277568481258
-0.166954016273218
-0.199674579820791
-0.19982888233774
-0.244268365818147
-0.316706774031109
-0.248532145280373
-0.250024999684036
-0.279826381911617
-0.277938792562029
-0.2880802132566
-0.318752022178345
-0.273746591234378
-0.215062669141024
-0.237265184571118
-0.306093931310564
-0.202386582982188
-0.357864874826095
-0.311613450368306
-0.14247826173369
-0.224240458078237
-0.104015700192401
-0.34767652810237
-0.20593596817638
-0.299116485394974
-0.232145901898925
-0.171316090414882
-0.171417343213842
-0.241222897493837
-0.223906862131752
-0.314922634536279
-0.38778626293195
-0.171081145830633
-0.27818384116113
-0.177812757703646
-0.142774316033419
-0.261207254575074
-0.115316499796904
-0.206053158379709
-0.222114500212688
-0.197725234247664
-0.217186384277224
-0.245952211720312
-0.218821820487742
-0.168931453866627
-0.212789170380466
-0.0685916679051459
-0.194169531281959
-0.187376411303167
-0.134458917692207
-0.148476695833703
-0.130081080755447
-0.244414019552172
-0.0998438981275106
-0.313333708523433
-0.178679654119653
-0.284570541602506
-0.189766165327745
-0.146310327761474
-0.107270337474341
-0.286225806951555
-0.203975481398481
-0.198178068191814
-0.249350212544712
-0.0814456870989641
-0.12701171172691
-0.168704794182494
-0.272315472528861
-0.223330958288604
-0.0631615017296547
-0.0522772584843038
-0.256424179929877
-0.0803272824380814
-0.315257416665854
-0.0983999413566758
-0.145261837404789
-0.0356423472009595
-0.0165709337054833
-0.159992981292067
-0.178678588426249
-0.191667373472655
-0.0667933948771621
-0.146267385000595
-0.0196120160474945
0.110214322224912
-0.0631669901156489
-0.208835706117374
-0.173440432622998
-0.125324705585785
-0.139520604318327
-0.219872298293487
-0.18137789509805
-0.0771894765348918
-0.0467805260915443
-0.0246088326674339
-0.134658509313542
-0.138002251666127
-0.0178997508981837
-0.18642997574147
-0.127996376462826
-0.00472216632988908
-0.159332411966331
-0.0806629437736459
-0.0913278768265578
-0.0724408727559335
-0.0926671597475448
-0.0745923538384365
0.0578631702049694
-0.0686765615885203
-0.121701649326356
-0.052993098878312
-0.102240103617829
-0.0212195331994553
-0.113207461091784
-0.00682812492503034
-0.0240551395558734
-0.033914236415834
-0.0797321790723949
-0.20713782269322
0.1431623345403
-0.0319260538684475
-0.0262913513075364
-0.0929871931764338
0.045519427460142
-0.0583397435940346
0.0223230015281015
-0.155369613573776
0.0272077626363307
0.134488929795582
-0.05262004407099
-0.132470050343929
-0.0371611455563191
0.0820715622133276
0.0469300738987741
-0.128297206460048
-0.000751999523730985
-0.0251582623509014
-0.0120810788742498
-0.0414182165665596
-0.0510768516523549
-0.0272431954862379
0.103080324633193
-0.0987693176357265
-0.0239249121399249
-0.0393016967091276
-0.0317688424647449
0.0132305492582521
0.052877859429426
-0.182788643439734
-0.0181118256234746
-0.0618792847144906
0.0606845013187433
-0.0605749007064285
-0.126742148303724
0.0734406711851064
-0.0430928220396067
0.0986052639361609
-0.0038989294270022
0.0727262212380504
0.163253164898374
-0.036365183877033
0.177658058089086
0.0208891962313847
0.0565276723395308
-0.00798468297548816
0.07129440104069
0.0897443693129384
-0.15675210517732
0.0104299341053348
0.00616733544197335
0.0884501666910356
-0.0409995492384119
0.25854116540026
0.0482839026171263
0.0596667071892396
0.18515653163975
0.128446239639141
0.0592367736247709
0.0684141268522401
0.0533849411071374
0.0965793255418122
0.0361229161549314
0.0528633144946723
0.105683088171881
0.0886317908798714
-0.0406457058032957
0.0682413419680232
-0.00221328412075869
-0.00710127165714981
0.156008084502209
0.0797326274250774
-0.0549387579524046
0.0137156818056549
0.0637989008550449
-0.0205343464207208
0.0593378229638144
0.0448397171640544
0.0595420131814701
0.162882713365561
-0.0529767151436557
0.129840046218984
0.0156011171162953
0.168507414086459
0.103251471452037
0.0383757958225201
0.165562861164871
0.305686639972534
0.102133575499889
0.124821991328756
0.192207154461278
-0.0285415542390401
0.0842492302438947
0.0827202829306905
0.217270028975686
0.236198503516313
0.159904629748841
0.154843131507729
0.047675101211498
0.106824476036367
0.17420218554869
0.211331486606155
0.14812101164423
0.0251752127921228
0.0853559553245133
0.207178500866714
0.205815350666774
0.118725926948054
0.22402087049303
0.0979227061453573
0.347515955106753
0.0635528971494938
0.147028047618194
0.161608294168224
0.272806451837419
0.188735301065713
0.0499549451632594
0.186131389142106
0.267600948829342
0.215053710955689
0.247178669384082
0.204548019565563
0.150026994326776
0.14532507702432
0.0162844666241038
0.192783513153803
0.117257130475637
0.0647500146554732
0.314272435777802
0.147329117499673
0.220088228241772
0.155384785487165
0.173761460792895
0.181737913835164
0.107722589231091
0.213006457208965
0.317133982635008
0.203125586178069
0.257894436635928
0.165323513840164
0.155321128061595
0.231816372836293
0.0968598737607252
0.195088012311531
0.325469746981963
0.156329300802295
0.263107716424328
0.242960423006058
0.273879030680354
0.261415134211571
0.239121642423556
0.391653197960307
0.214695355149863
0.269948493124397
0.220447334826006
0.302658954386295
0.315100023810883
0.262274608619173
0.183202644405348
0.172932162900702
0.0161918670133996
0.214343216425098
0.278958017805079
0.329918525490409
0.16012141139158
0.172064536210386
0.390835398032972
0.391067818343452
0.330505458070226
0.185553528089198
0.365072048269023
0.261097637283146
0.167192313649526
0.463261100860595
0.208282702889001
0.234268913425277
0.2681762290918
0.195680992184916
0.246716375153278
0.236389673317086
0.268280235734747
0.337106882662479
0.309205345061202
0.243042268851476
0.33518624796101
0.343194783897458
0.278104998583344
0.391273970785731
0.222305499210102
0.213939395662771
0.494267385191202
0.367431671715326
0.407071028379713
0.315707459401003
0.248520259764408
0.217389503969489
0.314716887860999
0.293072296484435
0.38631073866956
0.345028246542964
0.290161806480601
0.39285264300118
0.370874117688713
0.401886891378286
0.419097759167597
0.420840996712618
0.308789511992825
0.308062122244421
0.284240477434594
0.253732928990688
0.478258112222665
0.342560385498406
0.349686703125692
0.212647016180227
0.171799979578738
0.358215925543254
0.359857586086577
0.293487435618925
0.229035718061773
0.311598018490487
0.41938791560739
0.368475541635782
0.312673746782627
0.380529101833686
0.343389760961822
0.33982690935712
0.497837327348351
0.511199897798506
0.382547420625766
0.54087133442369
0.240945229275794
0.450267390170368
0.422063429400826
0.484588557900371
0.432235419224139
0.301115453886537
0.505803920962786
0.396110706143001
0.579923902633613
0.434439186194364
0.50758068790747
0.613204424378846
0.420034264108192
0.427931773934125
0.364592701501812
0.40768269417746
0.363410203481971
0.314064714022662
0.543432099812791
0.365196954770385
0.469993501137777
0.405488273034066
0.408766661134378
0.403438386508729
0.316695053100344
0.242714976671852
0.381860154769932
0.261002644216449
0.430116584310158
0.386696663401216
0.428256312606047
0.38322974659047
0.441354695342131
0.484225310380223
0.36851412239257
0.32337748819336
0.538615846130353
0.473638476689978
0.570573948667057
0.570752763399312
0.551718975628702
0.590413950511157
0.420989645972955
0.63168449616992
0.338266715206395
0.583422148607634
0.471440987206516
0.454075805143871
0.499441023866396
0.421709132819331
0.418866444956351
0.550812521666858
0.531474639573523
0.574497930693676
0.388533850139002
0.447918851153617
0.401566219845504
0.377264841015402
0.642867761956765
0.458747340165625
0.582126480955297
0.581459522594441
0.558969157064548
0.456431981625174
0.585473536858702
0.457523275721609
0.565252246191873
0.691296036495195
0.594768883096938
0.643633638568073
0.548378629567735
0.344230719777369
0.59620815668883
0.530974693240809
0.619057999069983
0.54524338962676
0.416277420669995
0.492232184994427
0.635768481668818
0.496248895798695
0.50833086739277
0.596892419331404
0.488210901528107
0.391628455571663
0.470305882899745
0.599706585660569
0.584588482697494
0.484749039197952
0.564899447659337
0.61182767908897
0.730138206427558
0.746841500036167
0.554805912206121
0.531844293351387
0.401792344014418
0.495143911146336
0.621227265543613
0.641489211858924
0.652896258202125
0.532878432452418
0.585606941198819
0.682120540327119
0.678539526683921
0.538562816851106
0.615350303556509
0.557231221574522
0.628408159484057
0.563410943624987
0.538259246098356
0.606828729127504
0.639552563870048
0.626515380516996
0.501623511999542
0.708498724132289
0.664885971454477
0.663535394252417
0.676171935809003
0.628940413643971
0.538508720293937
0.721313081335412
0.540366001303975
0.656948206873098
0.689204685762281
0.588353807045838
0.711796553140258
0.617166473483027
0.680393743506486
0.548684987815952
0.690761700116657
0.650466431379767
0.659584587937678
0.64672833840244
0.689356214407544
0.779235167027373
0.713700315580912
0.706600048476843
0.73255732436534
0.656704456506666
0.654450536436291
0.423242152770905
0.663592824192134
0.793200093132193
0.707081037255063
0.618464023472513
0.774813494437663
0.572635816147431
0.781455361093404
0.610755917694241
0.644035348030566
0.646943347613229
0.620449823426278
0.68385824459682
0.693552708008995
0.809605781044072
0.798216900265138
0.77195218704854
0.808388626987175
0.658578122547422
0.735802858368291
0.683189116018701
0.675937950185215
0.757536174241316
0.729839545395955
0.646284748975546
0.899853234405106
0.710761730384244
0.683958567757677
0.797231946236531
0.865214591997184
0.742587722882173
0.57675345386026
0.611028165683139
0.661141362817575
0.835042825303263
0.775637857596915
0.679857337968235
0.702857091855512
0.673667355747582
0.848269011542518
0.81927590244245
0.74249220221829
0.716891523775289
0.810508320710403
0.846539297841062
0.712599069701745
0.812818508177071
0.867144177707049
0.582091635669028
0.66731482995251
1.03051579861698
0.575597218228882
0.768879786007006
0.860840669003426
0.726966953420049
0.93011204674986
0.758781953273367
0.737991281242334
0.840680537967749
0.739389249085178
0.615576595644503
0.792215403842111
0.807939517759986
0.745298174404082
0.866741302872479
0.734061439014429
0.906016663299887
0.930485466765183
0.891845660680122
0.885120735275405
0.718486204558764
0.884100025847142
0.693893351604961
0.849333428083354
0.864960799493114
0.91700510071622
0.792667353337605
0.73008462002293
0.903763747946778
0.777147657234749
0.953411738910463
0.841623877723876
0.876490161265118
0.820989496947094
0.8338378312918
0.785047052763626
0.86573874944341
0.807166948374908
0.797204215185738
0.775697784729366
0.807944082391427
0.821155858499226
0.782108395765691
0.74700423370658
0.890635405271876
0.837301040983434
0.864718580906351
0.918927672291876
0.891582562673172
1.03541220324246
0.889711315270753
0.780483589380413
0.750597398083785
0.931603017416427
0.856119331349615
0.916649664665409
0.806290780302136
0.87108539200967
1.03433063385266
0.998533910028951
1.01378888080113
0.957773560755297
0.798112112665574
0.851444047440894
1.0093552213966
0.821511344636357
0.950674950362665
0.942259827280493
0.931693070344972
1.04577664228808
0.852740863387045
0.817238444690044
0.789578930725246
0.97608174842837
0.925075820320498
0.910990128218698
0.86417190543848
0.870333238342143
0.951814154769523
0.897929904778881
0.953713995549152
1.02012868473448
1.03220289564024
1.12880848592211
1.10125852542053
0.894041187503455
0.888429390095406
1.06936967309083
0.881072306841455
0.929188704154079
0.821125367563081
0.902501767195701
1.06362389479887
1.03817786525929
1.02086009925899
0.877300902973057
0.962655929847903
0.87600161597367
0.897002663647276
0.964047394160042
1.00600250313349
0.923821739142821
0.965775780511674
0.991173758787163
0.871584483003754
1.06899639122368
1.01060342560311
0.877123291955537
0.977202655329611
0.934212610247417
0.988280945648237
1.11547981872036
