0.152241750881607
-1.10980014701065
-0.921161819222601
-0.936595540607437
-0.964016348894295
-1.04401726784776
-0.936318546703231
-0.941514652547247
-1.01346492715982
-1.02591425123332
-0.899617626004367
-0.975855515301771
-1.02855592908674
-0.908228351951347
-1.04226035143289
-0.977125062508591
-1.00831567401515
-0.956550052682023
-1.06828363548547
-0.941540165371316
-0.95048132477934
-1.04948748671158
-0.872889326898969
-0.905410291788809
-0.823238895654497
-1.06301711798202
-1.03435398394614
-0.974838721939407
-0.869045692901453
-0.958335865912601
-1.04856329541796
-0.958069663166964
-1.08114854982029
-0.863362702819363
-0.970976494910752
-0.859145491180851
-0.852211887587729
-0.951556581194365
-0.833394903068053
-0.800065356278276
-1.00927701404156
-1.01979764851188
-0.668688778168337
-0.929848519326658
-0.932606521891334
-0.825734209783072
-0.887038683068211
-0.919266954855294
-1.12202498404897
-0.992986836132615
-0.809705532905987
-0.830850951809035
-0.874386076193011
-0.771039220624677
-0.795135246754862
-0.975531174920395
-1.00644862094235
-0.766911743271032
-0.980969989334724
-0.88379582618997
-0.925150809636532
-1.00260873349535
-0.893194316754892
-0.823389586465118
-0.990113001885678
-0.928040249328481
-0.92420545481013
-0.791776048721771
-0.905336916256472
-0.98077129507753
-0.901667789375786
-0.957372015918582
-0.712248225205598
-0.992589815749003
-0.875374762391676
-0.848271392291482
-0.822744326306881
-0.739887233805887
-0.854915597864386
-0.760022598964301
-0.801747509683152
-0.891916783993689
-0.842168755433387
-0.949079334800486
-0.714917952903769
-0.949456235912812
-0.813515736792633
-0.992547753543725
-0.838646063838903
-0.842230127919244
-0.734670919119257
-0.812161714565616
-0.829090724389867
-0.785030741407618
-0.751125278620724
-0.885463120516045
-0.699488244429128
-0.858178661045193
-0.875024594714887
-0.889355916387795
-0.790739382753968
-0.905788162274737
-0.825385172474629
-0.75122104202745
-0.795249604075471
-0.754758769845729
-0.80492980003727
-0.867300938998546
-0.836909822328316
-0.956303723526663
-0.752534781064116
-0.78582038856745
-0.768125885440838
-0.807392513943714
-0.785769192710458
-0.771897884477122
-0.720743212853268
-0.85912526916329
-0.764433796211338
-0.700854632286502
-0.77503921707872
-0.787840471932278
-0.783364352102737
-0.791633342189166
-0.774530524136542
-0.722446660041017
-0.645297439271583
-0.735285032125473
-0.752250751597546
-0.827059628518148
-0.810659178591726
-0.808979405103996
-0.804642325481333
-0.828022364210067
-0.705146683536055
-0.547513762455228
-0.755828129587432
-0.638847380746008
-0.711479623599894
-0.667598150288004
-0.700426780851829
-0.605527478859329
-0.842237832755101
-0.676392336906601
-0.769983917973014
-0.807518517149501
-0.71350496468367
-0.69448877333811
-0.641263909858236
-0.747276000481064
-0.671372563923501
-0.641595195508384
-0.657735411373348
-0.646418233596088
-0.715930699315302
-0.709050005590695
-0.639724497955082
-0.579413478364297
-0.649005565186914
-0.668458615547726
-0.682519400134209
-0.671444725978652
-0.564125464227396
-0.703577718555173
-0.69363473055839
-0.785991392347449
-0.655030761685381
-0.698154907742563
-0.471756752629344
-0.706196967033177
-0.734339955841323
-0.671468697167501
-0.611784293776914
-0.721867845985377
-0.629906647453976
-0.67651990526643
-0.662984903514322
-0.689368000233348
-0.617374002873942
-0.811396615820076
-0.672190815064989
-0.700665394321254
-0.677556872050621
-0.70987574212048
-0.735801003561312
-0.649054932856777
-0.580992703580123
-0.691413086026164
-0.621444818918554
-0.728222233436771
-0.627523446769243
-0.672872200169115
-0.756314341175058
-0.663435338828944
-0.59529770882759
-0.384661327570543
-0.618888643208231
-0.575015884184372
-0.713982056858209
-0.630861148840948
-0.515355117061621
-0.568567925465276
-0.579469899325189
-0.58797112004767
-0.589058676450924
-0.560051540369789
-0.662692413691984
-0.466431613819035
-0.672329775183987
-0.546816011936395
-0.511987598753501
-0.622383167995071
-0.605565302188682
-0.526313945460814
-0.657293531890512
-0.630903810396186
-0.645942652474349
-0.4563839389541
-0.495310111558939
-0.47257941263404
-0.511757318271328
-0.645484556570064
-0.577369172585656
-0.575949053196476
-0.553827750677382
-0.533521554617805
-0.543992787161114
-0.606507368517397
-0.419940736682803
-0.539265677998689
-0.513965478775007
-0.422417749773663
-0.512714625841667
-0.51965011716347
-0.485773422640822
-0.479887041349159
-0.689611928894249
-0.406016855265091
-0.441078474625938
-0.666509622460638
-0.517757299994906
-0.551033235410098
-0.463844848069984
-0.468699606956727
-0.55218284076816
-0.536764174981566
-0.565003450938003
-0.498345737545585
-0.364403851418344
-0.585415678445223
-0.494918879954698
-0.601411920882515
-0.473682577262539
-0.391225501793785
-0.440735751038313
-0.598162252838829
-0.547662965793705
-0.320342381725903
-0.483725987231573
-0.467942101463122
-0.567065466268337
-0.476188867566974
-0.469834410647392
-0.356634139656101
-0.581507296900486
-0.465608602534484
-0.521445164138025
-0.404401465275983
-0.459475261611701
-0.51321757169493
-0.637779511235801
-0.388886517539082
-0.654429824768596
-0.491796051782395
-0.381287266328058
-0.486355030670368
-0.514466243289209
-0.453936321805105
-0.441644640348873
-0.48043798818915
-0.397297737149487
-0.473239557328725
-0.501249981438369
-0.553252113625864
-0.502059776145677
-0.390226928234752
-0.560911729015705
-0.443104439887036
-0.399939687873603
-0.458333139486418
-0.437701922322481
-0.413006041597587
-0.371655576557036
-0.584640377085294
-0.473825267729235
-0.350915176818788
-0.371956667274718
-0.452670423000798
-0.393110583124143
-0.357699246623405
-0.478906416526386
-0.569668056061616
-0.380651309057724
-0.360650441870337
-0.546013076959587
-0.415263356834106
-0.378513183938219
-0.323658942961196
-0.361327013501281
-0.343668822602299
-0.246922483090044
-0.444461028109669
-0.347055744718744
-0.57592249343186
-0.454621320099803
-0.32713389528459
-0.397427152842593
-0.311576351083315
-0.427519868498242
-0.367370528749573
-0.411899267755557
-0.289829471516083
-0.432792385804433
-0.321732209367047
-0.372519027781443
-0.348557636045291
-0.345374686718381
-0.310375571697649
-0.375140119524202
-0.330571261870226
-0.444181683115698
-0.259348781381902
-0.380777133556693
-0.324710318452016
-0.213800111204854
-0.277514054125472
-0.281970691054827
-0.474790831819495
-0.239149732595662
-0.145415123301883
-0.330539483988319
-0.409815300704551
-0.20995054711096
-0.246525324122083
-0.349045303132778
-0.389212412843313
-0.333426297045129
-0.567531798161243
-0.333901788609858
-0.327971464763434
-0.346018934502435
-0.249682375169674
-0.397783060453402
-0.178946759660534
-0.178282443184966
-0.310010140646068
-0.234134795149952
-0.25091881499611
-0.343233539133849
-0.279343543486621
-0.422580155674661
-0.227309018625485
-0.177794778574455
-0.399638551465691
-0.341707278804996
-0.347091406535123
-0.313206790904127
-0.244508860916603
-0.260050706405358
-0.379270648523503
-0.192037509193994
-0.217775829221584
-0.0439222273641111
-0.19239956063004
-0.37734093018025
-0.187186654510749
-0.254958440955613
-0.285943269719729
-0.236152160212953
-0.231274108958803
-0.408482882326503
-0.255005279268985
-0.252356759479935
-0.20882809239461
-0.225058475948343
-0.319606841438902
-0.0154404917884847
-0.0902656757842262
-0.196345784947808
-0.390760775011385
-0.395510760553816
-0.244295344689704
-0.247557572104018
-0.318057220747301
-0.242089370994637
-0.394584977379915
-0.16645208489728
-0.247203579142463
0.00383486416058364
-0.185517303085142
-0.281515529141195
-0.120977532300809
-0.140651874717474
-0.228123075363465
-0.109037665456604
-0.157931329576292
-0.194219556779872
-0.189527593141674
-0.299132399863085
-0.0918139664314904
-0.106664978126191
-0.268127917766705
-0.166749909628429
-0.188105946012403
-0.171005275128109
-0.198469067925959
-0.188453452030334
-0.142167049864421
-0.376873029478554
-0.111578263701731
-0.100485076170902
-0.167239385779607
-0.219354248240558
-0.0736954792736786
-0.338642514871517
-0.297943149410583
-0.161505691145061
-0.246687257012924
-0.239328886780627
-0.176460835418335
-0.111046887401827
-0.193784993408126
-0.146778436757
-0.131409076228699
-0.0502231933850855
-0.205960726548523
-0.0036582481332547
-0.144754124382272
0.0446765690346646
0.0161791856356464
-0.0766083579262251
-0.0902092726388363
-0.158508750850382
-0.174714417427394
-0.0650390904344812
-0.0771885664949952
-0.170519416330139
-0.1211205553897
-0.044348988472831
-0.149424145060248
-0.0652774250419286
-0.228748968361386
-0.0707785174536067
-0.190286745294714
-0.0426295734391651
-0.0721837475297051
0.071732219048955
-0.095281722200297
-0.0171304034806457
-0.0895229085326503
-0.128702398907883
-0.12538924568422
0.0563027094669652
-0.00551260934266608
-0.146967937925744
-0.0270408776466693
-0.0506740366328884
-0.0771834606692618
-0.0612223394769438
-0.0419750306029562
-0.00625979235266597
-0.150397836114914
-0.0201586734588885
0.0897768198250823
0.0271672881216992
-0.213919561245033
-0.0393348588687368
-0.0594895480267376
-0.107502923035709
0.138855788002194
-0.175941249198816
-0.0869871826668614
-0.0192383275840413
-0.0886812532650451
-0.0885236416478018
-0.060173979369325
-0.132913964671762
0.0440214054421964
-0.113154044589288
-0.0287481692596754
0.0121321576571572
-0.190419799914973
-0.0736002578204256
-0.11054041264838
0.00109701948581761
-0.0678507602727398
-0.0629049413414513
-0.0280461773522084
-0.0478810657198977
-0.174168364411098
-0.0315659355481082
0.0748368694494026
0.0843830435864703
0.0315725324653134
0.079584224981678
0.0176772867950159
0.030994842467193
-0.0230056444649046
-0.051466199213396
0.0540484854300303
0.0750721683481594
0.0121196555129674
0.107489459318819
0.128805158106427
0.00446697703387892
0.0282422067476837
-0.126062503133507
0.112118323130048
-0.0609145424372039
0.0736207548813758
0.0279541332794115
0.0691523370235125
0.184338525134054
0.0925436998583433
0.109187523413434
0.0589929647629904
-0.00146323449032834
0.120922521109808
-0.0320441063938148
-0.054869710895477
-0.0303254291689982
0.0492236774564569
0.0865997712848131
0.120893894320853
0.1309964103455
0.0641644169579883
0.0575604187122827
0.0305299405141886
-0.0204361800827338
0.0845348254957493
-0.0688369643348815
0.149867918114181
0.177577634516098
0.105011713574467
0.192469087486958
0.117185849034266
0.0325241243224528
0.0811001928333624
0.0866793218366199
0.111974556612928
0.113199775565486
0.0844838060933687
0.0522481953323473
0.141875845999351
0.0447454370394783
0.102054156363144
0.30105440787631
0.120085931965338
0.239740517555136
0.122866871483777
0.090597671874693
0.144976661642176
0.22796744504319
0.111078877363473
0.110321255975525
0.314573788883031
0.0628948774656288
0.239989127011129
0.316535788897977
0.0806005810487289
0.120911605804362
0.244269495230614
0.0919694947236874
0.264776444485434
0.0748288203887137
0.348926116588739
-0.00816080872575909
0.155109452984267
0.0931673616666283
0.193827785543771
0.0176551959613163
0.0631641960950886
0.135185135234932
0.150683499514231
0.279178985761139
0.20286932313912
0.155555387264546
0.247749464922193
0.168658176253104
0.344997797965797
0.185195324897134
0.30408138321095
0.0288208830815217
0.241997154023893
0.316253652635389
0.169606276699333
-0.0195670423108953
0.0648179513744476
0.172655221808773
0.203118524059988
0.209740318089405
0.238185818486374
0.0146032714377997
0.129141364367711
0.0481057444689266
0.212308555732404
0.15484802179472
0.302357053292321
0.104631152067859
0.188366935765032
0.326366298583472
0.208660309299365
0.119019530530079
0.298962887767138
0.181665047194602
0.13534953066778
0.173594446734418
0.172114503198824
0.278084649966648
0.215734011170417
0.196328441130319
0.172693192999837
0.45678561848397
0.380473592359459
0.170846717142966
0.178287971202567
0.20840587902911
0.137037033250149
0.205796610057086
0.25592663699048
0.242133550843007
0.273239623952297
0.164210131816771
0.410794748289116
0.284622455302819
0.272429726973258
0.327862012255564
0.217087450004837
0.319405077165609
0.329788267398556
0.225399886637495
0.35974453106071
0.344544933300147
0.26206209738609
0.258084693928123
0.351355588727176
0.25407751325488
0.408678187407834
0.243848946843938
0.347172742915742
0.176331229779809
0.307647613834214
0.488837253688983
0.352177362696418
0.254432760573531
0.357959172430413
0.316891495014495
0.360797736900583
0.408595877322188
0.160639408835127
0.539228859275919
0.282416998509036
0.259735999998896
0.250694331881891
0.46139493417064
0.306230606618303
0.530921565992791
0.221404300007961
0.244502602506599
0.308390137368018
0.44253270834947
0.22113562752097
0.307030692638291
0.226525996851024
0.14506111054681
0.415983891549908
0.340631855412692
0.357335415683858
0.279865665973863
0.28829237855549
0.270540185080031
0.308642360904728
0.360466348633378
0.223176099935394
0.20244667686156
0.297140252369317
0.557573285217696
0.36557332444491
0.443575313257497
0.407896312904975
0.43627719116007
0.301036277043769
0.421899017952954
0.348333534681151
0.601474870711404
0.458457522384928
0.392206519900961
0.456014885332867
0.384126973906906
0.453624303682512
0.424204049920861
0.452489626358639
0.342003918584181
0.403801286943026
0.241468792623554
0.446475100734481
0.254115650453891
0.374052448257909
0.303318664675763
0.450840778053412
0.557535840755027
0.382780145931799
0.492977218566733
0.369318154114211
0.300955059233964
0.46141214957878
0.471440917031955
0.362347640272264
0.267686144654731
0.393529486021205
0.528097692070963
0.445076781910146
0.529538034175847
0.484384216697767
0.428638519614797
0.604789382513658
0.428415772794533
0.219186089194197
0.409216325077742
0.522060182460146
0.540859170858448
0.495964824845238
0.442321445421909
0.554328622802789
0.415359818675411
0.510884090168689
0.365689328231514
0.496037735677951
0.473601360514548
0.446414313213554
0.554360645519043
0.422295168018228
0.493748525395276
0.455196413533755
0.398761586814647
0.557803684104681
0.380776723692986
0.396053280545208
0.434065184855086
0.51403559011277
0.438352382345578
0.470372902511429
0.469485227385923
0.448147939127326
0.515613597557554
0.542383119084388
0.596053819521911
0.510617516333628
0.425232795941174
0.485022157869915
0.39465383883206
0.426969110473557
0.51313266067845
0.692994549305028
0.465947822193919
0.415527274467223
0.495934457688695
0.484988196685629
0.684508646211386
0.408779560110462
0.50604565532598
0.490285228537665
0.456427257027779
0.526636069909102
0.637775180544267
0.558355638231788
0.365153806393208
0.52741111359924
0.580610279562728
0.497703611548692
0.656545560539701
0.654222674085997
0.637168933761746
0.626512693268523
0.581245458838042
0.528777877154678
0.506390952158291
0.545889787801789
0.657803548139001
0.588803435810992
0.536880991126625
0.664455249329944
0.650553848333406
0.565326869196167
0.554414988137048
0.71655404414456
0.487908855915264
0.645070547312865
0.604217741158858
0.807847161562557
0.525043079798556
0.454915527608124
0.541500050137676
0.659310366504557
0.608237012151234
0.67341711915846
0.587298066898171
0.666561884514093
0.737239495210556
0.702117297497331
0.637305236025514
0.631984092815475
0.654656889605879
0.738577784960757
0.617580486861404
0.591372690396763
0.655461657500256
0.453794030210031
0.593232093815791
0.522714142055772
0.63554019665147
0.427721961453755
0.73696222514873
0.537731394987912
0.586940255652777
0.492117714449697
0.565847139938223
0.672133800121318
0.718857322221507
0.731750792726828
0.557465121349059
0.684926183322159
0.658968097402665
0.647766486292776
0.777613939817864
0.642664170965656
0.6082351156936
0.589879141854925
0.713164189714766
0.727568632625766
0.855685897840295
0.557779040096603
0.656972010642999
0.790899309697556
0.742827346074646
0.677709617730799
0.625514405265513
0.839068952385381
0.633820429051593
0.769966111430248
0.800716555220515
0.675169327554827
0.758429959126045
0.781160261487356
0.749456635231715
0.763710542721911
0.793623081635977
0.60219870902774
0.822286856799777
0.751220978952137
0.741894887560516
0.712155245805532
0.777304611597886
0.74700300842161
0.7730446555455
0.825683829595984
0.676321686709631
0.685085853794011
0.608928393476739
0.770709449676122
0.74678429657225
0.640064008013585
0.77276501817952
0.717764536324325
0.644830503893971
0.950056465032207
0.799996026838477
0.667964521536643
0.912551163910085
0.698087347897344
0.797414615707385
0.54772738554777
0.71313157627964
0.723022958808719
0.732828980854632
0.762128228789452
0.77813970887521
0.786408707036713
0.857277443969022
0.70076539553083
0.801874487964116
0.803072569600363
0.687386779047753
0.719346640643498
0.723609526877075
0.718338395050042
0.798530435852741
0.763943835877094
0.772308327277952
0.887536828255925
0.765453435494157
0.721126000537995
0.777504966355438
0.745632555354527
0.755947682361358
0.77417137958037
0.857071282770407
0.819198155344192
0.923374422815813
0.860023956613759
0.727884813497617
0.968104296909677
0.752713741976311
0.865793241959459
0.80984291370229
0.947197387718483
0.777928171072969
0.695996013115283
0.837796590616753
0.882192303000435
0.835887276978871
0.678586335636995
0.863223168652941
0.881166140708411
0.899396165703002
0.934787510701472
0.856622352453641
0.882899041431289
0.675687034468888
0.956038046182637
0.919370637992137
0.833055956259637
0.809214197898448
0.832730221628943
1.03628044257997
0.887900565942669
0.933578196271491
0.830399105842126
0.893378596822908
0.86181733466965
0.921091402774256
0.96140865624389
1.00594291601093
0.900445284066136
0.926161456125484
0.965585188505185
0.992032423185113
0.749128864507378
1.04935803963455
0.829212983668322
0.857198064409549
0.802212731261978
0.824376989593992
0.906543488999022
1.06617285549351
0.930972246217812
0.859071007937295
1.00506996008587
0.942833284280261
0.942784960236078
0.908708407394659
0.932003387305019
0.9900182596835
0.878350831033717
0.80174073961721
0.900162990261329
0.946187600087004
0.823233214612557
0.981404158692691
1.01975658321906
0.837206364028951
0.840239221226777
0.937910411583702
0.843175957634864
1.08902861332469
0.88440997439487
0.964872340395239
1.12385877967796
1.10615304123483
0.866029855080172
0.923032931131097
1.08394673485524
0.860768931057068
0.939399498557069
0.865145372306066
0.837655439825125
1.05576217818782
1.02921471983456
0.956299735194355
1.00401410982855
0.871289626954148
0.870274746645989
0.993189135017123
1.10315722663521
1.20475772817191
1.13855654069456
1.11342010911213
0.977910523542013
1.04800679974558
1.11929594470354
1.04217765656934
