0.167940705553999
-1.08942617828652
-0.911666683668742
-0.952889548665071
-0.989944825970457
-1.05340312790238
-0.946124094266638
-0.948815050371489
-1.01506913836527
-1.01550782300101
-0.90274820207632
-0.990479102155442
-1.01658803680709
-0.911950701603322
-1.03734747094728
-0.977952237836482
-1.00190101185386
-0.977136804774069
-1.06805282351836
-0.945538744037928
-0.926021582400468
-1.04701055549464
-0.860017683556006
-0.91556470651861
-0.830811149533024
-1.03614106059461
-1.0132549986405
-0.96395646675174
-0.879762487595911
-0.967595018736225
-1.04270127561214
-0.945118588692521
-1.06981113716504
-0.88221039123598
-0.98085363882939
-0.85864195362723
-0.863975299166639
-0.95513274987124
-0.804028824466307
-0.795134687460586
-0.988782812751721
-1.02777506341386
-0.646584792541353
-0.935737392364556
-0.9317500268153
-0.81036415121241
-0.885049399322418
-0.923902507996075
-1.11107589582098
-1.00861918278003
-0.824284899387012
-0.849122147766283
-0.866962444645244
-0.785138501333282
-0.795564159667781
-0.968800187891301
-0.997847023253861
-0.801939613388819
-0.970362382114023
-0.872211244982358
-0.908640748696308
-1.00122108865471
-0.878598084761784
-0.821818787510484
-0.971395765574183
-0.909790269328355
-0.921849676603753
-0.786499234765287
-0.920938035081863
-0.983109914302458
-0.92112574627797
-0.947229987069281
-0.709858272399519
-0.996010096825809
-0.865284504111581
-0.840262631271871
-0.789623924800637
-0.744111739651506
-0.868051165661539
-0.751276787006901
-0.806801093109154
-0.920786795719265
-0.814162705881143
-0.918182452470288
-0.713675542460882
-0.949224547229038
-0.832909872768229
-0.980918345698874
-0.845680802410982
-0.840737115520461
-0.761984229454559
-0.823055685278011
-0.830279267212302
-0.785624188908737
-0.758089741218429
-0.90498952679771
-0.703252349059029
-0.837587579833535
-0.858522218202956
-0.871393040605138
-0.773616492129174
-0.873001026456649
-0.822083222847941
-0.726910740812728
-0.820412291356887
-0.777187700229259
-0.781704814533177
-0.871881084513517
-0.835560818350196
-0.965980625402442
-0.756940907531748
-0.778531921314481
-0.759346850196061
-0.835286102329678
-0.770360191193504
-0.77322341739926
-0.705585817831384
-0.864450902519032
-0.743563246762988
-0.697491637299897
-0.781258016132925
-0.788235110095132
-0.765300545199842
-0.799620818808501
-0.767050298876374
-0.737184186651625
-0.655169483270358
-0.762325856622427
-0.741185673870191
-0.791009140669705
-0.795383408124295
-0.825365574685277
-0.777512845322154
-0.824149855183843
-0.678332190669113
-0.543367856886734
-0.753252503934225
-0.626224496893461
-0.740117495941173
-0.680859681792114
-0.69446697840394
-0.599221723097028
-0.839521474093751
-0.667486316147407
-0.762557544080556
-0.785990583176819
-0.734664685403976
-0.691681634374877
-0.654873837615218
-0.732456102258339
-0.680542338148252
-0.637474921851103
-0.65484099632595
-0.661757644552257
-0.731189595210369
-0.705127699089108
-0.647642392945685
-0.544132683169683
-0.653283612564241
-0.656693792638333
-0.705022458892011
-0.660990361004203
-0.535052660319138
-0.719791335462095
-0.699657639434793
-0.787605474278497
-0.653105204868004
-0.687966633370616
-0.466490680333295
-0.713847136767341
-0.722924333721822
-0.672340679524825
-0.606212237042265
-0.718011819820809
-0.633584032963963
-0.68041578559802
-0.64722995429753
-0.707972476885464
-0.612060412015955
-0.811048015848863
-0.667994875899831
-0.676968930078638
-0.681579033540386
-0.713072637945596
-0.719911772221419
-0.639772327008208
-0.557146431224192
-0.712050835292199
-0.632140776584749
-0.734584126957241
-0.621216725260153
-0.702512578590933
-0.780549932503389
-0.656600821976872
-0.569108038580461
-0.381931821986671
-0.62866181113124
-0.554290438771984
-0.719581928489388
-0.611699139561552
-0.534226993322639
-0.579483381133542
-0.58035839778541
-0.612223154366357
-0.608825575361619
-0.554118782265637
-0.65514631785625
-0.464122126168861
-0.667011451180548
-0.553546158653303
-0.499039336854836
-0.609018333046966
-0.602595336196476
-0.561374410303061
-0.642075422225336
-0.635944061957857
-0.651974204144979
-0.464442040374167
-0.526918173451964
-0.490080329647686
-0.549110656384546
-0.648947732275701
-0.597348857732754
-0.578137369074925
-0.544168432645429
-0.513485501640739
-0.542033324275145
-0.606170070537966
-0.419802238285908
-0.526212720263274
-0.514537905153763
-0.41073838345267
-0.497471335716669
-0.538915607439119
-0.483475573867065
-0.488555890436097
-0.680301092560635
-0.401211652151538
-0.449613333657052
-0.653737069279937
-0.525673994781547
-0.547651257244285
-0.473140410063162
-0.470219698476495
-0.544607268129075
-0.513619197259659
-0.567719795576114
-0.541726514279132
-0.385793910099833
-0.587760579720055
-0.507409177670843
-0.607159647199342
-0.479893537858344
-0.399510657501608
-0.445278006521436
-0.577575961282621
-0.5435388147985
-0.322809924484579
-0.475333423192341
-0.463307200496042
-0.540428702817805
-0.511410659632841
-0.485056713973976
-0.340213010464887
-0.605244204454363
-0.458382633279989
-0.541969341370325
-0.409267016320733
-0.462801880217143
-0.47920656959597
-0.618303583618935
-0.40408564374859
-0.665810471468595
-0.487790965580771
-0.389253879190693
-0.473199742445043
-0.52195905299531
-0.455332468419417
-0.433985974255955
-0.493745357636627
-0.400470267762121
-0.463496133006672
-0.502668922410114
-0.551278273821569
-0.510125838582038
-0.377618563693817
-0.567739916460386
-0.460193305125061
-0.375706506598138
-0.440625380825074
-0.435426349738251
-0.407529856709475
-0.372432345815639
-0.5901699586717
-0.481897431609819
-0.345154799812373
-0.359268106045011
-0.45674720857568
-0.391207431899828
-0.318770751371476
-0.492924390657846
-0.560855477322712
-0.359075136415923
-0.373397377681439
-0.540630306755968
-0.414274708351762
-0.389367624079871
-0.313738860889366
-0.361353846406188
-0.337436754034573
-0.246672786324677
-0.448354474646214
-0.335965393721002
-0.596465780034797
-0.422588430809284
-0.315537957302549
-0.379825409830471
-0.329979526373395
-0.39883018644002
-0.386644937387851
-0.42708693346126
-0.274198688414019
-0.432355936306614
-0.341309923964814
-0.368652886160745
-0.372177824068523
-0.340217743731276
-0.324737539654347
-0.367709342546864
-0.338849267596379
-0.422202402766937
-0.257742386729532
-0.39954146222198
-0.309735417623098
-0.232608050923812
-0.268807793278996
-0.305038732924567
-0.494103108456459
-0.260587660501185
-0.152971329080301
-0.316386996320156
-0.400266547945166
-0.219752640678571
-0.251074130562416
-0.350081647805068
-0.387343301769849
-0.352360111520308
-0.5448462203211
-0.322694195624164
-0.327511076662529
-0.327916326395842
-0.273320074953888
-0.385523287655996
-0.154813453019882
-0.190915955927083
-0.311266813693648
-0.283065816400594
-0.25928295667694
-0.336228537044438
-0.291093767704701
-0.415742042568492
-0.216392039694519
-0.170267860201555
-0.406780128883426
-0.359893899600349
-0.376357451916066
-0.319100641176221
-0.258242635166265
-0.249808456353853
-0.357651526625601
-0.182685925112822
-0.217644383126628
-0.023890237961913
-0.202360594560477
-0.358054441658311
-0.213736267121634
-0.267815524682356
-0.274271952854763
-0.229469218445552
-0.241693300051868
-0.436072124468658
-0.258229256086351
-0.253793694040188
-0.21340957636709
-0.212184142978823
-0.313908303587833
-0.02622341047412
-0.0825338460843403
-0.200106745936977
-0.389806723167576
-0.383151656877211
-0.23308861204728
-0.255334039736777
-0.324661615042489
-0.255429796713824
-0.408205891063753
-0.161112170883723
-0.242812810229873
0.00744783754491457
-0.198972315979518
-0.293843646614489
-0.127172643637615
-0.135194691456626
-0.223617341027708
-0.146724104337168
-0.174520667412659
-0.208895825333316
-0.195807581023634
-0.308545977046509
-0.0825972480982409
-0.116655380790703
-0.279336681993088
-0.152960664938508
-0.184785382417555
-0.175397929204744
-0.203845999985726
-0.195296510102234
-0.175804794871795
-0.379143012525747
-0.0851102720473146
-0.10301722038117
-0.151583282259057
-0.221146353610406
-0.0622316403251407
-0.32446739888796
-0.292993146968662
-0.140940041934602
-0.267807442967742
-0.221684086158706
-0.172370918499344
-0.105667928397345
-0.18112132549675
-0.143106962950851
-0.139230020086619
-0.0562742268367538
-0.174117557222326
0.0237913238788976
-0.147365503688873
0.0417776529362262
0.0147919475714321
-0.0500429287583297
-0.097577194352105
-0.17932389768815
-0.177816260994289
-0.0670870592283192
-0.0687953275497028
-0.179566276875456
-0.127599456439722
-0.0534953029227823
-0.143464630194228
-0.0681984481679208
-0.237679294492573
-0.0583409113665992
-0.190926545601863
-0.0462389102811588
-0.0764982265672571
0.0660111277852101
-0.070254102293342
-0.0271621689823154
-0.0713319140432937
-0.149310536466837
-0.132850587669316
0.04917028380479
-0.0272885346803452
-0.162092443456754
-0.0184113081434408
-0.0549434793361612
-0.0897350120914235
-0.0734579795269678
-0.0496237340039963
-0.000810069523865602
-0.155447901361122
-0.0214450095476982
0.100604962636788
0.0223014473036225
-0.195674433512248
-0.0685540030690881
-0.0653690617525537
-0.0818734149282451
0.147289932411947
-0.141009168308739
-0.0867554782352128
-0.0131314992661579
-0.0877580310435848
-0.0898605379379905
-0.0629431865657909
-0.146996491993297
0.0451407214921881
-0.104750995736384
-0.0453532640411287
0.00066656001722619
-0.199578776084422
-0.0728482257653692
-0.110941005522026
0.00297096628083143
-0.0581357535207903
-0.0536077205774458
0.00872614478659018
-0.0638502791450393
-0.177256061429774
-0.0448594248674834
0.0459384483081207
0.0931556137524551
0.0427386158193799
0.0914196204855727
0.0301952839266619
0.0145821248701966
-0.0188121314537192
-0.0352805822807715
0.0808564306564677
0.0522019093493087
0.00598182732154595
0.0827370913191406
0.135232473274689
0.0173451236145555
-0.00297172218741526
-0.110633761077425
0.113203873118879
-0.0639052848436415
0.0622008689559745
0.0184910445901606
0.0804932661503283
0.207506666662437
0.0828501137153813
0.120866946065654
0.0460339440231776
-0.0190877821933717
0.118727430559812
-0.0186140103381181
-0.0278480812543332
-0.0152189134085448
0.0553399736520167
0.0852724918438303
0.124727100046942
0.131956501348822
0.0536848863379345
0.059567419250156
0.0213358495055492
-0.0302623240820991
0.0696386929792972
-0.0778877918746994
0.141507794395128
0.183028607070822
0.0936156900860796
0.21270625902516
0.0929252102653622
0.0259458881998321
0.092208911872528
0.0906650937391501
0.111873051632355
0.0957133719342498
0.0642458966113845
0.0501260670916877
0.128839613432175
0.0378975736145519
0.098756714172951
0.296443486245717
0.130311379309198
0.211217813429274
0.103606416343689
0.0770009053411526
0.120201556412862
0.230563094824553
0.121631168405816
0.13643382049808
0.314280995656488
0.0458675058518724
0.245511037224272
0.310555745145896
0.0948531546596082
0.119657810939856
0.254058568624182
0.0994770534786052
0.260228344214921
0.0920765295177037
0.349438728769741
0.0022126223675664
0.133012739469106
0.0745210980247534
0.200703659762269
0.0337460537056976
0.0558761149506443
0.148627357365072
0.144238633601045
0.277199060639278
0.220115294085398
0.125408294498567
0.226309264886895
0.160599106045819
0.337059330065619
0.205840945341174
0.326791931278873
0.0203317235939512
0.241944561140044
0.315182296758674
0.162140246703855
-0.0220832994332531
0.080093279272338
0.168237865337841
0.200699185685962
0.208585286062896
0.209421371876811
0.0208314632150822
0.128792299311005
0.0491099198805823
0.201103077439585
0.156820766370316
0.291564239090498
0.105498231645447
0.19309214937173
0.339669725744209
0.228468161702367
0.103425223304203
0.318145904644661
0.184893344610422
0.146952200474935
0.195620469493842
0.18646115106308
0.265642681396017
0.216551906379762
0.179294321690208
0.14051617333227
0.473120791470437
0.39467632737058
0.189082358836084
0.200583367112443
0.227300493737414
0.130533026492251
0.210043759879406
0.278285424421719
0.268948966357536
0.293256110865872
0.17083582869058
0.401274127996591
0.29288891960645
0.280410020338756
0.319661970119541
0.228387124942868
0.312416627224572
0.353164033081419
0.22864975565891
0.335316705922853
0.333503170131086
0.272627662043953
0.275301105347622
0.355226879050356
0.264838913344154
0.404258977032185
0.236560755323269
0.342303230721628
0.192054823206194
0.31715858352834
0.46857868997787
0.347469238532247
0.272482196763586
0.358637728465849
0.327933976303571
0.380354843168815
0.406918634616514
0.168597095700017
0.531861985860877
0.278113121700747
0.281425031071751
0.251639196891283
0.4549754184755
0.310144743749998
0.533144735018505
0.223250550919057
0.239513123610311
0.308949121296952
0.462019041525489
0.215341104061443
0.312068577538789
0.227921039522884
0.153136023243512
0.41973040898368
0.339105099399779
0.344522266274746
0.293727941067378
0.286792358209812
0.246518736310068
0.310242527767186
0.372078372360507
0.2261155508195
0.216456201585283
0.322655288718703
0.556681502992424
0.36083129157037
0.444912521120464
0.396515897146062
0.426879513266324
0.319682928740561
0.405038063975142
0.336421084761243
0.605891957335983
0.45224700898497
0.391156434062894
0.474983900240169
0.384757702871916
0.465251570126943
0.41711827470393
0.464677266313218
0.31025560373468
0.411029335661617
0.220428572106594
0.428100442705447
0.254913385980479
0.36921151161172
0.32116584036112
0.460174986113022
0.555203350879084
0.393981314780777
0.483750370850219
0.370576325334097
0.314877173462966
0.450869366905273
0.471149788944817
0.378242853934954
0.288883851565356
0.388007549574259
0.518094837916454
0.450144165001228
0.546426409063077
0.474140451078316
0.415576302432397
0.608944146085248
0.431039300332599
0.22582730800499
0.399998799958365
0.506385951854609
0.519885746465583
0.493296760493583
0.462101959381025
0.535027505007097
0.418488492285234
0.511324439064756
0.364387327669023
0.511923456387605
0.498649449322017
0.45663426115455
0.550307376091162
0.425182722026719
0.495402931617008
0.481455274036078
0.414851016878299
0.558930370145721
0.374585066860212
0.400830291340173
0.43296066891067
0.534915947812427
0.435391726328585
0.497470838761806
0.485816840873124
0.446231988385509
0.532730901822087
0.554065621928908
0.608069227414114
0.496257182257129
0.432847121530486
0.498370902945858
0.385733146329634
0.443551276949461
0.503760773613259
0.701638192221866
0.450351921035753
0.439732783974723
0.504333134150309
0.494240001659808
0.680817651216007
0.385398774886657
0.510424457516238
0.50991172654529
0.457595734130499
0.517566282195415
0.639654602175478
0.554769715335247
0.360249028598565
0.528844763661245
0.577158115989787
0.485162209274465
0.665076686044903
0.65073130179159
0.648929457421352
0.634081607278045
0.578348351220435
0.541137586927144
0.508108991145118
0.551437979218268
0.655537856905161
0.614444072021147
0.543992695529895
0.665491327565702
0.628640665355972
0.547530787983798
0.579138943731788
0.730380664921875
0.481339578941282
0.647290186372559
0.606299085011738
0.777326641995585
0.537472701009876
0.47818698129433
0.545812326737135
0.662554779042893
0.620081568796539
0.657805274991321
0.601354363991227
0.665104661623243
0.756867891598732
0.679599824555659
0.631785072712412
0.622210929750871
0.656737408545278
0.725558665359851
0.633399064895032
0.604990656701392
0.645188186237905
0.462959385038497
0.599049287697538
0.545320610210166
0.668909693366454
0.445124550741309
0.722622067457499
0.541344919424609
0.605139743308957
0.522535816990392
0.554478281498777
0.66313372900751
0.731367231846158
0.722731378309472
0.548557576128447
0.68870376950712
0.667925301686847
0.644869726747435
0.761310981438325
0.634146158338377
0.589019430242839
0.597239905830411
0.725369691883395
0.727538883985702
0.789795171895319
0.550955280918144
0.674759152990665
0.791860216326926
0.734820188273563
0.685881381854225
0.617518522733745
0.839073135851389
0.611007931263017
0.801265917207079
0.804920817698754
0.673755304917764
0.762255946029938
0.78557523910118
0.727288517300767
0.763876260532808
0.814452978197546
0.603517419231002
0.795206874104445
0.729039268341809
0.722763334842777
0.698876704727965
0.793307704236163
0.765383541637954
0.785196119391429
0.850577633162107
0.682512641389757
0.672876140558867
0.610269856758494
0.762954808036649
0.768508744765372
0.628734073042589
0.776115495443314
0.710332420563074
0.657512638544869
0.978483574489903
0.813854209849296
0.690572395316694
0.938442766637551
0.722290386278213
0.796718400858455
0.55855656026489
0.697283542925878
0.710612281855241
0.732166140313446
0.785029355152316
0.752286506592115
0.804436580739841
0.851967093227571
0.734043338764701
0.79348659056404
0.813181685001687
0.677506963696344
0.736620474781038
0.728364147177512
0.713155789442459
0.786959213725655
0.759651000291716
0.77446008600124
0.891371983105891
0.783244757980957
0.70366538079843
0.758748752801801
0.738280380716354
0.740431354263847
0.783692823612575
0.87163398988953
0.827850797527904
0.922473032863772
0.860643955899609
0.739913891656391
0.967576579209879
0.738561010583325
0.890801640635816
0.79840225053796
0.916956747773834
0.785226531680223
0.661516347849275
0.83920908951923
0.88497340528787
0.832732571446594
0.686520378364474
0.873249910356935
0.882307860106659
0.894693186367351
0.931831460378492
0.859671563456374
0.868732237345944
0.679106810851169
0.942593483382831
0.920494445572449
0.83497588936749
0.809758755444842
0.826234231567953
1.01847025440749
0.884877427380105
0.923444763387521
0.830233480903229
0.901483440330728
0.851346090215335
0.930544820671988
0.949395677735034
1.03259075253391
0.881423015120845
0.932441939280586
0.965940152432069
0.992126489833509
0.756058032109856
1.04386006323659
0.833960950831638
0.852781655356733
0.807671226902917
0.812839216576878
0.913387774674683
1.03286719538372
0.91460774809849
0.873767269196451
1.00185683589423
0.942548071234508
0.95423538736304
0.899409097972386
0.939703702632067
0.972183138933846
0.881250504950195
0.802616713968591
0.895990373413812
0.943531005358446
0.827777200666597
0.988860245976407
1.044131562998
0.852300537799276
0.830071719863434
0.929127800299788
0.841955671070454
1.08223726456003
0.868204326919445
0.978877229379832
1.13192380367253
1.09117563882523
0.8473305250899
0.927886591528458
1.10785716524525
0.853043756631551
0.934555619478622
0.88074289575772
0.819393888420113
1.04413206348452
1.05280462562006
0.975525271863875
1.00307139111319
0.879508035762416
0.85432289722666
1.00761426416735
1.05242582880618
1.19729624544404
1.13094366639871
1.11220760697571
1.00211253642015
1.05245786274543
1.10254085612268
1.04448556288604
