0.0412007028087266
-1.00185382578536
-1.06669784737982
-1.11936577572702
-1.00333279882068
-0.851312691676869
-0.923805244460111
-0.988724867168759
-0.911862008560104
-0.934722700505242
-1.0815943466568
-1.0506844562884
-0.928614585333586
-0.974026928465611
-0.917911101860333
-0.877721057172725
-1.14659032413853
-1.11584495207405
-0.946153693345825
-0.942748076199343
-1.0234388369356
-0.948452440508385
-0.938723165491675
-0.953067204009158
-0.901820370018633
-0.888417230463539
-0.955769249447656
-0.963759596553306
-1.05779428043979
-0.829265748498062
-1.00749155892223
-1.00931120018447
-0.990988648791924
-0.935086155384046
-0.972388844229216
-0.91193400357115
-0.934600988699757
-1.00627039991129
-0.909421887952168
-0.830711922667436
-0.870153669406219
-0.857085610518446
-1.06381075331353
-0.954691108425641
-1.02132358915301
-1.00694705855218
-1.01118792937276
-0.804265132698571
-0.882831827616584
-0.869279384781012
-0.925932595705434
-0.976612199374727
-0.75643454113788
-0.900876724106794
-0.830765219085659
-0.869742117166175
-0.936184834736822
-1.01565455372086
-0.888033050300334
-0.847353351877415
-0.945766817990116
-0.821816062768067
-0.733468971297925
-0.864127487375613
-0.95792427666845
-0.70287620618223
-0.816162863678758
-0.852431618632066
-0.735527267388752
-0.738074104012182
-0.803250838945662
-0.808013923651971
-0.908346535560504
-0.848438967924655
-0.824633125058401
-0.704566588658
-0.904600167977668
-0.879203952040753
-0.890712810047093
-0.979285080265387
-0.907914066084814
-0.838102829218792
-0.867719573753163
-0.709264946275511
-0.78161839307103
-0.831049557081012
-0.809664980677063
-0.688580517690988
-0.708704844461049
-0.903004083180511
-0.717278587717502
-0.828914875271228
-0.7271197631106
-0.986248206605427
-0.862101220118443
-0.821213236535671
-0.827141259897876
-0.69318114329573
-0.796765130917468
-0.687644723771176
-0.842836352029278
-0.753113141794992
-0.84638559444027
-0.791892956845502
-0.845396674267246
-0.739429370834467
-0.70559850233917
-0.708775487730133
-0.914369638255939
-0.824030856242588
-0.924590976637534
-0.704445163761038
-0.772716912229338
-0.704603144235988
-0.826805846923733
-0.808209078473513
-0.76459434772606
-0.831818720578166
-0.930434449074466
-0.66736217553772
-0.814249302737529
-0.853738201258164
-0.828152684502576
-0.706809916600462
-0.738227840942832
-0.691249712914703
-0.775464172184889
-0.720316392278302
-0.727895944392663
-0.929273416267556
-0.693436707953103
-0.852205000432622
-0.632999874523475
-0.698815225526563
-0.669134463436039
-0.743347406995502
-0.796052517905906
-0.776096021154611
-0.732685547839177
-0.67404000888294
-0.638130507298954
-0.853116837815273
-0.695401160649614
-0.782077387587741
-0.775439906308387
-0.741106597419345
-0.685649514719768
-0.742978197310466
-0.759855508362828
-0.80330442984396
-0.697322627721466
-0.761460695465506
-0.779642121091289
-0.633578400945267
-0.798703272765608
-0.655169807127816
-0.620352996928373
-0.656724584390484
-0.736986083425041
-0.645383009979289
-0.767291675643902
-0.621192698812924
-0.631883093896688
-0.717478346659334
-0.665508170035946
-0.843719120015135
-0.434287331980988
-0.572361171882473
-0.659640270539752
-0.639793792316093
-0.705565344583276
-0.650857871440651
-0.576096852678295
-0.713003512727693
-0.64066957133522
-0.604041385667638
-0.594226851361154
-0.510816236895806
-0.658457215917244
-0.722965378829197
-0.671716202998379
-0.531287088006697
-0.483691082783769
-0.63216944172247
-0.642900199589823
-0.648453615111529
-0.589100848511609
-0.543336467601419
-0.513923876482733
-0.649600791333829
-0.716120113022906
-0.645479626580003
-0.631744127547088
-0.586027073718592
-0.559094714393376
-0.60824026540563
-0.656360110600144
-0.758663771486052
-0.691087476225179
-0.582399375784187
-0.679809252265206
-0.674846800110176
-0.651625439223104
-0.433075878492072
-0.521787761570052
-0.668042742966529
-0.576494822578835
-0.654523605904795
-0.720495847281129
-0.500518361240745
-0.387213217770248
-0.560597718319256
-0.636883499282724
-0.526310166079227
-0.686959784011837
-0.737001031864727
-0.517036214917476
-0.700864633872732
-0.538036115791662
-0.637610891491147
-0.607918270818571
-0.663809293224353
-0.413753907915612
-0.535557291355928
-0.593982075543618
-0.540779405666481
-0.341743114133225
-0.457096488183718
-0.666194414027793
-0.610690978453433
-0.383189264317693
-0.571738774098399
-0.527215987202614
-0.673088747557312
-0.51725269685402
-0.394515141099626
-0.594427192123909
-0.515190386042456
-0.625185166930626
-0.637199632340149
-0.58771949977898
-0.520811050524619
-0.456033312521466
-0.490633290831187
-0.346967486714988
-0.557235099190583
-0.495040902144694
-0.516711504861466
-0.692362577539944
-0.417888910152414
-0.600132246094922
-0.620608935269517
-0.549073153323434
-0.388581737684312
-0.494737689367007
-0.469484036658737
-0.56551646189524
-0.570677972175482
-0.592564898920191
-0.431007995672997
-0.551043130262424
-0.577635276358965
-0.465405022245967
-0.509717192488841
-0.477756023284538
-0.399112149983905
-0.447627400148314
-0.396816111022649
-0.459539944316539
-0.426593161585218
-0.552069962674911
-0.456425536318014
-0.574365683274592
-0.381166007220977
-0.385570139035727
-0.480499507448373
-0.373658625135516
-0.517816768411879
-0.496017778365587
-0.485672298965163
-0.443160315307923
-0.359220812637875
-0.429352642288616
-0.513463260276619
-0.400804828678544
-0.348893747991625
-0.537157228085657
-0.51786935765228
-0.278564195749937
-0.483583608233037
-0.370631348902541
-0.499176539761438
-0.42228288416369
-0.448150844233889
-0.440792822404151
-0.403325307931796
-0.486455476017635
-0.319398816376704
-0.438314434623749
-0.428831177245604
-0.434333216674506
-0.317709951780699
-0.348375954554247
-0.29336455447527
-0.304856041098116
-0.420049387893338
-0.24546235807953
-0.444372861670314
-0.4937482003677
-0.437003670893411
-0.339373621394192
-0.352061031195498
-0.315410138145699
-0.423277545497648
-0.515693134295089
-0.383323195336046
-0.320859262938633
-0.359271575198682
-0.336476673932426
-0.447032834593882
-0.404871754602251
-0.270386853855013
-0.277189509101047
-0.408982878089929
-0.30182712940075
-0.23869200267634
-0.273345674011553
-0.266119919736283
-0.282680754432603
-0.396690411807398
-0.519909155633499
-0.355814846972257
-0.29835757404981
-0.206674411744696
-0.326206601237978
-0.372930903519787
-0.305022217936451
-0.258240322617467
-0.349406153765465
-0.188815190782846
-0.398283248460333
-0.306032645550763
-0.410653592212689
-0.333359403422994
-0.321716796426933
-0.408634612442876
-0.271485602770244
-0.269128511290968
-0.402192640774254
-0.424692082569621
-0.312271074953431
-0.503019382494743
-0.292910131798903
-0.283250916288998
-0.174503020856925
-0.235568572007995
-0.344328890399239
-0.401684572022863
-0.270845187143405
-0.286611240548952
-0.337575786627629
-0.159140957273765
-0.210236099211877
-0.356955977835897
-0.411244300349504
-0.303872524744858
-0.233915596341263
-0.294859636940213
-0.293063339790245
-0.200683977103297
-0.266735041553184
-0.29301381334079
-0.260453518484323
-0.239751945116272
-0.211080754874286
-0.3766614901725
-0.290054305999971
-0.446881583960805
-0.177107874363745
-0.332882986091065
0.0673042388226246
-0.196102774128701
-0.311031220690314
-0.227013676799133
-0.232965086086682
-0.209112822775078
-0.167029278499889
-0.0298520900192175
-0.2328905514973
-0.208175257575785
-0.238924188605393
-0.131525047123722
-0.252496929703622
-0.120710717369172
-0.406799624768316
-0.203702666813446
-0.263191504032177
-0.21913816276626
-0.136028016582817
-0.310899410294388
-0.184867670409994
-0.145147675272093
-0.129825095393027
-0.186390993410229
-0.194674192216224
-0.161114067407134
-0.161724967191018
-0.208109464872181
-0.141446136598935
-0.214641985669759
-0.177329859607268
-0.0453456438277706
-0.32593552701916
-0.267989639075952
-0.149073766259259
-0.0913733032833028
-0.19227257297351
-0.0240332296638807
-0.204503991632379
-0.2289442395162
-0.0380103941180039
-0.219883551937295
-0.185616818672718
-0.124034896655673
-0.126177864447278
-0.199235139499448
-0.0562728850701437
-0.110732252672422
-0.0948296681776861
-0.269430312638062
-0.0796943709491719
-0.0480623451679262
-0.182694371194484
-0.19353771198685
-0.00940407641561499
-0.169333670046452
-0.276940043962239
-0.274979325324698
-0.0490023253156092
-0.149621582680667
-0.0769612015083012
-0.247746472842229
-0.122392818068056
-0.127673614177278
-0.134649689243027
-0.00972400806349581
-0.062925109485967
-0.137190326729658
0.0517719293508166
-0.116789167690885
0.0395560373661824
-0.234750715441734
-0.123326768667601
-0.0490998822246978
-0.0172837266033758
-0.0537468273964111
0.0103165957343509
-0.17702731135727
-0.0447008440855358
-0.117271750355762
0.0410340168887513
-0.157854126788966
-0.0859019962294879
0.00518397466112668
0.0233750164901139
0.101608618845482
-0.0635339692329203
-0.0793119913483633
-0.0988623687843889
-0.0628702936761319
-0.0113017418127906
0.0433595034276335
0.0113542595127878
0.05167318010368
-0.0427178475331408
-0.0480898064403598
0.0351650587893108
-0.144619564246825
-0.128587707607821
-0.0832110478160035
0.0867651561088145
-0.0499024847866091
0.0168106062823693
-0.00584334138929214
-0.144431352585016
-0.211071628370515
-0.0472811376827934
-0.029991101957223
0.140005068907557
-0.0424391166246799
0.00321457691382216
0.0526189008863419
-0.128244419288173
-0.104338206235394
0.0670003363626515
0.171388437232843
0.0615459045381778
0.308150417533009
-0.00613144709061409
0.0230952237645073
0.0125222001230244
-0.130693002960658
0.190195424196756
0.0245007280788301
-0.111185266004254
0.0425668662657174
0.00139333204644792
0.142176822963666
-0.0923853029676419
-0.0859269974447079
0.049209221042083
0.0123319632835535
-0.0501320122910495
-0.0179161728763287
-0.0587836978271156
-0.14055693547543
0.0372023379608327
-0.124445464347187
-0.139042688424573
0.00720838586284448
0.146702577058827
0.0640490415811009
0.0955019039138236
0.175887301485727
0.0598504019688403
0.10002808208012
-0.0516333679326225
0.184898334526371
0.0726027645037619
0.116703996687893
0.0572433762225751
0.229834862281531
-0.0374176573896834
0.13400583541419
0.0779354542161726
0.0561087207885456
0.0030097581920663
0.0766477251067497
0.121098409031092
-0.0304166471074558
0.120963452499022
0.0164984482844035
-0.023033549773552
0.148346222524513
0.0990842712924189
0.0541597194942737
0.0882550175945768
0.189454403704032
-0.0144017666789921
0.0423389742725916
0.164815137422755
-0.0125459666351525
0.156934190224174
0.00731179473713374
0.0513825706712524
0.0750793541146948
0.147838151210749
-0.00470647575430553
0.038725518324362
0.143063720918839
0.14506389194249
0.092050047361447
0.197811525182277
0.157257585200961
0.168222426824146
0.0912077318616822
0.101874572743969
0.175894250473571
0.00422772488490849
0.0806804280119358
0.111092584654503
0.162791026046528
0.21563126050156
0.178848808605264
0.206212036981019
0.129643068147507
0.0404210072985908
0.192987694141369
0.0542682762969644
0.140913401547251
-0.000687733232070205
0.256893240251967
0.0216716225391444
0.184514191377853
0.0693387857174667
0.365792053592028
0.029254143566337
0.110280421426265
0.19883155369256
0.293477104201816
0.161862402314571
0.150662449727558
0.24147199934081
0.227303339255851
0.229052744255561
0.187607356451832
0.0822736019532116
0.233293001537788
0.228855946854688
0.0870029189798208
0.212269780474263
0.0456035968432363
0.159270419511214
0.159256031508917
0.372457792054485
0.316700442737312
0.221501078443946
0.167108891320169
0.281894985458836
0.0421638363636015
0.10778419844764
0.177638918854734
0.181944856941449
0.0657880286032009
0.194876978849131
0.204392037741465
0.0298977753191593
0.177494641863861
0.263486101464523
0.276444656579426
0.353942497843995
0.176795362151812
0.24225254627197
0.267003484902843
0.37937284274979
0.222973503763456
0.14045699807133
0.234506509415355
0.360503145225947
0.319725410907447
0.160376512365682
0.268639319503529
0.301053449941283
0.0852431768049055
0.365412243641624
0.348577565810787
0.309206016745704
0.277538996171877
0.174864487297529
0.232842058694285
0.188383341163286
0.184458894218317
0.323204800902528
0.27303296110305
0.303669916939471
0.250846178043946
0.395889918000315
0.135135972813148
0.277020472025518
0.376446755540491
0.333854219789161
0.312152076398614
0.458314299095634
0.286964443958154
0.253744532787572
0.377765041202422
0.365199709289027
0.37550387687167
0.22166747584389
0.386924082056505
0.357150333055635
0.25999225261859
0.369696695771887
0.324789471375335
0.342772993392826
0.269804609077455
0.30245169146733
0.334626056474529
0.318195818402878
0.382404046464328
0.369165462167738
0.316325413997709
0.285521737291512
0.390163725177582
0.393030049227627
0.337016810767064
0.184584776671114
0.362232321429133
0.368163087841379
0.250904912853016
0.337590976492347
0.340475926566105
0.291392057579251
0.426563900473039
0.388533577281034
0.414919443831893
0.394046069706707
0.293023161950395
0.257618673597801
0.362413983029614
0.324815778072456
0.323569039739306
0.370893343781416
0.399261798942965
0.327129277959752
0.518090154767852
0.549579486555785
0.414519144748871
0.473087959806055
0.359136606710042
0.417562753266548
0.537539482228495
0.452036817726473
0.476733702413029
0.408365874794822
0.366233042619482
0.453761979894782
0.191705344506905
0.252903720472674
0.407335690953956
0.288252944047167
0.447686511840748
0.511089010136537
0.545443017979131
0.253503092996489
0.543742801722675
0.433351177903151
0.387740104637422
0.43421921260102
0.359535802562126
0.374235673065651
0.323536115282905
0.631436822890777
0.391009278834222
0.642524510253074
0.537917974470963
0.372448735716806
0.412147085526884
0.273188430522311
0.40224452491758
0.498033103401185
0.579146014628895
0.413009920924739
0.511514556671049
0.415498841956669
0.438687163064865
0.476937558358608
0.412994319525107
0.460088379128681
0.312204496529672
0.398311025382345
0.438362854595449
0.475725344881086
0.385216451903809
0.426413443122702
0.572832931010763
0.391689889192228
0.534805725736336
0.530104584304939
0.474308427065928
0.654078764757606
0.459131061288257
0.59133117120269
0.543155858248103
0.610969685537718
0.409018053709922
0.53229741638835
0.44339180290627
0.509639923175203
0.557757720566677
0.542773922267893
0.510324687592993
0.490085486066672
0.547195344894983
0.546618893120393
0.568645323204892
0.46106778054327
0.618673509116577
0.404314090170304
0.4945864112122
0.417840537871538
0.567964173301154
0.536389633497493
0.499615025614203
0.541617967742381
0.665074417926986
0.586105403520383
0.440973489719768
0.421229565086212
0.496120800669401
0.553259141857981
0.648897101903821
0.542464226685788
0.587198183522521
0.693896965873194
0.554079151438102
0.516083182831376
0.724327763490822
0.548866561525658
0.564615268824425
0.701874562445494
0.64016938283779
0.345758010381946
0.555381765605457
0.62930543612314
0.522792531179423
0.686430861323852
0.658616505405083
0.474609907169186
0.581165833261144
0.611881921621824
0.600508629909952
0.496219361071433
0.525668447983203
0.559140636479479
0.729403654951475
0.551514166761077
0.450742511180693
0.669017196498007
0.492285372829989
0.742056750671523
0.697484971881164
0.640120121360667
0.590711704640472
0.668086467281689
0.625626561967016
0.697189685450691
0.657907129869104
0.562787060530915
0.679490122349785
0.729988809642679
0.602281727322721
0.713491533793641
0.641999373629852
0.651410105987951
0.597426399083619
0.762448859188717
0.646898308818823
0.650353597492733
0.678543843798339
0.693304456049862
0.613992805337991
0.716629284403431
0.759456478063012
0.732067409294184
0.769432050610198
0.590115431859982
0.669918195628322
0.617962576185474
0.677877225079249
0.706055933943684
0.805368011117663
0.816362382171437
0.724001619284207
0.453487669103091
0.678927174710499
0.630319068739693
0.710540511973233
0.632125023857863
0.688227072194756
0.678260945279826
0.731433794327913
0.706362579385799
0.741320407391032
0.776402885846917
0.726674562546724
0.81386796233951
0.800556786368069
0.722871896095528
0.698349890723965
0.876932633273052
0.640771682092811
0.629195170932345
0.767777733335863
0.693979835988789
0.565348685880142
0.642676158627125
0.588712760822092
0.662552865385082
0.753516982802038
0.696411381972138
0.711152560681163
0.681957275835358
0.584399708423694
0.729409027118284
0.848634479236941
0.668314747680904
0.747337926242201
0.660383644914594
0.717137877816775
0.809680823083209
0.791001284929406
0.847639448231416
0.723544913539754
0.871705608582836
0.743835478150272
0.816915889369014
0.73326928411525
0.809227814191758
0.913301977827807
0.737704207237376
0.798899304106544
0.932522084628244
0.888545075913581
0.708298972492753
0.863055503436345
0.840719878312694
0.751490438930682
0.845976012404992
0.79339364678718
0.827585793454927
0.75115692279721
0.685790235890137
0.896111758965883
0.764921378737225
0.674304415319385
0.683236500543041
0.804406088506843
0.980312444920442
0.84065774730874
0.830996798139583
0.85540570696603
0.979715465112461
0.7683989927444
0.75280223356185
0.829640942364929
0.751660059182294
0.827409065059328
0.94071863820027
0.925375435104629
0.809234276302533
0.926811044323778
0.825500918562001
0.751312966732908
0.834101775311168
0.784035539252691
0.779886205958695
0.790092392675272
0.780763464259562
0.868509115538308
1.0026659592156
0.993266787518891
0.940841404026004
0.781432069191269
0.807949047832133
0.884661434218327
0.97848047902684
0.750756165834311
0.908282305453014
0.809812771922426
1.03402122723445
0.873594316989115
1.10676617701153
0.847580208561307
0.945109278059461
0.883543351695699
0.955610049650772
0.856126866824445
0.785854559645345
0.926239755803865
0.953544399271411
0.900010404631274
0.803542846749174
1.16021206671855
0.946624163725373
0.84669158361749
0.799479621356698
0.90933276255518
0.937562776043852
0.691300913305418
0.933076573968894
0.844941858899489
0.991801627469511
0.911089185018741
0.932667215101737
1.04999455053324
1.01520962443608
0.932969025488804
0.988413239796322
0.921950780330476
0.948845769453435
1.02371620232995
0.909482762163234
0.9043423155111
1.01357388314446
0.884055652607928
0.965129837862125
1.05018012753367
0.979519179383818
1.13313214830911
0.940217864090734
1.14216928013549
1.00612963431598
0.933955636194195
1.06506355522028
0.865006068247736
1.08346842171562
0.924030364692681
0.861457528159934
0.955709148769526
1.07050276422662
0.971899269703857
1.05512500854668
0.930123789695609
0.872447949829509
0.95654546887501
1.03322466927585
1.07336656724718
0.987538372422796
1.01958044769425
1.11071275621745
