0.127086682129281
-0.983974570335875
-0.919297724861923
-0.944093149600598
-0.978473023461069
-1.04639067551709
-1.06423511578092
-1.01893056480054
-0.887615783152229
-0.884917762937959
-1.07079216238085
-1.04742264040712
-0.950421897276918
-1.01445740602991
-1.00817036382465
-0.988320968199571
-0.90895596885183
-1.02604467822927
-0.81184832881558
-1.02195497999011
-0.842342012665379
-0.768778543200348
-0.818747171006831
-1.02654495080031
-0.978627163572617
-0.993812860266866
-0.877228248073271
-0.919738543595828
-1.04124487609819
-0.824618251152276
-1.06556804782626
-0.958603700463541
-0.983907517274028
-0.969232481558679
-1.15951966109924
-0.876372591123356
-0.959148456002199
-0.94581210404867
-1.1139896004984
-0.999234003279594
-0.97187257941462
-0.866767435508502
-0.813598641140741
-0.731319966628036
-0.818951332302796
-0.841614452084083
-0.863794619414707
-0.987907536173494
-0.894324409911799
-0.939592705640289
-0.901187476916766
-0.911560468463765
-0.868951321828976
-0.750394258631457
-1.0413061943824
-0.694475356957306
-0.936028187449653
-1.00279962668246
-0.821135831045508
-0.827910951029904
-0.916054719952492
-0.811591139994527
-0.83824966930334
-0.859804190303034
-0.80642658943548
-0.938013256313102
-0.795750355916722
-0.707164499566936
-0.904573016204503
-0.753235652007604
-0.859207568906986
-0.897824481769074
-0.717518332195519
-0.758973647453069
-0.671456731739085
-0.950450808234848
-0.805555681378624
-0.782808285542629
-0.855529866100479
-0.884857305344604
-0.746992342595183
-0.811282978126109
-0.892163730738563
-0.799238298306277
-0.653009237960817
-0.826125364706869
-0.872055618561158
-0.770780456146415
-0.896750599660921
-0.821172145818846
-0.793565256241047
-0.798743994417555
-0.861601613602378
-0.917719676666505
-0.784298106935148
-0.747169883628934
-0.68335678931576
-0.836047196035638
-0.665988925796276
-0.817191177811686
-0.839433157461956
-0.843339100149191
-0.845616534422184
-0.871240749203742
-0.874682033152331
-0.799944672997135
-0.916982599530888
-0.718359113739046
-0.717081973928129
-0.746456524892642
-0.797282348813336
-0.742490581068418
-0.666817377947886
-0.669023300200908
-0.809326950837088
-0.727371287856418
-0.800088937011693
-0.821379303521725
-0.718617920497611
-0.817128538330174
-0.715275374937368
-0.829867040810162
-0.837823850958787
-0.587767644483545
-0.753430015703441
-0.759032888524367
-0.700359721446719
-0.76698890641342
-0.718903104795804
-0.726942661954556
-0.601723598877506
-0.802706911657547
-0.846864539585204
-0.741650086031001
-0.736346300784512
-0.725817666629147
-0.745718921132161
-0.607659461911144
-0.854514071590204
-0.643382371502198
-0.511142743887563
-0.681097781198783
-0.686704024758451
-0.731498959883161
-0.780749164969442
-0.660795753184799
-0.810433705503006
-0.571075747858837
-0.616915212647026
-0.687980253295189
-0.680406321825475
-0.643968103450321
-0.649277345940677
-0.746164413294592
-0.644941831975071
-0.738530154415554
-0.725168925272626
-0.675884961184914
-0.575628419272519
-0.528860927792969
-0.620708629687889
-0.569075436275142
-0.700264171974874
-0.636134460855322
-0.546481949136666
-0.629104148717691
-0.681838623924483
-0.560070825660974
-0.749599901608457
-0.570304010215003
-0.545857518556651
-0.63339506152481
-0.713046751724081
-0.612094446332321
-0.633628810148809
-0.680478466865108
-0.597227569563271
-0.732259565816293
-0.665791355866415
-0.501433317093237
-0.736972636361987
-0.480342915237067
-0.657372134079837
-0.695828534726067
-0.794047571699376
-0.564625431775578
-0.672098675345909
-0.668959586916143
-0.680277402248536
-0.565693464134254
-0.770645235953052
-0.748731222283447
-0.57638623079171
-0.540531887902657
-0.589193942938486
-0.571333044688965
-0.54992131701977
-0.70863788322319
-0.569866672040885
-0.662079830588938
-0.591977751996868
-0.596403025221549
-0.578207394777976
-0.540176501676419
-0.648297433583922
-0.533778630386814
-0.57611447167208
-0.586599042904117
-0.522482719579877
-0.477332387585547
-0.624017735224498
-0.593323837455583
-0.508751295011207
-0.457829777378682
-0.615859909836137
-0.536218102735997
-0.577856622564858
-0.476547311532465
-0.541041895727535
-0.513855259115032
-0.480676852475194
-0.589763349147165
-0.613759248061627
-0.64259649152959
-0.59444597247567
-0.59683609789294
-0.571904459646204
-0.488669391200985
-0.637767107623726
-0.463254770658474
-0.617775975069377
-0.537562947191486
-0.390742554010068
-0.536817081310777
-0.489658770314615
-0.615839245093952
-0.406236481920991
-0.431834367386966
-0.562061013210486
-0.443885914288017
-0.612254541493195
-0.573696064947331
-0.48494466188975
-0.53293161500212
-0.622832889370656
-0.671861064080726
-0.492889659386774
-0.498696505199953
-0.481881339815203
-0.308153084074252
-0.449687475355089
-0.471025943695392
-0.455825462624386
-0.534719808291683
-0.556461518933769
-0.509663880802297
-0.504768104493093
-0.479861813708463
-0.552570222407395
-0.47595851645835
-0.616365213960101
-0.343367180935234
-0.484918281144076
-0.38363698564345
-0.642514417035849
-0.48941566218651
-0.589208736034361
-0.509322885792656
-0.301622657305993
-0.568680904770693
-0.434407137811052
-0.462250548586215
-0.43177402444051
-0.66372103690998
-0.471402223514944
-0.492069127712687
-0.560048848003248
-0.626483318364489
-0.635131225632881
-0.602969884733577
-0.38271663561274
-0.348293305455388
-0.522397109279298
-0.387594452394482
-0.349824828461295
-0.416112662345513
-0.263737209987899
-0.431979185493937
-0.457715673549978
-0.464381714309868
-0.419873599268965
-0.402944686319653
-0.490471675940771
-0.393020158947813
-0.296341538492766
-0.460797405807453
-0.487980852106315
-0.48975025908794
-0.308154774518679
-0.271271080084674
-0.380834910605279
-0.418087488240702
-0.434301064672096
-0.401631126312366
-0.315581741055993
-0.377316818778825
-0.408799259845513
-0.606449003965742
-0.503090386015297
-0.33122642235428
-0.398944762045567
-0.30171223921197
-0.196655422357817
-0.43038835402889
-0.511072419095512
-0.426510860923155
-0.35756420598825
-0.364514997766036
-0.300789264702632
-0.427574136504011
-0.382322620086507
-0.436384117469485
-0.321081002624141
-0.262262941637079
-0.31935100944705
-0.310192839198702
-0.435807617548
-0.120190037475598
-0.361108386223247
-0.50084785498992
-0.237039849083563
-0.4145447780735
-0.282155534311652
-0.195702069162909
-0.533865245459784
-0.20325936604065
-0.429417955335532
-0.278716454519548
-0.327036311022904
-0.37638730267448
-0.313873514907874
-0.35970950031103
-0.39729124395973
-0.333035938998214
-0.229394979693995
-0.312973364420561
-0.314943883524277
-0.314924596151555
-0.324339097109597
-0.335318945002615
-0.377845008195394
-0.365804453837161
-0.157294380279904
-0.198740979412298
-0.177324951192518
-0.261999727360567
-0.308244891752341
-0.248856166684068
-0.235786844856336
-0.276291706208738
-0.284464614815917
-0.305253091936371
-0.324490735376558
-0.27310197736124
-0.211119134176106
-0.228904304392721
-0.31262119189298
-0.1933107220853
-0.344729493573321
-0.320976299698887
-0.152113278379572
-0.226285095207745
-0.100582131402001
-0.348624614091239
-0.178877358841144
-0.285344425377107
-0.234571925768906
-0.168027230676071
-0.176588017720924
-0.267396026676024
-0.229543925179513
-0.31718115633617
-0.383751561849081
-0.169920000371455
-0.312457960753851
-0.173646590209656
-0.132734760586204
-0.260321217790226
-0.115337654347449
-0.207673098184393
-0.213745236894411
-0.230319047517644
-0.241981284852018
-0.216645929907302
-0.216211298309899
-0.173776255349077
-0.244284497036496
-0.0796041764340548
-0.175356055342845
-0.190429022868506
-0.141597384876352
-0.149748622317964
-0.140519214727046
-0.234050098006935
-0.0903238664919813
-0.310830981594034
-0.183949172259182
-0.254146791751848
-0.166803450765122
-0.182971468045946
-0.120023146618762
-0.265011778764112
-0.225577016073076
-0.148868871231096
-0.252039480951505
-0.0821104613755982
-0.131258585911998
-0.157823124376916
-0.277651671689027
-0.233460051338079
-0.0689916547273973
-0.0597495913224682
-0.28654466567221
-0.0821088822628634
-0.320454499232371
-0.101854278759868
-0.157106776286074
-0.0357614492111497
-0.0319516179481907
-0.153814665851348
-0.183284658157397
-0.17777289332576
-0.0511398891651559
-0.163255641290878
-0.0372753881113862
0.120263747722586
-0.0670282755299803
-0.192572810880233
-0.170775922905084
-0.129088708425643
-0.15041930519741
-0.209313436945931
-0.163058978715952
-0.0815963676822348
-0.0532743758193681
-0.0239007367343467
-0.144658472797644
-0.145326058755138
-0.0098735070784072
-0.186635022198934
-0.134903522591657
-0.0153348556863728
-0.164008215448966
-0.0799183454982812
-0.0934502164365943
-0.0655166897505186
-0.092962894152792
-0.0602532905102795
0.0602764332248485
-0.0704383263482298
-0.100378543444574
-0.0733331929787575
-0.0874123367041769
-0.0175699064367979
-0.115782018549023
-0.00945457804472722
-0.00337358526643499
-0.0470788549829262
-0.0811437961613917
-0.204244597754281
0.134315840218207
-0.0333161959414198
-0.0392725311338631
-0.0986859059166695
0.0686611950317292
-0.0548520014382018
0.0153814815969057
-0.164050369203713
0.015583419489165
0.135448534126856
-0.0847465622669402
-0.148134302157583
-0.0442906493399415
0.0861094908450082
0.0307278316361572
-0.140890727355158
0.00290062183774749
-0.0324191083213685
-0.0164452819203573
-0.0337212439307592
-0.040344327813586
-0.0199286030972846
0.107058123733182
-0.0845327931466214
-0.0490850623465543
-0.0447844283121885
-0.0260652546168719
0.00333940914697409
0.0517142578016743
-0.197958966178812
-0.0144643571409297
-0.0588671399926116
0.0611389668694026
-0.0628127904485377
-0.112948530998923
0.0785929864161422
-0.0451955320912518
0.0947807520136066
-0.00829003182103677
0.0820556108978421
0.168141046734768
-0.0268762074644036
0.172632379290099
0.0359517342888344
0.0707038201288601
0.0182889244933398
0.062499436852677
0.106656566427832
-0.169451159261419
-0.0149405176403124
0.00643488579361824
0.0809849417945104
-0.0457649080502682
0.253525986432418
0.0517920568220282
0.0726361838883467
0.175141979919361
0.106893890266548
0.0492585981657891
0.0712462635174265
0.0521963854875033
0.093935690812155
0.0125623377564582
0.0534087035133969
0.0979753542567598
0.0815884223945251
-0.00812102895029721
0.0541180573665378
-0.0198330953238423
0.00244111612849942
0.142270579228635
0.0930116096746981
-0.0603760838102464
0.0159709212594963
0.0500311232547397
-0.0183698399533212
0.0454010647504194
0.0690683107787135
0.055297896954825
0.156322507402489
-0.0668563739104984
0.130542704156709
0.0321472990107447
0.149675760923848
0.103024280837496
0.0758096091375525
0.167012166586329
0.316571665038658
0.11669554228883
0.137645351874152
0.181334865015245
-0.0214217897834088
0.0746776499929686
0.0841410225444489
0.185890066863237
0.243633282740282
0.147914792653332
0.153305906939225
0.0557354243162996
0.104088290693024
0.16373051638423
0.210180687962528
0.13904044714452
0.039372036782948
0.0923223306792426
0.226044306629136
0.209563158307681
0.122453342172235
0.198534675623736
0.0815476240822018
0.346115390425849
0.0478534953319851
0.146950770300102
0.159305054989895
0.24969453217861
0.177796383853155
0.0520444532663361
0.172966391406522
0.261043500768609
0.238295174930106
0.270601771251808
0.203683194413189
0.150865939573007
0.1445137413946
0.00774931251429359
0.205675614509462
0.136562877838203
0.0644595768368632
0.282431261103174
0.163762320626448
0.19489656124543
0.179754499854757
0.190172287270747
0.180688129540111
0.114080320067613
0.210930877529344
0.313433277472486
0.192851426900305
0.242480211196666
0.180395170460925
0.157403756449722
0.235025665080822
0.117082717550899
0.178609199137521
0.313000681737008
0.153672847398656
0.273761451911684
0.251785542425957
0.289717332921118
0.256234657853082
0.239576943167343
0.371796261319751
0.213135086868955
0.271939817684042
0.213779631195717
0.292325252253068
0.304337558458699
0.262507164970092
0.190175090448328
0.187392127424286
0.0120068569557049
0.195448028690322
0.291263456269062
0.341188827366192
0.163423509736695
0.183261885674979
0.389025594095608
0.363372259386543
0.298041595840422
0.174329325413667
0.368878346077537
0.274924053578567
0.168134791841429
0.423348766181576
0.212914652974252
0.218917541667156
0.274554085913108
0.227086634717639
0.259390554773121
0.216073446566542
0.286329367912247
0.343360535206116
0.310726374103505
0.234115939686132
0.325468582689025
0.340534148057426
0.276461637549731
0.386250049455881
0.202183832189059
0.243045481649109
0.517382360262295
0.382948479902148
0.409074712858564
0.340489416647624
0.224616009401487
0.208355820294951
0.306569197966791
0.300193380745263
0.389142408987099
0.338157517915347
0.278459738419675
0.435738272879765
0.375311941994018
0.410168420895894
0.416406566240074
0.43517853089153
0.288569911373991
0.317176106532716
0.272556384262536
0.273410808007033
0.497938422646667
0.332422168027963
0.356041903258716
0.19631435096565
0.17410391087968
0.364803071503858
0.341073868770538
0.275446248350253
0.258198089167793
0.329029822828259
0.388703778794544
0.390021797344076
0.311188657356571
0.402379098149826
0.337268741280161
0.347392533687894
0.491317265954829
0.504339227172217
0.36136457534459
0.52699610739939
0.241053453250412
0.449194799511517
0.432817151691244
0.471486195887824
0.435651806407024
0.289788832306371
0.490936098701885
0.383982640559108
0.579025909198057
0.42968077870716
0.494100136392422
0.586773126322725
0.428172025200205
0.439666983867786
0.386552436210801
0.381419864947588
0.35608037901717
0.320509534273374
0.554688953907533
0.341602850212339
0.4714349989173
0.429334761912326
0.377213175570657
0.391618195720332
0.316416535024468
0.230592905512918
0.377497302040532
0.252435197583185
0.418995750026916
0.39835847759553
0.435976123751549
0.391951643670117
0.448645719324031
0.492252243574535
0.38310806450356
0.312723316832956
0.523008728212804
0.492091085691049
0.584184143927682
0.573343043620509
0.546353355464457
0.586806927357179
0.433254325702499
0.630468187896873
0.34024749746927
0.563048802523711
0.463895156328245
0.467697288890186
0.50270830451333
0.410379321494877
0.406728973768048
0.559857375000182
0.523617381918659
0.584361035847209
0.411032046561701
0.453591377229627
0.42250673606458
0.357781222773867
0.645852884629899
0.46476325898096
0.572432313831131
0.606433984162959
0.567689800183519
0.471610845766522
0.61157450771537
0.461924387120033
0.578065055799495
0.705086831149849
0.58976056814575
0.648245482201594
0.573351699003236
0.342198710393039
0.615436449932894
0.532501619115182
0.619346487777597
0.526880675555174
0.443122216973251
0.500319690254881
0.62426821754988
0.487186056338709
0.501663162618531
0.600307506552432
0.503222230377638
0.391842736021086
0.465657484893523
0.601008754194197
0.579932185024077
0.510730842701516
0.547497817663967
0.614181159978772
0.736820192130022
0.742489662377331
0.569104521697204
0.541349533030373
0.408995331070283
0.495005819448734
0.618307048185033
0.627127850284434
0.665673114138113
0.516955773061165
0.57219825532781
0.679849473196867
0.675103357845657
0.505514386524043
0.595581247906479
0.556848664910384
0.63532036805295
0.593538595293226
0.545426664901395
0.621672391837602
0.636374648613879
0.626936001346752
0.521092499937078
0.693789834628111
0.660427660625018
0.661053927038694
0.663152183399839
0.644713249128586
0.53594746843963
0.710439753018488
0.542836209413986
0.652680584441991
0.700386821471051
0.600005884139552
0.708646532234258
0.615505064462325
0.66038424086306
0.528036549207083
0.698566819511852
0.647516268235132
0.623323861668112
0.6427548400102
0.719440223498007
0.774016275716123
0.742664529060275
0.689789796912053
0.741583947007328
0.642771443039116
0.673374827125828
0.418406017654582
0.642349817174555
0.762594633900875
0.736851284549919
0.623964534294562
0.788278671659698
0.584281541329432
0.797030743533564
0.610003653262717
0.666365496298986
0.637239101490356
0.630254551348618
0.673620237835252
0.684246112242147
0.808582030688976
0.80860100647512
0.767220860948611
0.80850470726779
0.680001944513203
0.728864851379436
0.704285445200565
0.670399185608129
0.780402190154984
0.74182041100718
0.663492937731737
0.906015828976311
0.712580112438508
0.67657060468721
0.79461085791507
0.861164527722192
0.742135320206981
0.572895286791348
0.613500961550074
0.65690583772713
0.830595444359767
0.786016847102597
0.644932674730357
0.66868562913128
0.691098004596731
0.832665019335055
0.812320471865416
0.747854472053575
0.721114258113484
0.819688558941601
0.820920309302584
0.710620666980667
0.812166245595415
0.85967999926926
0.595899248272106
0.676683508235015
1.02706896123173
0.554276098630415
0.768652064820565
0.86851936808087
0.732168360628986
0.941917924938379
0.76349173103086
0.732126784679753
0.85844367476152
0.745146568579279
0.628115713320586
0.769759835682587
0.83649265594248
0.740203260519357
0.884426848267389
0.747436680560725
0.898950268777015
0.936702762555406
0.900337838124932
0.917806427073728
0.733478808103457
0.862921314565292
0.716147393764681
0.859735723633196
0.848631772571776
0.922316947129358
0.805200029783095
0.751358180438318
0.890025242782945
0.767463051034349
0.942543828046685
0.871508522210462
0.875347160124403
0.82026254605517
0.815852954163757
0.757418211352921
0.884162233380082
0.817807170706699
0.798983244159271
0.763124909306157
0.801075576933995
0.832422542809187
0.782337273567333
0.760647080209255
0.910165836921834
0.855906609712261
0.859642101460409
0.893660825798578
0.915178346676829
1.05098165373422
0.904904891317308
0.76598447305492
0.754673999148187
0.932201528325997
0.857354398645136
0.892850287884633
0.776223044182548
0.849908948539054
1.02967293503766
1.00297676572362
1.02171006956403
0.979671209918759
0.793101044710115
0.842255024498554
1.01111791488027
0.804644437914798
0.949435860003129
0.95526310077496
0.947570509092239
1.03911241004433
0.847303787605355
0.811020172848881
0.804932726620926
0.975195063130369
0.91677296401487
0.925413657407166
0.863704227570914
0.864109649978872
0.940978854917517
0.905659944626281
0.937734415278678
1.03343370177275
1.03918789313967
1.10964290122314
1.08300851292755
0.890466786160587
0.892587386556061
1.07060762708641
0.879463575047936
0.9339887706379
0.827194597905519
0.894596051266971
1.0750667504913
1.03701654721388
1.03015732683369
0.846916558704185
0.967106200838866
0.888578323754418
0.891438787189511
0.959987000136353
1.0075176006461
0.944824916119636
0.945827127801982
0.999064340142592
0.844143001476109
1.06927456584002
1.02374160608875
0.857816802506948
0.952773301880974
0.927161339999162
0.997675116275651
1.12365387245702
