0.142883256679639
-0.985192491386753
-0.954599055799103
-0.938379268773658
-0.94876150815989
-1.04037572566725
-1.06000528704594
-1.01097897736347
-0.878811716670521
-0.88696444027626
-1.06275479562532
-1.06375289646289
-0.933183161139537
-1.00114395130227
-0.98622644901115
-0.987942370908888
-0.927704010135399
-1.00798843120976
-0.784225901349192
-1.04079067669049
-0.822287201321341
-0.766767093318878
-0.801995550066822
-1.05203433574112
-1.00598632066186
-1.02215775421076
-0.892725576068566
-0.87990583311386
-1.04954671133642
-0.830231942801458
-1.0961503402539
-0.958302639368778
-0.99039692998159
-0.97183086980659
-1.16020249487124
-0.8571742802178
-0.935803069313977
-0.949104597757031
-1.10012620034243
-1.01340855839092
-0.973660456951148
-0.831916214144078
-0.809306123533449
-0.742235287373045
-0.834881092887487
-0.836316935419614
-0.855558459071678
-0.979811716992862
-0.902595061338676
-0.92737564747259
-0.894684381818928
-0.924949920783529
-0.901595142519579
-0.74543971348296
-1.04528392529986
-0.69099264230945
-0.921002192947013
-1.00649544604629
-0.820279527524083
-0.837435710212379
-0.910912146457028
-0.785865305609023
-0.839935789095451
-0.847961534769251
-0.794859745942475
-0.940328723360216
-0.80084046742535
-0.71807628328485
-0.907847593246933
-0.76779439630908
-0.849549501748781
-0.90882449519
-0.733822724449623
-0.78098395614004
-0.674142048302523
-0.954687401442219
-0.795099553695687
-0.767865257598441
-0.851066761482257
-0.867964623838076
-0.742845115392503
-0.840565607696399
-0.894705739666866
-0.795959348016277
-0.652259618787173
-0.822401571278464
-0.878159410069411
-0.755087539366737
-0.896769424818015
-0.820947446716074
-0.803136248914833
-0.794423768844086
-0.862317904275352
-0.90208528577932
-0.777741572236253
-0.750304177947811
-0.677737754874427
-0.833392184765034
-0.682799132772934
-0.798592172633495
-0.822831181472038
-0.814089630867237
-0.830691360642656
-0.870213379176614
-0.890538119335543
-0.784317152917934
-0.947620410406813
-0.709622517931827
-0.709891890493911
-0.735578450457616
-0.802718921499838
-0.728240437184216
-0.666251135606394
-0.684689494443312
-0.810535160371895
-0.721761409369232
-0.807842943559753
-0.823391521629504
-0.718152167485077
-0.790536666855988
-0.700550339495558
-0.838587594297958
-0.819445427104429
-0.610479689119342
-0.731946467745231
-0.724106222707737
-0.703971195725194
-0.772470129064254
-0.714235354417532
-0.706006201757228
-0.604741867034746
-0.751045074083911
-0.846275725383346
-0.762663488176494
-0.719305835118625
-0.736986363773858
-0.769106851138542
-0.6125955224516
-0.834856531346523
-0.627934054056261
-0.507563945684922
-0.685899057570024
-0.71634450809383
-0.745254847101535
-0.794091570356267
-0.648049884166063
-0.810216824371965
-0.575204968654508
-0.632066037502726
-0.66945339814622
-0.668890817262738
-0.635367889318856
-0.665171125365328
-0.773099963675108
-0.646974430339633
-0.749359139378394
-0.718582149819957
-0.681541536809694
-0.595646272921122
-0.527389347219048
-0.618013188321738
-0.557974351735359
-0.694393799739623
-0.647951057907158
-0.520780597428392
-0.611214447267837
-0.645768918066562
-0.572831524257471
-0.766042873073682
-0.56245541601527
-0.567384478152609
-0.627059747688511
-0.728885167601842
-0.612308324633898
-0.652895898842424
-0.66546943558445
-0.605643228324512
-0.738676786556669
-0.671863789417184
-0.504149564875681
-0.746864659801163
-0.491308934217528
-0.634915768837632
-0.696532101529404
-0.80404583691046
-0.560490313945593
-0.646179854272504
-0.682268949307833
-0.675645646004225
-0.569160446653354
-0.77391708412094
-0.735174590481337
-0.592218529230885
-0.536368274452116
-0.576871096440965
-0.55650078149602
-0.557674874652426
-0.693464139949708
-0.587305422331805
-0.64136194967243
-0.583497162812042
-0.611445670168102
-0.579500603188216
-0.5213976417946
-0.647968043294214
-0.545739596051754
-0.556802341424646
-0.569798771966327
-0.526948170307978
-0.46510970939999
-0.601586395652065
-0.580427654177283
-0.509332373878726
-0.4597908980307
-0.628285799247009
-0.517198422572062
-0.580635695597262
-0.469810830933549
-0.558848903064366
-0.522195944526838
-0.455890242968627
-0.586459278026546
-0.61932272185672
-0.657692909620343
-0.57205296854133
-0.582850948556099
-0.577992961544991
-0.488653184521722
-0.646616815094901
-0.474743087884191
-0.616256413819675
-0.548297689830298
-0.396645594381631
-0.535316198509047
-0.480443544488011
-0.6148466033361
-0.432991770115156
-0.44499388727073
-0.543187732284653
-0.462250181139423
-0.60650895718309
-0.550448329155348
-0.453299933757284
-0.53825352892841
-0.61576085901758
-0.670510575826426
-0.49727512035054
-0.484902679272389
-0.486854427450543
-0.318979366059975
-0.43106785510733
-0.463723465507843
-0.433569366755279
-0.555754145508308
-0.553220171955033
-0.504081831380148
-0.489510684277454
-0.481989212089403
-0.557625892896166
-0.49059450378374
-0.637895210087
-0.356268024751856
-0.453260923017312
-0.362225122672369
-0.659779038089026
-0.493871802144696
-0.606928187672742
-0.513257031560401
-0.287897372369708
-0.532038357680303
-0.424066857376335
-0.457865978524868
-0.431678061337756
-0.669629698569914
-0.47951009149465
-0.485252557326105
-0.576650342130611
-0.619266182425024
-0.640150071973706
-0.576512470614319
-0.380718295361553
-0.359856038595516
-0.520624454066466
-0.399898443072008
-0.355774313324947
-0.428240855421891
-0.273165614713123
-0.443626671545363
-0.478610836984641
-0.446308100585854
-0.441567714823512
-0.410085804661861
-0.482523809017898
-0.405302854964122
-0.295539966735786
-0.472884743350182
-0.489056475944594
-0.48374229388298
-0.305412171352024
-0.27072690245085
-0.392617293020075
-0.401140674185191
-0.42565430986976
-0.395392670930472
-0.322322628828721
-0.363259999597408
-0.411519160913762
-0.59773157327017
-0.500204781283258
-0.315423699925056
-0.37609817764518
-0.287477616612058
-0.196777324996998
-0.43703397306532
-0.494790385088681
-0.443369227940321
-0.365147750528781
-0.363806214780082
-0.314230035608883
-0.411438924924174
-0.387700504366513
-0.424070590257636
-0.332883954113233
-0.254453591631664
-0.313444725915025
-0.331179665384304
-0.417497880674297
-0.105186211991113
-0.359495350294057
-0.472764894457854
-0.253965384996706
-0.404510128432024
-0.326122020001555
-0.19755140305187
-0.535981437878137
-0.223311840193733
-0.41170127364704
-0.268342558082049
-0.330047797554556
-0.339247694176011
-0.313327909787152
-0.351897985420038
-0.399096311754417
-0.32014748483152
-0.218248148550341
-0.29248066143602
-0.33030471708405
-0.334756201718172
-0.293380741363742
-0.311525157109786
-0.360769974586654
-0.389944612543522
-0.157408072841628
-0.212079339460927
-0.203342388854148
-0.2690511192324
-0.304596445052055
-0.249833876818314
-0.241117913150144
-0.283727176237122
-0.287715706961625
-0.31122609535274
-0.335223577084032
-0.261574753809524
-0.211037721518648
-0.231627469043805
-0.314150874029152
-0.1910471064816
-0.345686905361244
-0.33182514732128
-0.14593175224374
-0.232698575837832
-0.105948705854082
-0.355000280160274
-0.198571878192574
-0.283217931695092
-0.213657342726932
-0.167583404899833
-0.175320049099899
-0.267031180785601
-0.227637337058251
-0.29821545471501
-0.388530311801179
-0.171750780753758
-0.300422211296348
-0.182350326550303
-0.167299546634659
-0.258332075599591
-0.115742930127544
-0.227102755885283
-0.22175262483872
-0.23637122947736
-0.238992734339324
-0.220828147305555
-0.233634880809976
-0.188132837702793
-0.220768998956745
-0.0584167040649628
-0.186692659530438
-0.179783501104111
-0.159722798837342
-0.137681815499227
-0.148853406992151
-0.230182270045221
-0.117100283168485
-0.306628216599055
-0.161742784791119
-0.273033839068172
-0.19585898679491
-0.160526267724405
-0.122450838059422
-0.268036372346969
-0.217124459840378
-0.15974080980295
-0.25758853066725
-0.0785201740624353
-0.123377763696941
-0.164095886282281
-0.267962876364901
-0.237917110713306
-0.0699329183295714
-0.069213124187322
-0.277760203656095
-0.0898540760519623
-0.311309518517452
-0.0952281016009285
-0.153542023290875
-0.0481408428338321
-0.048715334720731
-0.158161946223856
-0.161789015349327
-0.191042528946511
-0.0462339848463636
-0.155417981022792
-0.0428934795741337
0.115298558371479
-0.0594111967865979
-0.187390173274359
-0.18173882109764
-0.0985750429640464
-0.151694924710786
-0.200153885002813
-0.179432332660536
-0.0762359259561722
-0.0518378316576547
-0.0360518791962514
-0.145836212572166
-0.141870940594043
-0.0345823149927947
-0.20087991989893
-0.132281913011349
-0.028879854901374
-0.17472813935757
-0.0821527461923996
-0.109158618709507
-0.0690097391000089
-0.10536319650422
-0.0495014197121988
0.0545095945175353
-0.0690833622112203
-0.10082603818859
-0.0682601820672967
-0.0878492310546185
-0.0302327039618057
-0.1234476004318
-0.0213078747041324
-0.00311807131424461
-0.0484351137245754
-0.0858974668752043
-0.207733418788726
0.153826189539734
-0.0313354377196028
-0.0185942586962495
-0.118738926597422
0.0550835587264962
-0.0769896235034499
0.032353007516524
-0.182608567668829
0.0290222136698954
0.122760399715715
-0.0877679312127068
-0.127514795188699
-0.0694373237260648
0.0797815694550988
0.0514401703308323
-0.157273820983965
0.00627616963105956
-0.018211705153493
-0.0421144769634437
-0.0327380890188945
-0.0525101984854889
-0.0291519216088731
0.105542692772764
-0.0962172590522839
-0.0410687088493517
-0.0415105209545548
-0.0446063272507596
0.0217008286908756
0.0438877057420775
-0.195100360721629
-0.0253706970292801
-0.0612716503319775
0.0336660249334672
-0.0401868671693666
-0.117791233000146
0.0821914183379888
-0.0803549273530264
0.0972575336735706
-0.027018181606248
0.0659911683569322
0.154664067671049
-0.0327387274962728
0.164791118191263
0.0508945542902322
0.0672924368881601
-0.000224112000490565
0.0522845744042813
0.110538941591227
-0.17812177916182
-0.0148143704922904
0.0185727687048444
0.0908161126010799
-0.053137305622304
0.257386848319243
0.0528503220707858
0.0665281687700288
0.176664247198433
0.129977319757124
0.0677760852351803
0.0679042464303965
0.0445747788200805
0.0966165147312423
0.0169054562015393
0.0567850195785135
0.0862191779559595
0.0616889232079261
-0.0238625292441286
0.0479506132663114
-0.0316731906431905
0.00909262917478828
0.1308910668527
0.110759171721306
-0.0584315527301611
0.00415527101764755
0.057837743616551
-0.0164785848216169
0.0450756677316526
0.0703827351265707
0.0477563348057699
0.153574389462689
-0.0497736247885962
0.115242471850536
0.0101157123015309
0.156908553758345
0.105564141649444
0.0560398744703874
0.165998665952169
0.32288606202793
0.11693078755171
0.123147839650579
0.222698679542751
-0.0208106391227554
0.0958926855157289
0.0841393108552254
0.208858797464171
0.223459628314263
0.178392285843336
0.158219634154028
0.0433976721122388
0.0929495707860861
0.170717985692291
0.202128142180658
0.118094325599047
0.0261600136270001
0.0905590273360998
0.215295945148357
0.178677537105095
0.0976945487934244
0.20591528704764
0.0845335467852042
0.345982373205363
0.0488170194758801
0.137010907161866
0.172193185356346
0.266833632916992
0.189991459757822
0.0583788902514222
0.178387803102671
0.284019031666705
0.205500844848547
0.260308139289883
0.221294017309366
0.150892230486594
0.160604288774395
0.0109219634277009
0.192253140732606
0.110674883713429
0.067795461685272
0.292607865693346
0.156972553370363
0.220707216956782
0.181176147585632
0.17482453809601
0.166935289158495
0.109417509040547
0.217199607129059
0.311929965788638
0.199038267615766
0.257196377497726
0.157112241376167
0.145651604786286
0.23809928562129
0.0948814142730363
0.181927026418204
0.326846246946324
0.160372369729497
0.269758449586846
0.231316251921466
0.293283906324549
0.266056170425502
0.225857099237809
0.381458705635685
0.197006154057816
0.240972737359631
0.206503959661142
0.268013396912564
0.308155117589471
0.253484788879399
0.168518292258628
0.193590328112637
0.0163954155513607
0.199681807632413
0.284824680546751
0.337274453776692
0.159825493801219
0.158429234241306
0.377771513925085
0.380093225261108
0.306042397020783
0.167787037042433
0.382731481678784
0.259681145896268
0.159479905790917
0.439615517828833
0.211739513587763
0.210660981334683
0.260023013381654
0.216171549773503
0.25689669819314
0.230381108026048
0.26386689818215
0.31701350276202
0.303313089946151
0.226676674348314
0.323710580596511
0.343289440040453
0.284804491066082
0.386514940204635
0.226869066987954
0.206962466875455
0.499108027196679
0.387596375337309
0.399556727954111
0.329123988730349
0.250745263915703
0.218929122158934
0.337176261251935
0.30136275381473
0.377922924529202
0.342616470411869
0.289131489910753
0.426852249349794
0.356806671351402
0.426326630223509
0.431558163513084
0.43447009088663
0.304863756377463
0.308377999905833
0.29298296723148
0.261914183910951
0.473251025286321
0.326829446683615
0.366691052781269
0.198408425848344
0.194416504255788
0.353415299189362
0.342215437072951
0.274473254715798
0.255003344801312
0.327882380045711
0.41192601580682
0.387153308831151
0.302816836244708
0.403804109548579
0.339614517008343
0.346131982978444
0.481071539268899
0.526972183138254
0.38310365968272
0.519739468009453
0.227838097842707
0.436437170380744
0.422155613171548
0.489117227599414
0.437071040589131
0.302437387437786
0.509346834241504
0.395069160687303
0.555345164740792
0.416906174428642
0.501898276319904
0.600339335679766
0.416136705274674
0.427914493039536
0.393914895952476
0.38548941324493
0.344843902008942
0.320633899373028
0.539039801063938
0.337223223439728
0.487117668557863
0.420051924521103
0.389606147037276
0.40241089331093
0.306528577731611
0.223920856706042
0.398324084019949
0.266872966600321
0.432696345659926
0.380282103696851
0.401909772576316
0.382493645860868
0.433368986880056
0.475001974137839
0.37158249632337
0.341739883011016
0.530913483905475
0.493955091922665
0.583015766599221
0.575418514634157
0.560483179872957
0.572579662342207
0.425201679623224
0.625316611059514
0.357592246057425
0.535216120813657
0.485947220374297
0.421930837629401
0.48818246580326
0.414376946350621
0.43548518099919
0.573696049300466
0.548563777649082
0.574109103781212
0.423960042607175
0.445706805670657
0.407952167422049
0.368707342746229
0.654355046930763
0.465352997359299
0.597009787272757
0.597825007962824
0.581490420957439
0.462819056593828
0.605534352380525
0.481657971127148
0.583759027338119
0.683396348994938
0.575115637085627
0.633031201434631
0.537432229259749
0.334986967683792
0.622801390413939
0.52835766608539
0.616264203984327
0.517477252553167
0.422028341228606
0.515862248420115
0.626730240562901
0.503072780570363
0.489524342061584
0.588169490386817
0.493380821885146
0.38005245088001
0.466168263136019
0.594324540475499
0.569907723299458
0.502168100325052
0.550905157149804
0.613864709487984
0.732015061563904
0.732438926681069
0.547811643990823
0.523823254632093
0.422969032279466
0.484934734207862
0.605492340484183
0.64269350009496
0.651561047522287
0.521557868102627
0.584921582229497
0.689522953785198
0.668239282216165
0.513712148811817
0.602516534484059
0.557615011395443
0.666243580545581
0.577589096092506
0.529809021541271
0.628835029050075
0.625662798294971
0.625043067467653
0.51947331764125
0.695336745617835
0.647747945784719
0.675251547279486
0.665864805866012
0.65434807199536
0.540059384760333
0.719722199212063
0.543160399266609
0.633624305822737
0.703816011905686
0.580463399308929
0.696056315135924
0.610658016032044
0.660562307554473
0.504019304483927
0.684117084419498
0.669120603877899
0.624603291421734
0.6445117432128
0.716362179475938
0.778794095112285
0.727699952895974
0.703475063637837
0.775818880893812
0.653040816003159
0.66827622077504
0.426421737607572
0.655597216944369
0.78309750179147
0.722106518079964
0.611933258246202
0.770105592521254
0.587315105535125
0.775601128376861
0.610308077959083
0.653296793931633
0.627263827384544
0.632748000425022
0.672929486477696
0.684932977617492
0.804832983494829
0.805090655603659
0.783808216462554
0.81011708641305
0.679502832659102
0.728747356954625
0.675549063400842
0.677161470310442
0.753628262692106
0.727447034484591
0.662182324787915
0.898159860939947
0.706681138903435
0.709038252558302
0.802252283040301
0.871694224338242
0.764105617990841
0.577622218316221
0.598658632769472
0.670389375251274
0.815572360658629
0.781150032597563
0.653059942062328
0.687556818213708
0.673489957756821
0.82784563576056
0.82560868952065
0.729486047580299
0.732999225896495
0.828227149732747
0.835525225290277
0.705478577768627
0.830941266382764
0.841479481084941
0.584274943274515
0.689782059547564
1.03971458874375
0.570029064141172
0.750263104521407
0.865889730820841
0.740438953164659
0.945444694754647
0.77671736859132
0.731893675958216
0.87016469693643
0.741028087975237
0.632323356240844
0.794899851597476
0.810344283457292
0.741106709626314
0.843474014224301
0.745413144239114
0.909391165283153
0.946303911916191
0.884273272659414
0.921493489183609
0.722507980205692
0.885967802285101
0.704063029895243
0.848961096645855
0.849243574808048
0.917471742968125
0.795247507744516
0.743202458606405
0.919746768192061
0.763035849257892
0.952719344945749
0.873726278235741
0.886748358959462
0.798073072865066
0.834671265936218
0.769946155313284
0.8647442312695
0.810330935706929
0.801684035415074
0.769489025288005
0.796106889016114
0.828454268725461
0.789117789572023
0.766454883313552
0.911860092240222
0.862299846515036
0.849493240498748
0.89373329035852
0.896563811684842
1.03221062727669
0.886927892974941
0.778703314321302
0.763362231998874
0.912092816848021
0.860192004381243
0.899265281343315
0.779379167895564
0.850434067797871
1.0156875680686
1.0077138807404
1.03329962208351
0.956432355137833
0.800250080314938
0.818966415998688
1.01807677542113
0.81038446498546
0.958590764691595
0.935681777058965
0.936634067258315
1.02627990067828
0.867099098790721
0.801349550039902
0.797211809549845
0.972087470946748
0.896852184688105
0.902105342384529
0.872616491578197
0.865868205770067
0.955004941236083
0.900583305497032
0.93688787335942
1.02205280018173
1.05438498797955
1.12488051537845
1.08893583057316
0.901376288551929
0.900273217633436
1.06027888314179
0.876804711678563
0.927008327766717
0.834352762791426
0.903626885169461
1.07407526135952
1.04061196963582
1.01808516229998
0.865079729009774
0.970749781433079
0.906525340319684
0.899143165218191
0.926163665603189
1.0081769060422
0.910361721188395
0.947151281498201
0.997938348969538
0.878539543581195
1.0734840953479
1.03652475926793
0.854090980476911
0.964391035124901
0.941493828509439
0.995777984884156
1.13466782252906
