0.170339224544487
-1.10407542250766
-0.912830187260082
-0.981908525201327
-0.973329483345364
-1.0580759651646
-0.949528081455203
-0.931882147042591
-1.01552644632661
-1.03567351738602
-0.898030163299248
-0.969557462997148
-1.01135797601446
-0.922040324618716
-1.02123793814334
-0.965326694405127
-1.01775956017314
-0.960200000101511
-1.05589893729817
-0.946475169577042
-0.954435538842726
-1.03707159493107
-0.86780650315425
-0.897562692781744
-0.829284522357755
-1.05691024311057
-1.03304773376102
-0.971315368344518
-0.86069847955196
-0.96563179114039
-1.03712007102792
-0.919580938420131
-1.07751648848781
-0.879991643233357
-0.968306137887972
-0.869332699321835
-0.857228670943348
-0.932806634890418
-0.830904227226431
-0.786352255807627
-0.978350549981497
-1.02924626624454
-0.656531767355643
-0.935236976868602
-0.938468036187316
-0.823304039071275
-0.875869930360009
-0.937322392955493
-1.13434668269589
-0.991624565619125
-0.804781136070238
-0.831354311614635
-0.862436931618702
-0.784698196383897
-0.786002301145759
-0.976647091075817
-0.991096629721743
-0.760758419448322
-0.990475605302175
-0.871776184106712
-0.89235953155562
-0.97825834531375
-0.893234921806284
-0.812916090824847
-0.990122002264386
-0.918042937011645
-0.934440796555281
-0.764903501823249
-0.912076451228098
-0.995130480019231
-0.920133788768143
-0.957140504909961
-0.699412899133564
-1.03148764424376
-0.881131862331333
-0.836679943661776
-0.790348924418864
-0.737347196559257
-0.835783380299016
-0.752034536583945
-0.817796244605486
-0.906799606422848
-0.83138780181028
-0.94063269653578
-0.706930034614641
-0.939337630277186
-0.81435625213233
-0.962643997779696
-0.814492794485893
-0.846175981099376
-0.763297747978116
-0.823612004602418
-0.8180107624746
-0.80182405124774
-0.774380765552582
-0.887046396281589
-0.692765574361218
-0.853206408460079
-0.868116750398719
-0.884577049764022
-0.77740226855343
-0.876357365840369
-0.808968152910738
-0.746286600389088
-0.802771309355655
-0.779539935535117
-0.823803151575936
-0.853782646352615
-0.828524776016858
-0.994433741508081
-0.759720834822396
-0.792712440592184
-0.753037217581455
-0.818502063199456
-0.773597211184294
-0.762046494630046
-0.714998703214364
-0.857949447496722
-0.763105398966437
-0.699673845360923
-0.775540920306936
-0.791819591126704
-0.775655008216501
-0.801895399956723
-0.781351334875484
-0.744490827605621
-0.65773184991328
-0.742185210305723
-0.732830155860022
-0.818931101275309
-0.792886292012832
-0.806284521699089
-0.800889456815972
-0.827818995178345
-0.710428812883986
-0.545744914242693
-0.756893996012294
-0.639667575960117
-0.739907037742367
-0.664603678619726
-0.681972800393855
-0.608152428498894
-0.817746384766455
-0.668942165893654
-0.774429240577247
-0.798894687777238
-0.706966508747101
-0.70203785149413
-0.658162935527751
-0.756078214217211
-0.656725702661601
-0.628863505067343
-0.655578563540601
-0.625984983144005
-0.734114099764026
-0.709144178410882
-0.635231391671986
-0.550943148339626
-0.637123809118184
-0.669892484776646
-0.707862643399369
-0.674527449158439
-0.540878143632008
-0.702878949148868
-0.689039194060756
-0.790452992571416
-0.667098080759745
-0.676752139241618
-0.479954771517837
-0.699933253830091
-0.737670587829159
-0.689560472812341
-0.594830981289146
-0.718330150662352
-0.644262865823064
-0.676164513884649
-0.641648391060355
-0.677320602617718
-0.612979957854663
-0.794365611217829
-0.659694093107368
-0.690476111458494
-0.683354824662051
-0.71867216943742
-0.719883580816807
-0.644222034733341
-0.551731930846419
-0.719814401331212
-0.629954734109286
-0.743448594191816
-0.631297002722391
-0.695965204338225
-0.75697189482616
-0.67463685911223
-0.565265409663572
-0.392747529985664
-0.61835550180266
-0.566521607840187
-0.735016884722966
-0.620346972837681
-0.531283634664774
-0.581210351441582
-0.577690020657438
-0.603123434654704
-0.604088252594501
-0.555234791827242
-0.65763189495813
-0.473736387260098
-0.691913329225943
-0.545498971771102
-0.502012537054646
-0.616506541709665
-0.608749971885652
-0.531279322859432
-0.644750980654926
-0.638443575404766
-0.649784221280366
-0.44924404427696
-0.483316869319033
-0.490460829968347
-0.531459394093138
-0.628204993876965
-0.580421927381851
-0.574405664301959
-0.549418339043622
-0.544323224022928
-0.536345947971073
-0.588734620709328
-0.418901426910993
-0.54128700005805
-0.497264722235934
-0.411560805301079
-0.515176475621638
-0.544132463849596
-0.458525157081649
-0.48294294467524
-0.670864333182436
-0.403731098846924
-0.453801824533924
-0.637824073496605
-0.513295159435369
-0.560266865179062
-0.463873915658495
-0.45135178402776
-0.572879812170385
-0.530066364311387
-0.570719714650512
-0.520573475981993
-0.388202034636396
-0.574618748395717
-0.502863503272826
-0.61251710249495
-0.463495647784153
-0.395759781196257
-0.436439849714076
-0.571039134816418
-0.548199995773874
-0.323574763900207
-0.477395391991373
-0.485665694902863
-0.55460810016391
-0.481760313974246
-0.479747525922556
-0.34634958881816
-0.594108805425674
-0.463119203151449
-0.523424034691226
-0.406518849928099
-0.432536530667305
-0.505922473147614
-0.64125944260358
-0.404727948598401
-0.669530190468291
-0.479890409496392
-0.394011350520666
-0.485175519138901
-0.517181716692408
-0.425683023680207
-0.432740581581979
-0.494199495093454
-0.414106254361416
-0.460673476135231
-0.494235670996776
-0.570486707591638
-0.500382009514791
-0.369890583500045
-0.570304273554175
-0.453487816357578
-0.371517486725483
-0.436658929495713
-0.429862685287754
-0.41540024532279
-0.370466357741209
-0.582334402689517
-0.46913575311637
-0.345083047107716
-0.366787535890421
-0.442461931311081
-0.404489055769026
-0.342134502905918
-0.474254915092802
-0.558697351350306
-0.380863395620019
-0.36709827808565
-0.555428379140394
-0.417724618008424
-0.37356026316569
-0.318788417411715
-0.370182294049415
-0.330278120720114
-0.255580866514061
-0.456164778233701
-0.333051248112026
-0.573037165615532
-0.447078617797295
-0.312347599175029
-0.381330243327035
-0.336177629999134
-0.403533863695645
-0.380070496268122
-0.440910961770289
-0.280265168474898
-0.424530009801535
-0.329514628926625
-0.378777533921597
-0.388808170248429
-0.345319897721052
-0.323848840791824
-0.371185422109862
-0.325230184887558
-0.42562921069999
-0.244857473040449
-0.37885952177029
-0.329647852095587
-0.211743504014648
-0.298034840031838
-0.281405295258648
-0.488685886669464
-0.239542939514162
-0.138843120136955
-0.341264284262833
-0.401483939024328
-0.22459058577392
-0.241677772179454
-0.353478835096405
-0.391495086261634
-0.331212440705828
-0.559577622084132
-0.320236049740401
-0.315442392866863
-0.311613715894801
-0.243799419102286
-0.380630816346508
-0.167546745893128
-0.198934680261196
-0.29956194375161
-0.275792918405945
-0.260498003950439
-0.341732792823765
-0.300520828602972
-0.427556533992039
-0.218686522075744
-0.17794071192254
-0.399119946610435
-0.337241315375726
-0.349946662295641
-0.31516595444539
-0.237732326359477
-0.251882534294353
-0.377391250089266
-0.19112439752863
-0.212456813041342
-0.0347148032337161
-0.201616705101894
-0.349941758702117
-0.207980637240295
-0.261571732275958
-0.276500983240813
-0.240369217112578
-0.233427230245548
-0.418051765761321
-0.253524332294924
-0.260634985919409
-0.222220779173935
-0.243714002199599
-0.2989114063739
-0.0197644450566513
-0.0992303401158789
-0.201758329309465
-0.375426506740048
-0.373099122748112
-0.251699091949081
-0.248934247267081
-0.321418392295688
-0.238983072700441
-0.4087087314707
-0.161050007796719
-0.261067665833002
-0.00791006475691051
-0.18927041904557
-0.299739033955152
-0.138487020513167
-0.159122689008767
-0.20805839657185
-0.113339659092898
-0.173258217175956
-0.229154593980408
-0.184202124805737
-0.299096829491457
-0.091572975336231
-0.101664059589789
-0.250117123633406
-0.15320636364401
-0.188231970205765
-0.189551777420763
-0.185135874025612
-0.199914289220107
-0.146308154437384
-0.368248638087769
-0.0933752202598981
-0.1094471851179
-0.157294441572657
-0.191479147459505
-0.0662472274964236
-0.325650659243709
-0.273249894773513
-0.165558897480562
-0.267280316066964
-0.231312732875022
-0.167873161990854
-0.12595126716075
-0.197090691885057
-0.147920488185927
-0.143149343627168
-0.0564576625299264
-0.200895594120571
-0.0102057146270501
-0.144000663199407
0.040260953427607
0.00653386439183137
-0.0479152409982085
-0.106162713840111
-0.181147760810937
-0.178060693172501
-0.0453387749521602
-0.0584269214335823
-0.181832216103215
-0.141754860392436
-0.0379722469989654
-0.139091262921682
-0.0715601940632814
-0.258074013338522
-0.0793538877364783
-0.165592116725639
-0.0295967896509851
-0.092791849639046
0.069448983509752
-0.0961277809346263
-0.0156512135410378
-0.0407701790101948
-0.132634351527332
-0.127566651353874
0.0653193207001849
-0.0198293629205275
-0.161941813696538
-0.0213062988323708
-0.038289890460148
-0.0733417200493704
-0.0540457773577682
-0.0293573127390872
-0.0106975136156919
-0.151891697066138
-0.0334358064099172
0.0870295121275658
0.0123307110727182
-0.215987210523852
-0.0397789448108994
-0.0577073434073536
-0.0852951792981948
0.16384579810884
-0.174150594086121
-0.0831557886807773
-0.00820942126216041
-0.0760339640025046
-0.0766415587345625
-0.0780019459295176
-0.133068184320234
0.0572534213134022
-0.0806499139137148
-0.0462527912659083
0.0131992164914809
-0.204326801594109
-0.0641424270521714
-0.106787821348009
-0.0121389496959751
-0.047179310795232
-0.0576326705835198
-0.0209081729689864
-0.0494816833653713
-0.20235708727178
-0.028991199820419
0.0628789962824794
0.0830823751850208
0.0213504059365245
0.0946079722344666
0.01959662911842
0.0297692470802573
-0.0087485076056665
-0.0266427156486879
0.0488948063772151
0.053052709346639
0.0156041699858241
0.103436886607904
0.141727121986121
0.0456850260755387
0.0251335456485384
-0.129740163294699
0.123483591213679
-0.0491128095175881
0.054764679647072
-0.00951931632577691
0.0517359386019252
0.21405487609039
0.09852620047587
0.12092171129403
0.0693236480585135
-0.0309460633742379
0.133940934654732
-0.0342015176608314
-0.0416205735495243
-0.0326753060434015
0.0730965500279765
0.093933446168022
0.133163467459596
0.139796558744065
0.0646586177932941
0.05444879157801
0.0115540304263422
-0.016700231366604
0.0666136979324166
-0.0641666280375058
0.136678057473503
0.158121977636197
0.0990680987233554
0.202708341574613
0.0790541372826585
0.0121205763492497
0.0872165551649138
0.115860101744111
0.133051236370868
0.100032390068169
0.0628382012044271
0.0364472067889656
0.13385111877036
0.0427465949976343
0.108283440370027
0.278506976150656
0.135632202491877
0.217414277978993
0.11039367240551
0.087965750620942
0.150105288130863
0.234935219863318
0.0985439658470512
0.124461705153845
0.302356280730616
0.0503212817971017
0.254442340126098
0.300067876326991
0.0690806490888726
0.11853279698777
0.251333819207406
0.0844125541336967
0.244969448385767
0.0790823548371035
0.344995055845166
-0.00512499530850435
0.128710815390168
0.089638190040595
0.187913885915131
0.0180953561845571
0.053482601047036
0.131324426686363
0.144740715582688
0.279161072016926
0.183103742675145
0.145572013294477
0.251000331980771
0.184646633223428
0.347900464623924
0.19940515277169
0.299083084076288
0.0260918162640199
0.245373837205841
0.324468730297611
0.153426818175879
-0.00902220729347582
0.0733279922956492
0.186533144105103
0.209965283058471
0.189685597910504
0.219177558571751
0.00434534116165025
0.115116851371852
0.0470934412311512
0.19976975719397
0.15081562335599
0.303331768813882
0.0988216134803042
0.18729042049725
0.329027393591239
0.201587871165582
0.122624221942552
0.305774624597026
0.197049818571945
0.138512390371348
0.19535193949656
0.167609101708717
0.288156980243218
0.203618889480545
0.187150343519481
0.157327089435152
0.453853637213553
0.399965946133964
0.183841817643887
0.19038331436506
0.196051928889852
0.138797143120677
0.213851920144271
0.268331303341852
0.268078580739655
0.301982537149086
0.16449802717062
0.394171241631917
0.280846938487542
0.272821782512343
0.308933682656101
0.206041804540233
0.306478563580368
0.350867919467779
0.227627662755606
0.330286783229965
0.350790962059623
0.288624975900112
0.262012929614398
0.353676205197695
0.2588928483193
0.395545826668925
0.221433611895502
0.344055266948414
0.178687888507046
0.334839168222654
0.48537086746377
0.367771080588716
0.261661541542671
0.355212946512044
0.298513691425242
0.389754610113299
0.401168134003617
0.188161467391146
0.53464495580428
0.271805654886814
0.273108609894442
0.273594961457876
0.454587984862489
0.29297130730209
0.529684385133026
0.218558963323625
0.253914618468936
0.323583397360032
0.451596805162634
0.238222067534027
0.306558370415088
0.244846099828889
0.131462064807507
0.441109876443469
0.3516606149382
0.341815748854132
0.265450440212003
0.29107985338067
0.277623994072296
0.308522167528364
0.338465726771966
0.226142161673636
0.204761969363185
0.318017218648071
0.557974326707166
0.357774535414112
0.442933765149073
0.422228566002265
0.42747058191355
0.297192665247229
0.414510812107419
0.363511727545712
0.578564599817177
0.440149661502185
0.405830805990528
0.463370642794739
0.38910150045277
0.468699854529637
0.42165233508464
0.461251577804195
0.313086949974459
0.412230750835636
0.240239540238101
0.44925841498619
0.229400268006718
0.369728185035455
0.315827801943789
0.42876628954389
0.535854117474946
0.398550774761545
0.485586945886015
0.369946327570716
0.294868770739952
0.433118038330969
0.491110379389535
0.368268032393976
0.274291291715733
0.39242301870584
0.501132773014683
0.429022284300074
0.563597728701744
0.480990708174357
0.412421440191118
0.602498302789157
0.443974749094592
0.229124343433643
0.392403139712908
0.530735165968551
0.522132039578077
0.496516839435794
0.451581408856157
0.527098954182581
0.434303017638917
0.510065707517011
0.368210550626701
0.497978431127159
0.484549198056794
0.456318040342735
0.533337480877227
0.416608691825612
0.470086699193555
0.469659437233722
0.400988335608871
0.559710939666855
0.378224972963487
0.402299004988694
0.441265568659341
0.525478761411615
0.441797128687793
0.491350794926414
0.466830613986761
0.447018556463035
0.506017029298076
0.579181208412003
0.626052840905892
0.501566767220336
0.434760323016002
0.492115223132077
0.391563855398257
0.428150823949617
0.479990881819488
0.702809243004728
0.441665148908393
0.434836392481065
0.497396295217939
0.48375469584371
0.68270161026375
0.399448769050747
0.505573396739492
0.479078184025016
0.445907063703595
0.54688487319501
0.655194217264139
0.570424866712902
0.382598227509794
0.52254931352216
0.57701831537373
0.473952271711929
0.654592393046703
0.655568765257654
0.647525216621543
0.637260761942542
0.57008425558744
0.559948958769076
0.493295221888279
0.550395297368505
0.663542079469034
0.608217024889438
0.521208048229294
0.679401199401897
0.635548244943811
0.5582038962062
0.583348174378456
0.716936483118879
0.504862972169608
0.646564796541113
0.591459894315074
0.789334880673795
0.533882327921928
0.443756327826844
0.557827976553512
0.669421744010406
0.620562161456915
0.664129645157323
0.605835596830939
0.684681325652852
0.754302665640115
0.701449773662219
0.637494530220276
0.621381920636325
0.651092804253235
0.732661908783404
0.631794024179461
0.603079809279549
0.639188274995571
0.476507582144639
0.607449689163963
0.522291841157536
0.638135828154965
0.423969965035229
0.74296676735389
0.539650778048783
0.569382466272554
0.518953177444922
0.550077037848405
0.64503967691194
0.738331064696849
0.706875942328152
0.535238622918857
0.699770689076559
0.670610886719944
0.658859454400293
0.761247219950245
0.63223837603211
0.605912863113335
0.594185030698609
0.728510304048905
0.726199267186891
0.831743436472888
0.539121129763425
0.667006842188626
0.784265903519936
0.737278015888897
0.672576003180939
0.620233907612854
0.833641638711993
0.61676370065428
0.809392675987557
0.795931599805101
0.679051559049513
0.753354679400775
0.787174333538982
0.735497489319726
0.752086384265613
0.799474072284888
0.605253140132662
0.816484428674892
0.755498159755571
0.723762591404932
0.711453230169489
0.798520042549314
0.749059221325019
0.786983044421476
0.848688832596103
0.660109858909401
0.655885734174555
0.631110337519669
0.766730669489091
0.76128127002201
0.636823627869944
0.751161252339352
0.722510618022543
0.66566436768887
0.974847149266275
0.785156523080483
0.711577690881369
0.927275690504565
0.724101887924035
0.783098255214712
0.550279260612106
0.705629898775166
0.711810632566069
0.735428869405483
0.765772806395375
0.76127926431483
0.809384387741999
0.860925182392829
0.727950441029117
0.792751130570765
0.788396281322751
0.655178565371726
0.737198622462707
0.731930780789694
0.723083199915303
0.781771136586088
0.748132206018431
0.803485168278582
0.883869947357883
0.779300179998083
0.691377217370537
0.780629604624215
0.736256798251109
0.751740212565688
0.780722216247654
0.87657982667622
0.806256269983608
0.904969481671478
0.837387066846998
0.739240543231476
0.99473419834193
0.730836818955749
0.867710014342189
0.820347317038358
0.923418281416858
0.801199955522355
0.672210065240438
0.847862005624978
0.895574946283153
0.83413682327861
0.66622369603737
0.861441076756713
0.879343152137457
0.924162264543027
0.923904679552224
0.871347708375911
0.893128496810825
0.694139289802246
0.952164113022551
0.910627505686632
0.84397600563666
0.807365159319595
0.826544788685485
1.03422561295606
0.868722903557829
0.931347060855486
0.850785795824293
0.909145148351677
0.864301026752677
0.922450471100636
0.944252050891918
1.01098356813316
0.867270219835956
0.931660094434102
0.93904580670153
0.983082773487063
0.750683241423539
1.05589912126722
0.837680403340773
0.86010876089746
0.809716292446195
0.831645225268702
0.908120820276552
1.03629789088077
0.931480704339935
0.846699554153547
1.00970482926487
0.954484599797257
0.944326442134281
0.908333885756531
0.94252825754386
0.976134425688164
0.876974789505125
0.796401277724992
0.881052620066687
0.940499802441465
0.826313670745454
0.994191577024939
1.02285840655059
0.843568424111912
0.831462029289695
0.937853220861048
0.832837168814616
1.10858448204386
0.865964012779974
0.975068460774079
1.13787963032627
1.09980577978804
0.848615144584521
0.924102655959515
1.10947070776124
0.850017988912905
0.929332994353903
0.875281751878488
0.83453657346938
1.06237219869957
1.03713852686461
0.961121227105344
1.02086371675708
0.865775756614448
0.853046563495846
0.991528447720511
1.06994529913325
1.17715982017188
1.14275713323343
1.12110226237982
0.992795855210167
1.04867239869349
1.10754428082405
1.04447880008803
