0.023710909434601
-1.01357978012316
-1.07020177584735
-1.10707341767618
-0.993551450124297
-0.849473165592039
-0.932525469721165
-1.00808053803157
-0.917706963439421
-0.93129164180622
-1.06875195725958
-1.01834619653171
-0.937803508603034
-0.960791156856066
-0.927763065166242
-0.886098511466809
-1.13859727165128
-1.09438759125335
-0.912510937762832
-0.939531162116678
-1.0166402323455
-0.936065350594414
-0.905262990142645
-0.974203055733634
-0.886844852814872
-0.89891485352085
-0.961007757492872
-0.979596974030296
-1.06798228078129
-0.816875784887488
-0.985529979822875
-1.00587417134254
-1.00417454120076
-0.91001900986351
-0.955392333644701
-0.899346132760431
-0.929468736547649
-1.01444954036254
-0.898744497803146
-0.805460542085979
-0.839219868093919
-0.869140475283796
-1.07059790468467
-0.961880788988848
-1.0235517125987
-1.0221942162504
-1.00574319358334
-0.813418240522651
-0.88633059696255
-0.861607360367868
-0.931559010574973
-0.975641379258634
-0.749195865085877
-0.912954120984606
-0.831444204717856
-0.851846846400146
-0.956817730656827
-1.00785725765484
-0.888070914017743
-0.829789437234732
-0.955431958659174
-0.819994548124003
-0.732331974603596
-0.841669296708223
-0.956802024742151
-0.713490920301786
-0.802753530882485
-0.856593166747989
-0.743721506153561
-0.718775991198714
-0.809354976496034
-0.791937227495305
-0.889854692027282
-0.835028638234838
-0.807212700261554
-0.709922069891264
-0.917496281268645
-0.87918874490439
-0.872815048402128
-0.972561315911337
-0.909807344661995
-0.853494464831718
-0.875702746798413
-0.71701942888246
-0.779856562761342
-0.807652888144161
-0.806971483656129
-0.692814967132697
-0.709427462632037
-0.923389996911259
-0.745840415748507
-0.828640291536488
-0.725817014158993
-0.987789032777658
-0.848862386455602
-0.830531583759045
-0.82889612150117
-0.699538519343285
-0.794308354762639
-0.675674265256298
-0.834072799393114
-0.749320168850723
-0.820486315697813
-0.813318844492205
-0.859326923096533
-0.737867882689285
-0.701804228143601
-0.700750747717747
-0.925305350780894
-0.823009495970718
-0.917854107392661
-0.715426625712244
-0.787666993719696
-0.716145152561557
-0.817332636003892
-0.8103814968236
-0.763449622881236
-0.82204346214427
-0.941181868685996
-0.675117101348185
-0.796987266647274
-0.841136043009271
-0.823905084182053
-0.720317851472458
-0.742133586609417
-0.678399276671179
-0.786805680810867
-0.740452090791198
-0.718438962359236
-0.965076050265745
-0.697675842674408
-0.827426868883251
-0.638844513885713
-0.695621128252389
-0.692603563312324
-0.743963766307119
-0.799906735991664
-0.754260589444866
-0.724299251852867
-0.68120593902607
-0.634045838023244
-0.844671344572722
-0.68452609793634
-0.761598170635995
-0.797942657983186
-0.732333671550984
-0.671358854267091
-0.749118524337258
-0.749390641325277
-0.780574452275592
-0.683263671286346
-0.765383551539359
-0.790955858729959
-0.646502292910361
-0.811322752028236
-0.647114700994305
-0.639083589445966
-0.652969263909079
-0.722995639038844
-0.637923621735739
-0.782466370473304
-0.628166539307215
-0.617428405813028
-0.713639930744552
-0.671814801555897
-0.819946302327726
-0.432144371876925
-0.564734698312657
-0.655344633059737
-0.617634805465072
-0.723396679686951
-0.637649612670017
-0.580466769343552
-0.689355964333461
-0.6252002460078
-0.573353653890725
-0.6154556940789
-0.512637857901445
-0.675367672547573
-0.723159735303695
-0.677719569794865
-0.514085794998458
-0.526261979974108
-0.619031084229285
-0.659252996767226
-0.638605231133223
-0.573298339439048
-0.529613545200886
-0.500888413712977
-0.644784214688029
-0.694862559301785
-0.621577626519523
-0.650633424873963
-0.599142143201707
-0.568623693067573
-0.591682341167359
-0.669271500729722
-0.770944368099654
-0.690643363516532
-0.564671488247323
-0.660030724878865
-0.653201099690006
-0.64114163337184
-0.439817660823243
-0.502937758647104
-0.649662968397713
-0.591958432248666
-0.648913203682415
-0.698993291856464
-0.507794957250588
-0.397370385291302
-0.557753974800118
-0.673010183364259
-0.530809395521022
-0.711573296185838
-0.743585060617489
-0.498138465308187
-0.706133989904846
-0.531136875101784
-0.631862551653865
-0.609707187967218
-0.669613340645376
-0.436764145344734
-0.548749276507754
-0.593042564866165
-0.519541220328203
-0.342564637173186
-0.446847981435772
-0.660525506622286
-0.597380555858443
-0.381374313599572
-0.56130756143403
-0.517940120169268
-0.65676533083152
-0.531383868760129
-0.402537500831501
-0.575714299352396
-0.522263453133072
-0.602848520278405
-0.650933833671579
-0.599138193466258
-0.511844249904389
-0.456896798273487
-0.449237576540439
-0.353850268250389
-0.576080267406262
-0.505458831355749
-0.506717351183188
-0.683886004781475
-0.432243555913739
-0.599656871687132
-0.621321889082429
-0.535683943049083
-0.409136417939588
-0.492741308181408
-0.463655204833863
-0.579157889415303
-0.562185201212491
-0.598770304814899
-0.438434055064794
-0.548698520202116
-0.581597117356865
-0.465727317963946
-0.50937178643953
-0.501188001624108
-0.40991736417199
-0.455094518979982
-0.387955237338032
-0.474990254082794
-0.45432117272745
-0.555167269035593
-0.446894356534885
-0.581193966976747
-0.411593351905994
-0.410359347412081
-0.485331896735366
-0.403189463839805
-0.506939277825013
-0.496613567020351
-0.483843120889779
-0.443082794237994
-0.362126063538054
-0.439799619019551
-0.515645953257942
-0.402465689907513
-0.361933882731794
-0.543575876545838
-0.52163002698735
-0.298211103661571
-0.483134842651047
-0.357153566061185
-0.465293194904915
-0.411806495842474
-0.432906720105788
-0.449749768768964
-0.385404352129395
-0.484321886189736
-0.326176800846262
-0.446825410723655
-0.442078020708852
-0.448881858220873
-0.349930263556011
-0.341158102509833
-0.294179837858526
-0.307931454776675
-0.426123779215138
-0.256756232245773
-0.45238978352331
-0.483940598456701
-0.433236750530837
-0.326690190397768
-0.318868416215232
-0.341576964928489
-0.42061326797343
-0.510113265767407
-0.39928703025861
-0.309047623953144
-0.344045284956577
-0.352395057424018
-0.447771397972779
-0.390685443343278
-0.267675579683596
-0.310394710551516
-0.407267209442324
-0.293240153743319
-0.229669113981376
-0.262766896913421
-0.297613028354444
-0.282097577728924
-0.40967121648682
-0.53797645624342
-0.352656197181774
-0.292110227429356
-0.193539552689005
-0.29650174213449
-0.365226814079069
-0.317713397616429
-0.28738077636167
-0.355800624663271
-0.197206269688988
-0.402551009926986
-0.306795988362896
-0.402753374430209
-0.329702871594894
-0.310689061793166
-0.400821866067508
-0.2968156451807
-0.265306932792412
-0.376063729840564
-0.406848392595557
-0.294516249203133
-0.504487526145501
-0.29166377608216
-0.292569347896591
-0.192252913435688
-0.249771102694879
-0.340718873277416
-0.40864645939612
-0.283445887851592
-0.273173971547822
-0.333227656632205
-0.150112279085452
-0.195578058979447
-0.360484123100787
-0.398304773874397
-0.31517384476634
-0.233535035005497
-0.306986784822229
-0.27632575123841
-0.199126191999779
-0.267229422019584
-0.289430215509519
-0.283206178676266
-0.246062416454887
-0.215811716020426
-0.379001651295867
-0.309144613128095
-0.437244587710545
-0.201085474781391
-0.340391871948929
0.0637748246348399
-0.212053554083161
-0.314258798128626
-0.210899842636871
-0.249773376489346
-0.209007081718561
-0.191525245064319
-0.0322745934516275
-0.236734762824769
-0.181468257701664
-0.250399495412309
-0.130645469919411
-0.260573307524297
-0.120870311203371
-0.398955417238949
-0.218851936269985
-0.261960597694131
-0.221507000118812
-0.150930532233688
-0.308348685077309
-0.201908199069561
-0.160327930750779
-0.113584483298379
-0.2023530113973
-0.19768863204931
-0.174422303954372
-0.17869933960687
-0.204909939429045
-0.141088056740572
-0.189089976182917
-0.17172961476971
-0.0535736222140682
-0.334777548970255
-0.270795629587497
-0.147943146725033
-0.101828830012333
-0.185843704349159
-0.0373753664251002
-0.219555521371596
-0.236922116441703
-0.0326838146127859
-0.23093928939864
-0.20828386193871
-0.136901932906146
-0.121733774864254
-0.203028203864274
-0.0626100049097043
-0.128065447663949
-0.0943565578859966
-0.259690791919025
-0.0737520860560825
-0.0105883987701851
-0.205339243335553
-0.197709731313142
-0.0311645567368784
-0.172062626132328
-0.278282382373243
-0.290129657525245
-0.0520856175296439
-0.147318766380429
-0.0758984759255426
-0.228242271016636
-0.124765754729795
-0.122062728893628
-0.127719013962325
-0.0120176438050181
-0.0701515145629438
-0.134985756808895
0.0259059830470235
-0.108000699228222
0.0638851659400606
-0.21766108012365
-0.128542014917242
-0.0443082137555405
-0.0257757727978526
-0.0642805127559709
0.0365289762349422
-0.18694367252934
-0.0538042080842862
-0.110484947796321
0.0266282461536575
-0.172968909211703
-0.0742421316753282
-0.0114595062984434
0.025240902516252
0.131372614392964
-0.082897338801071
-0.0816240003244586
-0.103301114110044
-0.0474583803117588
-0.0161929065328522
0.0289141654083229
0.0232920201088778
0.0533687708348078
-0.0488843240400543
-0.0438349191576353
0.0112758870899188
-0.132383888590212
-0.142489134071953
-0.115079171218966
0.0703238358442958
-0.0465272812805961
0.0164788031219693
-0.00882378598599581
-0.149784532044259
-0.224190567249207
-0.0459894624714437
-0.00234681164761058
0.157594852017301
-0.0386304035395639
-0.0189264921529873
0.0451057120582449
-0.125997180051858
-0.122538263839068
0.0839791234005489
0.169713011581238
0.0548706855831966
0.294365967654263
0.00056840201580719
0.013486761925196
0.0197983870008365
-0.143333421054223
0.165005334509119
0.00086837321063186
-0.076329221855796
0.0529344839935925
-0.001296709682644
0.136811440939948
-0.0897557097533004
-0.0803336241678597
0.0613394658682469
0.00738060788385895
-0.0504268253058603
-0.00756754130167786
-0.0546969446262117
-0.161120098785584
0.0265881923559163
-0.10013934167476
-0.120439653548657
0.0292762911345617
0.172884254783925
0.0909616108932135
0.0754701933857233
0.193153036465059
0.0704842461851635
0.103545489488493
-0.0609304057428651
0.1752791140189
0.081026704148231
0.088757286079858
0.0591725867265649
0.210107581112087
-0.0293363633099968
0.125928730253153
0.0636020495898259
0.0533610222419116
-0.015457864441702
0.0761743294651303
0.106579675921948
-0.00739966103538616
0.109902757433962
0.0234905345278425
-0.0163255523248805
0.162291692426534
0.122348695816284
0.0661715020431863
0.0837079340817033
0.17885599986523
-0.0467821999117942
0.0326549159668867
0.163563788193847
-0.0275962076462658
0.158618997006841
0.00770206362420542
0.0784181570843595
0.0827094836280117
0.156988092237627
0.0232730235604057
0.0280902148099197
0.171730839796936
0.147316175597242
0.117516905751134
0.192718330968098
0.15520490658275
0.168075101205098
0.128180254013413
0.0948556077487686
0.143313560318326
0.0139797529495336
0.0847521155799738
0.120597633281494
0.200219659386303
0.209757978781435
0.182840066941779
0.184541695181077
0.137668794831727
0.0155862996329146
0.201548986285245
0.0683515114750106
0.131450339105204
-0.00389804400973258
0.270753499194271
0.019221439421269
0.172295409476185
0.0774600217136841
0.364385040467041
0.0399579470505581
0.129515549207991
0.216490859629007
0.288843656641033
0.159474278338193
0.155649312441836
0.237338575802016
0.229597826091443
0.225983420827146
0.17388028355034
0.0777404227914442
0.230764454850292
0.222129954763495
0.100227905294176
0.218806252389255
0.049928260421597
0.182383822209445
0.143052990053069
0.38536742817342
0.309158938008737
0.214290322097742
0.169884938762242
0.273261377451059
0.0297258992156671
0.110420358860535
0.174837969923536
0.171436985963475
0.047402160403671
0.20485443970507
0.214420159984474
0.0459735789380474
0.19472970831598
0.276881974630669
0.267618698372726
0.359435930382183
0.171996817311047
0.224458271406474
0.269382183949682
0.367382652845905
0.190480656190334
0.161330338514689
0.258612095183627
0.368232867044993
0.32413744647594
0.16037609934125
0.277822338416039
0.288222010224909
0.097571173833108
0.340446294065863
0.357049451722664
0.276789194404203
0.292210630204999
0.174387059969156
0.242383595868828
0.210021120570393
0.173651201779673
0.31287141727313
0.304529071602257
0.311461122725718
0.247999556068042
0.362039330772251
0.147740061914276
0.276678416900599
0.386095677021326
0.354126940571831
0.318418801629746
0.441161746513742
0.307181494574492
0.26245755707602
0.386522931969896
0.35578687214705
0.388119283205533
0.234913073960401
0.374197633876804
0.330311170963079
0.257722938485878
0.366605773950897
0.316734303826424
0.329518129695589
0.273090915866769
0.297943166796886
0.327142748952394
0.31806600571831
0.372539455505333
0.3628742256738
0.3119304907977
0.305385686532056
0.404648236925287
0.38121194657606
0.325672994048573
0.211935034616971
0.363934254830784
0.373694834574498
0.242088121554976
0.346678451838472
0.2958424485123
0.303422712874145
0.397489974644977
0.412425348756502
0.421823620318239
0.405518396381998
0.292337205213925
0.235838740140479
0.358555561581883
0.308438072703592
0.314682684736921
0.350754374608888
0.39175090073248
0.318778396449551
0.504175932672289
0.565369034604526
0.423968205204581
0.494284941134847
0.371247806886632
0.415985957067227
0.5511749940973
0.463776592761573
0.483941021472128
0.402824627245157
0.360087075023596
0.473467284104916
0.17635122326968
0.243935882365197
0.42917653891141
0.282910363825814
0.43451203105586
0.503612874439915
0.540089399803285
0.250275928547877
0.546410728001835
0.421886006408111
0.376302962126282
0.420609846642923
0.362773049966773
0.409579264585916
0.304982939741241
0.610232781478558
0.377854083679436
0.646279539430257
0.550973761000276
0.381051860081943
0.410980088170711
0.276116065494092
0.40724402206971
0.483332643607416
0.57090056160682
0.428190220017169
0.549504005692897
0.432184334795876
0.420543401827574
0.476898457226726
0.408327391174876
0.451146797182967
0.302397175760496
0.396036101048738
0.435483822035005
0.432165974436621
0.391024060723313
0.420724198749214
0.585714387887437
0.379972519347953
0.525552737117797
0.549265985113957
0.493532041995823
0.636451395000546
0.456367776494436
0.590005845348663
0.546546004472552
0.595298032163372
0.439117486924795
0.521029612812046
0.4871686783993
0.513817652274355
0.559757949918248
0.558098975013664
0.503969903830547
0.476580376265121
0.566039076959208
0.517703698144732
0.555396012181626
0.468315640775081
0.629716568523844
0.403575121305902
0.528270372491405
0.432152662032396
0.577969200739871
0.554002006402015
0.509756829557759
0.536729542004412
0.663348647142322
0.605243729647242
0.444156702918947
0.418376925836078
0.510690072161669
0.562308535371615
0.658846485615958
0.534543067568855
0.57906478475371
0.680071434826194
0.566774223820334
0.496211164339755
0.699183204102243
0.546624072164607
0.571978022426189
0.704601722058216
0.643038873240686
0.344554591215387
0.538967811619124
0.632380321767808
0.522132600423901
0.689623050528867
0.685811895820323
0.444582447601844
0.579166720324603
0.614586234777885
0.591270524889412
0.503018373128277
0.559374068763523
0.552092105671397
0.722432111681945
0.528468580866961
0.454675249375175
0.678997184938344
0.494426378465666
0.748286589972149
0.708075428362523
0.661616134361607
0.569227889812526
0.65874134398698
0.609384868296501
0.71229632893542
0.661761256093022
0.5449988419358
0.651611263902449
0.727049162867209
0.598459675135484
0.717085368318189
0.631268537375127
0.659619318299539
0.603889317231318
0.744036315152208
0.674236663731644
0.675557885472595
0.674528685910634
0.686844871640414
0.594294794378135
0.741146930625295
0.7567062632257
0.747877599148576
0.776250494986547
0.567483351451992
0.654203252305267
0.629644461090038
0.696116961057831
0.692509455980345
0.772751286569305
0.797749762573536
0.743088470073839
0.465951030923154
0.651365547779428
0.642495456314265
0.679101745922054
0.635779256409305
0.683556922966848
0.684987986424948
0.732506996960774
0.721115602055223
0.719197526630328
0.772157566030947
0.730334267043995
0.823472911891113
0.792395786183905
0.729537114073558
0.690235149423566
0.87017759050836
0.640216833096734
0.65121255765493
0.756526012461168
0.718344979461402
0.581800360204873
0.620847464099284
0.600367135779828
0.675778949234002
0.748481084084784
0.687800124558585
0.728744655726058
0.671712980072491
0.593968340904769
0.701730838000501
0.830651370873596
0.656945276417473
0.752072622049099
0.668638325772071
0.725226636384132
0.822006955263749
0.769629208345488
0.838176054758894
0.724319955507033
0.862024022506469
0.723835033573613
0.805787338739169
0.73562201726289
0.817226552816621
0.924341841844815
0.760976993455442
0.763357004440033
0.960925543162359
0.893857996373198
0.67929947575321
0.831222702501397
0.851281291673102
0.744580269050183
0.841468046961225
0.813882848690134
0.825005904436168
0.720498975190636
0.685330145345746
0.908245828807837
0.76752769506938
0.685271048081739
0.681003172703674
0.791244578098514
0.98186765476632
0.846035832434304
0.867958307505218
0.847374995360109
0.978831176666128
0.771674266690935
0.742905984685723
0.83906099206693
0.767983073743874
0.838327395998959
0.937886238927296
0.941935726749549
0.835178718625259
0.92487478519462
0.834292752741671
0.755343805693034
0.823339016040616
0.79220971125933
0.751511992287993
0.794275870790266
0.765629888114386
0.87766390529019
0.984987609231545
1.00673763310091
0.938376072703065
0.790240544298266
0.783608275352906
0.882729451395339
0.95929120538793
0.744349653394981
0.914626807850515
0.810803965587929
1.03029534033184
0.877504326148212
1.13942647528058
0.835543661581011
0.917405017185279
0.886292238400351
0.918226981852581
0.887676033303261
0.825295952890884
0.945800680430622
0.982182214346345
0.911862640170303
0.818607488314725
1.16255327435856
0.967246371024954
0.837450580258604
0.786197790971608
0.890867009013395
0.966537796928577
0.699166802677296
0.93782287111469
0.864484025586497
1.01119330259333
0.917785282575812
0.941779986738879
1.06512053619477
1.00479094495245
0.946373840446417
0.975752697475888
0.914176178927447
0.959832159417623
1.02890464256833
0.924221959017278
0.914320940767607
0.997367902261603
0.878976482813823
0.975708964004886
1.04019114166654
0.969103489003966
1.12415415702927
0.9462420095316
1.15257110142403
1.01626763900818
0.933255898108378
1.04818510599558
0.877560616170048
1.10460750542454
0.914638759467146
0.85730489628941
0.972924629079037
1.08890676271792
0.965849116987839
1.07012065607222
0.93736486776663
0.899133314443347
0.959871903667326
1.04296347412942
1.05373504945671
1.00194230566292
1.03050848479932
1.10482349367432
