0.125665885156083
-0.968105906546435
-0.937131592017664
-0.949065589028332
-0.990627755682674
-1.02555855620938
-1.05951550545294
-1.01981756734923
-0.878294966372029
-0.883557704223195
-1.06520713623316
-1.05813241291459
-0.941761833837336
-0.998506262430816
-0.997888715885527
-0.984700173231942
-0.927263029738341
-1.00212769299252
-0.80454147357351
-1.01799695164281
-0.821960480460396
-0.781098144804551
-0.803912210943407
-1.04722979643176
-0.988315526694539
-1.00003753615109
-0.895671609156786
-0.887281706818717
-1.06132536963595
-0.831878847203842
-1.04266801154041
-0.947968666103529
-0.98855146992438
-0.976845184950851
-1.15355671880452
-0.865925189206283
-0.960961965389593
-0.921680587089911
-1.104530776582
-1.01910092591444
-0.973643605187602
-0.850988300842233
-0.843434477098396
-0.731697953267852
-0.824123199804413
-0.823696293221246
-0.856189514764724
-0.990398308102783
-0.902551058610836
-0.940014402597166
-0.889192761950491
-0.883254098774227
-0.8950106174434
-0.762889475181014
-1.0478876782359
-0.700114104699189
-0.928448428592864
-1.00497082048151
-0.815973184994352
-0.853130625854526
-0.898009638753319
-0.815146768159935
-0.834685765980083
-0.858389759662991
-0.798197828189309
-0.935071644880835
-0.817264355597007
-0.710603284675575
-0.912432657839426
-0.761715606174284
-0.859308832571209
-0.904725830899549
-0.713778567981089
-0.768599493004305
-0.671906074618382
-0.974042933963986
-0.800865884883162
-0.782061417040169
-0.871669208676182
-0.85761178723359
-0.739721288478591
-0.83627499404498
-0.908781206716583
-0.804184333213276
-0.641320858116307
-0.841337133301311
-0.875895186070439
-0.743019481623774
-0.908021095217386
-0.822978787605625
-0.785820742451622
-0.789074203337598
-0.858348731342307
-0.923045409657625
-0.774982638546522
-0.741184368892041
-0.692816683260749
-0.830344490581918
-0.668584371099126
-0.815467645515981
-0.822924139398227
-0.823164358484179
-0.817828731803235
-0.856836888949773
-0.891257628563013
-0.778519487104065
-0.923528821751999
-0.699797049975726
-0.705173282820971
-0.752120002429525
-0.806156880928571
-0.734868860232188
-0.674456694956823
-0.677879231423812
-0.801032911901796
-0.718792902773753
-0.807031563252719
-0.82854853117429
-0.716729958888478
-0.794451201715039
-0.707786420812144
-0.818967874502674
-0.841652137542168
-0.618207237792043
-0.74477820389013
-0.746317147931832
-0.712784011791605
-0.780163843618421
-0.724390555842979
-0.734902161868175
-0.596809842521561
-0.781030131452511
-0.832787201824266
-0.742975687664166
-0.710670344535851
-0.720207359039889
-0.767732265130495
-0.631635202577032
-0.840187783596081
-0.632139983727181
-0.533340498960775
-0.67513968279758
-0.707634382206472
-0.728672265162833
-0.79951011862901
-0.653615607978818
-0.820583116022246
-0.593066351945875
-0.620148834367847
-0.686209600794236
-0.673094491276597
-0.63099856237849
-0.656221717925843
-0.746972391710378
-0.653970510095484
-0.732785150261943
-0.71544628933943
-0.688465849499435
-0.574699955928795
-0.502379833438753
-0.620950525748857
-0.558809065906709
-0.682341214469774
-0.654254131734493
-0.525999583834465
-0.629764308262375
-0.660586184170809
-0.569165199510342
-0.756593120947244
-0.571369077535911
-0.558622057277638
-0.637073318488949
-0.710471197868806
-0.593393335739842
-0.636252054862988
-0.677634002805028
-0.59188387573567
-0.718187180522004
-0.651425661792615
-0.515241834901836
-0.741496887699588
-0.475768044413047
-0.639600560105131
-0.704383455446729
-0.787357127700403
-0.555162523914023
-0.667143434025329
-0.687579756175456
-0.688650231892805
-0.563519885331122
-0.763777502373166
-0.74584981473139
-0.575620964584638
-0.5491527108855
-0.570657590372249
-0.552189157239884
-0.525643149170835
-0.687536770500334
-0.56570273534237
-0.6553565593707
-0.558361706500676
-0.59914748339009
-0.569383987148825
-0.518232256544864
-0.641354897789116
-0.532032355944092
-0.586090216092149
-0.575493202172848
-0.525424663348608
-0.494929409085033
-0.612606699178101
-0.589194497634904
-0.513258045395569
-0.440750164345536
-0.620212612997377
-0.506484729030119
-0.584397584115695
-0.493383685833353
-0.54597866048742
-0.551087077960189
-0.469382892173822
-0.603616855339781
-0.608130006626025
-0.65731417573963
-0.597646596302572
-0.58176931015878
-0.568599285661223
-0.505166936933766
-0.636850405707623
-0.4635658451743
-0.604304979193936
-0.536401739875675
-0.399632587072826
-0.53491606637181
-0.481241315464089
-0.629320232775878
-0.403008555188622
-0.416222294735482
-0.54181523428846
-0.464509927374582
-0.616312606379604
-0.539565164015146
-0.466967010677926
-0.54337383443973
-0.612942794098018
-0.653230785387209
-0.491768967894696
-0.476599485123513
-0.494198617424118
-0.306562276219763
-0.424693357242324
-0.462402492758479
-0.435285349720358
-0.560980992390732
-0.566906222098812
-0.520552793056199
-0.483485135016361
-0.48162160139712
-0.566934607723179
-0.487217867613601
-0.621611957504066
-0.361242207659755
-0.471888148209418
-0.370828748673607
-0.667451926066935
-0.495856830712969
-0.592457639448619
-0.490744046002949
-0.301683331534358
-0.550010865961129
-0.435201055271691
-0.467492339970685
-0.425704790067676
-0.660058264209554
-0.482081947620062
-0.463619224578398
-0.570448394352062
-0.633195744552372
-0.644605443645887
-0.610280294819452
-0.393096898584075
-0.335985506989982
-0.529700827277885
-0.405381506873689
-0.353347874218702
-0.449874111836674
-0.282210106852812
-0.423406925519273
-0.470451975130235
-0.459251451066812
-0.421597443690872
-0.400721660917228
-0.485408209053495
-0.385079969277596
-0.312907422103028
-0.460712944086917
-0.483948828070709
-0.485683644462174
-0.324633245866556
-0.277114040512361
-0.382166877529604
-0.419603908699471
-0.431021127079775
-0.408181824617693
-0.289512032981358
-0.35285552899423
-0.396364109493568
-0.612369354501195
-0.486607989894708
-0.31266694096296
-0.392717678877271
-0.287941804792517
-0.20494068013802
-0.432888207110818
-0.500309554068673
-0.458443710808429
-0.360195855196854
-0.375815583103933
-0.308436146309025
-0.404791691296037
-0.386841199132562
-0.43615761917265
-0.34520239770244
-0.282946207260815
-0.321836638468481
-0.340141585049359
-0.424623640045804
-0.114755367872591
-0.352688332817006
-0.476555929925201
-0.246781242872623
-0.392824361051701
-0.300762876098446
-0.181572911160861
-0.530816924423698
-0.225183964012562
-0.410190960207083
-0.288502677151698
-0.301723827247957
-0.350354973931306
-0.324587086187785
-0.366759474154622
-0.395403575167938
-0.327560368213665
-0.226365180025846
-0.282965770548979
-0.302078126741616
-0.308531512075324
-0.305066316781144
-0.333106657439424
-0.375313993453754
-0.373935240109308
-0.178980742596629
-0.208030842535756
-0.194834109941893
-0.281643785561826
-0.301284680234496
-0.23916916515559
-0.240530927531553
-0.270595600394274
-0.276211582219398
-0.301911362578146
-0.336232715712062
-0.263655040246721
-0.21950589169624
-0.262111061648097
-0.314262243361207
-0.197111224418575
-0.342903715357062
-0.30345332685252
-0.145795287111532
-0.228685662922316
-0.0986686886059662
-0.347522643224512
-0.197641854393368
-0.2804056879702
-0.254475546211336
-0.158788273958841
-0.166821520782232
-0.254487845926711
-0.245117476105733
-0.295607399894451
-0.384982242858646
-0.184609516968932
-0.286382568373083
-0.165212892179482
-0.129144421362234
-0.272752322250107
-0.108062836830819
-0.211212020884942
-0.213965583068012
-0.227801575991426
-0.24238781022358
-0.256327282663469
-0.226412321096434
-0.177569673194432
-0.208764523398414
-0.047921394227905
-0.180283254329575
-0.191700259853696
-0.153359320805804
-0.139268896924052
-0.137124077632407
-0.230059939659337
-0.0861087537148556
-0.321956521154051
-0.184188163749335
-0.285255187879204
-0.179040170053215
-0.14958159322617
-0.100010723382779
-0.258587463455403
-0.21223518145303
-0.174714303808267
-0.251840188175522
-0.100526084746146
-0.117709040980521
-0.148007373753624
-0.279251828915194
-0.22767948623343
-0.0783460868310988
-0.0699515228446553
-0.28288707692253
-0.0791156890241033
-0.311832004560402
-0.102301481343158
-0.150202328204386
-0.0500861434348576
-0.03988224665165
-0.145435851521599
-0.170944361905931
-0.174890453837993
-0.0730874301877214
-0.15875584777569
-0.061172036819389
0.116161484818804
-0.0500140252095688
-0.192315895409653
-0.173747047248494
-0.119874672704329
-0.132442169302284
-0.222751464687625
-0.163768128991533
-0.0654221697415794
-0.0531098211455039
-0.0448097436923975
-0.152391013069732
-0.158333292438076
-0.0189345551857183
-0.183046125820874
-0.130848999523405
-0.00369530661346746
-0.1701562714368
-0.0768891701906255
-0.107433451238043
-0.0703716235143263
-0.092413043859091
-0.0723391066480045
0.0654942433066931
-0.0558272427548667
-0.118139971534239
-0.0589810886720199
-0.107746779074506
0.000941315461541468
-0.102660385398007
-0.0224566497777161
0.0101722168762611
-0.0395183948421942
-0.0722384234275235
-0.191353240193737
0.149090317093068
-0.0342549851472401
-0.0292958169093914
-0.0942115959081808
0.065128846159923
-0.0689075837507908
0.0180954230027166
-0.163164364973385
0.0187428908939241
0.138523847185423
-0.0854681752510581
-0.134959092018579
-0.0337297196901218
0.0935709372284102
0.0612410804039527
-0.154571945645948
-0.0268679070900169
-0.0462652976382956
-0.0258225989975754
-0.0578817764785676
-0.0581512070089323
-0.0417506193482433
0.102090564212265
-0.0909843496617326
-0.0365022608123591
-0.034984181357313
-0.0135339864225663
0.0170051298360055
0.0642822414883455
-0.206477023747334
-0.0239071328972304
-0.0597298695406705
0.0322510354333715
-0.0621995329339825
-0.12903433702223
0.0775414306642314
-0.0666879326406481
0.0693914204298273
-0.0153383199706117
0.0708484220182854
0.148143517118038
-0.0290208316636693
0.166274624266379
0.0353126288737952
0.0663730161678219
0.00320499003410143
0.063806789679099
0.0922402150166033
-0.144042262933854
0.00893824113472549
0.0596362600254312
0.0808508808837809
-0.023030011262591
0.25990247340243
0.0546101593863132
0.0584368046594141
0.180707306321936
0.0997694127262045
0.0601983674715159
0.0370033760902079
0.0519965650809338
0.101575246807266
0.0305329150061887
0.041866667419528
0.07379421358923
0.0814753598052327
-0.00997572280313832
0.0434282805144391
-0.0126456703691456
-0.00338351026538346
0.131292895107866
0.0928508929998209
-0.0627788828509924
0.0276248758961448
0.0537974294096217
0.00324149576719663
0.0546313834639872
0.0589343069752878
0.0422792728501657
0.144517729684421
-0.0695190943300785
0.114507206353249
0.012505970212599
0.182181722074246
0.0907347102262272
0.0458707138851259
0.160770656343025
0.322418575935787
0.103654554538281
0.131352352799653
0.174693635576233
-0.0232737027103287
0.0876817657204779
0.076197904799938
0.20004643641341
0.239329906736414
0.172947373822743
0.169621810694086
0.0342821275309354
0.087962860728002
0.18491587459499
0.222677938883898
0.138934543581411
0.0244088191316423
0.0779691314844797
0.221195905036262
0.211068586693137
0.101970530831368
0.20973474297736
0.111128692664239
0.338136594743559
0.0481826285234577
0.139742495586425
0.144892984909766
0.268748469112767
0.208565534032812
0.0497331855508735
0.15552368670371
0.254217167085394
0.211517216610075
0.264961910349942
0.18456272703266
0.156322674475082
0.150929185866683
0.0146579304399105
0.202615501931622
0.128397152354815
0.0583872680165069
0.290858156359873
0.154707665830028
0.213670353231701
0.180561178303875
0.182367873444682
0.176587540674866
0.102939058701925
0.21257772939366
0.302051110842896
0.189510045305122
0.253911857159104
0.169765946250959
0.149275047948632
0.231488074915627
0.112333640471172
0.186813476406092
0.339438215520203
0.149761197528965
0.259058341953686
0.260467771222413
0.267231017899038
0.251521574238327
0.238309776076093
0.38995438938992
0.191568151577306
0.2796591169234
0.222181722045345
0.291004621111249
0.316907036621497
0.259705908275392
0.173184891608531
0.158125240024229
0.00701908518900477
0.210773697053809
0.307555933377661
0.333196983027015
0.170278986156837
0.190488816194997
0.376836076732807
0.369525130601171
0.311828713352827
0.158431358442848
0.357497446233194
0.263674568392158
0.170168014972345
0.44069004001046
0.211576822914311
0.219950949012349
0.26804670083957
0.204915346795816
0.258753140726926
0.228335333521497
0.272116928322189
0.347895228187916
0.306544934727138
0.221783659326414
0.323573307153193
0.345595057777711
0.266022998519906
0.385043724972763
0.211041613528755
0.204346512589504
0.500076649436845
0.401803029688175
0.391539935386644
0.342926869429899
0.248799064369288
0.211736118008645
0.328985786811405
0.301811865512779
0.400550849007028
0.357125504868124
0.286762899009173
0.411139421317864
0.363476739257164
0.396674916039213
0.419612871284417
0.406655427752114
0.295479315801909
0.312170570532862
0.25106039752572
0.260703569941464
0.507348652168303
0.332128084617772
0.359593635831777
0.207127880064057
0.171812234212367
0.353648882883339
0.323231293041587
0.281284654791367
0.241809432029435
0.347755322912459
0.393489353791046
0.369557541686276
0.30004547455804
0.415678147229085
0.324498102892748
0.32643310213806
0.477645757469656
0.515982927962202
0.370458954809183
0.520340351000842
0.220351282563661
0.44001098311494
0.407002270404512
0.476911886229798
0.419965008175554
0.294392803103338
0.503062552429383
0.376070349885328
0.557595353233912
0.433003572501409
0.516923479954626
0.602580886374235
0.420211422182546
0.448586553074778
0.37587961080545
0.3902667932946
0.33502941892331
0.348192428706003
0.545036787804407
0.364834829470053
0.462948075628165
0.421634512475267
0.414798523768912
0.379952627827652
0.307818334876098
0.247381518055832
0.398806944922847
0.257868833073151
0.424610168588553
0.381092422840332
0.411711992220427
0.359799795339813
0.455941484631143
0.472061375031194
0.381646939351552
0.322664997892952
0.530330423858467
0.464954979264497
0.568304108858664
0.568463409946285
0.576331580440211
0.577284682654742
0.401742192821639
0.632672138796447
0.335616193413577
0.574074493665225
0.495742135780637
0.433720406936545
0.484312326355324
0.399886446351819
0.41093433246659
0.541981075530284
0.521418932021299
0.558772645596733
0.396788712473355
0.460287201251587
0.434630283082119
0.370579726069285
0.64866197272072
0.477879034459176
0.593527259580896
0.599953633751074
0.572636701263605
0.470042757305955
0.599788269325131
0.480581363341363
0.550136190977097
0.693852775415193
0.592108170227049
0.640979640445002
0.546181428760369
0.361428423617399
0.597824240369504
0.524357002197024
0.618826512086071
0.537563318292224
0.407106576924372
0.503757202606839
0.631468285059033
0.499655524086956
0.505218180013574
0.612980363078019
0.485568526376435
0.379559764710128
0.493013592572042
0.580677747368563
0.590922302900398
0.514975518068269
0.568186744073464
0.596813462503684
0.747726344286049
0.730626917128144
0.566269608256299
0.548614828988966
0.402808441468906
0.49527018669085
0.611886471484317
0.641910162493846
0.640796727484684
0.517559235479309
0.581836534264394
0.686205262235464
0.657922336443877
0.516250804958391
0.603893991163636
0.563823533079179
0.636013045862965
0.601066068801811
0.52533405488101
0.629068032815186
0.648024886145414
0.659488298276309
0.502037742634446
0.71038349413967
0.654181023153411
0.67519786660481
0.680449606129725
0.650646482732229
0.533156325488141
0.725208450821661
0.553633685350816
0.649310161616147
0.686288812872962
0.580361451708863
0.724559843083544
0.621786343769702
0.672059404274604
0.537019115066938
0.698028419059758
0.655145383976094
0.637975830509059
0.659807491125372
0.735527717909476
0.77326690062448
0.729418847017441
0.708462429423213
0.742078795223937
0.635175059645146
0.652753559398824
0.422965388530186
0.643068029943044
0.790961034685113
0.733735159097715
0.621886163579096
0.760954093989455
0.562033440818796
0.744014713227257
0.615705197336165
0.645080522317434
0.632285664790228
0.63667683402342
0.683459284977799
0.697379115858486
0.823919414034596
0.807316684120524
0.753557287182773
0.806674641604076
0.683086392732131
0.747061224890518
0.686593327962323
0.663604781927828
0.775895844930112
0.750377795240695
0.670771982576853
0.899690199103326
0.70910175733254
0.687412541396487
0.80687349943807
0.867183480291791
0.73914145486485
0.573082714376474
0.582098602745154
0.644851398935514
0.820059735950569
0.784545549109109
0.649197423688855
0.6839357841603
0.67289398459678
0.841686477341214
0.823110245338313
0.726569193200325
0.720556885459251
0.815937490439822
0.843849913114611
0.724188461477709
0.836072739401588
0.869127782290303
0.593018917238465
0.675268089524052
1.01354188609115
0.563512676374899
0.753814365829565
0.872620076448335
0.741408638645738
0.920377933740268
0.72886937621507
0.740125245763172
0.862445343114485
0.730970419662287
0.627189449681304
0.803819230367547
0.811447015330017
0.752410151748007
0.879696843964457
0.722747005717947
0.912789300223969
0.960686967328036
0.891116936114344
0.891326240454492
0.713119249801508
0.866463685621167
0.700899599378959
0.861795688438827
0.856921137604957
0.8866197722485
0.804832078654626
0.729553598010372
0.896109233325411
0.777151060519117
0.957585644140053
0.853977698689323
0.87890535844415
0.805588798107604
0.824642523243339
0.781824419922968
0.862465927730266
0.794861160593236
0.791424693582087
0.776083062013722
0.797840968657024
0.830525575999884
0.776796076145693
0.752445027913799
0.899746595151547
0.856008666678167
0.851052198639616
0.890071232696274
0.901428888321625
1.02386799938291
0.911552533653217
0.786254509709464
0.739203249625101
0.919471836142612
0.863435571598086
0.887895388179379
0.783144103328407
0.876754764645562
1.03231946417031
0.958590232117079
1.01878573779075
0.970251817667558
0.802158603282613
0.830392215848639
1.01225981714322
0.826336618261295
0.951479044955026
0.934457797670747
0.933144488967331
1.02184618455838
0.851331443915473
0.80300187537042
0.784608283719626
0.957817244370858
0.906714773554975
0.917742383390277
0.878780151132509
0.86306837150422
0.952989616779167
0.930411960371885
0.936036756016636
1.0126441329149
1.05237531372939
1.11946722801692
1.08930487322506
0.905009342243155
0.902368086727327
1.07619350174648
0.868043620362098
0.948111006891461
0.819398582458085
0.874690389643605
1.06332552043201
1.05389977662998
1.02857141419496
0.866319027516028
0.963453473088246
0.906710600752724
0.891518157897745
0.963905614721168
0.995073361067309
0.918972447485891
0.946355064194894
1.00889771696013
0.867103054634103
1.0642310268583
1.0125421329704
0.874605784726593
0.955818971574239
0.930557114817294
0.993357638967849
1.10474470575689
