0.112543324503306
-0.972815014961012
-0.939233390655248
-0.956801302338486
-0.983625107535216
-1.01860282762745
-1.05887592798951
-1.023096551611
-0.876974247802633
-0.887878135502938
-1.05696411860697
-1.05418355855551
-0.964206964203593
-0.996559707558755
-1.00769273420559
-0.995710947686175
-0.937562187448407
-1.01873915327918
-0.820636111021846
-1.01785639804672
-0.848538531530876
-0.77184604479863
-0.832912793552531
-1.04493082378338
-0.99395188671834
-1.0009376816224
-0.896279748995395
-0.891108631890457
-1.04433654927235
-0.82973300699499
-1.08089063752105
-0.962418075123165
-0.974890816124671
-0.978452610796714
-1.16022301210539
-0.858701227928209
-0.939512845896599
-0.950167911033705
-1.1070907573577
-0.990917873641736
-0.97479547005107
-0.844519915488073
-0.843666638828536
-0.731962846697162
-0.838946577354831
-0.835421279611388
-0.867034489013299
-0.985849517004935
-0.898636927618707
-0.93228555380943
-0.9097004842356
-0.90487302391918
-0.893343485021906
-0.750817725449621
-1.07429915938321
-0.700162444100795
-0.914460793669034
-1.01348288439724
-0.824020633709947
-0.838078346330111
-0.90661462690566
-0.805328273963064
-0.849478841631753
-0.854961722928633
-0.809789725025799
-0.930442535037936
-0.804331181950016
-0.702130104488196
-0.892330846461295
-0.763057042222255
-0.854531340168139
-0.913416266101068
-0.725656294665254
-0.779457210168313
-0.661190568845723
-0.954684066858441
-0.783958913633954
-0.79295154518922
-0.855908543673761
-0.865204014474521
-0.734635583509698
-0.818966049698547
-0.900941545291367
-0.78756274198172
-0.658882447368854
-0.817536726507796
-0.885174791636876
-0.737807428218779
-0.902926209396811
-0.832414901852053
-0.795041746787984
-0.795394167312815
-0.856469133931407
-0.921987671356755
-0.790032613664705
-0.745768374469902
-0.677145893727327
-0.835333322191641
-0.665045379665059
-0.813798556188326
-0.833511043038775
-0.831703782819649
-0.845425621968321
-0.875915483985891
-0.891654283429126
-0.791877774733842
-0.926059864942428
-0.729087495497673
-0.723508258857027
-0.737306529149521
-0.807683673782079
-0.735710263003987
-0.647384815321081
-0.677453930161988
-0.786893765624156
-0.703937736248256
-0.792965120200225
-0.827502596991626
-0.74132595683401
-0.804443198213226
-0.710384647996386
-0.840604297373329
-0.824741415199517
-0.594593663276786
-0.738826285406298
-0.723418829432762
-0.711470876513219
-0.79280990089776
-0.723996016798028
-0.729556525711097
-0.593259364001343
-0.789873743868468
-0.828711834349261
-0.766930462665996
-0.714796895493675
-0.717097052672352
-0.775410107890654
-0.61766153210201
-0.861533898046301
-0.669840822193057
-0.535924781864019
-0.696627683562912
-0.708676974744117
-0.739334099659005
-0.79994172169702
-0.652679710287684
-0.812434687472401
-0.587362619417734
-0.638020612402967
-0.668916489221055
-0.670016285651389
-0.623338884949551
-0.638638989316433
-0.74101802739817
-0.655865680735112
-0.741084040333938
-0.717279033399236
-0.679256416076474
-0.576960165344354
-0.537118774304927
-0.612290020802857
-0.559461673327574
-0.680942232950569
-0.645915071304756
-0.513943655193281
-0.622047250621381
-0.669706559530665
-0.553499713193049
-0.741649824244698
-0.573766876082598
-0.566613220803637
-0.654730259559812
-0.700967233403997
-0.615801361591964
-0.638131808467689
-0.68560021262929
-0.578501960718923
-0.737451084773328
-0.665533943144678
-0.498531513814443
-0.742158302233814
-0.490069256281276
-0.638574593850288
-0.697755490076269
-0.809834802912362
-0.554718483577435
-0.651972814194104
-0.673809989358949
-0.669302172699105
-0.561970692289129
-0.753402405395636
-0.743244650007608
-0.593150385342938
-0.545731240905488
-0.574282602691749
-0.541764896631081
-0.544107716209234
-0.691752421357871
-0.575080052683682
-0.663144500383492
-0.592323000648606
-0.627442811099366
-0.564525437433601
-0.530997562302499
-0.637700256096932
-0.536260596023763
-0.572756360158934
-0.57222054762254
-0.523601971886456
-0.507430251693103
-0.595465760296337
-0.602111171708287
-0.531933999992117
-0.432350601961341
-0.636985190841511
-0.528894649199618
-0.56048042661078
-0.490118840544076
-0.541642296138485
-0.515802352664654
-0.472874271675963
-0.611895946584329
-0.612667844415006
-0.653255162186625
-0.585154793124582
-0.595009813072912
-0.576773589290441
-0.482548848046991
-0.63510402459177
-0.478561920611331
-0.622788612935289
-0.57044962311977
-0.389960478902365
-0.513932168983008
-0.499938368049042
-0.620300484266146
-0.413660927098839
-0.427763888839048
-0.5722441335392
-0.45114599096971
-0.609893151321054
-0.551173989220364
-0.458693522920166
-0.542578973119307
-0.614278800432957
-0.664708965269756
-0.503095330283245
-0.491495558567369
-0.478889475200561
-0.313704165961422
-0.421182394194287
-0.466612916470041
-0.443435605375233
-0.547023736895389
-0.550266979119381
-0.498138520210916
-0.504585611432477
-0.497978131787512
-0.540006303600778
-0.483562472824995
-0.632128376172256
-0.34591388431081
-0.484222924009674
-0.379541991152947
-0.645747721759455
-0.493286378410754
-0.604831634081103
-0.494826670250705
-0.287704785058977
-0.54972637350091
-0.427451561405449
-0.471063665219606
-0.42905578785271
-0.654399810251113
-0.480319432678272
-0.478485169776099
-0.546392730758996
-0.641045557830603
-0.617683584048128
-0.63327521639516
-0.374020844258077
-0.339665978524612
-0.539493600903499
-0.408237171686394
-0.332675329663454
-0.431661993117765
-0.27233778839359
-0.451078726381016
-0.467423513671482
-0.462313530031594
-0.406609505161588
-0.392406193285113
-0.497039209909479
-0.390652988463524
-0.306396713011752
-0.474920184607311
-0.457587271180836
-0.486098982514301
-0.302910929453158
-0.283938140457925
-0.398792964051486
-0.405269792812036
-0.440169091304662
-0.401867034698212
-0.28888622999533
-0.354428833840957
-0.415792003759965
-0.597497250877776
-0.483885582159976
-0.313378150577935
-0.408626166846189
-0.274372993998229
-0.190560457958892
-0.434855418972544
-0.507257989804468
-0.427986859867365
-0.357871520176365
-0.386601769214566
-0.312581185353771
-0.419441844748299
-0.392599981702109
-0.424811176499586
-0.340021175858183
-0.25495764815035
-0.329428377823684
-0.339603186198396
-0.423846227825724
-0.114964939394613
-0.349740910503351
-0.48115000974403
-0.273018103716231
-0.393500907018184
-0.312283999652962
-0.19776808898438
-0.530158676408847
-0.233008606600201
-0.409326638663397
-0.284350953012967
-0.326802600718382
-0.342304504266251
-0.313469497080564
-0.365168803609538
-0.395321066719011
-0.313289461073228
-0.225008973749167
-0.29571044821374
-0.30799690755341
-0.315021180180695
-0.29215224289558
-0.322872159134946
-0.397057422607389
-0.3890336796873
-0.159447369177264
-0.213626765152932
-0.19570245045307
-0.242634303387029
-0.302057730925761
-0.251417661619309
-0.250851138265474
-0.286713760809026
-0.286835808439021
-0.290435209803863
-0.353938205407192
-0.273206106406372
-0.199897157015732
-0.23093417575405
-0.310904502104844
-0.215956016870183
-0.33589443753231
-0.291030285617088
-0.140076556754016
-0.235206529975951
-0.0937207018472006
-0.347444115388661
-0.16919473773171
-0.283130379616973
-0.236699926600691
-0.160962569500365
-0.173856163479741
-0.249544304664297
-0.234169457771023
-0.309907919425481
-0.389697082075229
-0.159355069581162
-0.285842475794855
-0.177141260042663
-0.148498366700416
-0.269933904719203
-0.125293430382223
-0.217419518886369
-0.217228653419995
-0.192044653441693
-0.227760971719978
-0.229598298382464
-0.218145429538793
-0.175474814387056
-0.226155453689605
-0.0529734728478542
-0.157483751642805
-0.173026116771939
-0.143059823016917
-0.134898683853558
-0.147150805953747
-0.229059627648657
-0.101268897343008
-0.301765592774839
-0.189319851450879
-0.280425440330429
-0.18958371387573
-0.169564248600342
-0.111648292432176
-0.264544317916028
-0.218082137388142
-0.143806277267279
-0.249058294113766
-0.0932479804795258
-0.131348221827357
-0.161071009813405
-0.292538833086585
-0.251740394896361
-0.0921423742996767
-0.0575719944645412
-0.277516272686471
-0.102033433377182
-0.305689800262138
-0.0860438370497467
-0.142010780843021
-0.0471500149792306
-0.0136025741853529
-0.179182026668241
-0.155584196788399
-0.181767811545778
-0.0626841901502151
-0.143632614925625
-0.0098759827048019
0.11323021716914
-0.0468203887361984
-0.17906742011556
-0.174171971904018
-0.116899604867508
-0.127623381502311
-0.218370961735033
-0.190502479303297
-0.0754844260432454
-0.0522979243780925
-0.0411285916680047
-0.130790572364893
-0.151518093493807
-0.0207155471478277
-0.195127519080562
-0.122612871230112
-0.0263048416395156
-0.157085897046017
-0.0584562864179354
-0.100154568932309
-0.0708796586076859
-0.0967168408991497
-0.0760033924691414
0.0680572657298015
-0.0658845814973584
-0.0986079835586589
-0.0761806205220315
-0.0901844491928152
-0.0342420064436194
-0.11645300705468
0.000150779047635069
0.0121937231731734
-0.0408591026513361
-0.0763724325967737
-0.218008201102099
0.155440848428152
-0.0374265700807978
-0.0497459380568957
-0.104118912158307
0.0768143254712516
-0.0516744463787367
-0.00997292538180992
-0.170020948900591
0.0244031588833589
0.112072587269332
-0.0733099086178439
-0.138811189484232
-0.0570193498372158
0.0926720055443476
0.0648255777291271
-0.134763504467238
0.00587606712529182
-0.0290070852028875
-0.0148311600873076
-0.0582748740142821
-0.0396306287026652
-0.0373847399916813
0.0943884955662832
-0.101278538099608
-0.0411133236964824
-0.0541400147262771
-0.043631946237808
0.0203197136120614
0.0512744794353876
-0.199735764655643
-0.0113298302061669
-0.0703854772468572
0.044111127064056
-0.0625584222768202
-0.117981248142649
0.0742423153073815
-0.0451720586450885
0.0988644766774028
-0.0176350496831882
0.0873010094195058
0.161642065043681
-0.026161946500201
0.178616369987269
0.0245720219302848
0.0615118612307285
-0.0078486818185414
0.0530423285028142
0.104170592649754
-0.17341553459698
0.012558964879928
0.0201171479318253
0.0854051051856587
-0.0354878269020516
0.256250621784362
0.0475546862662165
0.0646983543042595
0.199064660235375
0.123488501784591
0.0651070954831751
0.0485110418860332
0.0525558265227104
0.104473286387688
0.0185028671577179
0.0384981333677782
0.0927892431244954
0.0848381299396635
-0.0221612904783964
0.056524750311337
-0.0329061480027866
0.00443726292000534
0.141673861109408
0.0973724666747564
-0.059145479288175
0.02017997515145
0.0604643805072219
-0.0133022843791931
0.0637368459950781
0.0584331636382777
0.0519461355132003
0.154860594423925
-0.0469176702168569
0.132480514244515
2.85192764347791e-05
0.173125754699771
0.0827261507775821
0.0492844638587124
0.157231636090162
0.328581800502584
0.0911284372983066
0.121198483282538
0.174490372339904
-0.0208140909354884
0.0945342304783081
0.0869763041811313
0.209681482727293
0.235603378891225
0.171457821487738
0.164641357723451
0.0516228132097078
0.105937059216066
0.188377324338822
0.222668647328962
0.138921192969871
0.0359187772296763
0.101357363061942
0.208418199313826
0.193531930434152
0.119981652321496
0.207729623583163
0.0939073076006493
0.349364662803176
0.0564935572374506
0.171597652329314
0.171727039875604
0.258221387357256
0.1807875258688
0.0464768692974288
0.177831545124084
0.263964863698261
0.218009208333781
0.276456113480255
0.178469265538422
0.1764212698791
0.132094661867919
-0.00929987240044475
0.207948240894506
0.114999605522356
0.0712474237870161
0.286656318455416
0.140754576613433
0.20309059769269
0.17262684449945
0.183614127701606
0.186134158947682
0.119148986307217
0.203464053640521
0.308977538464895
0.178521009888456
0.264457892512313
0.158884781430719
0.160280997463863
0.219708365513551
0.102972814642493
0.17082413376194
0.344338844958961
0.13933441113624
0.280776377863032
0.268673453944774
0.277510860495607
0.254589986053579
0.240059066252088
0.387680169803864
0.209911557459467
0.265393627385507
0.221099838142868
0.27499232741295
0.314415057307817
0.255446623951039
0.164857826450873
0.185848990719732
0.0511789000880539
0.186951528592831
0.300457521595145
0.34001030732562
0.165173889296745
0.195696955983348
0.375014298914496
0.354213131820116
0.311874676235465
0.172994338741825
0.35445984447346
0.27190078778362
0.159257218670417
0.444918188928905
0.220472750406079
0.231022659021223
0.268491936852669
0.219745611448313
0.281754984929147
0.207659146693856
0.271888969507119
0.343869626848865
0.329755392451594
0.198836881236711
0.329042546962852
0.348731285355957
0.265692245209608
0.400897003582023
0.21329342402016
0.225927943763999
0.506501273107706
0.385185960698341
0.395582503728228
0.326026328867781
0.238706569420503
0.209582469561054
0.313909038828157
0.30016715112229
0.382475392885463
0.352558115660132
0.297893952452837
0.411761907887055
0.369634499644554
0.415748864541718
0.408214623807871
0.421342352656217
0.306924202984686
0.323929281610463
0.277862325136216
0.229904195778042
0.481844581285857
0.333350090518967
0.369364201334476
0.196533462501015
0.180999873933047
0.34010026838812
0.361388502889788
0.26633894977787
0.25289073822338
0.341030474637642
0.378723986935413
0.381017389384736
0.306479540187093
0.421438636259942
0.327554124421524
0.333603336057696
0.474412628806956
0.513637458737684
0.364312235337736
0.535053485002692
0.240687158339834
0.442040213712422
0.426366300307983
0.480956654034583
0.428781548334438
0.298277304193028
0.505904419035666
0.387739953426473
0.569921339909035
0.423679912440797
0.498970383257472
0.596279329391915
0.415215511710985
0.444644938239176
0.389669370042365
0.375772763318124
0.344087734624795
0.316668468802259
0.526488874985676
0.35257163132674
0.469547982972297
0.421124082394008
0.415149125683735
0.391659361878877
0.314732702962355
0.224025196679375
0.40274833598359
0.269196321866881
0.428975139373069
0.415565106391097
0.439583930312368
0.369911807651348
0.444001743090228
0.490598235668555
0.387550683687518
0.317686702800691
0.532927064037569
0.45944311025429
0.556957557194769
0.585865767150497
0.576498121727281
0.568948712997996
0.411456049048562
0.608654178086626
0.345649745046798
0.549809813670254
0.466757094989863
0.432098208714031
0.493416250275313
0.410735994466716
0.425310537811418
0.568131939805361
0.536514820965823
0.571032492804174
0.402127323942876
0.448808809923403
0.410415625397017
0.369081832282639
0.662971619750771
0.445779976093824
0.568863943945833
0.615849991836741
0.591753163611897
0.464097904775182
0.598844654762579
0.455310990732012
0.57568945639206
0.703985683822883
0.593392659095317
0.650281635714535
0.541677121869638
0.364460589521669
0.582478021193791
0.552837796797869
0.643839086843593
0.524406151574169
0.429380894496218
0.507535859405665
0.626616196849734
0.498750487986824
0.494349220435549
0.597402640200115
0.49009804834648
0.365478566913949
0.474817592708502
0.571141596915972
0.591990383974257
0.501964951472256
0.549225112198914
0.596548685801683
0.727802560136398
0.735046488688156
0.559539138022773
0.530960111243521
0.413308405317188
0.489801153094074
0.620827057141248
0.636932771714347
0.655351085632062
0.528323692898183
0.579218856829357
0.668141154546122
0.663957833619013
0.525262037745695
0.610304998628365
0.550581048113159
0.648344343137162
0.591852219365277
0.540147998466766
0.629091504684943
0.630017579139147
0.620763853163829
0.518956851741342
0.706329549492195
0.670219930510807
0.682034804834269
0.65562363873469
0.634783222171797
0.546825425018669
0.727704886349555
0.547901543345197
0.63613423590257
0.689206295114522
0.590897807159316
0.713126336227818
0.624133115257416
0.643736153093733
0.546738859707983
0.693494954021145
0.652550852615575
0.643664556208158
0.640599105836927
0.70788323082839
0.778970637204972
0.718662199007814
0.718576781871605
0.747748139061567
0.647039562212724
0.674306332161439
0.424835123267722
0.651739468877414
0.784843751629646
0.717856875592465
0.627060272089983
0.780980202361958
0.571754213760902
0.779731159143551
0.612475539881233
0.647052337107197
0.637872792338241
0.633245052512565
0.658623320542548
0.669869862613859
0.802923582136739
0.830116363551269
0.764630400366992
0.802980774828692
0.664642066524968
0.734027354620731
0.667507470165729
0.669569879364924
0.773095653689011
0.744693309839677
0.635919570495037
0.910540196766819
0.698404231977994
0.680057473903936
0.795191253209501
0.876159572245708
0.747362719129911
0.587844581188887
0.592746672962419
0.666846593651228
0.815612115513693
0.789926581410353
0.642206112372182
0.669258331886453
0.705035470399002
0.834844030990766
0.83779304816696
0.72865980578757
0.714705137391554
0.829258229669716
0.852200993156706
0.735632303514223
0.823144796591265
0.84973003446719
0.596011924861279
0.670233051290539
1.02870673341836
0.534443038830419
0.752148115381256
0.878156977892511
0.730878907617353
0.925209759631893
0.759866295808035
0.716702801801323
0.853990157239482
0.725710588838588
0.616015738664582
0.780488566396802
0.825721834038203
0.755344532403786
0.882039846577495
0.722586865371294
0.902363579684401
0.945656650860659
0.883923006446531
0.912427716734449
0.730959054815161
0.873026557313574
0.706664625782731
0.852097876820416
0.85437614364135
0.881086469169881
0.800041423126674
0.738784653969686
0.903863663379713
0.769941438072965
0.927319158980542
0.882058473132413
0.881923948125957
0.808570490850546
0.840663364713029
0.757177121616435
0.872845493898878
0.813686682922061
0.802371936943995
0.768530405196352
0.792957482561161
0.817052005743191
0.774149940601801
0.757261869905319
0.904784766863161
0.868616313135032
0.847102257035009
0.894085861992213
0.898266185346303
1.03295261373709
0.917823740282881
0.756568111993041
0.739121454582295
0.935070520514423
0.843463879159768
0.919890761229584
0.795214370878797
0.856746847889666
1.01395407573225
0.99443966550544
1.02905081384446
0.97101621875509
0.797615481064214
0.843801935726763
1.01033947646259
0.824265607015837
0.957762117272844
0.939198374797314
0.94091570597991
1.04002029054066
0.858712566470949
0.81208251630997
0.791985311363078
0.973911454795754
0.916131678155573
0.917002025896386
0.86297313034636
0.872586870746266
0.966036290526928
0.898930062693957
0.933407421577514
1.01868792632381
1.02482147768906
1.14768840657592
1.08374376920356
0.894782010769872
0.877649648405737
1.06698906912649
0.877815417812056
0.961525982773948
0.830000728485889
0.893103672550426
1.07115541513392
1.03651521627533
1.02715974214196
0.868562290148826
0.978928521725612
0.898080058631996
0.89172726505236
0.943741754607885
0.997649316478421
0.921665471380244
0.946614001389149
1.00110890719465
0.869225391020375
1.05046429164984
1.01854770247655
0.879803348436988
0.972571306849686
0.921962857448753
0.986344981969771
1.10415940441011
