-0.068237327337455
-1.06021976096903
-0.93813703467536
-0.921783878285924
-1.00768958836833
-1.11155505903595
-0.897229595921585
-1.01116086461263
-0.955214809061401
-0.961243322776219
-0.935663837373287
-0.880101792024642
-0.938195316757052
-1.00923087308726
-0.97802816703794
-0.951683073440969
-1.03351450653674
-1.06671375742235
-0.972506008665653
-1.00929340263955
-0.871089646856139
-0.94163532959757
-1.18350428679385
-0.947983383928339
-0.899912776316289
-0.884581820527322
-0.968894978054477
-0.990760367001538
-0.998487856736929
-1.11176306741642
-0.964310607391347
-0.841195807875504
-0.893948943093375
-0.902316489175918
-0.904745259413016
-0.88079812409288
-0.864777286460219
-0.949279512465899
-0.832896310231443
-0.823065064914808
-0.826742534521895
-0.909126411705018
-0.880821481331632
-0.971410271608989
-0.924457393843336
-0.809186255569521
-0.880261028568866
-0.915317401701682
-0.903339608442246
-0.900023499178069
-0.942562406993365
-0.874718344318789
-0.868196263714759
-0.901091799440284
-0.988043156585576
-0.864956628773579
-1.03565461977629
-0.89174699296378
-0.949852215900163
-0.95224700595273
-0.991540930790284
-0.79648248008484
-0.915537725462247
-0.849709760495756
-0.75727460904164
-0.74395766998713
-0.880960304501949
-0.860033122347822
-0.861703025077348
-0.649806218653035
-0.932823033444143
-0.832223992545906
-0.820641628189859
-0.960841248981251
-0.91326896901625
-1.01424638830497
-0.888727781007582
-0.79385015215546
-0.893545056700241
-0.821815649248718
-0.784115603258415
-0.812935793625864
-0.797151186883415
-1.07119769784143
-0.756290027256084
-0.777885441174791
-0.844946748779566
-0.784077903295111
-0.996596858302329
-0.775266745333986
-0.789794111985955
-0.758204211853862
-0.919121823380412
-0.62039316838961
-0.840133201459894
-0.810183214337207
-0.741959315190887
-0.838794139941814
-0.85245235686084
-0.819425899235845
-0.79397757423657
-0.9342732519093
-0.864454690666267
-0.939477604347345
-0.783504090929673
-0.827052178870197
-0.64274805193178
-0.877032896951724
-1.01647693101045
-0.819406596237879
-0.832710812406126
-0.872143238095245
-0.762545659640552
-0.701373327185606
-0.794596446458686
-0.862420757296749
-0.723887326385084
-0.796248051283974
-0.677878489480505
-0.718417014710066
-0.755464266700213
-0.638105244693359
-0.784051579117628
-0.658955636365612
-0.645888619023606
-0.785842523033283
-0.597075128834021
-0.822740408104979
-0.749184510957155
-0.655344892334311
-0.843150528920709
-0.696539957742004
-0.911623438408476
-0.69341349200838
-0.740535262440311
-0.711760731818866
-0.807760096213931
-0.845306790303718
-0.699064654222588
-0.744584115445628
-0.587895885197157
-0.63773681941505
-0.730894993868293
-0.69929253501819
-0.579491272785947
-0.590183715493249
-0.574529698417138
-0.768303382506372
-0.668644554243146
-0.816349666826698
-0.739269973854944
-0.64509864335624
-0.749016799739213
-0.815220976865888
-0.66469022586687
-0.682633710592862
-0.69847289967438
-0.77056286617642
-0.662108738565334
-0.57527759022065
-0.813847465690243
-0.571942564308309
-0.695932747967975
-0.502821676215013
-0.7006964757548
-0.745366983521266
-0.710689562159577
-0.572594021794428
-0.56256268032873
-0.691494626392022
-0.648546688996928
-0.777119223154285
-0.643833479258021
-0.651803545483181
-0.64556173133162
-0.708432248932576
-0.757250095609851
-0.665568240636904
-0.882055184652763
-0.621277532923373
-0.578825229894106
-0.808955434072015
-0.664126758863161
-0.607546683473624
-0.528625589860228
-0.612251596810218
-0.665979129100715
-0.624385254827659
-0.630214691062927
-0.579153180924605
-0.787014087321308
-0.601500992304855
-0.642826006501936
-0.682591170012283
-0.573163939062336
-0.569451134117399
-0.383645448468413
-0.597048888137651
-0.746555369346927
-0.72403560697933
-0.603378493333988
-0.752971881192296
-0.466534589859762
-0.615989043141878
-0.582827691507643
-0.510834231971325
-0.568563536997331
-0.757155782033224
-0.665354894858161
-0.457382515265012
-0.657464860713248
-0.460995525534685
-0.728219054070531
-0.540914029372249
-0.592227267303552
-0.53538961723516
-0.506659074328987
-0.515869943474458
-0.547024998673882
-0.496475609144325
-0.66245363787082
-0.537449011932896
-0.628646726748819
-0.556641249054277
-0.650605437098274
-0.517652139121736
-0.573604207123547
-0.462182523460389
-0.68952356161234
-0.787231254588216
-0.609951577961222
-0.607821856901057
-0.575787518579224
-0.494233654094366
-0.66427234426792
-0.513685525174692
-0.465188953223216
-0.448091560613014
-0.595218080144059
-0.519694054155888
-0.60598314070977
-0.343587625431031
-0.482890824135976
-0.47167289196596
-0.587665017481955
-0.601700152317507
-0.495538387434717
-0.499411265125172
-0.37412241748154
-0.320494523071832
-0.462642319517207
-0.47276302474198
-0.490811940990974
-0.526217572878729
-0.437260202671407
-0.540140631324254
-0.439184981011782
-0.581313236716203
-0.420025023402737
-0.556355713400688
-0.400849929784256
-0.478191663046257
-0.34234883169402
-0.516840873735866
-0.414063897169349
-0.611411820185322
-0.601418934539566
-0.498722736453111
-0.601767269653994
-0.425538698953752
-0.415655527248367
-0.490046603266384
-0.375307290690809
-0.544930479453671
-0.489704867950544
-0.505551524520131
-0.54417712722097
-0.377870424184207
-0.451197716030351
-0.309005104022368
-0.521588255000012
-0.585237435925858
-0.396776316397367
-0.501015447832421
-0.492633734263862
-0.426084175740104
-0.404761954588077
-0.394726327961822
-0.408300835211025
-0.334866776485543
-0.381031939054262
-0.626658419597589
-0.430247467129292
-0.503923391692911
-0.438921905750388
-0.395211183579072
-0.396421783787594
-0.353091778341487
-0.490837119054877
-0.410506504265903
-0.406533370780638
-0.324398970082471
-0.433880081351812
-0.519465931106293
-0.47202526194759
-0.390146656992952
-0.2632209247423
-0.382405920070545
-0.310074705792944
-0.286540082032346
-0.430722034967359
-0.338810417975429
-0.313617471132137
-0.446226649125414
-0.48644696456711
-0.493469846948705
-0.216087773112616
-0.269851663350899
-0.262819451703394
-0.386698338472723
-0.410568683396257
-0.270680334817066
-0.342491399029081
-0.40468599679336
-0.470262539604266
-0.445785858469549
-0.406560067615853
-0.431030151454948
-0.404512736149217
-0.424914980185363
-0.171971165643355
-0.398201863293905
-0.318470061640643
-0.292196433069631
-0.41909295174676
-0.335521645044074
-0.421410080661779
-0.262850580182465
-0.20713237464682
-0.321709078374444
-0.416572709589198
-0.489245383085953
-0.353646261555863
-0.326672846009076
-0.378633617418467
-0.226661471480194
-0.250670249495179
-0.341484720840666
-0.15038987514718
-0.207377229032228
-0.365188313351532
-0.265112354837756
-0.188110839967976
-0.13252475526823
-0.401557651034901
-0.352406029333865
-0.147710932429873
-0.268626317867023
-0.266773726938492
-0.366833083380125
-0.332895716892002
-0.251794845568923
-0.3559199669857
-0.190750732392937
-0.215010153968037
-0.284749558665609
-0.206424563119251
-0.270462634451493
-0.15572683649771
-0.17228733753172
-0.243744773934418
-0.0565305890018736
-0.366237978369866
-0.217736252955369
-0.154701300708323
-0.187332033532088
-0.246942900826495
-0.346870788838474
-0.238388211864143
-0.363641233059213
-0.130387932313912
-0.231998262252473
-0.203947984526182
-0.319886987819824
-0.289706979432006
-0.207869153495755
-0.283927697463274
-0.141564124834796
-0.335883504994988
-0.112340080614149
-0.216840597857042
-0.179075039600745
-0.146665045945621
-0.136644175714638
-0.270835720514936
-0.145895939831707
-0.388093239940867
-0.258577438965916
-0.27120837177876
-0.229844734931623
-0.0109869465762855
-0.372652803406396
0.0840578521128827
-0.223510704809248
-0.164410979186997
-0.166805720534104
-0.129939870948303
-0.115578050626298
-0.0466837996212186
-0.0671740295631079
-0.0952659537739163
-0.22558315654379
-0.137495788165448
-0.0846033151921309
-0.201666371863132
-0.0740346381569346
-0.249391538642541
-0.0749393377858534
-0.070160520827254
-0.143988376663242
-0.0724245975081635
-0.0759556256816626
0.0223276945155646
0.00170665883493182
-0.124249068807495
-0.0766443280277963
-0.266432458175584
-0.0755580835952394
-0.0659006607619006
-0.0573674062881765
-0.170638305021803
-0.20992486355417
-0.0965842813755186
-0.0949057683087065
-0.109752217635637
-0.0870365889266067
-0.26851598639544
-0.150476786870784
-0.0812905536307094
-0.26863649121056
-0.0521650587535663
-0.29532980252078
-0.157312756472324
-0.0795236610972421
-0.110295957670499
-0.206553556662085
-0.141432938502156
-0.0103099291000956
-0.050037601284085
-0.0411648134778847
-0.15225823287888
-0.101843467133083
0.0636282987063069
-0.157210888145406
-0.195058969303038
-0.0135001378585426
-0.00962476441690637
-0.090254215065353
-0.0260315561592786
-0.0143876332603087
-0.106288394694904
-0.105979576334289
-0.116079223479143
-0.222997335167154
-0.085647634940162
-0.137959516622472
0.0891385319787621
-0.222255218795872
-0.0218087143199691
-0.061547705652516
-0.142040767418166
-0.0915314324438925
0.0733306112891218
0.0788904947789774
0.0432333295475212
-0.100352211466225
-0.0114406537489264
0.0616940549508658
-0.175624079942778
0.098255667345696
-0.0391724573763049
-0.0912759759188299
-0.111310028188569
0.0452141652861527
-0.0337843177970568
-0.107503725227327
0.113981324522201
-0.0380720251969603
0.0240990614836902
-0.0695961271792766
-0.0282555004068734
0.116375004048959
-0.109224719402565
-0.11601891171449
0.0477157420134628
-0.0600807657240234
-0.0329485294759812
0.169365523717798
0.0444145274436492
-0.118763910628683
0.0716794105668714
-0.00727111867420293
0.104788311607363
-0.114301566178809
0.126480267924934
0.000403821370784725
-0.0538198321929491
0.219374139022631
-0.0504289186813211
0.0135171974434027
-0.145910047203698
-0.00175400252410229
0.0384953620706282
0.0784998335090613
-0.0103923531288606
0.0139238582690755
0.0577083914112583
-0.0583681010306214
0.190902254140489
0.169639617905495
-0.05651831983115
0.0624452673094275
0.175666679210724
0.0820173577477447
0.0276833897664012
0.0483887738862481
0.150877499770695
0.0724828786520922
0.286003482157007
-0.0186090412872823
0.0417863304523121
0.055776168808875
-0.00245230113983883
0.114177222641293
0.108002883482178
-0.024710181312075
-0.0273726115014436
0.16883564335552
0.100015057763402
-0.0204870669930064
0.121239023352389
0.190430793290169
0.199950910601433
-0.0246890973754696
0.217377584845677
0.0857218493966606
-0.0314549471015311
0.00998078126332431
0.0177709138737774
0.213563800433211
0.148197903962503
-0.00418628967723188
0.232592500857907
0.0322803635861299
0.0118473865904244
0.0560084470070262
0.0980233706626008
0.0424176877879178
0.0242114554115733
0.0932162006387052
0.0957104760086768
0.166930624903736
0.122791476725472
0.0330083760488042
0.128469268032298
0.215894660796971
0.210715240465796
0.256358633396332
0.0649854693409299
0.214475077605615
0.150783336867411
0.235056576044036
0.146058538651064
-0.0144074543310403
0.161951891493748
0.251241233968614
0.267634433194152
0.260846469820928
0.11476974735766
0.26904423328481
0.268219944633164
0.128625411994087
0.106982478130693
0.220618126767506
0.158253334345142
0.11409126656026
0.188343853239105
0.240808252814478
0.327522896154738
0.120908550470366
0.161344711496117
0.0726531003685947
0.191914645361205
0.136525536639473
0.177474044733249
0.175491915545534
0.0197242504910236
0.129207990050913
0.196168241973083
-0.0192583293270316
0.225920076858189
0.064924331204884
0.18349655103332
0.179784008225335
0.24665726364691
0.318299658458882
0.11201593348743
0.240952221179928
0.135928490457546
0.257852433051066
0.179862013635874
0.38750603800762
0.287762645617985
0.144848552620965
0.208624154330403
0.350560462250004
0.282894373528813
0.102332648100483
0.286184201327147
0.34286881279397
0.245627735028846
0.251346678107789
0.291144881003897
0.345094332211151
0.233245640842297
0.257355366689758
0.225270388928619
0.255540822935519
0.277852062708792
0.279442987768302
0.106330985137828
0.34178126554523
0.260735700843778
0.380126238671045
0.352022844969237
0.168423810141764
0.347584235100547
0.152113521255231
0.251528884636148
0.298898670754721
0.368179697991438
0.249843839474358
0.249676180948091
0.320920887342057
0.352346142826392
0.474463457005965
0.476410681443165
0.165840486823751
0.377112359535868
0.384578819207797
0.317227885161977
0.200131745288821
0.124334835249666
0.208039934746392
0.226911561425669
0.23638944861818
0.397740743075167
0.213269920957495
0.454339006715121
0.20547780977174
0.456371228033018
0.352521621031933
0.30717739053034
0.30653837376238
0.35255499728338
0.199138122117544
0.0849710230146824
0.381265520206118
0.405490363637787
0.344300191110994
0.429646326717436
0.361564374682462
0.309695598586559
0.471640724656455
0.196290746263535
0.427938152274603
0.42428942213495
0.166602425942858
0.427473999324882
0.387080114941176
0.340979148552269
0.272648809083767
0.383541543515361
0.483022858587847
0.302029967309362
0.3404342670458
0.41571201018398
0.424724156625502
0.314267475233454
0.385686294155322
0.528678121289987
0.299584036781782
0.355023607100254
0.361932511403181
0.545873738894806
0.293882815311404
0.455987393793719
0.363469403189314
0.419309481309765
0.364084942810395
0.321078848496113
0.430677926851386
0.455711898703084
0.475853038061181
0.462054220686052
0.323608461435656
0.339190835256124
0.424764296869445
0.488380549729774
0.375391558862013
0.510435500566164
0.436435749199625
0.351525782121497
0.406745495324536
0.345816956532951
0.482209794244198
0.438362305468569
0.279337756313922
0.584065106591612
0.341873359766764
0.461819744622522
0.466721457249242
0.375221927635196
0.381799488085883
0.48010878347449
0.351829483425777
0.478177444740289
0.471829691268107
0.439771153104867
0.444417773987615
0.531345186723268
0.484117075840174
0.553784982293254
0.405958244962999
0.499078401636463
0.499703326195711
0.550953086786448
0.315647839330177
0.468256617034018
0.391408452488215
0.592753736904074
0.602264574377606
0.494769492012317
0.514126620558682
0.489351673672811
0.492722873423117
0.481817547760216
0.533109276092227
0.503427306161232
0.53129982087047
0.517607046787369
0.405407185366212
0.540137846713565
0.429764294558284
0.553586466357144
0.509573883255034
0.345627121198215
0.571769941939732
0.418837702880393
0.479829529933799
0.340470094404834
0.400386041888098
0.554338314649867
0.700663940546962
0.505105780863336
0.492054715986728
0.484622415277746
0.497219932439304
0.605375750326737
0.510330049755107
0.626603040394041
0.435252630122084
0.788881456030195
0.455197586054335
0.537329688145547
0.541763082060524
0.527655874820518
0.68672962891084
0.522177047626107
0.405839314268827
0.571313721164447
0.553824504191693
0.540342544644275
0.480896895980517
0.58839315762447
0.55886288818941
0.717538293645824
0.66831136575233
0.523746815330193
0.453662806707315
0.69105144311474
0.49567548521352
0.614773057271161
0.657646997845854
0.535121385067037
0.485753903357948
0.641474302656406
0.566044863864758
0.558714911553255
0.69773398710491
0.634284981951741
0.655449583900265
0.577463722917189
0.762610115564786
0.764567767352527
0.638408135103388
0.691144964776506
0.662693559720128
0.462051339343455
0.719540446355862
0.523045475846268
0.554933262224422
0.657332059563308
0.69587399404296
0.636193211770883
0.57689548347885
0.837142741986998
0.537334668567868
0.655617033630906
0.703632634599995
0.699247324821723
0.634342835571462
0.608146510119667
0.503248969972046
0.726784024708898
0.6700904087135
0.639946203516025
0.577520716002526
0.747745572969989
0.596178100581218
0.834059032675053
0.680577761873306
0.724396155267365
0.553816189239646
0.442847917798617
0.68197166598154
0.789461696389153
0.559733539612221
0.737530145369402
0.65029167119007
0.581692423495406
0.715564150196394
0.52886771883672
0.740370476841819
0.772374235178178
0.717811535353386
0.600473496808671
0.823029719127157
0.845719993873928
0.553074166631583
0.692978327454058
0.566560104217091
0.719336164708478
0.76575662031361
0.796470298792386
0.804803117974659
0.815563933535497
0.556441547260067
0.720068288635534
0.550371193458033
0.729415159194997
0.84736668469606
0.9068390356788
0.74482081159637
0.772364854357
0.730088855518661
0.623713247445943
0.825407607811437
0.771886367099145
0.586500928555704
0.895764982555855
0.828656581131592
0.76278940936215
0.742972059772349
0.753787314762378
0.755220722188682
0.774941617636865
0.702734451193552
0.772690804570258
0.740987914287939
0.797551889615041
0.871175470435822
0.81382116029389
0.74258097626322
0.77031469289442
0.706612089303555
0.696209468904253
0.773479224189576
0.763701576085063
0.685889808418104
0.779705249830458
0.820571799953142
0.924572487712674
0.680856590814406
0.967206812071532
0.707326656222871
0.873579342014668
0.699263100782788
0.746936750740993
0.888331018707412
0.94906047961213
0.809741086754298
0.784304480624574
0.808647409740675
0.643366089178274
0.735630822536065
0.666690220193749
0.691521016212577
0.761498290596435
0.872064700222894
0.790663764615615
0.837502403695838
0.833424153604721
0.773629961935883
0.789477665993641
0.706373347679571
0.731902844012864
0.921758816644666
0.653722004130226
0.713462996892109
0.890096351519208
0.933438509063981
0.742614027640374
0.78805269001563
0.925249282169176
0.965161017354907
0.886566625118439
0.781044010725305
0.821484374078892
0.92234100805461
0.96005786908627
0.930240256313984
0.903536911672219
0.771659871871956
0.885827916245467
0.774376072600562
0.924814659697913
0.908889758054415
1.12564230044533
0.822688503668049
0.84767369241057
0.933476055207459
0.892431413036244
0.847610439894695
1.00134263047211
0.881198266252639
0.739769752177346
0.847907539077899
0.73694002838747
1.00218909661376
0.79385868653728
0.912707020382057
0.992410767617071
0.739610603107834
0.855384217219227
0.947892255513673
0.927346638475458
0.845215707574388
0.943399345449478
0.793033513204695
0.970273679966324
1.18395423721502
1.01217534652573
0.964025206089659
1.01783324874167
0.872380386317738
0.899451779204185
0.88617753557344
0.894627071150654
0.888364911317684
0.928032425020974
0.878117596324647
1.02481644666451
0.961777177686667
0.994542721817255
0.976574226293365
1.01132878299034
0.77156977725084
0.892307522400397
0.956935561302327
0.895085547100665
0.921499774650978
0.974226762777582
0.998457810490729
1.05620639134078
1.06749082126818
0.880415309420392
0.99887096056863
0.91833281160618
1.03093179008664
1.05460622235165
0.944486446391698
1.00684096008718
0.844310381497686
0.992277333121088
1.15458939876955
0.908068851895762
1.00971512849224
0.920209212106284
0.92858096453537
0.984481561535568
