0.134695531352333
-0.974142653819487
-0.957120876490127
-0.942654778693615
-1.00775272050832
-1.03243868853577
-1.05740128515295
-1.01191180975398
-0.879748636427133
-0.887245972464504
-1.0757219381083
-1.05554131943422
-0.942409109343855
-1.01283466803139
-0.996052977748597
-1.00335692369743
-0.928190655982604
-1.03101453024713
-0.792149396786422
-1.01974554496779
-0.827246913988886
-0.780534960204658
-0.826234857955511
-1.04032702447364
-0.997390487805522
-1.01191847743654
-0.888364756703886
-0.909298440693213
-1.06394032871381
-0.829118815721914
-1.07112619759019
-0.961728445616531
-0.987692040002915
-0.96759285396159
-1.16288328274981
-0.853023492789797
-0.938575924088193
-0.946074071711286
-1.10092609526973
-1.00069230561113
-0.973325135178833
-0.854898923430341
-0.817081820361866
-0.74089422844567
-0.847286011979185
-0.83809194020059
-0.839495156061702
-0.966161131692134
-0.876239656674024
-0.936676732250775
-0.920354055876808
-0.90679760270188
-0.88793892711171
-0.744853788733673
-1.0535090550401
-0.706547208457024
-0.919192141850933
-0.988355259492616
-0.83288735364674
-0.821121615894439
-0.908967745390163
-0.817518794423424
-0.83692670247574
-0.883170058657536
-0.815158619255954
-0.942364305332933
-0.802501590764166
-0.726338686012337
-0.909403441651138
-0.767733331485803
-0.867473184577962
-0.904284941754682
-0.729422765774676
-0.782865433522636
-0.663106427698317
-0.958873520930141
-0.787078122240503
-0.766361022486053
-0.852952660986981
-0.877251025489065
-0.726674108306131
-0.812258261685538
-0.877792670195681
-0.792951452005749
-0.650939508285692
-0.824330235599721
-0.879949586955564
-0.754094845999156
-0.903632262865211
-0.828977543984473
-0.787372345647555
-0.790562368217753
-0.842683313734848
-0.920893773174938
-0.779054812020427
-0.732246532259011
-0.681624185410199
-0.831282876648673
-0.648210911409603
-0.835642417664546
-0.813573032313748
-0.832446427155282
-0.840252831459866
-0.863247558569644
-0.893890536022952
-0.770067906797569
-0.93517048221377
-0.735505539214913
-0.711561252707841
-0.737603538908056
-0.797922776195774
-0.751263562567808
-0.669038130454332
-0.664194497847319
-0.802641356912998
-0.725149925398628
-0.810278170965599
-0.848397696759166
-0.71958408521266
-0.830343586283189
-0.720093309018573
-0.853298469711274
-0.8294210073825
-0.597251756624385
-0.730005589124216
-0.753571350826446
-0.710300564723669
-0.781214305922582
-0.694403917189259
-0.730113150688072
-0.621886668601224
-0.782463361463047
-0.858229993343311
-0.754705563157225
-0.714262317759626
-0.731721988130396
-0.756791763876121
-0.614250326701286
-0.855739705634735
-0.620968589447194
-0.527407922940086
-0.680597983276783
-0.706044394611626
-0.728898713348822
-0.799327782446998
-0.658338801500299
-0.811305529126264
-0.566601191260015
-0.625840123698222
-0.683705716689097
-0.662161871266846
-0.649676483787389
-0.66462106774358
-0.761812842683992
-0.628320315747248
-0.76452936272245
-0.712821378807215
-0.677175873946249
-0.570733560033051
-0.517866299099569
-0.61607531176909
-0.561470279032505
-0.684237460428279
-0.638287111669632
-0.519766727214769
-0.607509365172182
-0.651557893467217
-0.57233696724571
-0.768971289834359
-0.568725462950697
-0.567841815633647
-0.649031552470159
-0.727139603975284
-0.608715049542006
-0.627729750753821
-0.673284446517373
-0.604818891796329
-0.725842781199996
-0.660539886405175
-0.51118840414642
-0.735762991360325
-0.4628661840383
-0.625477199087906
-0.713801868291281
-0.797355158409488
-0.563305525225795
-0.661303037740548
-0.697042327106484
-0.689123459891535
-0.566547778659004
-0.773185219819838
-0.739798399329855
-0.592925489347328
-0.559146760940512
-0.576850688225922
-0.546521046978613
-0.55386168721323
-0.708253429246601
-0.592586114815172
-0.655653725149549
-0.589919336044545
-0.60663333014004
-0.570593456151893
-0.527773725538001
-0.663923074068952
-0.542917243913117
-0.562160372983196
-0.578216329433357
-0.523601597936512
-0.48714126178015
-0.591141461233792
-0.583634882404274
-0.511567006324307
-0.429608132024905
-0.630855774736887
-0.517058179573754
-0.568025268674658
-0.487882123183857
-0.556709639168519
-0.51703025914496
-0.467569788934302
-0.603934353376296
-0.619882763841456
-0.639558414760559
-0.593873455037701
-0.582365005635903
-0.586898045545515
-0.468797364771717
-0.637308850440014
-0.462500437885627
-0.615260672992913
-0.535585210757505
-0.362514307894805
-0.553363101151236
-0.484038923077413
-0.615120827308259
-0.408676461892671
-0.421928946511729
-0.560879757799977
-0.481223617322533
-0.622230783685287
-0.557312475571593
-0.484884674581125
-0.519504655206061
-0.611401104858921
-0.659152747285552
-0.516816535503301
-0.475561568343107
-0.502934044185447
-0.326417055333324
-0.416779129401268
-0.459400154068424
-0.426201165066364
-0.543282886402306
-0.566873994153755
-0.515907633235733
-0.49142497175274
-0.494600595352929
-0.554521639992238
-0.489991826075323
-0.618009093501151
-0.334065039492042
-0.470125232243122
-0.377343111109093
-0.648746443193479
-0.516736747479823
-0.598297829602157
-0.507636762494308
-0.306591626162671
-0.526230144984316
-0.422167140567938
-0.473303978863238
-0.433784003763978
-0.674172307255512
-0.485799751421582
-0.473954424639295
-0.551805358075899
-0.633513757309585
-0.647721592723775
-0.588912812594548
-0.372917463901218
-0.366191190214217
-0.512057355291579
-0.383790894355492
-0.356332137443593
-0.428329916128391
-0.268175278407484
-0.455079729755904
-0.452991576708513
-0.459884490411473
-0.424954881922163
-0.392479660718535
-0.483214556123372
-0.39215147592174
-0.283953173815991
-0.476024106792408
-0.477254649925767
-0.468518892824592
-0.327971858288707
-0.264595511804659
-0.390812647388035
-0.434819043971569
-0.455478229217165
-0.403224159014316
-0.291512086746771
-0.369487577146048
-0.420267045437317
-0.585723170645778
-0.495850841545225
-0.332492831365802
-0.389974494309309
-0.294453653591609
-0.184319097258966
-0.431807871873431
-0.513529909856654
-0.44676554667998
-0.367104852681239
-0.363061498627435
-0.301503434259302
-0.416580309889824
-0.364698766402557
-0.424234528059003
-0.320593106857411
-0.266852665793545
-0.299640782881566
-0.320674039960227
-0.424576692674053
-0.125697057060572
-0.36721530610551
-0.467021322870014
-0.273009744347422
-0.398491681457476
-0.314009739089543
-0.181606841737013
-0.53399960832499
-0.224831744299336
-0.425259033847965
-0.27451108248114
-0.336124992575331
-0.353958913990604
-0.318993479360865
-0.349315088610988
-0.400168639705198
-0.339407684195625
-0.236999015009255
-0.288851840172251
-0.336741793983756
-0.338724638867721
-0.29461178583733
-0.336858947083796
-0.362082769372225
-0.36238794720796
-0.159623702263595
-0.195628758994901
-0.202037861559148
-0.276457642969805
-0.301010613032151
-0.252814174652325
-0.256486624784449
-0.274120555046702
-0.283831532792583
-0.305139033388121
-0.331609743146914
-0.284265431038246
-0.196602832075826
-0.242372017619537
-0.3108108707433
-0.206116939710866
-0.3437091227464
-0.310195754427362
-0.129499074452975
-0.236087617289705
-0.0969321808041473
-0.353454081155507
-0.182374325316321
-0.309281450431419
-0.257690035543174
-0.165568574498265
-0.19091151778921
-0.250954800978191
-0.235458150285207
-0.296909509751866
-0.385338644480952
-0.183336423133519
-0.30652428346761
-0.166081347025608
-0.152999252964682
-0.275155941788552
-0.128001747817175
-0.214136286532476
-0.22954205582801
-0.202724764391222
-0.232365186294753
-0.240247649537086
-0.229336900736755
-0.183066049518611
-0.210219420623395
-0.054975263768843
-0.183858216027285
-0.171205226927786
-0.154699964154321
-0.123127894948512
-0.158034079904098
-0.219518693575752
-0.0995136190232559
-0.316992055883914
-0.191255692590203
-0.274840177586523
-0.204752255003195
-0.157986902607433
-0.11341686983346
-0.263292229318088
-0.223766958217281
-0.17725679061601
-0.25244140455973
-0.0834684879852146
-0.104533652619193
-0.146950689395464
-0.278146364834867
-0.227906242857601
-0.0624066620351983
-0.070947096107838
-0.265091866761671
-0.0843473447966759
-0.315062773620875
-0.0953296633967376
-0.163839865801068
-0.0535398698256234
-0.0144664494544496
-0.171456774501977
-0.182920618586483
-0.194588460513993
-0.0693786219692352
-0.181564743744205
-0.0481133738986572
0.106060550400845
-0.0760906322409942
-0.195764106644026
-0.159436732148856
-0.12729617103704
-0.147762409023307
-0.19582565365124
-0.16853056843601
-0.0687799369037464
-0.0498940192247367
-0.0519513874074714
-0.145158977700884
-0.131629737926577
-0.0112615519252595
-0.186956381773411
-0.130265970726998
-0.0397539586385245
-0.16118414832106
-0.0944044328826634
-0.105946588784783
-0.0832987995334434
-0.087197320584836
-0.057499987546657
0.0750157783047041
-0.0593901899015541
-0.0953293031169352
-0.0653168276316368
-0.0875122655950312
-0.0226107750272127
-0.098803631690512
-0.0142467991211965
-0.0020453587252168
-0.0483532362722169
-0.0722384594091578
-0.195034834744079
0.140090477561661
-0.0420180144711796
-0.0315195429501352
-0.0964721440000407
0.0582548899870059
-0.0460526683617309
0.0152184645884877
-0.172371370506497
0.0400439766230532
0.135104784668832
-0.0707079073738818
-0.138872076209449
-0.051541128361247
0.0825892246127548
0.0384352923404935
-0.13976081728291
0.00103200408400769
-0.0342218114391754
-0.0315252090496558
-0.0519336091285409
-0.0476014546311581
-0.0401527027299546
0.0845100547808746
-0.120330040062921
-0.0454540363129735
-0.0302587202784436
-0.0154611304864787
0.01652183531738
0.0632753831408842
-0.198603120320066
-0.0128256990609906
-0.0737083658503188
0.0259117441539065
-0.0728987790251367
-0.119685801198858
0.0781771260083256
-0.0675324359526732
0.0991378924113446
-0.0202283482988655
0.0817918446073967
0.15034965762178
-0.0352378552819575
0.156981885013985
0.023893586458296
0.0556265614172637
0.00347989169597813
0.0558096785470475
0.098051104240172
-0.168039288841992
0.00135174373536134
0.0281902598343772
0.0760987926294637
-0.0325641585076435
0.239025880072814
0.0473018234587386
0.0569846628180153
0.203147399707432
0.114109359310762
0.0595959467365261
0.0619315631854525
0.0265469621382642
0.11583649549352
0.0308031385634653
0.0385774409853482
0.0996386058585026
0.0782964695837394
-0.0239642717077747
0.0698752326220163
-0.0115180630691684
-0.0139201457008227
0.12931436189696
0.113670361167006
-0.0449870200984913
-0.00234293595895931
0.0515370324359522
-0.00115474009527932
0.0637556274815414
0.069676762111297
0.0509863783864114
0.165268373706605
-0.0573396540672773
0.129642958952079
0.0141084247227617
0.178385872586114
0.098251398589061
0.0464641632523641
0.180175059332434
0.31179043647769
0.129976364296197
0.134727442840372
0.196207568655126
-0.031803901546646
0.0804517347386118
0.0854107722252702
0.19675804521825
0.232481683645106
0.161324444019101
0.16620930896084
0.0412833412735975
0.0965349081753526
0.162160212465423
0.216960933448262
0.112178917413606
0.0168671270974035
0.0963088476524284
0.215635898469588
0.201062821603192
0.100862704163314
0.205270079686111
0.087020791283084
0.35412371217368
0.0579715939544397
0.140876096521032
0.17784907323882
0.254173862772134
0.193189340633431
0.0600206103779975
0.186859616106055
0.271915420734822
0.230970154953822
0.245661341345854
0.207228797579234
0.169380243915539
0.137337190715511
0.0228394670095397
0.188971018356214
0.117193155319887
0.0685008451806398
0.298102510278229
0.153621745317161
0.213969986029294
0.175119963736729
0.184193692196426
0.166645981714806
0.0982529370042926
0.198783877876233
0.31130875194119
0.198516732611677
0.252871889075936
0.161590869502335
0.16314604352044
0.236202218098221
0.127380359249839
0.168727516936611
0.32643968428276
0.143464697534952
0.28444072825319
0.24882858079901
0.300965028349221
0.262551698728335
0.23415850311663
0.387779265749213
0.205343361814634
0.273287168032953
0.22179281406674
0.304944570202883
0.310571433687918
0.250021508017944
0.182428409232127
0.19087073538993
0.0330633754611984
0.191248480602836
0.275184093383087
0.333954879270853
0.150027816645785
0.179593533801939
0.389604546040985
0.367336594401018
0.305300716722231
0.161436236263566
0.380479563663824
0.267190224403946
0.163663345702787
0.433846360777348
0.204161876325447
0.222046823081249
0.26244295263666
0.214405879490733
0.240967230820481
0.229720545917681
0.257531124994115
0.329183076986783
0.295487249022951
0.214703894103098
0.318232603711609
0.350241582113636
0.281689178813469
0.381288370582799
0.228749060473116
0.208353227507048
0.496131295018455
0.369019449360934
0.411514033939109
0.330850551272504
0.236133751916214
0.209882670542031
0.326777934137669
0.305851603467233
0.379807852084118
0.35082769708662
0.28190078010137
0.434319231277735
0.380923335048302
0.414338059451563
0.418717838282956
0.415144932684646
0.30120970220529
0.306742621016127
0.273824988563585
0.239591511412773
0.491057442579197
0.345112877244018
0.35661402337497
0.171237218704821
0.19535327551388
0.356380441996187
0.356376201392696
0.259757632068832
0.225948408086426
0.338211855719613
0.409209309484219
0.383198102824643
0.292944570243769
0.397971088103118
0.318697796462993
0.351396944243632
0.481261321831767
0.510867755964867
0.38919236221475
0.523896195744769
0.231576717408824
0.45724546756238
0.414097262382566
0.484202662657456
0.426385972700487
0.289046138678263
0.523170957941084
0.414412025980483
0.592161526715955
0.426050307448988
0.490374359944481
0.5924720085289
0.422527744597281
0.456247981182305
0.380327393520195
0.393922286277094
0.353322018083378
0.332135075638283
0.548536593350779
0.361990625385789
0.464635482806024
0.430711248778809
0.406451682303503
0.404202493065721
0.306914388411236
0.223870830156861
0.400099833641633
0.236681412746895
0.423007148866358
0.385739877170723
0.423332499817209
0.356802874960166
0.440259110077015
0.494521429399071
0.366695559895254
0.332912000347922
0.539266731410406
0.460237529068538
0.565147763538733
0.559807499978283
0.576494237238143
0.563508666514643
0.416996196636897
0.627836523849018
0.345967026774638
0.553798407665431
0.482760782468756
0.446163558911406
0.495572587428689
0.404686720737333
0.40488886957282
0.584269080809394
0.54027421860556
0.580102361007153
0.399012286084788
0.462956438728075
0.425113053768586
0.345053218698239
0.66030364309371
0.436439609884163
0.590985972667333
0.587597082735295
0.582655717675521
0.457231767654139
0.596620796804471
0.475064382354241
0.536334551242048
0.698636530256457
0.573807871480218
0.644667217870323
0.548035768576906
0.353593737053171
0.608825182585981
0.526252171520176
0.602370566458611
0.555611445153807
0.419549925982859
0.486222503264767
0.634799992892628
0.509393618687926
0.516342464808795
0.607115785657953
0.501154906734528
0.357710898508918
0.470462644493981
0.570167931032464
0.590531413131372
0.502089821036086
0.563118133998982
0.615658232183113
0.737270870954822
0.734789205121931
0.552684822173668
0.526108400679155
0.399364007378121
0.491155751415226
0.588075923432202
0.644047288684254
0.657196058123078
0.516789919425771
0.589408659546843
0.665952483293309
0.657370304495802
0.529430153710559
0.593735603754318
0.547146595029104
0.651614939210227
0.592537626298064
0.532862622021147
0.61691024420763
0.60922312142597
0.624969836723829
0.521135250460932
0.684006659094555
0.661164289534093
0.678549794797161
0.691058311494974
0.633940849891396
0.528495273451152
0.724015224739498
0.549972742420857
0.649287316318295
0.693389236033289
0.580231743706072
0.72132541016477
0.611505103098745
0.669487947402554
0.53768769873688
0.697158749859667
0.669927853287622
0.652140214237844
0.639372070759767
0.699980111515748
0.790346528724067
0.718643053734645
0.707794778258935
0.747832996021266
0.662874646851727
0.6697087769701
0.418810482151064
0.655685047446574
0.780071380103534
0.723773665371835
0.611935494278317
0.748208843186312
0.569417926724309
0.765177959529057
0.615515376835169
0.657583826907395
0.618835007470517
0.636507316535266
0.672776432251395
0.660452590462466
0.812452861282121
0.823466196469073
0.782930703135163
0.81159809804143
0.669645461341771
0.720399232105763
0.671379666138992
0.67223313587777
0.778721205153029
0.74638811951948
0.653611325753141
0.903768225181261
0.695223989742565
0.683688700108379
0.814427207638497
0.85627482800292
0.745343982056063
0.575718917196886
0.61011228024364
0.655291238462521
0.827473135811447
0.775250077497814
0.646791548774608
0.66931281394034
0.67940907099356
0.82053745415383
0.823054186749197
0.734691507850411
0.715200954800083
0.806463574840679
0.847708357189981
0.71161865988941
0.834081266919249
0.865895619910677
0.581289247710408
0.676862748867429
1.02160001327145
0.566917375089859
0.74778884638576
0.859611794070036
0.742694089084503
0.944322508528555
0.763405767515076
0.716267761736719
0.868508881397813
0.718235623507345
0.623888869828928
0.772090262815109
0.815829792250367
0.770690457310158
0.893435883146753
0.723999904096004
0.908370952659923
0.953339996376746
0.897974635335492
0.895100883421365
0.732219518658066
0.861873324439225
0.718884509389459
0.845956809526444
0.863485955245678
0.8940419644617
0.805006280170918
0.728773960020665
0.905821672164745
0.762785970056091
0.940913641253522
0.864130683295393
0.882876935933239
0.808777383263498
0.824689937243101
0.769906490379892
0.863743463973581
0.809103176662795
0.791846506397013
0.763953627785043
0.78754908665179
0.8311368036987
0.787410812822782
0.782497183649336
0.908224524395688
0.863741673690745
0.857374738456534
0.900358098510456
0.909752460904382
1.0257479102602
0.91209942483545
0.795504837275917
0.76187694085472
0.915207872301341
0.856372624312423
0.906376520992777
0.763856787960356
0.858180981933383
1.02533184147631
0.990663057203609
1.00785003883509
0.967041900955607
0.806082523373321
0.854250298948594
1.02895423294268
0.820678722574956
0.939271414830818
0.939643884646118
0.936233444822105
1.03671646661882
0.853594679298164
0.806007014029891
0.802436305092892
0.955623873452376
0.917026677950045
0.908537592428076
0.873883370110524
0.847791142802693
0.968497470299027
0.911543581508772
0.936899099661543
1.01761641623673
1.05273473288203
1.12232076311648
1.09518739814853
0.901172801631188
0.886558606304464
1.06920022128257
0.860318820051654
0.925527130180844
0.819184451681927
0.916727553946935
1.08288374259538
1.0507620825344
1.01745498126633
0.865838962296716
0.963836106831536
0.901960062980722
0.883221312171055
0.930841244535071
1.00164079523004
0.934965263158393
0.95147610129451
1.00158628553954
0.852623772258901
1.04890321915369
1.02221282224073
0.843612689782737
0.954380649674361
0.9182575554879
0.998895749857675
1.11759586893671
