0.0503407099608977
-1.03997018744359
-1.01055407197771
-0.936207430246839
-1.05274632755616
-0.824402604368764
-1.01021001795659
-1.05428485712918
-1.03983197197568
-0.845890932969564
-0.845380803774428
-1.00186501456476
-1.06820351759064
-0.834869942336688
-0.85042705067615
-0.93487492408127
-0.96362190264087
-0.847762214201813
-1.08712654808997
-1.09579291933908
-0.86520657984159
-0.892647633101043
-0.921557073545767
-0.942261266275784
-0.921737448261484
-1.05244793045806
-0.854665634790892
-1.13306330413228
-0.842292849542043
-1.05557198148935
-0.85492325863631
-0.875652798351505
-1.0035294165274
-0.956415567598715
-0.872439499833232
-0.837417764036638
-0.95647551893713
-0.871668660009084
-0.862835547072606
-0.877193284083383
-0.926261530832284
-0.844757300955456
-1.05794203246437
-0.82252513201573
-0.867337641870234
-0.882627767937961
-0.881426395379873
-0.875206972828784
-0.781426998123084
-0.847084807125457
-0.801452510391311
-0.824928854655141
-0.875500236526246
-0.911978693219132
-0.887670685437848
-0.979276793662205
-1.07379766720512
-0.766294185104923
-0.873028267616059
-0.873433413328716
-0.825051958500377
-0.946660735375868
-0.883244554363785
-0.879609859188898
-0.747892298444978
-0.802578612363895
-0.672174698853694
-0.887796779707873
-0.827091417801605
-0.744682539991716
-0.84341056199234
-0.902387899195444
-0.965338977117933
-0.716128863536635
-0.880584016085124
-0.806432002846812
-0.809518604004261
-0.824347683376922
-0.742138313259525
-0.93415673242688
-0.854387902382823
-0.87427140152505
-0.940912901460481
-0.931883660182992
-0.738394856953302
-1.08511793290122
-0.791873954739428
-0.8696420985088
-0.654269689033242
-0.852537346892156
-0.900086157735366
-0.836812566435991
-0.738235497123933
-0.897714113526574
-0.766013724504827
-0.703241683766307
-0.680060967288095
-0.990978464700352
-0.786102160154652
-0.750143035812204
-0.861675725591147
-0.790338155518703
-0.905822984153002
-0.849771857553229
-0.844510142405348
-0.804286101569085
-0.807854615937723
-0.92910246468803
-0.826115600796358
-0.737383658538826
-0.649538270647803
-0.754395986404556
-0.842888041495322
-0.71497811193982
-0.723792991634576
-0.728249953039343
-0.854076989636033
-0.843407710595876
-0.750238788700797
-0.707671032564316
-0.793440486037697
-0.75043168630556
-0.796508738858477
-0.796735442303668
-0.811872282567989
-0.788008962243166
-0.619331046269235
-0.739518676310014
-0.863832465061971
-0.714932572225022
-0.62399905440161
-0.74155516452365
-0.663133674190477
-0.580737900913204
-0.747176080728757
-0.634835013199463
-0.802783196968355
-0.803837302356297
-0.675910022751915
-0.655528345572616
-0.789892553336814
-0.755564082325118
-0.837873168966218
-0.713995058721103
-0.680558466417277
-0.614975079435452
-0.688520179935031
-0.629661840480023
-0.787638088641209
-0.701441818111545
-0.66096570475108
-0.707220332380652
-0.682451249805978
-0.655816409517121
-0.809940371186
-0.694083561849762
-0.665464573705436
-0.654858425996709
-0.684144179292714
-0.632850173526156
-0.57612071608873
-0.505510506356389
-0.61505618602072
-0.773155297791383
-0.66588591964436
-0.738330800679536
-0.667055615027827
-0.810169336771371
-0.791352567684309
-0.528056930040484
-0.627993728030532
-0.626368429729947
-0.77136917940511
-0.679147345585836
-0.548148140575351
-0.748562341664417
-0.578230083522063
-0.494387816224937
-0.828828285665211
-0.588237937489411
-0.539266930757373
-0.624872995332045
-0.792690453807357
-0.710981995077319
-0.601162962213676
-0.586813385734499
-0.477062891459796
-0.690351929091978
-0.585360172785143
-0.673525661838087
-0.710125268011854
-0.657728160261551
-0.758538407780937
-0.619195277358172
-0.599661968961466
-0.775265242865561
-0.588405558368423
-0.564646598702961
-0.600733008114191
-0.44837274874952
-0.406139677062056
-0.615196667910584
-0.594001004610328
-0.71950433954433
-0.634788173834838
-0.650403587987791
-0.54983940824747
-0.661720338940603
-0.651360963319217
-0.637627235742485
-0.611760039822728
-0.501685353319538
-0.656327677721417
-0.609625765384158
-0.469353476794802
-0.490691764028253
-0.536048651110431
-0.510968513627093
-0.601614152065579
-0.662272769927521
-0.415476099467348
-0.611699688034482
-0.628417760618134
-0.501723412343932
-0.445711641236146
-0.519432101131921
-0.493817386912789
-0.683858148985185
-0.502923033112486
-0.473601317865206
-0.575552186626298
-0.483393851108645
-0.594874016541885
-0.453185606148697
-0.53127282058003
-0.447291277666705
-0.521602349532004
-0.299184027381801
-0.475684027496245
-0.52310614172685
-0.532379265064055
-0.610170334663502
-0.614224083066774
-0.614235248587763
-0.387896733530584
-0.631918029277984
-0.501339580937807
-0.523694903569147
-0.491112691759656
-0.495998726608875
-0.487082242101645
-0.486953224762137
-0.526056053503201
-0.503135779184476
-0.416809105617447
-0.537555007740411
-0.55320629882952
-0.601499476958211
-0.449604742205514
-0.552251323846276
-0.413527209838664
-0.546596569229141
-0.601651899683706
-0.343285818238417
-0.465802918025671
-0.528046562490828
-0.440744767528086
-0.54472523199493
-0.453132328501689
-0.454363968458554
-0.554402755457419
-0.397989615028436
-0.461706319028482
-0.423450985727935
-0.48922137430383
-0.46211634077783
-0.520826057524536
-0.507237430593437
-0.476659879464105
-0.379670985761091
-0.427014502216771
-0.547697022986496
-0.440328507594921
-0.432847338809308
-0.335533638226441
-0.44781666651936
-0.505360084126387
-0.364953260252527
-0.445513135823551
-0.583450013618173
-0.404517856518115
-0.413610029310528
-0.428732634477345
-0.272182399111518
-0.374473116614903
-0.486662983870434
-0.321026088374544
-0.408401918061994
-0.3650166817144
-0.41044385409532
-0.403170219395606
-0.606208807566787
-0.388863250430843
-0.353476650714103
-0.33705318901801
-0.48260579748785
-0.264592725353348
-0.474226713199929
-0.481677761204592
-0.421328766244286
-0.481361234895804
-0.218925195479194
-0.393110958416805
-0.397205147725631
-0.256339814872071
-0.301944275916208
-0.547261218648032
-0.336782058796431
-0.264588018340572
-0.368924234822515
-0.0842723137092322
-0.32529726796092
-0.278292663672937
-0.293480807239191
-0.345595093437831
-0.412528810214681
-0.403622126979277
-0.406701478194839
-0.35707730830342
-0.410536873029124
-0.295642826216187
-0.404708554729848
-0.255818245307048
-0.299484241531912
-0.349858093650921
-0.375469913292119
-0.471827761282675
-0.39229466050049
-0.314234244628681
-0.221708702975626
-0.260331018059124
-0.379629066540565
-0.310584298051444
-0.361125645558751
-0.323604977417026
-0.359132422075761
-0.359232957522647
-0.244204820680931
-0.232645469339319
-0.247892934261654
-0.368728854234216
-0.377422351429982
-0.330650185164594
-0.285229654248675
-0.156678539807234
-0.31958169104013
-0.228615658660765
-0.386467348630244
-0.170218106366556
-0.196359234853351
-0.330353700753441
-0.264880418661659
-0.133525769295056
-0.24850691000355
-0.30541316082901
-0.221407194672761
-0.278170394914576
-0.162581925545172
-0.176114431106966
-0.124782478708789
-0.286626917657941
-0.40236425947958
-0.188860597351878
-0.1544123990435
-0.204255804858443
-0.377886146073023
-0.271451567239204
-0.0799748876033097
-0.333013195233246
-0.0318354776364691
-0.196720992620808
-0.240072227412137
-0.23648232745907
-0.259529787816798
-0.321255224637488
-0.243720507772248
-0.306027538505675
-0.322364084309036
-0.174750062013103
-0.113787849037611
-0.285802792741876
-0.271851696564348
-0.206136759025909
-0.249093905188925
-0.0539913440787127
-0.221591538794058
-0.163896921812062
-0.435485674998696
-0.116165624462801
-0.134459517441294
-0.176880374846145
-0.265181834381788
-0.184922260928846
-0.173020577696442
-0.295776116571778
-0.139110230267056
-0.133903371310978
-0.18977485984014
-0.289965113846474
-0.204125716138859
-0.0871093344652581
-0.223593458174179
-0.164782845832333
-0.14166088688841
-0.189478652194378
-0.241741372764137
-0.110413039906201
0.0358447002953528
-0.29697662146879
-0.168638005382566
-0.099116433377164
-0.0828494844574284
-0.239065717133809
-0.196571713227495
-0.102115077088214
-0.245419677717724
-0.069163559620172
-0.10088881544636
-0.198842953828671
-0.236873944078817
-0.0592770237434313
-0.166550620682918
-0.201630970637819
-0.13170108074777
-0.153482789136107
-0.206615641465202
-0.05213085212184
-0.0626071507320268
-0.170246612458093
-0.0108703037884615
-0.0662500881798935
-0.186544012009728
-0.200452409325422
-0.0963076564752903
-0.17321583036099
-0.115719683909557
-0.136100363026931
-0.0853824451474386
-0.150852501951232
-0.0312055297517984
-0.146376898602953
-0.317474753037278
-0.220145934837501
-0.1294880766677
0.0454303256705245
-0.0571866585631922
0.0160317546491586
-0.240532492954792
-0.1634651062157
-0.190603996665471
-0.105016076387212
-0.0361937069870736
-0.0633176020919082
-0.262980452129537
-0.108295770879421
0.0971530062435786
0.023325775238872
0.0613240659481527
-0.0795493904414603
-0.0474080388403694
0.0991476102252276
-0.0250377690492583
-0.150649336368419
0.00476322044988265
-0.0380807485741523
-0.112605117883931
-0.0967026779095921
-0.13479527352399
-0.0258307207961516
-0.122608487721505
-0.0843707941246472
-0.102228850247017
0.00189966173616249
-0.0197132031570235
-0.0924847503796572
0.0742553427026304
0.0356808658866196
-0.212299979921332
0.11590429967967
-0.06178945252009
-0.0852826546825747
-0.0495740048593493
-0.0791721467834595
0.0253166619498353
0.0321705127183457
0.063243912314388
-0.0969573339984489
0.0157436857448271
-0.135419110513053
0.0150120612839097
-0.0932254912854839
-0.0579457584852898
-0.0649871632982042
0.0691659434881201
0.101766331103547
-0.0885617900742724
0.0216029628963789
-0.04128986399493
0.0604334082341009
0.0391171582000813
-0.0280399926139143
0.0891775265563196
-0.0744614478410467
-0.129814592687345
0.0521090678279408
0.141795094996233
0.108757487414708
0.00491120577493008
-0.0563821649132604
0.140252258736655
0.024981655092667
-0.0108080514924407
0.0203741012668997
0.0149742971689533
0.104258654496228
0.0867689296525002
0.0110474216146623
-0.0407049299705511
0.166146602972617
0.0528288332498444
0.130679572005514
-0.149142092283921
-0.0413198129940168
0.103380884311088
-0.00251492987037795
0.0237637883523191
0.0775334727715624
-0.00781887209630103
0.125431437171988
0.131216970231879
0.1946839972184
0.280798195434101
0.121643185594998
0.0507984070777661
0.100289028433914
0.0273816002389166
-0.0625482657865562
0.0542556654300131
0.0732796200967702
0.0999516357318283
0.0741507780589737
0.129133943906151
0.0942874115283022
0.0370645493391324
0.1938394032428
0.0386363631087022
0.0220429066935065
0.102863697304754
0.108075954500357
0.139885246626771
0.184291227296051
0.338890702831699
0.212490386230271
0.141579384970215
0.159204476670242
0.129709122034904
0.142058158074827
0.343120195784293
0.121249778944705
0.0274191592629969
0.222765342660219
0.0198660216492215
0.151159497037915
0.0927722401193518
0.156664422089716
0.206403183030238
0.0769584599850153
0.220949299379135
0.067524002678385
0.0906115364075869
0.197159852459857
0.00574938820034302
0.148139311690022
0.143286969830206
-0.093459352468389
0.0168805200503035
0.0758922938689731
0.23459585386877
0.219697437615652
0.175292264736014
0.10244056851478
0.152372614608431
0.300698856272596
0.122383544242069
0.109107198979614
0.183260028502096
0.116366555340895
0.129838312838486
0.0929349729132565
0.139040961634011
0.224373162320856
0.197885531729796
0.0890141539149876
0.161676301109192
0.138978964992466
0.0323034313733431
0.330982696540908
0.25545827319943
0.178411404980844
0.0199299979303031
0.274845785081578
0.271934659181103
0.276508706936698
0.226966416681019
0.298639611389025
0.200979951603901
0.210224266334319
0.152154413356691
0.216351660688213
0.380559414542914
0.239637333651303
0.1912518023639
0.331886535484722
0.221359735740521
0.179403009784615
0.207800588040359
0.0307035062721189
0.184109065889557
0.232067318089469
0.291592690741578
0.237231726216931
0.350698378217593
0.237183742048226
0.388066941778614
0.334138472639831
0.337822996861347
0.343166802929836
0.194347488347902
0.280702747014277
0.283123148096309
0.205560870992841
0.366470542467544
0.240558130581104
0.216030984835189
0.304372031190156
0.135352362278614
0.257346144705959
0.406571654493457
0.286300009649939
0.222012869440878
0.297275605096431
0.283464678107001
0.386926874600164
0.343436889818561
0.143778950413451
0.447313832930795
0.31708765502857
0.452462410448742
0.293378436810016
0.270095753930611
0.291283549263999
0.277026157435109
0.285191026501199
0.470048367606759
0.277043289997835
0.427466675529516
0.452362646209938
0.193933051929957
0.27580956307973
0.207301740420291
0.234891468517242
0.354965212640332
0.234683354957395
0.25122371499989
0.339083119971203
0.323026556193194
0.374436595811679
0.350587103500737
0.443451465837306
0.524722239565536
0.313173745939342
0.353802686910695
0.389764251948091
0.509600637718664
0.300578095783449
0.445490753081424
0.257172070677619
0.0994853869956898
0.41684126111803
0.442711594817424
0.310308389563209
0.236825006023571
0.453625715525348
0.311543526631038
0.436777364207884
0.24756690996304
0.315904359004729
0.400309393211002
0.507432231905171
0.412840993724971
0.348424089301491
0.338522263915167
0.310984277404419
0.326187100631701
0.421808052951177
0.470984447585552
0.505476795553261
0.259912176068493
0.466970333299704
0.386841214122747
0.290706999426402
0.523400660343086
0.536947871326426
0.386317166785387
0.387559758479697
0.461181590817591
0.47088975168969
0.381773715232333
0.422345420947167
0.393863498177802
0.522302244436133
0.549466223574257
0.546894375675696
0.50759849291783
0.398408618399597
0.476605714384879
0.584179247576433
0.55627247406756
0.440825389896032
0.345387999732534
0.421776049215342
0.532309404460566
0.483951808796438
0.511870894932007
0.512991971647814
0.493465828866168
0.33840402395929
0.46113204019036
0.33667025813297
0.544599340389447
0.452937876902416
0.471969332366496
0.485244132367207
0.455582589760592
0.489628881505668
0.514377521859321
0.475303586289943
0.410344652527121
0.544633669355767
0.43708573511149
0.558379151921874
0.483107135527854
0.469107701520586
0.449890492175356
0.383736784066302
0.57722768621852
0.57103979444651
0.438379845103121
0.451372057659314
0.451889297817167
0.535224784797101
0.49354490954479
0.540042912484472
0.533927998712625
0.440933761507189
0.566157546646452
0.600836992069813
0.484709966247709
0.654778818910146
0.380039555921608
0.457138037397405
0.622124716294836
0.571007514118108
0.44232179672318
0.51264775088796
0.590302667612555
0.480196425070917
0.552681933452177
0.320217498181661
0.545699059276183
0.525510970853116
0.551360268423289
0.521124682271754
0.695991334367885
0.712864901683783
0.581144502048377
0.478453101617909
0.509597609228554
0.622150204693395
0.383381702166989
0.44392746845935
0.559606749508953
0.594010362534458
0.578701165563327
0.610748881878894
0.600289412006853
0.410399496198748
0.578133174616068
0.54538272855632
0.620231858390202
0.581714055967479
0.662385118544986
0.628558313747936
0.675017709174809
0.679314461303524
0.648900840317165
0.69712213134428
0.679880489335572
0.530411855619323
0.771194329915121
0.60818982853184
0.70813236925837
0.69871759542119
0.621705372071167
0.634605779815471
0.751427552020608
0.83031111536848
0.479611012547174
0.62217485888554
0.704560149906028
0.551120544015721
0.608904722057462
0.795772138048556
0.587023883642859
0.627243963096634
0.705707993737989
0.714431825805147
0.756153033486993
0.631925477041457
0.653554816252661
0.55245775043192
0.692280491375333
0.710323448823129
0.640843269843397
0.670244792299621
0.719432519312688
0.563087106671026
0.634077385460134
0.834865720886647
0.636885292752105
0.569124871005402
0.679626320579127
0.752223040953387
0.556049829905686
0.79751609520264
0.720144526401184
0.7116270924636
0.725165789950885
0.768410066649461
0.78844451671213
0.768096798277663
0.644284992409332
0.684455283033698
0.722220478505854
0.678119406651336
0.681571862608634
0.749603369754435
0.596153801587233
0.80876516603046
0.803762353314712
0.809606701890213
0.785285308441809
0.794059817231911
0.809814791334618
0.818973923317948
0.779440869135295
0.811899979095327
0.706875329314735
0.706008691626277
0.713962576469302
0.694902493185839
0.722175755641567
0.807037149184647
0.844219709635811
0.729268552717322
0.792976578906932
0.611943703029147
0.768076657663399
0.78807644266383
0.817157491462949
0.745692517789052
0.793822242495335
0.763398434940789
0.75531103427477
0.834707619175906
0.772541944063036
0.773781056810632
0.66154900206785
0.7722101485999
0.580855925949261
0.797511735169252
0.751761408068101
0.757272467252099
0.774106150855184
0.792801187913049
0.819493045179971
0.772169926025007
0.512241238875228
0.912145447611127
0.731213493658501
0.69727400104676
0.871742542460523
0.767836107830885
0.617965683573418
0.60728334397639
0.826023965141153
0.836004342667674
0.849989324536308
0.662213647551026
0.723243988018168
0.800839712722257
0.812151239276597
0.769454569575099
0.706333370083648
0.8999754374037
0.881583423649218
0.762724965502154
0.943863114699686
0.82491770265549
0.742485774844514
0.907307181467263
0.928312204140743
0.771191351602348
0.967079946939424
0.789345875413038
0.656918027640987
0.903807315846446
0.961390071895796
0.867093038217481
0.861164687935469
0.874254118777978
0.833786332913322
0.916160180667381
0.848404144182049
0.765185515906275
0.921923477438503
0.878658235765387
0.862898937885439
0.908972436792654
0.887967357601823
0.940307501213933
0.885765157399139
0.989765932914785
0.79727983285577
0.982698661541374
0.899277413312557
0.89021561090287
0.842353459446712
0.880310808865059
1.05263252204253
0.947966967226442
0.884508565987207
0.859156004970715
0.94983887144607
0.957784583634971
0.838750081947062
0.940762927060586
0.793668354437968
0.933270873490545
0.97449110330354
0.969625590380223
0.794618613672845
0.956762511674966
0.936617107628419
0.871412201003258
1.040843106613
0.990586654041669
0.686756478380208
0.994871036383563
0.847014940433479
0.801778823827022
1.07980705387452
0.924112979024026
1.03406607788479
0.943468065496388
0.775332180588726
0.756516319397767
0.977684052125379
1.00962823831367
1.01672725649167
0.961211898937334
0.868398592812358
0.958541811058488
0.96485938788585
1.04955828314543
0.982584300532603
1.15622720492359
0.973497584569419
0.991676306593437
1.0440998226795
0.914160652798722
1.09895259743562
1.08995297474712
0.868888981640995
1.01411470588653
0.936786644614397
0.994575559572524
1.03557264562492
0.968394699942041
1.00136242423445
1.0710236824682
