0.0551425827877677
-1.05394934763582
-1.03421640276914
-0.925320641107309
-1.06837547714577
-0.836048164593324
-1.01919593756806
-1.06300506152541
-1.03675782601934
-0.845176430860049
-0.860985942928547
-0.977994969067827
-1.05423746228384
-0.83879046897936
-0.845016377523655
-0.916167763618057
-0.972990422175223
-0.869401040473479
-1.096568226079
-1.1022051020789
-0.887691932002749
-0.881385321508966
-0.93781490052337
-0.927481423341569
-0.949426774824964
-1.01974392802151
-0.866056689589825
-1.12558602628643
-0.834863135626433
-1.0407830856447
-0.85427963460785
-0.854836671640363
-1.01650639570521
-0.968893300776564
-0.884759286214513
-0.835386521003855
-0.954700214218539
-0.873598100420092
-0.87018116094349
-0.888015400651328
-0.946059570823819
-0.857582234586385
-1.06705562465616
-0.833203693926793
-0.861810240539471
-0.886146085545458
-0.878307751762175
-0.86471226069657
-0.788885428090056
-0.855952590709406
-0.790017050661303
-0.838085017807202
-0.873114302958232
-0.909110435847308
-0.875208320710179
-0.973574444951624
-1.07292574594317
-0.7529848571888
-0.887884299562083
-0.879689643930886
-0.826148875530061
-0.957316703572069
-0.875698744074204
-0.892262369907716
-0.746603526620724
-0.813847116471141
-0.691959630264392
-0.88855621321835
-0.83837540772814
-0.757933088022334
-0.821248321806946
-0.896368280098894
-0.96492368794662
-0.71732113607968
-0.870036143871521
-0.808405587644917
-0.813201919503851
-0.822156406131752
-0.724930441201182
-0.929077657090645
-0.881381475476526
-0.885106279247458
-0.92856935633812
-0.903768351152088
-0.724638157649329
-1.05553175240211
-0.802247439147909
-0.859235086945218
-0.670998977705859
-0.852337195593596
-0.888217327827112
-0.835966939105406
-0.741059897272739
-0.889094603519447
-0.760504859407043
-0.718810024454284
-0.693292287316099
-0.975012577727373
-0.773343486360207
-0.750156724482812
-0.871024264352692
-0.801361941972726
-0.910472802055188
-0.832677410823264
-0.823536475249075
-0.810396020069358
-0.776184080558366
-0.927285654945483
-0.834086157907439
-0.724082316371384
-0.655630657265595
-0.745869907179117
-0.832265612072603
-0.707841671148737
-0.721288057064057
-0.708147782187032
-0.85274419393809
-0.838681135016948
-0.725270711319781
-0.71602892670368
-0.78496518808648
-0.74293899602923
-0.782878435095238
-0.796035575532445
-0.827700158627493
-0.766980705642953
-0.604075652852608
-0.723868784698187
-0.876229194360871
-0.702864849905104
-0.615442383004546
-0.755313478472894
-0.671453968083945
-0.56953339033549
-0.745076922406858
-0.634178624381079
-0.799950579420838
-0.805115723273096
-0.682805912050281
-0.652838220595277
-0.787090013727519
-0.783916341371283
-0.854805586471306
-0.713952367729872
-0.695743663476474
-0.633710423225617
-0.691718165752017
-0.610725961092043
-0.790502991160666
-0.701584672605192
-0.670846260546001
-0.719225332575814
-0.67288504485943
-0.663428360119179
-0.807852323927837
-0.685590668054916
-0.677945795556847
-0.64129078607682
-0.679609861365412
-0.639088961859767
-0.579135352938735
-0.488260596177941
-0.617722242796132
-0.758055090658829
-0.673501670342902
-0.724469047520908
-0.646065898508663
-0.776410914520057
-0.787917976580539
-0.516824328180444
-0.647670013719853
-0.623885575195666
-0.759672286181133
-0.70095634320245
-0.543081926537414
-0.75034409662185
-0.598084092538595
-0.48826907713596
-0.818667822428708
-0.580697101888431
-0.535634771153815
-0.604282771911136
-0.795088882925026
-0.718708223176961
-0.592460616319845
-0.609529707253559
-0.489676030285502
-0.677193882112391
-0.596233845353237
-0.692923838889443
-0.701048023636044
-0.648329881197755
-0.759825136078145
-0.634208834092867
-0.588495886849212
-0.759657172160249
-0.582133955464852
-0.532316625145319
-0.619555297351315
-0.434926889898014
-0.393750959317653
-0.630191969450817
-0.587728820518647
-0.700020970820119
-0.641105150363098
-0.639949724239326
-0.556197397629606
-0.655288823112562
-0.6551765074465
-0.640979633376959
-0.607264762945082
-0.50335518345972
-0.660006354442732
-0.637097065342083
-0.471402579225701
-0.517373125330312
-0.53559524310566
-0.495018009268705
-0.604325460322529
-0.667036640860737
-0.420715233891177
-0.611855916347208
-0.612431684919509
-0.469832476532992
-0.448051474314865
-0.511023562429926
-0.499691189694356
-0.68995282871732
-0.501352436275041
-0.458644793883491
-0.556312853615278
-0.504466518963891
-0.610012050717056
-0.458784818005376
-0.514855681428522
-0.439085868328244
-0.51805858140337
-0.299385826790122
-0.494607294219601
-0.51227518029409
-0.549927345057751
-0.618569931475352
-0.612718991033794
-0.597716307865338
-0.377468345574516
-0.652217496072493
-0.531974467540203
-0.513612085658728
-0.483388696031211
-0.484399507951309
-0.496306306268595
-0.479081006816586
-0.514805149183052
-0.498205274264033
-0.40492035186566
-0.525472532693985
-0.542237805735161
-0.587958672656347
-0.443157888484548
-0.54084030772481
-0.390705614113486
-0.534895669215141
-0.617666257140794
-0.36357850961913
-0.491450126299381
-0.538818495236992
-0.439179616753415
-0.556934069943507
-0.466445902814159
-0.442559911275266
-0.559219967605738
-0.382356334304346
-0.466075354349652
-0.42588865633679
-0.502771508240081
-0.474486160929727
-0.50563362511727
-0.519492719238025
-0.471789164722001
-0.388924107388447
-0.419402661868854
-0.559553976136159
-0.465026498131302
-0.406149496839235
-0.343364948131598
-0.443238972855229
-0.471454979954679
-0.365316055122535
-0.430771787084441
-0.561559528748606
-0.408953965011911
-0.392061059957366
-0.433488733400987
-0.274867926264983
-0.360175017569832
-0.502125615443305
-0.342755693145436
-0.411017559152128
-0.350081446117555
-0.423817124534469
-0.391469574470662
-0.585960676532594
-0.411444603444248
-0.350255413144693
-0.347107483533305
-0.460043933631992
-0.261260835209714
-0.472790291003357
-0.476365605612379
-0.426506553693382
-0.464808369355123
-0.21323396090078
-0.351332121237321
-0.40422012733354
-0.246253987598368
-0.289087329204625
-0.533785991150164
-0.339060720357943
-0.260338855517529
-0.379961582346614
-0.0889342216533053
-0.325002967095801
-0.280354490011966
-0.30325545066356
-0.344005758450271
-0.419889330601005
-0.416433598008007
-0.430414058238981
-0.348977864465146
-0.427707300695038
-0.286699326296505
-0.384609098949299
-0.278750974540846
-0.29998958709349
-0.362085757579425
-0.372094751962062
-0.46125522972501
-0.394818679299285
-0.304670652431058
-0.214254640852003
-0.257090275208771
-0.395611056983369
-0.309151469451626
-0.335227663156606
-0.350351159186805
-0.366798876775475
-0.33329015649281
-0.216749146554956
-0.246120947033816
-0.22450084545232
-0.355179055458666
-0.353825778693764
-0.31027849978429
-0.279439463085345
-0.152468644992668
-0.314584530419774
-0.228668058964173
-0.384567113472132
-0.159109559366906
-0.210931047081829
-0.340873326282548
-0.259124419238696
-0.164164589640126
-0.256519768196064
-0.291211200698244
-0.236572088359625
-0.268425075459326
-0.180732061380909
-0.179222269811987
-0.126863095381364
-0.297787062492028
-0.413118336611523
-0.198720931037528
-0.162355074794652
-0.193226558797491
-0.373447175572956
-0.274983920713467
-0.0761055547273329
-0.34818527911725
-0.035295517538419
-0.223999655731999
-0.244763555549294
-0.235112224898177
-0.242805091775834
-0.332341213026657
-0.226823237053558
-0.29570582940402
-0.292620251694976
-0.177280860500996
-0.111649261102518
-0.308205680762026
-0.264976092972234
-0.202142470214379
-0.271632550645459
-0.0672607651105059
-0.234661108795881
-0.140114802876039
-0.428799858430667
-0.0955038936222753
-0.129864306995678
-0.171980574350261
-0.257566675632666
-0.187359934209556
-0.172506193421278
-0.286766438611116
-0.127410979681588
-0.124671630369955
-0.205349822705498
-0.267271364417794
-0.226258983273886
-0.104155054402419
-0.221693448476827
-0.149343073482059
-0.142053673251884
-0.151069337375137
-0.233719729232491
-0.100290425042874
0.0322567920084932
-0.299123340237621
-0.168455827635747
-0.109370455760494
-0.0758462776917935
-0.221793723376449
-0.222462795704939
-0.0979014772346717
-0.253628533743355
-0.0964034200972637
-0.103083161090431
-0.184241712196605
-0.237483013200744
-0.0459010773331253
-0.154217157710748
-0.199610504517725
-0.134005710083437
-0.148189556846039
-0.187910720196711
-0.0440634558837482
-0.0529345008397549
-0.16204108693835
5.3643190591357e-05
-0.0469316450248115
-0.174891547513096
-0.211009612050769
-0.0839872455340042
-0.169613202064118
-0.110996893190547
-0.15094561300424
-0.0881426971808632
-0.119367929136743
-0.0355323092492195
-0.144560262173646
-0.296905443842236
-0.196844296421079
-0.120024194033308
0.0523867433655339
-0.0330643604709911
-0.00792073920338766
-0.248119127886955
-0.16163519340183
-0.192156596162038
-0.136544401385015
-0.052153060399798
-0.0694562877189796
-0.274921478200015
-0.132684178899888
0.0998204992096798
0.0054391415138004
0.0607523672693609
-0.0761906421596466
-0.0559109511009258
0.0897720218347014
-0.0125626027594687
-0.172279845443418
0.0122233929304389
-0.0479373626402608
-0.126979046946045
-0.0897120091484883
-0.112902069768272
-0.0621735967583807
-0.161272456951617
-0.0706816240925542
-0.0965395756966838
-0.00486159781564769
0.000361663315748973
-0.0858453059302591
0.0616750021485663
-0.00275530310012068
-0.216667161581368
0.0935865563556045
-0.0396168371171996
-0.0851125147472116
-0.0411078525551507
-0.0566935078560133
0.0257690701526654
0.0113839598731249
0.0668829711322055
-0.0754633075424267
0.00837018977626201
-0.115822872802062
0.0115610025185423
-0.0879592635838458
-0.053968226365951
-0.0843110769341301
0.0541874639742049
0.109373087457381
-0.0940872563830106
0.0114998266252833
-0.0337843948634912
0.0522457244393435
0.0700034453933588
-0.0271493897496577
0.0666415330810829
-0.0571851295260138
-0.132855625432531
0.0589502827913834
0.155724802245501
0.0945054672582812
0.0241986713209271
-0.0425218481187321
0.147962249006499
0.0128781320333431
-0.0102850734327928
0.0135009365778337
0.0218114019559278
0.0811221091944686
0.0561601296055945
0.00912556132157503
-0.0222340337711681
0.176406678819526
0.00873520258442356
0.125335051739513
-0.154050183497265
-0.0757532007254286
0.0874887151935502
-0.0104455666354888
0.0369136319301864
0.0783683412915786
-0.015376098437767
0.117866272151115
0.14892037270633
0.205130104175963
0.289324655405178
0.107655004791207
0.0559803752648385
0.104850209250708
0.018989420231739
-0.0458050643951107
0.0687840710193843
0.0566682620023971
0.0796685882697769
0.0837910497876871
0.155172913185627
0.0748620535400344
0.0458479734795355
0.193136569323377
0.0401514630386662
0.0338080985421654
0.100607862236751
0.109195840212567
0.13884059273635
0.176749516118249
0.324295126891752
0.218640561116373
0.128854146758426
0.155422072794556
0.123999434564278
0.160021179634554
0.311868478074209
0.136794701354948
0.0181078912599528
0.231828248110038
0.00547610272502427
0.161828662215053
0.082638969118685
0.162948734262979
0.192202965024963
0.079206654011979
0.220134458982303
0.067732345624157
0.0820185766356416
0.218240041059241
0.0259743408692257
0.139135014172159
0.153134883886516
-0.101016226236979
0.0179460722311865
0.0797272913824611
0.252708723205926
0.194639394121197
0.170870229222858
0.119302224236184
0.169390764407174
0.293737919703788
0.130081176616525
0.102311861760101
0.189531458762732
0.122822868532854
0.129270112139176
0.0928541103981651
0.142525045117985
0.229041856967712
0.181626849636029
0.0839305006572921
0.17367746343929
0.143154043898184
0.0433745888645369
0.337033506984816
0.261661800533195
0.167949490979639
0.00500455829058536
0.255228843707203
0.250522071850935
0.27498250900095
0.202927997704356
0.309523473820301
0.208307677668295
0.231648464991835
0.161622334102246
0.232099680090453
0.367682916493584
0.227379497801468
0.202689899776508
0.327420790366525
0.20718928464027
0.178670085242882
0.203093150098211
0.0259791384390563
0.185236426130103
0.217818666259182
0.298028955523694
0.251389229012133
0.349960849344419
0.226574902054007
0.387239899497669
0.317227424275235
0.350031358660045
0.338730258414296
0.202009096804017
0.292688557547503
0.2947250815484
0.22454443791375
0.350954688470406
0.241008569677043
0.217248519570822
0.329693924660019
0.119424868719722
0.253908644253521
0.405978364015448
0.278092967947645
0.209291737700604
0.312639239911442
0.304398327842624
0.376379303528325
0.368775238577153
0.130948286968426
0.431315354424327
0.327916242705596
0.442593647357125
0.307722825591521
0.287472200044195
0.29078737441842
0.271908259606251
0.282234919910042
0.471902914024778
0.278609480504207
0.442121308527877
0.464117670411637
0.206450990910502
0.275574107096291
0.206838791380316
0.237643631902974
0.361511175729519
0.246252149539263
0.252092796437854
0.347294695859416
0.330181536932382
0.379959930583078
0.339837703406468
0.457609721421847
0.527717651150586
0.310695309421461
0.365277238138376
0.377676891381751
0.480002500600515
0.313001123825185
0.452823392778447
0.247252024324519
0.128116498427956
0.42303102762853
0.414616236224103
0.298863222287873
0.246198247438726
0.47125823385492
0.316801046606336
0.443870189063849
0.267657296655568
0.324309888153379
0.379894199725674
0.505416134893143
0.412857720583344
0.347967251394662
0.328371731875079
0.310832971031411
0.315096566103746
0.436462771599159
0.469107513010288
0.484876034106751
0.298616142666551
0.445784091399063
0.387946213276593
0.273484135962283
0.53560103120234
0.55651272551261
0.408039346440738
0.367925622775049
0.448306168263444
0.468364284639213
0.357084251299722
0.42769182130742
0.375553244083278
0.542551287331088
0.543102914333208
0.564387400045947
0.528260469743092
0.388739464358278
0.474235001242473
0.587479875067239
0.553623142249784
0.446118183873237
0.350322643541937
0.4189227831611
0.534774875469799
0.469936052041029
0.519832310675357
0.513817617884569
0.494335197157971
0.327871082200824
0.482403719150813
0.371820985475891
0.536645285099799
0.449483213858449
0.467677180843166
0.48875451364906
0.474874816729975
0.488116918624778
0.49704202593023
0.46820102424224
0.438376877428981
0.539839504923383
0.425806458565543
0.531497924881694
0.477969902157483
0.45961021533085
0.419034686020091
0.362834366808023
0.58405774491066
0.608919111994239
0.450882264770884
0.452494467831274
0.473186782411813
0.529539656663517
0.500865455701004
0.553770027078009
0.547795773008821
0.450984015681269
0.56729548927934
0.586180532832397
0.469388850865218
0.631457421897895
0.380941227643641
0.484602687491619
0.615657469113211
0.599735181909608
0.4208059760364
0.506353310552273
0.57239968977011
0.485079075426539
0.555092784417317
0.316567743150035
0.536562108204775
0.514601349533042
0.555844283470983
0.508844798525352
0.674041311601756
0.676004936218406
0.599145911448279
0.474613587558671
0.506995579164314
0.650569523844719
0.389140948966462
0.465430289075985
0.583596859803727
0.594097920134657
0.577785880205321
0.604072461720919
0.589355534794632
0.423879887853929
0.582946109506251
0.532169125574159
0.628793578318467
0.5962794739365
0.653869925003543
0.615235505635025
0.68752645394604
0.659695930006999
0.652823596222362
0.66833061582584
0.661327821965017
0.518889806752835
0.770150859020059
0.604288164692451
0.72744011208604
0.701239409137912
0.642163689565415
0.657881589650986
0.735165693008554
0.831004447846404
0.477378176171515
0.632906803151964
0.705053837723286
0.554152985745653
0.620684918307685
0.779287910201953
0.56716160291278
0.62820505605057
0.703595983857912
0.691092283457103
0.748703200945358
0.62902355378439
0.642556145963645
0.576382555813839
0.687743376202161
0.710174052242313
0.631372604265494
0.673889981917261
0.719609618009164
0.566166834631948
0.637684995295249
0.853792709150512
0.635385038234298
0.580235710761358
0.661298498964378
0.751899414116129
0.552771702523396
0.785938523685457
0.707568860947164
0.729068738964632
0.710329931459964
0.769675199551484
0.808897847052472
0.770598896832142
0.645823719951587
0.691378202335735
0.71672814968483
0.697781489026912
0.679672331953245
0.733481030129141
0.584538686900233
0.792514797378014
0.799089588765973
0.789760249529436
0.760966499778349
0.835922622602542
0.821925081967321
0.810460633515441
0.776316856228057
0.799409365015514
0.684209420921659
0.705908828374692
0.69808335432785
0.69052717833062
0.708750099646558
0.797743810801754
0.842744884612326
0.739233995128934
0.796042562306775
0.606089014104126
0.751059712821338
0.802381050126869
0.829077583662002
0.729657356291453
0.781901831445927
0.751925441550349
0.770166576705008
0.841877227947037
0.766893224700279
0.763101475101016
0.672090785420531
0.765823978269644
0.596273994548624
0.816570721929261
0.744203204876718
0.767854056609039
0.760018762382282
0.792361726098952
0.830562123298481
0.794043188783188
0.512939433422219
0.920888780542145
0.728294205081608
0.702792009486458
0.862952264872964
0.750597872554636
0.606674815484519
0.593655908694023
0.821158785301671
0.832059173585216
0.868970737805133
0.664998023260414
0.720171446668313
0.823779131304188
0.832601941146057
0.756677832468554
0.717174855317204
0.87614143632969
0.892896485075554
0.771412415096797
0.93327756671642
0.836720142650629
0.741771404049671
0.911856687632254
0.917173596457484
0.771215487157351
0.950346425758253
0.786440007544946
0.666221361093063
0.927406884121032
0.971008877973094
0.870424940994102
0.869804591721107
0.879382733783146
0.810748792392953
0.935808213613765
0.834557867786436
0.785766836832946
0.904331701573245
0.887846621988965
0.851936456437791
0.928189642689283
0.883719627660269
0.925263292396094
0.87529457248283
0.999050643057704
0.798336725283512
1.00164360162815
0.905107164407862
0.885872401507281
0.854362974337163
0.894820548378383
1.04921248961952
0.948809697697709
0.890883155860864
0.860403681689892
0.953780466622786
0.973218517036951
0.810329410352568
0.949847478374032
0.789104308362746
0.958313004367903
0.966343234866234
0.975324950904518
0.790585094761501
0.960990751042771
0.940141946255777
0.88905949095778
1.03091397523476
1.01029320341061
0.69820827972963
1.01673085883627
0.851179322059364
0.799598548432395
1.06787010245017
0.919032126223664
1.02270426994583
0.941845398361922
0.790511447933154
0.77293315534109
0.982746401561585
1.01782399601558
1.01350846232396
0.953121759789464
0.873073690362466
0.943675427247461
0.962493310559151
1.04585849172274
0.970739210565488
1.15368490813162
0.964148493669257
0.972203573454821
1.04470954663642
0.889016431593127
1.10210533950615
1.09962403722636
0.872551727613024
1.01495624191026
0.934742696374436
1.00205106366484
1.0457357068471
0.970518354250284
0.99908138106454
1.06761849955549
