0.115753880844271
-0.993427983510926
-0.93178846167809
-0.951478333870102
-0.971967381678026
-1.05005593568265
-1.0730330666346
-1.02845952503299
-0.882346993687957
-0.866493960625842
-1.05331905649236
-1.06964365779718
-0.941005262170802
-1.00561439597842
-0.994361418115887
-1.0042419880339
-0.932550210693477
-1.01077507456315
-0.813673844043541
-1.02860906053575
-0.841632893321431
-0.77606988770359
-0.829830653675303
-1.05870414138611
-0.993570171747183
-1.01586392444778
-0.895625676556202
-0.872361021015174
-1.05048939945656
-0.831422527002072
-1.06344605926755
-0.955090549376982
-0.982383622339123
-0.97776679767837
-1.17508442346196
-0.852233293673466
-0.959369056545275
-0.955508171403271
-1.12296332580861
-0.9997718710673
-0.999200377031555
-0.83995975192266
-0.845292054021685
-0.737675605115265
-0.810088026935528
-0.817852713196117
-0.868897354733371
-0.967800439977315
-0.887427354835989
-0.92676021406444
-0.928881397085617
-0.906531989074786
-0.887206709714333
-0.745109277545857
-1.04987261181985
-0.705536162162307
-0.923070820012057
-0.99731978091448
-0.819098163102597
-0.829800090276455
-0.892014404516342
-0.802164630655568
-0.806574677879932
-0.866607907880743
-0.815935267946591
-0.929962409459268
-0.816604071005272
-0.721908454456351
-0.909433635408393
-0.782278874120849
-0.854154812871151
-0.897541630524419
-0.721965484110714
-0.771860430539356
-0.678750424306764
-0.96163357298471
-0.798118700785841
-0.786893884465024
-0.858923386817424
-0.875204575023976
-0.747876857860846
-0.815745147266072
-0.889858188036386
-0.782141005404435
-0.66158425417731
-0.813609026455469
-0.877291395566705
-0.747366482311968
-0.909975897110223
-0.835751501616245
-0.779575886515092
-0.788280101171735
-0.852298078437824
-0.908584814381938
-0.777353820799353
-0.732681008193284
-0.67597298463788
-0.860630539103034
-0.68036070631073
-0.822534019567033
-0.836877022452042
-0.833635276296494
-0.811052349058447
-0.875888190390549
-0.898252016080437
-0.784049144601622
-0.923871530992329
-0.723511072639455
-0.725419818816619
-0.730433320100861
-0.816810797830645
-0.74537144804408
-0.700049382918587
-0.683359486435756
-0.803396957180589
-0.738392452649208
-0.810242738179476
-0.828138288453909
-0.728838205868173
-0.815100999428526
-0.714565727922712
-0.83117810700061
-0.822836387629102
-0.598503130962141
-0.741179180640252
-0.739912659910334
-0.703940174188511
-0.783440345809566
-0.717944775925685
-0.724368337936317
-0.597001657212731
-0.776831383029402
-0.857351530653346
-0.747578364849499
-0.722386024763186
-0.735474604399072
-0.778110393979387
-0.625410086611925
-0.865341315383865
-0.623653055750071
-0.503092849985867
-0.696464804500548
-0.701652278575483
-0.727403614552537
-0.804203030164507
-0.649168690915667
-0.819539758504294
-0.570154170807185
-0.641022359151
-0.674920113159092
-0.665490264494238
-0.627706313276372
-0.637244839021412
-0.77128288335666
-0.644792579519449
-0.750692177221779
-0.724121609261102
-0.665450162721741
-0.592101673620459
-0.514055791684376
-0.61753531670544
-0.557642914178688
-0.681055831505059
-0.665345815307651
-0.523326135620836
-0.616837762489167
-0.654469074811818
-0.561496606237313
-0.741638937246191
-0.558785371407781
-0.551059987309717
-0.639348960326719
-0.690872910772065
-0.579871490512399
-0.636140982990677
-0.688154748230194
-0.575408704047655
-0.722520550144814
-0.672553957954756
-0.512687224236857
-0.735650331993697
-0.485096108417911
-0.631504571943587
-0.690648221958238
-0.782978830283278
-0.571606321378728
-0.671596201326175
-0.654197097353273
-0.684330003138078
-0.561917086186307
-0.767548574725955
-0.724171717344082
-0.580530680193977
-0.537104073309015
-0.582672750605192
-0.540348194059863
-0.547642196276215
-0.691904144230386
-0.596907237710108
-0.667069918764868
-0.55712817995295
-0.609862903309039
-0.568347372421338
-0.528898114164575
-0.651085308610586
-0.536701494807004
-0.572533015715053
-0.581699089120828
-0.52517705631244
-0.480646408892908
-0.607362805849747
-0.568034028856414
-0.5133663093303
-0.454925209624823
-0.626154006989682
-0.526940451842185
-0.566425775888007
-0.490131340185731
-0.534849077202365
-0.524349075919322
-0.459117557379717
-0.595702903195392
-0.617596864494437
-0.653645523068966
-0.57768032444013
-0.585686786558761
-0.565049937816843
-0.473495033269686
-0.622908251206838
-0.453078362521077
-0.615673420796795
-0.540955652998117
-0.377939672576074
-0.539746161495234
-0.497396050273992
-0.617083660445527
-0.41438051868991
-0.422271293271074
-0.565060973522987
-0.454812790234117
-0.616648120057699
-0.55871027226734
-0.480559503173414
-0.54637057389505
-0.624611423173199
-0.649946329448294
-0.488750622462576
-0.48542622767302
-0.475908267208566
-0.29144445156192
-0.422447568486876
-0.481168972637775
-0.421839907602058
-0.539463976407605
-0.576061961791264
-0.516591032532056
-0.499177557841192
-0.486197319587561
-0.543418913248356
-0.492542103735607
-0.627439309486529
-0.35460780160282
-0.474849861715714
-0.36309947984419
-0.639563152159003
-0.510399573880367
-0.601334855364071
-0.503243950103297
-0.287953713312108
-0.540680925657744
-0.422580990059488
-0.467586202997744
-0.424375156122276
-0.665483013454688
-0.509535607488484
-0.501862394571818
-0.575447350094783
-0.624100677094307
-0.645690281603891
-0.597502186607079
-0.374717445598704
-0.336542497228516
-0.541994372517543
-0.392764659635865
-0.370820096810767
-0.463037491177211
-0.267637889029256
-0.438272752539599
-0.46733537475872
-0.474167870695163
-0.420927075616048
-0.387751615317415
-0.469128499277017
-0.383733142461666
-0.303035726193623
-0.500513392605699
-0.479812158853862
-0.480031598218993
-0.307551566840706
-0.268982228712986
-0.39303450721759
-0.412878789517312
-0.450360656202156
-0.413383613919613
-0.302893205042187
-0.36251510865788
-0.419701312077795
-0.616699630617997
-0.485989240441736
-0.320612094730226
-0.381136265531028
-0.298405938958083
-0.201342040700121
-0.427007632151211
-0.503967342435996
-0.426140856148202
-0.371229831882971
-0.370524188077498
-0.287706371779677
-0.429339978372328
-0.384879349974769
-0.432313607511925
-0.309552069113782
-0.256730306979346
-0.340540078610231
-0.334718877238864
-0.440809156059255
-0.11593661690817
-0.374774730932405
-0.476019100979309
-0.246492749616478
-0.409935847227732
-0.318214385092437
-0.19010605713098
-0.518406267322859
-0.221832836529683
-0.412131696121008
-0.285430879682768
-0.339333611042037
-0.37383918119883
-0.314228807626513
-0.366020970432384
-0.382858383618736
-0.333093594124991
-0.243522713229952
-0.306927824423383
-0.290942558159242
-0.312948010916364
-0.291244733536095
-0.337715762929826
-0.371614811723963
-0.405346108455754
-0.172184281784842
-0.210558883921763
-0.188425785087352
-0.263513446153739
-0.302340190500965
-0.260459123251799
-0.223901626755755
-0.280662317629303
-0.295292942468639
-0.308082720231945
-0.335521356973862
-0.270644960473447
-0.206456557000998
-0.235625535095213
-0.294368897741009
-0.201460745084833
-0.365972591132578
-0.324472735487985
-0.13682486171112
-0.254438616603014
-0.10698335990548
-0.356407440236382
-0.178411254089649
-0.266568309652689
-0.227772919508282
-0.15539803191568
-0.173290989367765
-0.240689714123806
-0.235601073816021
-0.299617526544609
-0.391335316953782
-0.173805548068727
-0.295321352087937
-0.187657941833744
-0.159066211052899
-0.278750668632446
-0.0846004867184282
-0.22294930122394
-0.226377901333495
-0.214783465661906
-0.241319295935527
-0.232369789615275
-0.219780423133123
-0.179473136166442
-0.226895342881838
-0.0576341265336969
-0.170486325795775
-0.181136770557367
-0.125658149892995
-0.113596196303428
-0.139663770760394
-0.237486814728888
-0.102870096430015
-0.312355149724514
-0.185951963646373
-0.269562702384849
-0.18044347136477
-0.155473565195711
-0.117490724572034
-0.268638780307582
-0.221821026187567
-0.146852679620363
-0.241137806273098
-0.0736321858827594
-0.124138941345295
-0.149973376937996
-0.272274202257761
-0.237106191642829
-0.0520397341747295
-0.0674300807987386
-0.293877047235485
-0.0847459088738889
-0.319538557305564
-0.0915840317432542
-0.142902512365413
-0.0429587296642286
-0.0432107256478223
-0.159057156798376
-0.172710217051258
-0.181859619538237
-0.0643636880880706
-0.168236379489268
-0.0270660055240045
0.0957538464033571
-0.0554740358714188
-0.19056326383791
-0.184495809692223
-0.115607371875718
-0.136514103908798
-0.228339465099824
-0.174069057173682
-0.0830923791963875
-0.0486509367450319
-0.0294830145549291
-0.127058845368529
-0.145164414320768
-0.0173480734869845
-0.188576196864784
-0.136665556137102
-0.0114000715324433
-0.185958393857838
-0.0907998190034175
-0.0898268411515717
-0.0707828562942313
-0.0886381828796104
-0.0599208836451118
0.0491369111619216
-0.0778930312554707
-0.112178380405142
-0.0579328384787686
-0.104841509973026
-0.0408258701627012
-0.129750758546018
-0.0144404618389314
-0.000330700861982988
-0.0395451073140047
-0.0814730812207773
-0.204804020848647
0.148530599962494
-0.0350691308734858
-0.0494447748221821
-0.0923860696789882
0.0512031286099855
-0.0397154379298545
0.00766157390761255
-0.154575967416111
0.0293163526135095
0.140015211665487
-0.0815873894828007
-0.128061124175178
-0.0512088397034281
0.0713101754906552
0.0639191779866281
-0.161062038295206
-0.00936542949756633
-0.0247069061144807
-0.0282737484119634
-0.0563484380748581
-0.0353484780692507
-0.0297111755435276
0.0797146809553971
-0.0984032655778073
-0.0389381131335056
-0.0253616772936344
-0.0393165322861598
0.0208031747576652
0.0535746321082909
-0.199727356756089
-0.0201833237379647
-0.0558235929905086
0.0243428292360609
-0.0423830371976169
-0.113762017023782
0.084723255135069
-0.0470102258504683
0.103654894286758
-0.0111190039191399
0.0896073282704678
0.150076187932781
-0.0409969141889611
0.17073545993978
0.0344449001141647
0.0666777914534013
-0.00653815054318339
0.048388006563277
0.108583784760867
-0.180845185558289
0.0195379085068875
0.02255133065493
0.0868217677197662
-0.039286739259395
0.269977488695409
0.0541860788934606
0.0705383255859959
0.189337115144564
0.127855285684921
0.0558894177387407
0.0662879590951143
0.0464993273619445
0.0991297462900128
0.0150385504361568
0.0583156589305801
0.113120226434906
0.0716445594577997
-0.0567247373265316
0.0633524487593999
-0.0252629616268052
-0.000822150626873588
0.131448998112578
0.109748103632564
-0.0369444953333368
0.0126530890032642
0.0396883226517525
-0.0319233784336469
0.0512044402525396
0.0793243017238502
0.0446020649610814
0.146280714425568
-0.0538311031813416
0.135970684986974
0.0110276559208976
0.174264605080396
0.079752652498253
0.0349077284464565
0.160893984140955
0.320591729088584
0.102082716258514
0.131404004240984
0.200953164022549
-0.0231195508498823
0.0862535238441386
0.0754830414981333
0.188024158369196
0.237529544789432
0.179630566641363
0.164458855836194
0.0474418841020985
0.102972783652814
0.179613018802171
0.217413087973693
0.139944854294914
0.0304561541212751
0.0939136081846506
0.223074550083018
0.203555316541322
0.0950559521500895
0.204833838766694
0.0905773000717446
0.34929008450195
0.0490061982378867
0.161717496758507
0.145040889952222
0.26365729548705
0.206096294160652
0.0394342111317011
0.174568017814934
0.253196626255362
0.216064721538012
0.271182569921248
0.206035264421222
0.159734097666541
0.150212184203268
0.0226868084037897
0.200582792755001
0.124659447057037
0.0548816617425886
0.316539567003112
0.129682480231042
0.23575841260724
0.19174967352914
0.179649481361391
0.17260512129778
0.0893020125449318
0.20369182582188
0.309012576435307
0.196580325444263
0.260066986434501
0.162814736081214
0.148827045574472
0.240825106544509
0.113362824228462
0.197143178308849
0.334254085935102
0.134404475011164
0.265306395758592
0.253980934641251
0.289341490882441
0.250464058683586
0.239095057079936
0.388416280542457
0.195239669467547
0.272112171329918
0.208297722866923
0.288355919047381
0.322341553851992
0.257783571214825
0.173942606676075
0.178084157969468
0.0242863694002049
0.199041466888104
0.295308403787271
0.333775691651854
0.156281744378534
0.178618057150284
0.386317087610109
0.378823776700767
0.314195682554343
0.174380073993746
0.377559755790856
0.269153783423149
0.155484430268318
0.44234620698816
0.177118801938456
0.239238448255225
0.253188465787246
0.214685289565366
0.258819036915289
0.224819456127897
0.255967050151529
0.339711617266893
0.309395189529872
0.225956733030603
0.346115685380053
0.344266202638028
0.282848816911493
0.391609487557919
0.224071204218192
0.22750821456639
0.512308788131625
0.382252256066861
0.402297660754809
0.330615372164749
0.229550146570964
0.221879104137507
0.330823493959857
0.291985293128299
0.402163603919307
0.34684503326032
0.280226950305281
0.407256579943849
0.377975295368129
0.388810355747348
0.41571290015296
0.413323179076874
0.306280078667026
0.32185498867578
0.28125385569071
0.236952859347204
0.486403586855284
0.311185785200813
0.36838594514633
0.173052838658398
0.166507913375482
0.352941216085814
0.35212462801799
0.299028466618267
0.255570458540777
0.341367784481654
0.389154596099622
0.392309153595581
0.311756082521386
0.413328644874503
0.336007713375063
0.327190243260481
0.486733363383293
0.510770853716285
0.371906086104474
0.523912119254738
0.242703326766918
0.443154374662098
0.416879777874437
0.477652004531906
0.412707585247849
0.296856624255687
0.501331788686159
0.39463547864797
0.555477100878477
0.429491277852602
0.481021299511821
0.574803468409249
0.387363121216604
0.430656373030681
0.376932208870819
0.386635034938057
0.337210300166111
0.325651189287582
0.545549123479872
0.343565187879985
0.467328630047149
0.423935037525945
0.424550823908946
0.399355767756556
0.290393160582838
0.250456654543954
0.394401292188302
0.247564269262943
0.43436844533796
0.385484551512261
0.428070174773737
0.383962290182249
0.435193877187959
0.490721122818602
0.384918704425622
0.34503062934393
0.544582892329406
0.492854207668983
0.566455993299198
0.589773862342934
0.550070146695652
0.586548477106885
0.410023290450669
0.628300358625018
0.333351810957118
0.569915413948467
0.486041827639484
0.434182607906586
0.488196895066024
0.388978893498415
0.416363878090131
0.568672276647944
0.53076821746897
0.582010359872519
0.383349612079751
0.453043717639273
0.403995869749875
0.382952090593534
0.678212000545875
0.443333577589526
0.592722216754549
0.594141321474651
0.582334923663434
0.467518103453697
0.59057571970532
0.469247972826697
0.576647885565941
0.703714796764885
0.572118467279889
0.648381781524414
0.54696749796365
0.355238218538116
0.601292939524145
0.541906754862664
0.626665515870875
0.528962146320093
0.432794086604657
0.501354477293219
0.63981516207581
0.48589794430623
0.519005800476713
0.604524447702672
0.509569469501203
0.373232862812307
0.477638235897001
0.581865489356198
0.589493653791829
0.499883482189014
0.559751527249908
0.606016753495503
0.743595505268014
0.721768839057646
0.565806505115729
0.556086760453355
0.401907189006657
0.502303704238455
0.623433023441427
0.648568225338449
0.647716851364095
0.509884690717245
0.576768379354986
0.683570471150778
0.673545403973705
0.513322866791
0.602113196020296
0.558410487984564
0.642025858867213
0.582816393155143
0.540163223503605
0.628192824194978
0.615786226916597
0.616255107645955
0.508447229950326
0.694746562082984
0.647464421541642
0.670458366146031
0.663862095661194
0.628386710558753
0.542559332631585
0.706450600263395
0.55401993786118
0.648507749454801
0.70801950595919
0.593816447351799
0.699131994847888
0.621946278820083
0.677623580232926
0.533830615094623
0.699317594342409
0.676086915521633
0.657892507817354
0.637716776015253
0.707492857639079
0.769266723608418
0.724419618278384
0.710255514680522
0.750023245811796
0.640170121079965
0.661690154832798
0.424124444413794
0.648934078886837
0.792729513840283
0.706832772503584
0.628571829214627
0.76474398244893
0.564968978437756
0.753601793657276
0.62455525661893
0.672255292779733
0.630350185161636
0.630745831824577
0.673105205877914
0.680408100006664
0.820237975214792
0.811037251239069
0.755803221516978
0.788566071569338
0.685844399422028
0.714946457008832
0.677229368129322
0.668076957670987
0.772586171488827
0.743096272372285
0.628777267073676
0.893955512438676
0.684408548030947
0.665821737611611
0.811582742200728
0.878573615974839
0.728645465465256
0.584071373204275
0.607093813886363
0.650633444919759
0.798829060248872
0.780662357449008
0.650140445766418
0.668300878895743
0.680583444241167
0.854666843751503
0.841755321347087
0.729131837858519
0.725932186365287
0.818807029282736
0.841508674336892
0.710331884489705
0.813524174412863
0.847849417568493
0.578493969682672
0.674052490340686
1.04465632087409
0.566193742698888
0.759567557007244
0.870641200967217
0.75641176658001
0.933340289845448
0.748552207715283
0.733878781305939
0.860558448777411
0.725234447049166
0.605116206982148
0.790640162223919
0.810859472567241
0.754983847327782
0.886139323045195
0.737185108173837
0.913870369353532
0.955951692600811
0.872377937700981
0.894207193298959
0.712560002449079
0.846180099223764
0.697986441116399
0.838826806621231
0.856396049775262
0.906501232665655
0.783262315394133
0.756060692426095
0.888088586647767
0.761984578833809
0.929128774877393
0.872995006859904
0.882934203308227
0.826643730095945
0.825956031351847
0.744811164380487
0.873897127125243
0.808446787725786
0.816398584769272
0.776058694282561
0.806368158416877
0.816263624591687
0.787093042353492
0.771227826230784
0.913750716789397
0.863321281923368
0.834672985893976
0.874106069423464
0.893589302797622
1.06083159405553
0.899203583247494
0.787324412185847
0.750172274140887
0.926478020161559
0.870074098506165
0.890576825918706
0.797084991478063
0.868091931605617
1.02057830305395
0.993329745395749
1.00947577046318
0.96420122209095
0.807846999757876
0.845658573550372
1.0226275852364
0.815816891423283
0.945534238178742
0.954325282134588
0.947968624025367
1.0218985330771
0.865927229603774
0.80637251131085
0.787318535007308
0.973235617608032
0.9080007838543
0.909314029887253
0.879772564079928
0.845093391601318
0.968323154493788
0.893551548168106
0.938935090028317
1.00435150033952
1.03742111899519
1.11505707194913
1.0720856770499
0.879470721026278
0.879406077267109
1.04197880903319
0.866887508073835
0.93132360738826
0.834202077731915
0.903795522743876
1.07246529162014
1.05398399253419
1.02742159637844
0.870393690915651
0.96058700602321
0.906688961088064
0.898426834993983
0.953778780027632
1.02127115546619
0.931360734459614
0.949059718203827
1.00577801146048
0.863358116837322
1.04521794946536
1.02554337773177
0.862359398369224
0.953030355008759
0.922347023750306
0.9973371243975
1.12284027258889
