0.0555224789428265
-1.04623556480457
-1.03321819284285
-0.926673950680988
-1.0566931242415
-0.816571998313712
-1.02120281018186
-1.06502710062089
-1.05273462596404
-0.814139499017334
-0.872055817250233
-1.00797541450668
-1.05571208675259
-0.838101905658087
-0.847602239213159
-0.914022551325272
-0.976991556897124
-0.863193531839003
-1.09443686252706
-1.0958530033147
-0.876412879035384
-0.893665773156204
-0.93917797807909
-0.948882832374882
-0.942395565356379
-1.03825051886431
-0.85681059362166
-1.1261172928694
-0.834241548933938
-1.02957314858817
-0.843758567695256
-0.862929636981911
-1.02711138344348
-0.970004299956718
-0.898141266497355
-0.827311711212648
-0.961565903174323
-0.881959787531541
-0.874025469810765
-0.881929074621626
-0.925713297029654
-0.839227381132662
-1.06148211687819
-0.837591602441909
-0.870170484879346
-0.891231342311885
-0.87590849262222
-0.861866196856694
-0.768939521039544
-0.846802679148056
-0.783589897203089
-0.820744174470656
-0.881378758198244
-0.929329190167398
-0.892305634233991
-0.990751916514955
-1.07464038512784
-0.755332936709303
-0.891619839993919
-0.846918325548318
-0.834394642012936
-0.952544215350462
-0.881268963585611
-0.885788694086517
-0.753038951130279
-0.813830199800627
-0.682066318179568
-0.884464614153475
-0.849813765589899
-0.761189854971287
-0.823614582179969
-0.895872279796306
-0.981349182878017
-0.719730054893493
-0.86105603655509
-0.796377299046111
-0.807892419381245
-0.822904796729307
-0.731598378103944
-0.935673680365298
-0.855672511539311
-0.895284226805394
-0.927600071651323
-0.900301738019185
-0.742841911845967
-1.07223158467472
-0.772991777019687
-0.86581512467244
-0.673781242027688
-0.877191255142173
-0.90786485819833
-0.832618528231012
-0.737734712815256
-0.912843111455002
-0.773285932569941
-0.705536287219981
-0.694160172512084
-0.998553109367746
-0.764663540825947
-0.724144882707558
-0.862408485862217
-0.77556668771399
-0.896199557080093
-0.84714686192576
-0.827730069756203
-0.803874159426348
-0.785788948330182
-0.920303043176215
-0.832711695609987
-0.738365578083475
-0.651756403502116
-0.742172886322403
-0.844760436090433
-0.734664826324358
-0.727665615202674
-0.714632637374357
-0.845834250941488
-0.835021425436396
-0.716046272730544
-0.7040886537461
-0.786873455934281
-0.75224260983781
-0.797886145775343
-0.794968295250296
-0.79992195450948
-0.778417331590985
-0.61788898521892
-0.725556337401685
-0.869624853384994
-0.711260961802497
-0.60086738927518
-0.754411966902383
-0.657390493819583
-0.569794427329694
-0.734604398138228
-0.63749580078857
-0.811049193436848
-0.801669653590269
-0.679977612832524
-0.638861158733708
-0.79563448246534
-0.794738882075609
-0.833658956923671
-0.724318833951362
-0.668347406624921
-0.628335481923068
-0.673315326552238
-0.627287116437982
-0.777455117907398
-0.701142761693621
-0.672742151426504
-0.707307375906458
-0.673016147351343
-0.6831302649872
-0.80523232665855
-0.698000285336933
-0.674637437659896
-0.656296617791499
-0.691298171104515
-0.645958331937543
-0.579672509917034
-0.495947643874354
-0.596993389246931
-0.771298737632111
-0.650102093804358
-0.73384001826447
-0.670574963466073
-0.779431284137607
-0.787844102173688
-0.525678827666357
-0.629003833554142
-0.623019037957123
-0.756978144688521
-0.692092920089884
-0.545046215562797
-0.751887045677416
-0.59084775075149
-0.502637740837746
-0.840227359767511
-0.590094257838776
-0.550454451032822
-0.614608612750532
-0.7957854951193
-0.718913419918995
-0.576431737873334
-0.597380674601232
-0.460228033943413
-0.697731737357729
-0.573803418907913
-0.68589390421116
-0.71904167591525
-0.664523586915734
-0.762288548843357
-0.628077663311366
-0.599813946938655
-0.768675073406802
-0.587215737828229
-0.567246491769137
-0.584798032302869
-0.452774269165862
-0.396583617248263
-0.624042834139668
-0.589618350356015
-0.699004960910753
-0.639100366028302
-0.640389665503957
-0.545197775205056
-0.663489088131242
-0.641094016953924
-0.630530580580214
-0.618649412823897
-0.507775459392254
-0.652026460537942
-0.611715016155652
-0.466807168857754
-0.517967942341783
-0.514441998835425
-0.512454710163064
-0.6079410169425
-0.670278792250648
-0.456574971712216
-0.612336423102767
-0.610810830531117
-0.472622967811917
-0.451834633399649
-0.516849699544407
-0.502210061994683
-0.684823527751736
-0.515895158443775
-0.460634374344528
-0.57110570802418
-0.485174338912572
-0.600489455566347
-0.434335152481706
-0.516227539631881
-0.430227424236696
-0.510018341988628
-0.303153813686149
-0.466570366607451
-0.518995151185726
-0.535849582389723
-0.602353938836827
-0.617295455548712
-0.607734268515611
-0.38640443586798
-0.639210624952772
-0.512674372753161
-0.50896068643917
-0.477531095378204
-0.481153869248005
-0.497868458678368
-0.477766798332387
-0.524058448128334
-0.502309343957029
-0.40056694491861
-0.550404944559386
-0.539983211818505
-0.590532734755204
-0.440780618177215
-0.540065397452026
-0.401110761122416
-0.542504695940816
-0.575809281685269
-0.351066366032921
-0.495118903335926
-0.527863225504554
-0.469837878807645
-0.527105035222307
-0.440682502388917
-0.442788961012369
-0.537631808467897
-0.387259916250938
-0.45709824849218
-0.428102581794032
-0.492518294550659
-0.459822711990061
-0.518196788231855
-0.485792197090994
-0.452802167287724
-0.359798791908912
-0.447408576959227
-0.563670831131814
-0.446039202390096
-0.435782890493561
-0.356355440506425
-0.452220073809731
-0.497848109527257
-0.363356050644844
-0.439288979592287
-0.567866741106797
-0.417622605334823
-0.394130726283942
-0.438457718636778
-0.269653669209726
-0.37611589992151
-0.498487189261515
-0.331505055470661
-0.396365698273295
-0.353596976978759
-0.419156358336103
-0.382589089559371
-0.592424485034466
-0.405644349181884
-0.351321933692315
-0.338910078474501
-0.479858906165233
-0.281406314370385
-0.469586010865379
-0.474333220719483
-0.426189351088347
-0.470308938424733
-0.232357230671415
-0.38098336822645
-0.406467471971458
-0.245640555624738
-0.307770801362896
-0.520151663926096
-0.357188505412594
-0.253065320171023
-0.374596558088699
-0.103406558847336
-0.302100880203316
-0.294645863740519
-0.291401360725298
-0.347347735481599
-0.438102461235272
-0.409220783327984
-0.40941139119691
-0.317046532336326
-0.408940691283373
-0.298357087352703
-0.374381291645578
-0.277366682310048
-0.310144253077158
-0.354373370625987
-0.382409629390429
-0.450198324192856
-0.367518767464628
-0.330103008641165
-0.215558851245528
-0.25772443774418
-0.417636905045932
-0.302251649392709
-0.368593909841497
-0.315526644523305
-0.365484076130307
-0.352648442660622
-0.22429050221764
-0.25140920631595
-0.230524318804092
-0.347436385543667
-0.376440504000183
-0.315684857384038
-0.261796098019978
-0.163915937890686
-0.321336892677973
-0.236181787062229
-0.401310797955716
-0.159211051317598
-0.2105261028186
-0.333811694701052
-0.259077543404463
-0.177221331258111
-0.242374504029243
-0.312533353479601
-0.251502984745758
-0.270548945864908
-0.152746040940381
-0.175789551495837
-0.133302505605263
-0.279378269668612
-0.4237365827355
-0.198755493021067
-0.146925816605662
-0.203221709194043
-0.379517387638379
-0.273164750417439
-0.079631998721152
-0.313299068224388
-0.0511836945478512
-0.232631810267105
-0.238573945792372
-0.241923356608286
-0.258838254579697
-0.323626669992436
-0.23627428915484
-0.310113297662704
-0.308859114332424
-0.186289585729095
-0.119581791478505
-0.284090799953927
-0.288811419143936
-0.208736747165581
-0.270797604310211
-0.0510755201414437
-0.227969904864348
-0.160979740083399
-0.444179516255569
-0.10630498359144
-0.135889443598348
-0.172878296470469
-0.257665800944123
-0.187783911655875
-0.16646202120934
-0.297372652391649
-0.134145339872142
-0.122397210483472
-0.203328715013856
-0.291928184428545
-0.20733781804154
-0.101133911757513
-0.226555340307714
-0.179955293535848
-0.160979830582331
-0.161701644086655
-0.238478997893587
-0.102896847252021
0.0516146120765444
-0.309297306756745
-0.158199886200331
-0.100007696422479
-0.0870222086050093
-0.23955672727455
-0.224822856014461
-0.108229964795622
-0.269338357647252
-0.0802883402449093
-0.104030745473566
-0.203549987125526
-0.250314658279077
-0.0691313060933015
-0.158575353400817
-0.188220042483207
-0.127725309599843
-0.146328402476282
-0.184272580255629
-0.0432204385374403
-0.0489447612332504
-0.15965481630303
0.0104017886815082
-0.0556549935496427
-0.174337381679374
-0.194415865552496
-0.117871765254324
-0.175102807252978
-0.117870745922636
-0.144727510737671
-0.100868163942048
-0.121837606252224
-0.0390836666218854
-0.135412181043867
-0.297183047219351
-0.201789968857203
-0.132825481257851
0.0597252053659586
-0.0602086652515468
0.0139506803782655
-0.236342169322468
-0.158896367858526
-0.202736794361343
-0.114093606103741
-0.0155916758398564
-0.0695733795201492
-0.261664586288424
-0.132690149577288
0.117290577255219
-0.00411035430644391
0.0483502266280717
-0.0813187921541804
-0.0772976294811554
0.0874548442626182
-0.0224975554396348
-0.16078214797767
-0.00728030170739358
-0.0312729839979403
-0.121301368891071
-0.0819974923986494
-0.132085996938479
-0.0180099128952578
-0.164111877021446
-0.0810994243954373
-0.12688964576723
-0.0030936651000219
-0.0112018086995449
-0.0726831356437859
0.052499234895894
0.0121384852736345
-0.236790043447819
0.115353102035361
-0.0691131991326023
-0.0799533738636773
-0.0496392259617926
-0.0710923008364738
0.0330578957681249
0.0232844153797259
0.0613982123289222
-0.0669003477303709
0.00581215922180094
-0.106174714616166
0.00427315621974667
-0.0971569295300842
-0.0466092059742437
-0.0584948794371863
0.041607945383311
0.112736423152924
-0.105256023978496
-0.0100915498596162
-0.045066194107728
0.0567803408382525
0.0494552484377046
-0.0321497752971483
0.0875956989099484
-0.0770464950316529
-0.11936188780317
0.0713100084847707
0.162658519805468
0.107969118407152
0.0156104401447736
-0.0361344887110838
0.138770094863192
0.0377169948189076
-0.0269019184599594
0.0234320968873466
-0.0125740286180936
0.0869312244305137
0.0786101509923796
0.0240081400517755
-0.0481704844917004
0.156417468371833
0.0337874737042471
0.137561591771264
-0.136033965404697
-0.0684834770028192
0.0812492453244024
-0.0131653174113751
0.0297135712029692
0.0762787532347809
0.00397229956703069
0.105519607108499
0.122218127243802
0.207673072291596
0.28658313111477
0.0952304341977602
0.0413991365026273
0.0748771389618042
0.0411211517255115
-0.0312879858607701
0.073030760395939
0.0749910308193656
0.100521125702161
0.0789759945884451
0.144970652083757
0.0788123131557778
0.049185024642534
0.204619366352201
0.0414520974167851
0.0214471841942811
0.105061371455043
0.108681850371815
0.149392614216144
0.216562257020955
0.329007631199859
0.239515299306213
0.141905087131759
0.169797146588523
0.128592259947007
0.168146926296261
0.322290055167432
0.146086076798965
0.0191606576798768
0.252860674957813
0.00855990341295024
0.162877280646441
0.0808597951015158
0.16867374408553
0.176293168878262
0.0751083688470537
0.231640368826653
0.0569340460621836
0.107049386586611
0.207627371565841
0.0170610677143938
0.122704133923911
0.140448467564798
-0.100108246388733
0.0196999209354489
0.0810037394041329
0.227778808417919
0.196608847612911
0.177774054659704
0.10263369896842
0.15069906694786
0.308043492604737
0.133007060931305
0.115547209866896
0.191627334223883
0.116687885789952
0.136479409691055
0.101887207834394
0.144458763562028
0.230997330465486
0.190145643434569
0.0700887143784161
0.155993983709459
0.110255183160659
0.0390187622789047
0.329632306221064
0.261933288847703
0.18274199422284
-0.00020549359857008
0.238249329633293
0.23251264364282
0.281797067193783
0.227093209677526
0.29075063576098
0.215980206511767
0.210349636350996
0.152155225034978
0.215445011362133
0.387508815621751
0.234525758429377
0.194804383600289
0.335792139818893
0.208629790362939
0.162873599417256
0.201055462142404
0.0147880631582781
0.171108722421137
0.227236104045791
0.294410186961146
0.267325902209524
0.330800158444724
0.229199611941955
0.407096509918571
0.317046375463782
0.340299488765513
0.319512555328101
0.195821969081901
0.29520592285638
0.304234675693477
0.213831423832203
0.370821822267391
0.256457456341263
0.250015632266617
0.30144787402239
0.141854108318388
0.262889651721356
0.376629878955201
0.2768952466717
0.223041718314885
0.289252733367637
0.31537797300233
0.376581287228029
0.354231489802168
0.142946667044641
0.444762058896391
0.310053762036892
0.440247844875979
0.324762678398808
0.273684331237267
0.284149232841616
0.294867292624321
0.28551177247443
0.50774725096689
0.2616234087937
0.433525254571383
0.44379674729235
0.18471419999573
0.273360215250167
0.220933256816638
0.254095691066787
0.348604892089057
0.23523127362157
0.244146882473123
0.339416947206921
0.334070369278409
0.374239537501903
0.351692767819203
0.445229009114039
0.530198425335162
0.324035381813907
0.353162423787695
0.375216504070866
0.499363492272817
0.308168297974028
0.449749812443682
0.271972212018964
0.111362716021264
0.421218968942352
0.426640106907694
0.29586736279199
0.239756762838162
0.464587610285709
0.313523617574936
0.442946890893949
0.230496564638037
0.291155848708598
0.401396649055581
0.511381767098839
0.418660184378938
0.358653920282976
0.338093304203517
0.337834660375999
0.327670150945116
0.430801504583366
0.455161407093008
0.477865107878621
0.266777271968077
0.46701319322706
0.399393046130607
0.274739653437014
0.52189549660852
0.524154892647474
0.392537824651027
0.373711568599099
0.470049248468609
0.481267762776819
0.372217033966124
0.413279726441118
0.389707389345136
0.516898996302214
0.549603460888039
0.574620165894979
0.518679374630137
0.38180850980422
0.467566035444599
0.589562304388347
0.57145676046769
0.444611609971348
0.34650614243606
0.434505891214353
0.527842553994796
0.479495656597881
0.498533084686573
0.500842809098793
0.491698074526427
0.318759712595725
0.467983214809129
0.350633730713695
0.540916079024284
0.445703003935978
0.453368379481482
0.489931792666868
0.473900623426138
0.494582045619891
0.503788659973073
0.465431695091349
0.438052927374358
0.542964432176513
0.422649262837628
0.514295663067087
0.488615231942288
0.45386596939768
0.444598343366064
0.396933367719784
0.588419796981737
0.604465943331241
0.467439007624518
0.462592191309575
0.475520342228503
0.52426526317867
0.498148700462486
0.558392319318696
0.545470015984486
0.449130471437618
0.582181549984269
0.590011907826039
0.48345314788509
0.620539887329574
0.379739634745941
0.471928306163433
0.632015658973246
0.59291702548428
0.448301545675321
0.501721672058343
0.573584010722417
0.5007817712739
0.541261745365411
0.327832108958164
0.52524829498629
0.510834048146857
0.575776083268467
0.528424277739307
0.666422979689177
0.681427140085539
0.602300940770318
0.5046600960352
0.517944397648184
0.631042501986393
0.382934793252978
0.449851057937903
0.59496705351614
0.59552962485746
0.583666989908284
0.60552446258926
0.603679258395495
0.409385480301399
0.575822277054284
0.555784631715577
0.638353504888317
0.586664830529554
0.662044660915077
0.615795383319149
0.683408266888312
0.666297111498225
0.641958359353034
0.679036775686
0.676590954660856
0.525712681465458
0.789389364087811
0.60712886257343
0.707934119281095
0.683432019772095
0.632251978889261
0.642932455921357
0.752138039918173
0.828340021534079
0.478301997536205
0.627838891614796
0.702119402463892
0.545312021264351
0.607147412118502
0.786229658255878
0.57208630094154
0.638264384499119
0.692431118653776
0.716497295319824
0.730464963160436
0.616060083935496
0.627962460253313
0.567472936907519
0.689914175701831
0.721915132904667
0.651076900467748
0.679300615785453
0.722914406173083
0.548804401650222
0.633373414653604
0.85668285062797
0.6480021842545
0.590622523620542
0.687748509788931
0.746456752258582
0.575418487103251
0.78739750861645
0.72511783206964
0.721933834774299
0.721439752692938
0.747831927599191
0.793018617052106
0.761310081791833
0.65303797385908
0.681000265099391
0.716452987463229
0.675611097670275
0.667983381182843
0.763067277949141
0.588733645210856
0.792667793087109
0.812058274930916
0.802739122704422
0.773583549602194
0.810959217891916
0.787544718502521
0.813297392744126
0.782140320073813
0.806796054507137
0.687725852917932
0.703929907696919
0.729638559433994
0.677460021442726
0.711829339028272
0.82093490452528
0.829783474705167
0.727780017422133
0.764073089231845
0.60446310542618
0.754691479392244
0.790833628347728
0.83590877899429
0.7330939841972
0.794227144831598
0.776753821887069
0.746747380908024
0.860649498813101
0.768864207438725
0.772930611164037
0.659136420345796
0.763827415785787
0.565574582962716
0.781301177969216
0.772188978031514
0.763539017092661
0.759180175976465
0.789048924451955
0.80691825458568
0.793487412723161
0.526547739443678
0.909051003148491
0.719002912175869
0.71054769347323
0.871626102334716
0.765706158506473
0.594782477458781
0.589438592405275
0.848468324730674
0.846572469919743
0.853804858279724
0.693108067531694
0.71096331756369
0.799409348751131
0.823812280088614
0.748979325416468
0.737100715266834
0.872319551165591
0.899396788876672
0.756710373331932
0.925653876104177
0.822774334343378
0.763191202267524
0.921084759445739
0.93749461206934
0.750112187942099
0.971661858964305
0.811406358633738
0.651890891313513
0.920513254233927
0.981479045044641
0.85069890454831
0.840858721206878
0.868652381621135
0.82168559048956
0.922580368327565
0.836503442500794
0.752671944736995
0.899775757134936
0.904399109614422
0.847118761780638
0.905765794771562
0.911514408499433
0.938063055022995
0.875079858152997
1.01001752449112
0.806272074222705
0.989770194503026
0.865093586347221
0.863451840783862
0.845315623377048
0.8736187856476
1.04094020724631
0.933921116978203
0.883160611647639
0.859570285685933
0.949433597641867
0.951693817599282
0.824080359223028
0.951003175402006
0.803316107947797
0.932099554556081
0.972561838602408
0.962600723793053
0.810459348766132
0.961816206982916
0.916365210225126
0.881433446465121
1.00867626663151
1.01979052069539
0.699799311686457
1.00223921671531
0.848310183164115
0.81451690704686
1.10924656636541
0.934453527622967
1.03106508895363
0.935999684722439
0.769677968300141
0.775151013316451
0.971001333504435
0.987533866522937
1.0095847931199
0.953325021951038
0.870285439502811
0.961786760609998
0.961527503014683
1.05615366313752
0.966652802809551
1.1396136682704
0.987095037770865
1.00363515063501
1.06186306014321
0.883423447289385
1.08974731452213
1.06385294818296
0.850564370213082
0.997067489587651
0.941900891659437
1.00115784716864
1.05684542406708
0.963689668185697
0.996024443376635
1.0887715533437
