0.125258979373067
-0.975739344530045
-0.951796443320054
-0.937460937943556
-0.969000218616273
-1.04277179587849
-1.07598569061346
-1.02198330258069
-0.88200779054828
-0.878813890999584
-1.0619388056665
-1.05138634748053
-0.950320777190787
-1.00290074539346
-0.997696297749523
-1.01474587892596
-0.944990559662921
-1.02004294618035
-0.798944573500182
-1.01887997640308
-0.835706972058915
-0.772151755382508
-0.827090544598017
-1.05954230463497
-1.00147832933302
-1.01975818186333
-0.888815456468728
-0.890865225389226
-1.05494366834795
-0.818944528434935
-1.07666360645597
-0.977212219178352
-0.990591494657965
-0.951184749609111
-1.17475659414495
-0.865599057001389
-0.944865639765606
-0.943546288945026
-1.09582002491695
-0.995197303549029
-0.976896551072333
-0.868066376941007
-0.801805087323083
-0.736089402585283
-0.828599674997278
-0.851039429876582
-0.851308665446148
-0.978086442778083
-0.874962020568334
-0.939941054317944
-0.905000172119781
-0.914406074862707
-0.884078854179973
-0.750087392912324
-1.04835926984185
-0.707131508800513
-0.91879561013558
-1.00286927399615
-0.825912672246313
-0.837417045404286
-0.90678896236425
-0.827145917810427
-0.820431855560179
-0.854568180066349
-0.827898759971605
-0.936358201970821
-0.807626370728995
-0.7011034510128
-0.906409193466662
-0.74585372613439
-0.850504293433965
-0.904850283767098
-0.710794424273899
-0.778315665457999
-0.688375392101586
-0.959318522896806
-0.796749739022166
-0.799754885818773
-0.851050377344413
-0.85512744231189
-0.74022593438479
-0.81069663093233
-0.89038094752233
-0.775895076499918
-0.654658492715418
-0.803467865582488
-0.883109648270384
-0.755297593898589
-0.917942940870083
-0.827101534356953
-0.774618032827264
-0.809521495691577
-0.8334621916263
-0.919797971129297
-0.797089485340352
-0.748263386541855
-0.696768388111537
-0.848333773336275
-0.687699753506528
-0.827365401865763
-0.826386223588107
-0.842369226885597
-0.840379753748722
-0.86475877846246
-0.886517759405997
-0.790851172983792
-0.936321587243389
-0.740716336868918
-0.737163593353386
-0.737182218382557
-0.790289651891063
-0.726390072390284
-0.658080660709935
-0.684164799754911
-0.803848901464368
-0.732026728246878
-0.797504907945005
-0.834941283677078
-0.720399517134206
-0.802228071191416
-0.709122468141766
-0.818220006155747
-0.827789226239407
-0.605383886812332
-0.733161858885652
-0.739272901394527
-0.713990130356299
-0.780788054563883
-0.72045331105025
-0.731191945613686
-0.584206387439425
-0.792989696714269
-0.874357469916343
-0.754208355426211
-0.731651683711759
-0.726621059264063
-0.765827178350911
-0.616774720729213
-0.851874956025348
-0.644643435022655
-0.532539493216102
-0.688076919837442
-0.706019591818928
-0.719830277649527
-0.778278186771443
-0.670849822382517
-0.826573061193161
-0.577116232185155
-0.647589406033331
-0.676486850627187
-0.659729499225561
-0.639366928441232
-0.633500143996645
-0.749314578868736
-0.636754199407557
-0.752913160934942
-0.719713421783001
-0.67248046746069
-0.561851149004941
-0.521851510508785
-0.616241551148856
-0.563896291468672
-0.689004251579501
-0.656466342990883
-0.529887598897817
-0.629588065611728
-0.64746419736514
-0.554057961014522
-0.756555275255945
-0.559294047185028
-0.591862606937871
-0.616893882881334
-0.709351063246576
-0.584939163360014
-0.63304409917009
-0.687438381772553
-0.595594969620235
-0.720374771000257
-0.651161724147211
-0.507140706612947
-0.753398746248922
-0.481797330526669
-0.649513253744306
-0.69853560752449
-0.807403312274969
-0.549528621341176
-0.661293673041192
-0.668578792814978
-0.672471943599412
-0.566639804720307
-0.773057134752729
-0.748682194755707
-0.598767487592207
-0.536448377930267
-0.576588640913508
-0.562413386567774
-0.559623611245279
-0.690529961644746
-0.57660230441283
-0.647043724111323
-0.579878323010783
-0.620851641661264
-0.580657067396401
-0.538331896095602
-0.637977805074367
-0.541985594683616
-0.580196362483694
-0.573954807384858
-0.523618802713115
-0.481828024191481
-0.606100868900191
-0.580586847865544
-0.508864284569681
-0.437387857512296
-0.618176986721306
-0.518375939901823
-0.566410201646404
-0.493678635915771
-0.553004182468531
-0.530947267670353
-0.46852649106173
-0.610551993248937
-0.621063120385348
-0.639079393062188
-0.57634025700807
-0.577033741402113
-0.573207516417576
-0.48147026433839
-0.655886254178759
-0.473111509111784
-0.611551992679348
-0.55166913115826
-0.403769009035907
-0.525078745657316
-0.487964883988531
-0.636089274502647
-0.436233013554581
-0.440036612286385
-0.546314674781763
-0.476430597749046
-0.623537112473145
-0.562249549090877
-0.49270725670226
-0.542668267389578
-0.603374660367132
-0.655278212813869
-0.519958072229704
-0.464087998186612
-0.495893447488461
-0.311928668112733
-0.432569823792212
-0.459312064679044
-0.436800326763469
-0.545013566744956
-0.54407816161859
-0.509206799221606
-0.486855702754516
-0.477098819384689
-0.528125375740804
-0.487057472909494
-0.626927881167926
-0.331866680903232
-0.458150823549817
-0.375923341430267
-0.669377698156397
-0.512187588101101
-0.588229775608696
-0.518680516806377
-0.306758904271598
-0.545511677959324
-0.440450184972568
-0.468826391718521
-0.438302061072061
-0.639965268732833
-0.483356301126501
-0.489744740514959
-0.564734346895042
-0.628650945760268
-0.630784606439216
-0.586283789484623
-0.372955505961869
-0.345458448658995
-0.502545961150778
-0.404648519210497
-0.339527387673554
-0.4311470775118
-0.256114850293429
-0.443964099362504
-0.437871040888432
-0.481820680210734
-0.421946329201787
-0.385428808369209
-0.479222148835334
-0.394391936283695
-0.282206969299568
-0.480922600379553
-0.49555390706633
-0.477753578867666
-0.319893419679722
-0.277890956864295
-0.385757515769697
-0.40951785637393
-0.432152312402192
-0.409442456411396
-0.312789229867889
-0.369462313027685
-0.434445247504425
-0.619732673354186
-0.471724507327157
-0.317915481261533
-0.405090679790481
-0.285016475102404
-0.197650144181075
-0.421239831432881
-0.503992608997594
-0.445214722514213
-0.365244015231756
-0.37625878555398
-0.309198184334772
-0.43427504809205
-0.387383902526848
-0.420264210336273
-0.335095433003576
-0.253245144011071
-0.320826432181908
-0.314991011107193
-0.413232918389899
-0.124745787957843
-0.356287638610666
-0.460686672961998
-0.261327240381391
-0.390099433638743
-0.316255493428689
-0.181789715191115
-0.516890032074255
-0.231362232664479
-0.396515627539328
-0.306479017184061
-0.329625671079728
-0.341319615812893
-0.3320508190452
-0.356142546961649
-0.395954768614973
-0.324084509295462
-0.211960415955286
-0.313977082384849
-0.303669318756672
-0.316617361118094
-0.314071029634076
-0.310055030726831
-0.378988574977006
-0.356093782489679
-0.168514808526494
-0.191268706699469
-0.176326963516764
-0.277529642781371
-0.311728755785564
-0.2522451629362
-0.236115997294372
-0.283514108256928
-0.277297005691491
-0.289197494649117
-0.34181982034134
-0.282648029765764
-0.224203389306926
-0.247246112450777
-0.311060185591152
-0.201274629981979
-0.341687378092036
-0.317699328425933
-0.143152188037332
-0.219295294669367
-0.0872683554214863
-0.342821512299742
-0.164263445137441
-0.277837703944519
-0.23885300049959
-0.160808578362867
-0.171415296068973
-0.243347574348054
-0.209995963839176
-0.299432260741019
-0.388085418712763
-0.165176419178316
-0.302679059235637
-0.169803411353707
-0.142041229188348
-0.267104858604163
-0.112084487242634
-0.206366705853518
-0.211258344090628
-0.203018751166898
-0.233099551803204
-0.240890928238595
-0.216718329725523
-0.178014972833252
-0.223008953051677
-0.0501523595909136
-0.168958974583533
-0.184821836598954
-0.147456092958984
-0.13025246182385
-0.147659829187289
-0.242688581272865
-0.100020255734196
-0.30396204062777
-0.200669190185716
-0.286284721734067
-0.169807221315203
-0.144057360989711
-0.107451642326811
-0.254825641812997
-0.218852952273509
-0.176176764268774
-0.245780954810296
-0.0726817244975043
-0.115484240299027
-0.154474152888014
-0.268636835420365
-0.242576500885118
-0.0649323260558078
-0.0708363331063374
-0.276109499088641
-0.0782630532895308
-0.308322032679816
-0.0863790043410419
-0.142804198401087
-0.0556205909920037
-0.018235451898913
-0.151846175675226
-0.156308463278413
-0.178917221600617
-0.0623290123372575
-0.155136049703851
-0.0240272276300088
0.116441423051012
-0.0353221999983699
-0.188238541260388
-0.169374890400753
-0.108879180244903
-0.140445878925025
-0.20829421613571
-0.178297070246552
-0.0838240110735512
-0.0655623754108211
-0.0313592529583576
-0.142221561837054
-0.162084880513409
-0.00129081498004266
-0.180830723127495
-0.130537301150333
-0.0171728622164381
-0.149394578381947
-0.095491956130978
-0.115408017913386
-0.0729352069948088
-0.0956056814664519
-0.067800589083787
0.069617351809771
-0.0608626057213818
-0.108510776092213
-0.080876707796231
-0.0923144891222544
-0.0212367496253316
-0.11068588227386
-0.00423891175533886
-0.00282424216464775
-0.0328189274410126
-0.0878521394780915
-0.203813139889261
0.131669532281665
-0.030608506379517
-0.0201420181312564
-0.0950955266952277
0.0584744507723132
-0.0661658748650333
0.0267750355678143
-0.17048841725938
0.0134408571164498
0.127464472040369
-0.0858513949599289
-0.139898746647808
-0.0559540397873777
0.100395789633946
0.0420282596148261
-0.138775806703856
-0.0043583774327192
-0.0451570220362984
-0.0205813805064397
-0.0437060533258047
-0.0504549475191313
-0.0341484911747795
0.114419587159381
-0.086758345988105
-0.0434619497021229
-0.0457163282458143
-0.0262806394403204
0.0169923293891034
0.0434702767223999
-0.206880404011226
0.00443812589147795
-0.055624588823065
0.0357336122558863
-0.0696005253729761
-0.114590271677912
0.0593642927899372
-0.0468071936803967
0.0976937400610728
-0.00798949122430291
0.0586631548464462
0.173409141669277
-0.0377312653335156
0.168186060229662
0.04897596200551
0.0408300538933861
0.00598876187148742
0.0566914351639998
0.0926199263225407
-0.166542901030082
0.00159343742571028
0.0327913508901776
0.0784559536355828
-0.0438903481117742
0.254432542627823
0.0359199519764692
0.0870161758020991
0.219762369858838
0.105622393215942
0.0502725937205219
0.071308484926151
0.0399298274922712
0.0846168596619636
0.0338868596609208
0.0562972385163815
0.0908199690932647
0.0856357810438194
-0.0351324565679747
0.0795446571986636
-0.0345411533702063
0.00304009690330584
0.137890744907103
0.104648115997271
-0.0600871375327638
0.0198382357528334
0.053743659395962
-0.0146714476597537
0.0532955879785605
0.0610818113953907
0.0544574544435422
0.137858997940619
-0.0504346854137524
0.123853621103439
0.0226909216692057
0.178857970663233
0.0984588723389351
0.0464755806038767
0.166449794283336
0.334972215953905
0.11352539439337
0.133714810408057
0.178607876158198
-0.0186450376073612
0.0731562403050248
0.0714662784197478
0.205810890114639
0.244358308706436
0.157172709573626
0.171733608549272
0.0579507100431142
0.110435802824344
0.166665333463129
0.198314378280205
0.136675654173224
0.00300284670424947
0.095630498167743
0.200676495948394
0.202159187544669
0.114555632245971
0.20875622382761
0.0798543341465037
0.352692002643632
0.0578664808777232
0.149771202773957
0.17790198163633
0.259478700490945
0.182376608010324
0.0645967052786813
0.168033896388082
0.248296373000953
0.228990593672893
0.271961782950064
0.175969644536588
0.144308216915265
0.131542026417445
0.012592461992919
0.191083705824499
0.110916803332269
0.0788696425298011
0.290692580034149
0.151567008077793
0.212766316173678
0.171179609596629
0.168524123904041
0.180259402841387
0.111670360041113
0.210453143169693
0.298110400132878
0.190009423158241
0.269117278512409
0.146636984379352
0.169128962006028
0.246534332263645
0.110797002432259
0.207538135042863
0.324714903617144
0.128970386890185
0.27081878754519
0.270449923739451
0.287073950004181
0.26584875377544
0.244781846469368
0.368467649013852
0.212403423016046
0.264325757723596
0.196695411447704
0.306191021185676
0.309150028526298
0.25149592592982
0.196241031305271
0.178720841440808
0.0294781619149215
0.193102857408566
0.295671260942537
0.346741615117757
0.178614833137718
0.182664437200894
0.398358469667523
0.368197020571134
0.318177331437209
0.172758847598395
0.378236832987935
0.274548180369573
0.15075839148773
0.442191752617537
0.209152183477317
0.224869828051689
0.253679918920344
0.206804474087108
0.263229050294272
0.223596898727156
0.281876954630689
0.344674538651153
0.299111675984371
0.239910800969725
0.335945944399745
0.318256474614367
0.271841866382065
0.372314060086165
0.209273412672567
0.241876217225415
0.483659792100657
0.396429832293428
0.403352528053333
0.333906938330592
0.231135551751547
0.211171939642567
0.312163859444493
0.299994694824457
0.370043038563615
0.342972952431597
0.2902840310706
0.425204627344579
0.369885695887725
0.424165708397404
0.408803673492429
0.41915822503759
0.290254809571732
0.323505576763871
0.280492702144102
0.241528322961657
0.491138503906913
0.330062537001223
0.374037979818305
0.195922373970304
0.183736597800699
0.376824646959524
0.354506830544192
0.259485172206227
0.231978334766976
0.336896193418204
0.39137390187888
0.395883259086006
0.297750552882653
0.39238337157777
0.338632818878258
0.334424506553995
0.496060920512589
0.525356355606084
0.362654778167285
0.523359958434684
0.230576015541127
0.45324718254658
0.427254044553601
0.483707871894906
0.429114776605745
0.301054842544745
0.500195554503408
0.394448527243565
0.596052296938357
0.440660315050255
0.490784493530088
0.606164700123678
0.423884239007085
0.454725306603673
0.375352066671181
0.371944384547254
0.344230258516892
0.305615961904051
0.550621140782518
0.366206060016913
0.442296164498736
0.416663217869427
0.392092142659759
0.394966603075547
0.320983208811493
0.25460162314828
0.402741634833997
0.254575888148134
0.412720562505527
0.390497553010907
0.427539117166176
0.386848572837204
0.441285500243938
0.486137232263046
0.369819523921371
0.324983987026976
0.525572852706953
0.479474432289909
0.565254582605898
0.569268841281711
0.551119871225966
0.579965244661676
0.418809295451819
0.6261706877275
0.350280780769161
0.555484537109487
0.467444540318163
0.447249163799493
0.491543271960955
0.411751831597484
0.401998817116624
0.565112818107416
0.540243848311544
0.583974719383708
0.380960469528884
0.462496085598073
0.410041667348445
0.355612751952372
0.648694307273761
0.453777547848377
0.596585687617102
0.599463813506301
0.57553028969069
0.455329530948534
0.597037690980006
0.477932109245055
0.584051679340322
0.69356573741727
0.572139693302817
0.641084242520112
0.564226590887988
0.355195576019212
0.603202403780737
0.521062850104317
0.60059730488168
0.527957110100274
0.437007701315664
0.49886123077496
0.633513936165399
0.510942568717668
0.512676020161082
0.606685050940459
0.504272527913344
0.387652631141276
0.493252372478489
0.57342867609804
0.578956285347891
0.521336782020082
0.555176588264186
0.609556480505196
0.760498386269049
0.718250577909792
0.557359020149793
0.519402825810749
0.394841993722771
0.486521396252474
0.624270250243113
0.624531429869956
0.650948259123955
0.501667374728174
0.602549698783626
0.689817200684207
0.660122667988459
0.526125703394389
0.609208114887421
0.567919394852706
0.647480594956125
0.581146092646547
0.536338122343553
0.609009740926493
0.622590882190648
0.630264829898213
0.503000527127163
0.712783436977226
0.648439352227242
0.664663007571125
0.679454133545361
0.643120852080642
0.540623987714236
0.7157311831376
0.532678437719466
0.642673651141772
0.705148433202754
0.592632767873464
0.700201496212149
0.610274128380473
0.653271169178878
0.534932722678616
0.701586203933425
0.655994900552922
0.655590820869648
0.655008072673181
0.706895090300506
0.797675753117789
0.720201110716958
0.719093923103086
0.739718887321979
0.634614945212057
0.674091123797685
0.418314660678726
0.666782134620818
0.787917337637805
0.719176721065288
0.634470625494857
0.762634956977372
0.567568245322935
0.779458582072263
0.619248481193842
0.674185189366331
0.645255021125194
0.631978004884279
0.659464610474423
0.68120008530967
0.811574751834933
0.792153460412931
0.772488655276436
0.785556606218356
0.673682900417341
0.734338890198236
0.680078315221824
0.664901435998942
0.768804260658118
0.722004872997481
0.664004108747751
0.901501920712709
0.697843555569808
0.688482336999676
0.793174036513269
0.862486471756138
0.739387363474604
0.584532876857419
0.584037680635737
0.641581974825028
0.814130181083868
0.786761526915094
0.6494182513289
0.65974755048617
0.681214610477087
0.858970939330916
0.835064581674137
0.725545349463292
0.731024635294276
0.810853311381306
0.840588531780682
0.71721986512307
0.838050907797675
0.846559648435751
0.596119167071495
0.665716129383886
1.0356231836081
0.572893231447571
0.75394997678583
0.86398489584265
0.749555882690824
0.942878250940199
0.736743626576674
0.748857502771626
0.849444933919553
0.728229541735222
0.614824037514761
0.790025921556741
0.813492704332079
0.761739471096112
0.878666401994016
0.732133558981887
0.91111435463202
0.93198520282508
0.878591386978231
0.873220374142022
0.719502354931417
0.866965209083755
0.696213606606089
0.852094248188139
0.879539695039747
0.886005836671921
0.793666957217863
0.738564951347337
0.892375165206746
0.742524237172642
0.949929887690186
0.874655339663127
0.881580401340214
0.810543555081994
0.831401649602208
0.768354530100514
0.880449004289579
0.822287148132191
0.799358424469266
0.764678712892691
0.807805325877778
0.82658086597739
0.779877588424526
0.757330935955472
0.902493432212937
0.85156610610631
0.828793525800043
0.903653959064638
0.886933449590495
1.04379043339858
0.910426200037948
0.778667251443149
0.766320848023111
0.931987250660497
0.850169869277787
0.911696917766403
0.79472236776428
0.884810047764985
1.03082651620432
0.985341759942833
1.0165754190961
0.968140458568671
0.807510885373925
0.844669649956839
1.00564667582132
0.815860953174399
0.962126579331706
0.959186813109497
0.941928207346848
1.04885694992295
0.85061035537973
0.818391566870929
0.794056132423484
0.963842179384083
0.930200217029253
0.907476479007223
0.871648935895861
0.872524698918775
0.971159731174074
0.917840937854596
0.949461742105898
1.01374304510134
1.06040010965209
1.12864726230396
1.1007321989438
0.896668729619597
0.87271118458948
1.07005738690058
0.882356479281952
0.928182855090459
0.809699203872323
0.906367332145468
1.07333321493264
1.05565482358112
1.01403182624325
0.869676285017998
0.979458349862613
0.89760201903317
0.893184896033688
0.94166508315317
1.01636069647384
0.927096265454225
0.966753849540582
1.0118310283194
0.846718942659317
1.0701267793361
1.04131583468941
0.867573655834141
0.939595840279083
0.921391437112261
1.00546600269576
1.09757167001665
