-0.0806115004290104
-1.07533370863396
-0.929339254557439
-0.909886943625016
-1.02034810995975
-1.1315038610382
-0.903762873123886
-1.0007428514195
-0.94686828957285
-0.96962268422558
-0.930859536577911
-0.856555052946219
-0.946826101286319
-0.999309546979247
-0.958449366409398
-0.949617635967896
-1.03826796929903
-1.0775145856157
-0.96689173585796
-0.992779318398375
-0.881035716070489
-0.949240340152089
-1.1767843660002
-0.909298073626742
-0.903900681911149
-0.901829434140369
-0.938333853511603
-0.971335611439604
-1.01211608522857
-1.093104464699
-0.945452094808259
-0.844344266814571
-0.901431703484899
-0.91152360746051
-0.90978523454523
-0.895421490550706
-0.857590351391433
-0.930642064838538
-0.84660166227058
-0.81959120905514
-0.834819529647132
-0.912041074096965
-0.891944235430051
-0.953172604909136
-0.919410796799563
-0.797352666307964
-0.88963118319573
-0.89732115356461
-0.916328610085628
-0.892455084683791
-0.933622803524691
-0.893345968142139
-0.869983136786062
-0.90199981306931
-0.977513082882498
-0.856718691331048
-1.02329208609794
-0.884133297602898
-0.945010662818926
-0.948689475901792
-0.999129233024662
-0.772658456916677
-0.895548234341434
-0.834335868263729
-0.732087323107384
-0.741781452928133
-0.858140237911352
-0.841926270938117
-0.8505115011229
-0.655977272753534
-0.922946121550845
-0.821374447542286
-0.808779590675174
-0.957120604618618
-0.918917085762537
-1.01184831430721
-0.866595051259582
-0.820650893057083
-0.893678527442178
-0.807651940915455
-0.787840226930171
-0.799138318349674
-0.801981302512034
-1.08261466074521
-0.742475890666214
-0.794652921313211
-0.848115044986273
-0.78797860201946
-0.989166151813142
-0.784065602810386
-0.787318124841267
-0.763377168916498
-0.9215501132724
-0.614013331607976
-0.83550619251181
-0.824867942503341
-0.746837193172294
-0.8666773360708
-0.848515458946638
-0.811936504765788
-0.807064658944768
-0.947279199933064
-0.8882329353792
-0.958754006104514
-0.787949167919758
-0.841259244868648
-0.651590818624815
-0.877989195843322
-1.03041233532585
-0.814619227502167
-0.829981980344497
-0.878376536233552
-0.771384877962306
-0.700944726780588
-0.805709136402405
-0.856797645223687
-0.728333722158632
-0.788219253267677
-0.683401143524091
-0.730726513457533
-0.744532579088927
-0.65863557007137
-0.779615395780121
-0.645257849334773
-0.634541963251026
-0.755885156747195
-0.616661014198301
-0.808491526700048
-0.762311931452576
-0.625831670340283
-0.862284635237727
-0.698530351615689
-0.922243687778418
-0.708223333638948
-0.766464498642092
-0.730706764998627
-0.789297742160736
-0.834327248107262
-0.710839389645765
-0.751210565756514
-0.570850548433405
-0.626643113637318
-0.735473926118249
-0.72099307251709
-0.590967633750956
-0.603334586306924
-0.569090461674662
-0.745232252233856
-0.659163693262047
-0.832834551894136
-0.717688089623499
-0.663985720320974
-0.754393005721071
-0.823027091490198
-0.647978462488533
-0.680437833299881
-0.713198306052192
-0.77798893511035
-0.680907933833988
-0.60673821268295
-0.822183261046587
-0.575127448441466
-0.686653231604451
-0.487098669561945
-0.708023820382458
-0.774729464120338
-0.700412940412804
-0.576333702980392
-0.554921247330225
-0.691985841194428
-0.657638702203509
-0.771602787090208
-0.620002232711046
-0.6345165908146
-0.633322504978586
-0.699754376168676
-0.75765536207529
-0.673174518081313
-0.845339627982957
-0.629148276942477
-0.569009259638726
-0.804588278026932
-0.664428095580183
-0.614874273715484
-0.547633379539874
-0.599717714726104
-0.662844939127703
-0.628743777900872
-0.629829336691334
-0.572511261783252
-0.774436221733269
-0.615923760415764
-0.607925201780587
-0.686137594675581
-0.567032733644963
-0.556999678103212
-0.371248041175374
-0.61174118230432
-0.736863966293703
-0.724458814555282
-0.596589268920573
-0.750573748805118
-0.479572531043888
-0.623697388501236
-0.565375942865557
-0.507858613326548
-0.582173682907498
-0.767059239608003
-0.659211662273528
-0.465704909749304
-0.669973106068824
-0.492886423912282
-0.727987130180036
-0.529065674693987
-0.61301488975286
-0.526023097696035
-0.504967424666767
-0.49900919926543
-0.569881496412761
-0.492505009988447
-0.65819025715242
-0.539005020807067
-0.635550642756248
-0.55313312780616
-0.647567676556227
-0.535074671521801
-0.565727995136475
-0.445201314597497
-0.708651537310063
-0.754178737906285
-0.6121278046412
-0.596233750430461
-0.592135893636046
-0.491532858277075
-0.652509730558735
-0.51946917847662
-0.477693825544617
-0.430725894960623
-0.612362906372291
-0.522847702391175
-0.586756677860424
-0.34612927453551
-0.481736059685693
-0.467398465808267
-0.569066790882356
-0.595689435876264
-0.519050722447377
-0.514195120476145
-0.359018998828239
-0.315525071308424
-0.474328504842132
-0.484933264129686
-0.508791572988538
-0.50192049794519
-0.424638489419724
-0.526022610205937
-0.438661249237231
-0.572624611538546
-0.413285543050546
-0.540782048010754
-0.426610981560125
-0.475679436410522
-0.33321422213025
-0.513414518146855
-0.4212070222557
-0.605599195297375
-0.608893200862032
-0.483154379844285
-0.589459475718702
-0.426542442719126
-0.423864446073184
-0.440956843217881
-0.416433425337977
-0.529528453182457
-0.487628295977875
-0.50751622786015
-0.546220680355402
-0.371181884996424
-0.460021107937741
-0.32100772684339
-0.513213497541332
-0.57733637898165
-0.407254531581579
-0.506362707157178
-0.492668790389324
-0.413961054676663
-0.403270780131091
-0.4084516621648
-0.415528496638514
-0.346838452259895
-0.383110305361492
-0.614879716085821
-0.42891153681746
-0.524364801215729
-0.429871682451071
-0.39021574406598
-0.413024604192066
-0.382264375114666
-0.489084219050945
-0.410357914055441
-0.407193027878933
-0.354224355586883
-0.450576522134616
-0.519295616823467
-0.456067945516561
-0.40178371770776
-0.258796335550363
-0.361564455566867
-0.316413464369149
-0.276535507982377
-0.415605328645448
-0.348865533535605
-0.294476991253088
-0.462159423626945
-0.520002034394848
-0.47874934340626
-0.227712389805746
-0.269285688898279
-0.274612090855083
-0.402022619831774
-0.428709874752872
-0.267412088125492
-0.341993856123403
-0.415422642152653
-0.467702333066256
-0.439354352623498
-0.40572630533201
-0.421035508300069
-0.385460345304126
-0.416412639767303
-0.191722339753657
-0.404262439890792
-0.319572077834963
-0.317423624903341
-0.417360030950453
-0.300904755985428
-0.440573932767219
-0.258150096797879
-0.191805528748923
-0.330844865699864
-0.386024373487228
-0.482460658403019
-0.341290221716499
-0.329044834709607
-0.384043719490617
-0.213658242145703
-0.239056217162672
-0.343575273985429
-0.136848516624338
-0.209489460371272
-0.343521780784936
-0.267658854071643
-0.20369601677844
-0.15649684117681
-0.404581907831528
-0.35883265155595
-0.162500848297191
-0.252727990542068
-0.269632025590834
-0.359600520952419
-0.351516268895582
-0.243682918355175
-0.348252935709715
-0.190628248465147
-0.243605943802746
-0.275606879890918
-0.205248823362217
-0.252114810635295
-0.149934242070385
-0.188760530042654
-0.246466094302499
-0.0699442120313964
-0.364555780991381
-0.241715848894479
-0.15147835673082
-0.190637031766555
-0.240143028249828
-0.336074318991391
-0.229132030705001
-0.360979674522551
-0.111580503476151
-0.211308951085593
-0.209778838859748
-0.319597644927609
-0.263488973242991
-0.19840093925334
-0.285814784836802
-0.169024461897528
-0.32620363760035
-0.134277987155639
-0.238808679874293
-0.157817829997669
-0.136702454140942
-0.136963743688051
-0.290752874572464
-0.15338552809251
-0.396206188108907
-0.264937477877436
-0.280488498719375
-0.215444264879054
-0.0228815465483311
-0.358697648100041
0.0732098023186653
-0.235915214366256
-0.178981781117465
-0.148992200164922
-0.114661395612429
-0.114792416478604
-0.0457054291620268
-0.0675031209994408
-0.113245097870842
-0.238133569577568
-0.135908174556241
-0.0873289607063644
-0.202562058899397
-0.0735982662573942
-0.254063214410942
-0.071246512081872
-0.0702785258132059
-0.121305747276948
-0.0805568790421843
-0.0859447103496448
0.0275933498073667
0.0213205885112496
-0.096985484507087
-0.0862456169968997
-0.261367685051189
-0.0675981818874881
-0.0640749099663271
-0.0556137748540875
-0.186555200771876
-0.224779690204272
-0.109762462117779
-0.112105042227326
-0.0985765769317038
-0.0851333788507523
-0.263503478220436
-0.168671944954671
-0.0810986895739273
-0.274082508969642
-0.0461689777590988
-0.294945822704
-0.132367672033218
-0.11412534331151
-0.0804101446033968
-0.209239736722297
-0.145747227696029
-0.013339646738296
-0.0499303620816491
-0.0355346787263397
-0.145653755754435
-0.0905125782125049
0.0594383504680356
-0.129785075226358
-0.179318954339449
-0.0416674296686613
-0.017851549488216
-0.104721600979504
-0.0291326940440564
-0.0425870191780785
-0.117792332127261
-0.109864796042054
-0.125191636607584
-0.21873336001156
-0.0906085800770746
-0.140272399014425
0.0851266982274602
-0.231582919793131
-0.0322004044350903
-0.056047316512426
-0.142855007939889
-0.0671863190310399
0.0936116097579527
0.0663119300179375
0.0478184561578266
-0.101916556899913
-0.0307415705247055
0.0328754845763492
-0.180583745514915
0.113282308775642
-0.0518806748276948
-0.0708792240888119
-0.111155600805144
0.0658432222222662
-0.0341908987186794
-0.12516997420607
0.110043112403466
-0.076262393370306
0.0508363127140895
-0.0817317383775906
-0.0170839516427923
0.123228788819028
-0.0928925352931053
-0.105275438634618
0.0718221068470354
-0.0627678273346177
-0.0279117567365715
0.164815747159254
0.0501675649978032
-0.0960762331473198
0.0916316388110473
0.0120993254958957
0.0917306077391276
-0.143079320688458
0.139517104781438
-0.00523962399950138
-0.0218981773980514
0.212677067134572
-0.0620078396224308
0.0290134479557372
-0.141970298250705
0.0043618125989547
0.0459965858828133
0.0690212647057084
-0.0111489782927884
0.02160686798093
0.075053773758494
-0.0610015696836825
0.188189112685461
0.179296322736408
-0.049104441846977
0.071973204012983
0.158076225966152
0.0879706400461219
0.0259649472345249
0.0353966867060217
0.181428236856463
0.0781253284003965
0.283390816132651
-0.0382390351183999
0.0270096141350713
0.0616212962822248
0.0158599881753159
0.0887678978905403
0.0963798349664896
0.000553207854465132
-0.03864925598763
0.184009374758128
0.0850540196429638
-0.0145650997737339
0.123588511521717
0.189379423546621
0.189436315612658
-0.0292246970834117
0.199167051353091
0.0761666664758715
-0.036718836685708
0.0183720475739575
-0.00336369768577924
0.21242421860394
0.13276120605256
-0.00695472377458076
0.252777455240474
-0.00342363834731476
-0.0182012369404803
0.0695802430788422
0.0826931062882086
0.0691755598025486
0.0178933728639346
0.106321763113096
0.106052809902349
0.146070305147596
0.116622510743461
0.0368814993237599
0.12670802151384
0.224338478697191
0.184395203198209
0.262526354086837
0.0640881794589078
0.205856479288181
0.148675824032514
0.216552570637975
0.137612275322455
-0.0236811071964697
0.141712856169039
0.277598720636064
0.25649779287734
0.249154978026487
0.134535902245026
0.291890767664265
0.247997584821489
0.13378031452893
0.119587732983484
0.202773107133898
0.145183104085681
0.113581859770439
0.190085870373805
0.266507296023969
0.350813773847824
0.128776381256629
0.137846603026788
0.0811072537167194
0.187256165433625
0.111339032019235
0.213177595201348
0.180999463029654
0.015198410896145
0.129595056231805
0.196607238262351
-0.0237946190519368
0.207674145763833
0.0665072823654004
0.20774642452492
0.165527104032235
0.229027800953068
0.294042742240288
0.102021486316126
0.248695394757767
0.129786621104379
0.273351105670468
0.169877156670127
0.364375880056618
0.297771935684674
0.139943431608537
0.198722399476998
0.366465997637627
0.300903566773908
0.10178002960093
0.295068943733497
0.336034865823414
0.259925684899889
0.25724453556547
0.29902962293809
0.363462772885126
0.222626238515233
0.262708854054696
0.203013274892329
0.258222458830951
0.285340362776221
0.259151704235263
0.0928546773929692
0.351184758425218
0.262134288191581
0.386847220521065
0.360645443729413
0.164380235286808
0.361084224603308
0.181279795957529
0.244109724705583
0.310369553442202
0.392144577096357
0.237765673373973
0.243386813936098
0.309108056895941
0.370230996522621
0.45808421504973
0.466663578406166
0.156180226272797
0.356800946867572
0.382683423575756
0.304776466904194
0.218811778686641
0.108620915060358
0.202734639679504
0.207324394198723
0.232032754991353
0.398795955198231
0.196691537382604
0.448736033292562
0.207952163264734
0.480296564901193
0.366560426497254
0.284832135035769
0.316659959406685
0.342294277944758
0.216315306328216
0.0833954301896128
0.414575853343806
0.378994866761106
0.350005985405819
0.413941466497559
0.376759495640935
0.293960149772106
0.49633320952554
0.200492499490179
0.439753769991915
0.409627739245565
0.185631712314392
0.429171658706563
0.385080548356991
0.335197813255874
0.268621166567407
0.39111814180925
0.502964526755823
0.2962286340535
0.323817902857818
0.400696039834245
0.404035967017639
0.326420665213128
0.381788055200575
0.515899910620637
0.267357738970871
0.348947972875217
0.364289616416165
0.519086683541931
0.312604612606487
0.454751171293529
0.368892778845165
0.406035419718857
0.339498498339797
0.346910251926249
0.439049093171811
0.444201934832775
0.485244957376606
0.463761584499047
0.309260605602192
0.357605305912605
0.427522967869353
0.467577318104941
0.382450017371071
0.476719201658711
0.444689343010676
0.34090764521144
0.379271535772291
0.346142968336704
0.473084172895948
0.433395650608452
0.298425796750597
0.57247716086688
0.322087710759654
0.454514765692086
0.479590880840373
0.377329885853095
0.396297731328218
0.461298920774084
0.352608129727584
0.484385986417981
0.455821148051156
0.450047074122354
0.445811241198442
0.549220786059215
0.492768437446665
0.526444613156333
0.390089839278533
0.495210710430959
0.500514793652706
0.562789618579208
0.302163816274394
0.476414996197168
0.398631301693877
0.588208171696185
0.575573321483779
0.488736242561989
0.510825535509541
0.492276624701224
0.515007675087628
0.50258359262177
0.533552520974431
0.496181786209235
0.540471344365704
0.517154804612283
0.414749049278422
0.545504156688335
0.448709241976925
0.544247680611689
0.524532301831745
0.350921916826742
0.572895585119934
0.433680796405092
0.477985280472989
0.323565880416937
0.40532428880246
0.554317352742008
0.673813217990473
0.485995792905651
0.496833362456546
0.494435864506672
0.463185537168471
0.610089487422726
0.490036410657284
0.606278166087189
0.420340320533581
0.791551471427417
0.440689242085131
0.54074578480487
0.523027156168649
0.504775103901568
0.693074894753573
0.539723625786938
0.4024070288352
0.598479472996906
0.562877284832564
0.546043245032046
0.488217632791282
0.592810870855823
0.568001365353591
0.708587901116372
0.664913989527774
0.511364596624046
0.450604173296972
0.680841048024225
0.514126504566619
0.622449640146201
0.649745899622751
0.54450180047723
0.470061153286246
0.626133213780824
0.567784850270693
0.569649482168069
0.675834395789495
0.621729136201907
0.680506442968759
0.590294402055455
0.758362015993435
0.775298256232126
0.613918618101904
0.684332802204177
0.667541855219852
0.477317117317221
0.717595754143765
0.534066366167523
0.578693884371425
0.680837951322848
0.678502569380399
0.622946210207624
0.55627615539221
0.852169348651642
0.546467977614907
0.659747634236939
0.708636911535218
0.720291031108606
0.640693794499106
0.6048776604337
0.514771801916416
0.726140056374836
0.667233627002889
0.638065760359082
0.566244110006834
0.764548137580043
0.600349884505848
0.839382848297135
0.66326632387668
0.747075858250541
0.552124683736411
0.459342139072284
0.695298918493893
0.79863488610959
0.55480535426239
0.742371438651927
0.653325870977496
0.570630156021921
0.729966453623
0.514988073901652
0.743137274866428
0.787303112176735
0.717348841112377
0.610113123160319
0.80629497417092
0.844765148564667
0.53705312397027
0.7218615901129
0.563211720275075
0.683298666915689
0.770052739021897
0.790585597876788
0.78415683640307
0.79978867411053
0.553298301601057
0.710264021362642
0.545428287712887
0.7223003041129
0.858904060632341
0.889319419504807
0.731624949181057
0.781826743784589
0.719680085527268
0.66055112074205
0.813774757256874
0.779335077113651
0.596823540617428
0.921089546345374
0.852988445789214
0.739367963774625
0.71426110437971
0.739458176834301
0.777766298472643
0.785014754317162
0.716588919687982
0.768184713328304
0.755527956050806
0.811885761500423
0.86444124782497
0.801497073193416
0.738827559531786
0.746036490545799
0.69103783393113
0.702509006496144
0.794461789991843
0.743662902215777
0.70390722371646
0.782618980070697
0.82366606228046
0.943442799395725
0.675639549903878
0.956691539446725
0.706718210697872
0.874844367627138
0.693709551449467
0.733703209792322
0.894303604687688
0.945526389163783
0.8160101885701
0.781889989027094
0.823686356406932
0.660048038788306
0.710528116541872
0.704026722085995
0.689127093306425
0.765254762495051
0.874753104847206
0.767963271098489
0.821641438859636
0.833799073481251
0.753885715797815
0.796459631399388
0.734132589731016
0.708472381980568
0.925753791063335
0.664488563462371
0.696571556958578
0.87139459669714
0.921862342316886
0.754994151818143
0.793508806898775
0.946172784963575
0.979496712611334
0.905710673483201
0.789396366589424
0.82078724584226
0.925731152791667
0.979484881803078
0.937684209739627
0.916652161400581
0.77701201613595
0.864088830388773
0.764268079441348
0.899168373159021
0.919333526553921
1.13275899304851
0.7856167156003
0.854360629442768
0.929434938645914
0.882899184890929
0.840827673924357
0.985980480167642
0.891402387043012
0.73685964536084
0.863394731067628
0.735029584781766
0.997681680810438
0.791126331651067
0.900850056243526
0.99415071481466
0.760265451565696
0.855726299460574
0.95248375323593
0.918837712460293
0.82487075922968
0.940564993540591
0.799996956863169
0.991534201782022
1.16960014463903
1.01064081317038
0.973998087806758
1.02287267001604
0.882068840043847
0.888452123383051
0.892908224412873
0.923870734511346
0.890647400328619
0.930610157724658
0.892895136106251
1.00271655752667
0.965510296405566
0.95480724251395
0.990812150048635
1.029155941187
0.785589166373084
0.915527361398439
0.963708511723409
0.873675438513189
0.926287166987867
0.987623033834429
0.983246501656783
1.03584589058906
1.05150120775608
0.857039365442114
0.993928344154364
0.907018670250517
1.04914637434858
1.05117096531723
0.940030740283332
1.00245013796354
0.845091382724225
0.999518309245519
1.14422142146495
0.935995973349566
1.00763013387142
0.947381072179166
0.923632933153868
1.01218903261666
