0.168610060735547
-1.09271891490533
-0.904955010733556
-0.962423553284104
-0.972265282203297
-1.06732183434865
-0.945140797966653
-0.942636564143022
-1.02040698222505
-1.0188141592028
-0.886091254097946
-0.975640894558373
-1.01875606909773
-0.914487259274642
-1.01990227585256
-0.967342509882549
-1.00643347656274
-0.965478045771791
-1.06358071492013
-0.930887454767036
-0.959020799037162
-1.05234076316089
-0.870779918286833
-0.92089583224188
-0.831619240612948
-1.02634111827072
-1.00740325229003
-0.957136033560527
-0.842192979826927
-0.966947015541116
-1.04385262330234
-0.939869635108019
-1.08337262876848
-0.880887438633107
-0.961789345616114
-0.881526092518134
-0.853496983927668
-0.968209278591194
-0.825834974418829
-0.770563234056815
-0.978225126158018
-1.02835395660127
-0.672128390443604
-0.93181684423254
-0.928814880959681
-0.833713029430697
-0.897592688319294
-0.9057083135186
-1.11068039648008
-0.984009697503851
-0.804219989361668
-0.844473347237565
-0.861201831958634
-0.773516462758089
-0.803308246570963
-0.96973120022295
-1.00752995744812
-0.777104015981343
-0.98811273276838
-0.894781245133851
-0.910656193478648
-1.0086095001819
-0.896050135798654
-0.813816586964056
-0.97413921584242
-0.910148985168764
-0.949369361096025
-0.797974444452127
-0.912952262709668
-0.984876531029214
-0.932642487828096
-0.962477963989886
-0.706528112038146
-1.02145621541276
-0.870728196493276
-0.826996951769358
-0.803168208539721
-0.74294900014304
-0.845174400633986
-0.759403021035317
-0.819124652182254
-0.926126458563476
-0.825728376891063
-0.951525055933143
-0.713107627967898
-0.950177859723028
-0.811707374344159
-0.994571588522219
-0.835920442128281
-0.839614340379246
-0.741350938752503
-0.821484234964571
-0.808459014210606
-0.802405190394057
-0.76382806498252
-0.900895237567494
-0.688251691512854
-0.8442141091613
-0.868329419071257
-0.882565047993512
-0.781042661320545
-0.908218200459955
-0.815490869942702
-0.732153446545458
-0.802339468623137
-0.762448327395695
-0.807806754987084
-0.855889703416533
-0.833440391289789
-0.963223487872051
-0.728498884288794
-0.787808863707798
-0.750545016337118
-0.830790076441073
-0.764116136556272
-0.749767657157991
-0.714519922868329
-0.872412459499894
-0.756145302980121
-0.705534071379044
-0.797149332729473
-0.768847328863957
-0.781485409850804
-0.786885453653307
-0.760146546875201
-0.73219084641781
-0.654962804836433
-0.775232789253618
-0.747477540359031
-0.825873340851481
-0.781907113876549
-0.807263119404238
-0.781722243005235
-0.82390763983444
-0.69651634945363
-0.573082699535325
-0.748326863869538
-0.617719260151679
-0.717190307831708
-0.680778472106736
-0.712763295672934
-0.606063052680275
-0.830518102605319
-0.680918821508324
-0.795996262038148
-0.798725693831603
-0.715959326863097
-0.708507849808978
-0.662373649177756
-0.738009778768826
-0.689394517530804
-0.645952545037805
-0.653592395286054
-0.638010505925029
-0.740989166382702
-0.689354641596389
-0.627723056119693
-0.552108661289751
-0.657714733228409
-0.653461310291615
-0.700545039177274
-0.67931954066564
-0.544690760551642
-0.706832838673128
-0.704396764901063
-0.786959326283457
-0.649889321858311
-0.690369217011538
-0.475471765770178
-0.708236621417344
-0.750448397919181
-0.667411615725905
-0.59436248024825
-0.716805272103897
-0.63766346341756
-0.703740876772544
-0.638189933793087
-0.682722320583479
-0.607639444695516
-0.816559782076241
-0.652333835103417
-0.682812874794399
-0.687277938679693
-0.714951270251586
-0.70723344975743
-0.617547778716718
-0.555468143871375
-0.712031683189335
-0.614305485297314
-0.742218541842486
-0.621328119838807
-0.707259760413301
-0.76099138017382
-0.677470052251227
-0.561362635725971
-0.371128246287245
-0.620038467604328
-0.557339436389643
-0.713640115235517
-0.623559950255953
-0.511812898901071
-0.56866465955408
-0.578657485062232
-0.597114114227779
-0.620878320423837
-0.563881314589077
-0.684944150769049
-0.442996613494613
-0.668471903286939
-0.545554063542081
-0.506154651965337
-0.618563347528438
-0.602033231826487
-0.539381902064743
-0.635087246275398
-0.632083749695942
-0.63628019464541
-0.444221060791131
-0.50288289807138
-0.486937597551848
-0.541041788624499
-0.635122420523249
-0.584728361721699
-0.575117771373659
-0.541894112002579
-0.529084869146402
-0.535545429617648
-0.594282303316773
-0.416960670563029
-0.529672956316756
-0.521066164327173
-0.418632121702586
-0.514275899380254
-0.533570757393509
-0.44504406616836
-0.511266369157385
-0.677407131734774
-0.410307393712932
-0.450784990445579
-0.643502135317387
-0.498207843424467
-0.547675416251832
-0.482040944250164
-0.45554543344708
-0.553836915536686
-0.51730610370913
-0.584839312434145
-0.525692977722506
-0.374797740782523
-0.581644891868901
-0.505366013192621
-0.601930877978035
-0.471842100523175
-0.402733490437553
-0.434062321322459
-0.576411431962851
-0.548903410016366
-0.335865084621597
-0.463860011333614
-0.476105420316289
-0.550253674406359
-0.475439991895018
-0.464328621074923
-0.342088511787243
-0.601512863421832
-0.452840412756146
-0.512173628026921
-0.41717787920551
-0.450030137487906
-0.515012335909255
-0.62400783688277
-0.402645920937078
-0.655427612191007
-0.496924864580851
-0.401436156775614
-0.485017161179429
-0.52069622258252
-0.453682946647607
-0.440027428021295
-0.48908474632748
-0.41071470539343
-0.460156494884289
-0.534867128007996
-0.555421949186228
-0.485536556427055
-0.376886868152951
-0.551890418939112
-0.465446006974205
-0.388503598956992
-0.443484251673437
-0.458436006800066
-0.432007543226424
-0.369818353274757
-0.590184996441027
-0.472632526666262
-0.359051340265887
-0.363865385999517
-0.435354720414264
-0.385704436355394
-0.34082704336659
-0.490461200212045
-0.552571882646831
-0.382280124696371
-0.384758060118419
-0.561526988463339
-0.414550738780228
-0.37638868497585
-0.316273737000229
-0.385006383795108
-0.344140285184455
-0.244709315283649
-0.443449964656332
-0.305221684478557
-0.583766882064537
-0.446662474174271
-0.297024139522084
-0.39400230825468
-0.335941506015849
-0.412478047859124
-0.381775381078346
-0.430629863005751
-0.263406485723162
-0.43163016701106
-0.341215972883485
-0.383870360125364
-0.380783144542273
-0.337652909607864
-0.320497184206765
-0.348795274346238
-0.337027235704075
-0.436151283366654
-0.248910611430791
-0.391982486270547
-0.31200083166216
-0.214965596008605
-0.284162017815361
-0.281724827958378
-0.491056620856162
-0.235433425697313
-0.157975729792958
-0.31977620918383
-0.407694457817627
-0.238785727392021
-0.272227244598568
-0.333591375972657
-0.365577305473854
-0.352675712610406
-0.555522845293154
-0.329447297670796
-0.328710756522384
-0.31712934933056
-0.239112368107184
-0.37385516587075
-0.176218673751503
-0.191664923114225
-0.297100069735441
-0.269960292939301
-0.258487100990606
-0.337734766993068
-0.29816929468557
-0.429155038596321
-0.211282492315891
-0.162950352600096
-0.391468701526235
-0.350119048391659
-0.350553715513487
-0.342362690857465
-0.235317956481642
-0.266044165242945
-0.391739828870602
-0.178671198307314
-0.219626818027758
-0.0348545993426358
-0.201614378188098
-0.35025549220724
-0.175300169769058
-0.264160812066548
-0.273244973739714
-0.249894905160431
-0.236531082470294
-0.445567812496556
-0.248116679581655
-0.255217512892158
-0.208983167843892
-0.21951658210339
-0.30824510873761
-0.0135911089276537
-0.0952747478980229
-0.202301115664142
-0.388218315701321
-0.387007456083532
-0.218554211839867
-0.277735078197746
-0.296137278092271
-0.235418257078013
-0.404651821150743
-0.167643155629995
-0.268676990307138
-0.00186870578201995
-0.200780632725513
-0.266822502413035
-0.12427825791726
-0.156994914988952
-0.200398556037414
-0.138256949551429
-0.151671508218343
-0.228048941232864
-0.196834478558192
-0.300201364387087
-0.0994892793003107
-0.115477163388655
-0.273894325762696
-0.163402190846182
-0.214933574240722
-0.164246702878474
-0.200440187871772
-0.215579418901292
-0.160210894428668
-0.354945542165314
-0.106877672812775
-0.114117920006165
-0.152138001973587
-0.213752145950862
-0.0649935835827253
-0.32320222866549
-0.306073642547167
-0.169980773173323
-0.250030592439702
-0.237782393947373
-0.174174304606675
-0.0897389481377001
-0.19850405468641
-0.12579481961513
-0.115748202749747
-0.0670031578941019
-0.180000189137488
-0.0136283774269035
-0.133122319632981
0.0225215041361181
0.00794610731930249
-0.057753300756174
-0.0962527716252235
-0.180368045568361
-0.179993249004497
-0.054587547159402
-0.0701085786308507
-0.168275942282534
-0.116500037227249
-0.0588364880960149
-0.164497636789049
-0.0662109716325394
-0.243449589700305
-0.0618763068170188
-0.170287231588847
-0.0444018213360122
-0.0765509827458301
0.0721721795374053
-0.11109451451151
-0.00757442663634077
-0.0718878774683931
-0.148130217816263
-0.130391725330595
0.0359375485906185
-0.0196628689513798
-0.166598279487362
-0.0389132868250353
-0.0182512834539796
-0.0704622530669781
-0.0861408015483775
-0.0430945481332477
-0.00477411357356115
-0.156345377184495
-0.0193502298035002
0.094321712395369
0.00887468381074371
-0.209461775817299
-0.0440390734926368
-0.0456059202033205
-0.0999536683488729
0.149057870227796
-0.163637714151648
-0.0954342778846165
-0.0296800488090698
-0.0839636756333898
-0.0894587606363204
-0.0588385982053015
-0.137959526850974
0.0372104942414909
-0.0764055821121606
-0.0234800458085266
0.0161106431614337
-0.210559014779351
-0.0730940144837178
-0.117802315415836
-0.00854668903195092
-0.0643160836402694
-0.0627089821457106
0.00120306410883774
-0.0658574236462445
-0.195428971318045
-0.0511072512656954
0.0522729770905987
0.096337979563718
0.0355952337380846
0.104645041533455
0.0438295520612445
0.00527274693873534
-0.0258732923436616
-0.0682827704125932
0.0671252420446796
0.0664319273266926
0.0105395537603212
0.0973352619292515
0.129311428420651
0.0281143030482404
0.00976577914481565
-0.131440589994941
0.108495652757339
-0.0638379500784162
0.0756660688360772
-0.00391762043983826
0.0694194894895074
0.229352595513564
0.103056486844854
0.110561856851492
0.0489259490687022
-0.0170972614776679
0.134790628839513
-0.0307988640412582
-0.0207653135599816
-0.0114141151904781
0.0664397686142076
0.0986699019905059
0.133038719001835
0.125799531641203
0.0248815699304165
0.0379715898994119
0.0365217129869048
-0.0108825286175242
0.078410728893926
-0.070556871322683
0.134401122044864
0.186770347154836
0.0954367278540805
0.202365589795197
0.100423703739673
0.0188881036850308
0.0928405140918515
0.10592186313197
0.105954952098558
0.0986380301909026
0.0745591851333504
0.0584266504796141
0.143265362966602
0.042476252634566
0.102709676983457
0.297703721325309
0.119914214596216
0.241863000666856
0.114010468910245
0.0784275726759724
0.138006781596268
0.240682689177653
0.0882591308919978
0.125947540394536
0.311529617998542
0.0564306736069508
0.254408461348571
0.317358631258543
0.0546670407006886
0.134380400068572
0.251262502086475
0.100621326774026
0.266087947119156
0.0529856358506794
0.347096989620239
-0.0167729971160224
0.148830385780783
0.0729710165334163
0.200792097370715
0.0306769507110345
0.0472935508949942
0.147770430032998
0.14229831054401
0.282695804148943
0.222165363022368
0.133716186940259
0.260220021980587
0.186484556503466
0.350885163574091
0.200165095977253
0.310713473880824
0.0284763072099134
0.239614419403809
0.32274985195693
0.173581888083633
0.000676643323496897
0.0669838228279279
0.184141958311393
0.227165956648816
0.189576201356238
0.228777957817639
0.029064200451442
0.107777803735202
0.0545255607682703
0.206666289524866
0.158768617904918
0.299800127981164
0.117203705680983
0.195747941895179
0.332313624292935
0.216351510370432
0.114665978846171
0.321821405188405
0.184787968566736
0.135090559673594
0.183819498238526
0.168954472098111
0.275449642477631
0.223290610085658
0.182148801905607
0.155506203846702
0.452971717404981
0.398716969996717
0.189188424121271
0.171587158781183
0.211547485843382
0.14721085420768
0.204387589036892
0.255562731547201
0.252923839754505
0.28105709779668
0.174075257907742
0.39257941009535
0.285402528562611
0.270587903496011
0.305279591356266
0.218723021360237
0.327536363952973
0.340904950973661
0.237065916404716
0.361620071968948
0.347576635772002
0.265754725091417
0.258126175224301
0.348006051272784
0.259224156098618
0.412212737412123
0.217331667033314
0.340896593970424
0.185844986312615
0.313160023418788
0.474398257962756
0.340356743435032
0.282369767848639
0.35442382625291
0.32602260089936
0.38842859694347
0.400786079186706
0.198224112807061
0.534886785772551
0.259785729417899
0.286332672576336
0.254978578936
0.451156957658713
0.314808082621414
0.527710503427311
0.224037065209356
0.250008217586433
0.284555010258559
0.444792703272395
0.233648734276824
0.319253536443334
0.240289342150037
0.144367834514332
0.412126439216557
0.332982697100401
0.339148734620947
0.270185685614749
0.272016219542717
0.258193900255064
0.283062539173815
0.359506739270741
0.232409160823605
0.198450330129349
0.309432593613763
0.562239382650167
0.351364286256429
0.461923351275213
0.393541180387542
0.422821175871768
0.307438282710018
0.424672470812324
0.352549359278694
0.580245593324533
0.452314047305403
0.377179657595738
0.472056496436359
0.370088754239312
0.470982433582893
0.421548035158033
0.450823191286253
0.321142349614957
0.420161379305314
0.224192097113156
0.432343961013658
0.256225688707368
0.366802436202989
0.328043146835622
0.441228741348182
0.544676515672029
0.384967398108514
0.483560129615695
0.382525825013936
0.298597146001813
0.433799654658046
0.478782611328882
0.364477456392986
0.273146629063564
0.387201416683101
0.510087271288768
0.424742891092233
0.528456685533216
0.469433610687167
0.425511294950695
0.60052353704511
0.449017766359998
0.217203262034755
0.408611926861084
0.512412821092545
0.544268091213751
0.49504067664702
0.448028616726699
0.524779268900784
0.413831113825406
0.491457806776965
0.355854194011529
0.511795858860261
0.4816856983728
0.447968963786012
0.522953205937677
0.440853528876759
0.484280465564357
0.483788622368381
0.395503321890072
0.567598612570545
0.38732211655559
0.414249562536941
0.446853918945104
0.494395779224493
0.429903032067458
0.503630081459041
0.494438005934437
0.452484199819595
0.511505817565176
0.553354742037895
0.613754503870804
0.505026897331676
0.41862469256098
0.469268191201438
0.38625257027963
0.442419490000039
0.513113151034612
0.690079855456791
0.445474043849656
0.433192984726307
0.49576176486976
0.481828580987269
0.678808034597249
0.37862442941545
0.524991212923273
0.477728157683426
0.463619958042773
0.53617183059911
0.638348467978631
0.589792850300022
0.344593491341024
0.55589715734308
0.580587284985179
0.480201347749213
0.651387942927027
0.636212853493304
0.671883897211801
0.6453982839779
0.570127310295325
0.552424340967728
0.48417458084875
0.564633394484548
0.641180375595777
0.616265158723564
0.528519213464465
0.645557612852925
0.649137345140678
0.554634340957869
0.587719056890689
0.713769138464976
0.499804424129761
0.665017522028097
0.612583168391824
0.80934714618884
0.525252720047745
0.463363311574575
0.542407325537594
0.657596056597488
0.6103084780787
0.65340138688357
0.580810086573909
0.636848280622992
0.758678067928372
0.674506215324422
0.630320967956708
0.620196499005469
0.626126186363736
0.705223874237208
0.653953331457801
0.614708031953668
0.643585803570189
0.476707588962335
0.609477219531643
0.525028020667689
0.652305497783175
0.448871250846181
0.717390611462859
0.544240723361001
0.582239694069911
0.508038722730903
0.55822552614829
0.660484897593773
0.746046064848897
0.71796853430801
0.570663752459718
0.67763068495862
0.655530786610526
0.653934717967431
0.782889879064136
0.625861811804352
0.606890562685044
0.599205245242273
0.723771620860138
0.721619568047412
0.837752268884422
0.555166597815342
0.656215021362038
0.787739312631092
0.745650346675584
0.674117834606056
0.630317623286973
0.831887972513513
0.625200296087333
0.79539993169599
0.802496964780304
0.686391898410744
0.750074515106366
0.778768663600294
0.7237281427019
0.753965475863464
0.808993608809728
0.606018983757213
0.806783758268718
0.756057888686153
0.708842434246003
0.705924414249504
0.805026386732346
0.766399655143204
0.774780375344589
0.833725874469596
0.672217777972962
0.658507128915671
0.601444908689769
0.753242354868074
0.750568004496892
0.640135728072782
0.756900810898784
0.712588608473639
0.653177990516772
0.984093018169602
0.79244609794475
0.6942651452289
0.916037780525238
0.718384932686356
0.797123272483414
0.554808559551911
0.721574694872962
0.713588874527509
0.736084998158946
0.746166167880135
0.779062142714083
0.805980370402294
0.846141186530365
0.739514735629061
0.78944582144151
0.821678945108242
0.667044353245956
0.726942154835718
0.719041225138071
0.715079553228511
0.766563804824023
0.7726011322036
0.783589432267294
0.872331299702072
0.785540886873581
0.721055564417076
0.795301673509672
0.753543929764544
0.750759802986383
0.810014012049299
0.84746470095408
0.827159225005772
0.90832242034916
0.85232890279382
0.728216575916818
0.969166651029295
0.746725448911465
0.868096522069916
0.790970456572876
0.925008719177089
0.800237564223417
0.6969347720074
0.860461116370334
0.865540404599011
0.823080043844044
0.668022043587417
0.866245292768666
0.87154925091143
0.904187973596416
0.935416901502023
0.882382124485052
0.915085950056791
0.672959841424543
0.938351421895365
0.91688168629631
0.828242977599133
0.808006265094387
0.816018497781287
1.03967551450993
0.879939095231659
0.934350441140072
0.835969611981374
0.925577565699154
0.864993839085703
0.921676897689505
0.960000362163474
0.992717871019909
0.878277374063821
0.941703759824457
0.96081041803421
0.985827320631618
0.753575628641333
1.05864132624378
0.832730833411273
0.853701992820052
0.795886936531298
0.830215017973656
0.90686165889563
1.01708175606276
0.921415103552933
0.850156916299419
1.01276508610031
0.953087258472498
0.93108781601004
0.882685177632703
0.938997267166022
0.996670107632793
0.87063836441423
0.805147708866772
0.890512689285303
0.9476625075146
0.827182803839721
0.993291833855135
1.04215012402361
0.845377477565365
0.841192174134766
0.931463296921418
0.850538804777067
1.09891707413659
0.877215401166098
0.973443042409744
1.11801674087728
1.09470244671756
0.862334987575006
0.922314521058045
1.09662501525129
0.860346490900288
0.929110230613714
0.883820731687746
0.851007331195044
1.05978087502486
1.03665528124176
0.957048943563718
1.01465765491116
0.881452351951813
0.862076645852538
1.01007564686015
1.07651664716504
1.19797950141131
1.15004499584178
1.10040069172052
0.992393379240813
1.0570914225937
1.10848786717114
1.03502267179026
