0.0517838444202267
-0.991337706952918
-1.06585220076423
-1.12434947981195
-0.985559773862483
-0.842373061479008
-0.935315109452341
-1.0011369315013
-0.927360448916269
-0.94304492099453
-1.06858632868642
-1.04551346982887
-0.950563130904655
-0.960307451257272
-0.939416951879776
-0.879701388175918
-1.16789327231037
-1.09631505916598
-0.924874493934506
-0.936652764107185
-1.0410895970967
-0.937220631180007
-0.916348632188134
-0.969886381547815
-0.879339206112658
-0.899396767512861
-0.953020293862069
-0.976224792234418
-1.07633098772004
-0.828477673038216
-0.992702426913319
-1.0083603611514
-0.964464497784233
-0.911744055339988
-0.959492777920209
-0.925686192326687
-0.92100922068806
-1.00660060641654
-0.909666331292729
-0.835813774855893
-0.845031851775184
-0.884253396891862
-1.07627667191851
-0.947951087567442
-1.03575319761489
-0.996311993381718
-0.998726165190645
-0.820058272372701
-0.880554855357874
-0.871538959028987
-0.918689553948376
-0.986639736095323
-0.753185722523184
-0.906282666962376
-0.824105535552398
-0.864123567973693
-0.952289018881678
-1.01867638403969
-0.886299149295383
-0.84552936217763
-0.960524184736724
-0.822378216510164
-0.744486693872024
-0.849057146641236
-0.937700863631586
-0.699599975205989
-0.815493012682154
-0.860404685133145
-0.721191653264131
-0.742408663151776
-0.801122188690368
-0.799608747875555
-0.921358562181067
-0.828839058731442
-0.799386762361567
-0.698143347683269
-0.901428500049747
-0.872011724832552
-0.889348571003972
-0.98586406208198
-0.917167249164186
-0.840021129437772
-0.874802452876701
-0.730385429315835
-0.767702643184473
-0.803540620611198
-0.826101770886381
-0.693885055069549
-0.69353980561034
-0.902266373062927
-0.732953853836425
-0.830165459557313
-0.727497086668797
-0.994005315346497
-0.827354130303179
-0.8157591215282
-0.823178385740381
-0.715049379788475
-0.790262916315757
-0.683188395762462
-0.845874699374737
-0.750924305473197
-0.843649803225879
-0.792686217091028
-0.849176460973462
-0.748948029790072
-0.704373304017452
-0.720736405954163
-0.940406257891134
-0.818167093849882
-0.94714071331815
-0.718491367586293
-0.786119364137323
-0.722620989065879
-0.822236585544848
-0.814537397555458
-0.770901625536696
-0.826375035313737
-0.936758489167748
-0.690129694180882
-0.802299862136088
-0.836826342746625
-0.826674591527894
-0.725494802278765
-0.745849545398025
-0.690509343710875
-0.779984035706856
-0.722599965163114
-0.733096509428803
-0.940804349743473
-0.70988189135415
-0.849876585805658
-0.644591469596631
-0.703434403086579
-0.702482947714085
-0.741979064233482
-0.798526765737613
-0.772950752285441
-0.690115048101082
-0.674954806906848
-0.623272742309733
-0.849232297470127
-0.688540979742819
-0.787171011797025
-0.770066841445216
-0.737014465701443
-0.672458289450149
-0.735389442287605
-0.748656651421326
-0.80471300116942
-0.700299834711306
-0.760658441371548
-0.784481963295991
-0.625151297190895
-0.816845577968562
-0.662809166555462
-0.637834905946664
-0.655060935857356
-0.745262427396423
-0.636028488153666
-0.796197633211246
-0.638386490468336
-0.592814545202986
-0.703904328385427
-0.671047857643395
-0.80637033589322
-0.426389113635447
-0.54958078320843
-0.666044305179283
-0.639448264693972
-0.72593813258123
-0.655626736446363
-0.580226261089246
-0.699937650017024
-0.632737726804542
-0.570487695785291
-0.600995173971833
-0.525042226755627
-0.646746943205167
-0.72067856654943
-0.683884895062187
-0.528160525376104
-0.482868829372826
-0.630671755748752
-0.645414898267522
-0.642229036925076
-0.583565228306458
-0.535926148762728
-0.525027808917726
-0.63734634849259
-0.69477167814721
-0.630461268099876
-0.65448909825822
-0.602561662961943
-0.566899465810192
-0.611149635961047
-0.656658235147489
-0.761936367721403
-0.66635511651109
-0.574871181175529
-0.671159741292525
-0.659835495263307
-0.644563097580415
-0.427476111882397
-0.524795026324742
-0.660042649143458
-0.557419775019175
-0.644707730966115
-0.718170014038483
-0.497829005072968
-0.380691747219385
-0.542752692879302
-0.670001924771799
-0.504239076698023
-0.696730644743067
-0.741676990407445
-0.505377273900731
-0.692846343295398
-0.531832072340362
-0.619330007269438
-0.600861199181426
-0.64431743691711
-0.42677908818819
-0.529535633728392
-0.594834294891745
-0.525243224006081
-0.35639048408312
-0.44520902650254
-0.672442518578412
-0.608786830091465
-0.384702379733629
-0.572715934768566
-0.529779339752374
-0.64099572764407
-0.51160917330633
-0.385159299187447
-0.585373297145976
-0.516682987584272
-0.62337601997655
-0.635987994103716
-0.589557982348221
-0.508851385097774
-0.468655968079424
-0.472001379103758
-0.361906537161661
-0.555112707350309
-0.496507826177948
-0.508264902828713
-0.697557931214765
-0.418670449459253
-0.589050399997382
-0.615309286795438
-0.533848176392677
-0.392149806600933
-0.498905906188718
-0.48510676587001
-0.586602005762161
-0.548270504419417
-0.636137796439926
-0.441452940094278
-0.548500615367298
-0.578673639831278
-0.465304546317988
-0.477768150568332
-0.507724257834523
-0.405626274875374
-0.465024021276697
-0.368412297419226
-0.485616351459552
-0.436997035936793
-0.558181868147791
-0.463235260382063
-0.579169113331692
-0.405432025058651
-0.405367335414913
-0.485700017656219
-0.37910512477457
-0.510767856950033
-0.492942169896598
-0.484750192637106
-0.417927138178228
-0.363473799334622
-0.426842574483967
-0.502201385463242
-0.399362833238996
-0.361975332170001
-0.537102287343293
-0.497216796819442
-0.293354207546109
-0.50521131577131
-0.40166592894663
-0.472750559589371
-0.40666263649946
-0.432195116860182
-0.434205049395787
-0.391316740243145
-0.480151627161966
-0.319852510822295
-0.438275736601815
-0.439491217435878
-0.470381736128673
-0.317512832044695
-0.362188774344632
-0.295632745419725
-0.280480037844137
-0.443081591547937
-0.270514042451606
-0.447610837833254
-0.4820744546187
-0.434088297782601
-0.351583299374391
-0.357227734643225
-0.322699008456527
-0.430087508956652
-0.503773665355675
-0.389967773999416
-0.326479925754895
-0.36293902224675
-0.360994049448544
-0.450209078862495
-0.387053391038946
-0.27972586419138
-0.304274054627608
-0.421572558224718
-0.30155197523645
-0.235125445854858
-0.25978327345573
-0.28262271792834
-0.286526245659708
-0.403181555805992
-0.521558102917602
-0.335167951783816
-0.322565570492517
-0.190059693376021
-0.318077377290458
-0.34911660835407
-0.311597952933279
-0.271918514939121
-0.354203988031895
-0.179087330929489
-0.394752214454851
-0.332367518437007
-0.412336748164307
-0.355162563048306
-0.304403879254157
-0.413650299261183
-0.264233377624506
-0.263944591004494
-0.386101583387635
-0.421716156927184
-0.310544955197795
-0.49613964421218
-0.285933119957667
-0.30564488715756
-0.194161069749975
-0.249683772997632
-0.342250502916495
-0.410372129806736
-0.285473805478213
-0.283820206454371
-0.332305503289126
-0.17038512517372
-0.201387178119614
-0.384078657963854
-0.402188737794333
-0.301951760097296
-0.211412507784275
-0.290233218400988
-0.29002941722582
-0.198140395757716
-0.257784082133539
-0.272367783023202
-0.281595553682747
-0.228697407539973
-0.216703226232811
-0.38908425649306
-0.287525733324291
-0.454051420411655
-0.189273735847634
-0.327110201382249
0.0690505298072477
-0.19284135810509
-0.30991494151708
-0.214517585008328
-0.227647304807259
-0.204329242615667
-0.168196582172121
-0.053171109617968
-0.21604774538609
-0.169427044733246
-0.23923568049432
-0.121689493806688
-0.262636122350053
-0.121392119137708
-0.413024701044993
-0.199567374866334
-0.247329341092617
-0.225339692270928
-0.161982525566966
-0.286610974310951
-0.202339261766159
-0.150438054974722
-0.138923191670099
-0.18374157139424
-0.202088666306834
-0.148425027494558
-0.159684690736229
-0.198966924107503
-0.16067220173781
-0.203426696805639
-0.188527347883309
-0.0581354255187789
-0.335938958995042
-0.262939905635223
-0.148006367277775
-0.0954275667328702
-0.179756625467529
-0.0282835494500592
-0.234864475786267
-0.23479370797781
-0.0581202617135971
-0.223981959194834
-0.22451006143992
-0.14655930040355
-0.11774396174344
-0.219022731617868
-0.047880204541508
-0.11286256711328
-0.11091728233648
-0.258330771546834
-0.0859101808315803
-0.0447364925678816
-0.186192240441386
-0.219315000388635
-0.0252447965052528
-0.160528782148253
-0.266818266961681
-0.286356739282036
-0.0458089270018994
-0.154060385692713
-0.0787598051976861
-0.230376159148667
-0.120371152962321
-0.129237635736934
-0.119232799783802
0.00208248025340427
-0.060337378591517
-0.123968435320033
0.0147143404219798
-0.108342353239637
0.0553692532654552
-0.19750214676055
-0.111179994241732
-0.0452352333111384
-0.00855027327792576
-0.0432451019264984
0.0380920047041449
-0.171211032553945
-0.0526313959061663
-0.126353727872218
0.0323866145784995
-0.151622399889912
-0.0646197040306832
0.0179442491594285
0.0419062841947751
0.110711095022706
-0.0795082557536595
-0.0855927495695241
-0.0936663440963302
-0.0433361450705683
-0.0281012428014866
0.0333009974893624
0.00479868970064931
0.0453202087175717
-0.0477045517121794
-0.0373211627456568
0.0273631101952934
-0.135699880677718
-0.143397773570802
-0.109885395599954
0.0800556961579074
-0.0382873202486575
0.0165127540259367
-0.0149094775814421
-0.155449959080462
-0.234029932471298
-0.0345076922889597
-0.0211157180530783
0.15160264481575
-0.0334021734776809
-0.0155461585951994
0.0552010072808583
-0.119377053969007
-0.126347855302818
0.077991218100763
0.164399010440185
0.0593865922161983
0.309446273994026
-0.0106400393457552
0.0353084776954328
-0.00273471276462783
-0.15118839360702
0.199358992216368
0.00505926937064843
-0.0927928779215583
0.0499643232653884
-0.00120953747974335
0.144814243111022
-0.0933901898815266
-0.0846889724390142
0.0747725026719496
0.017267934850068
-0.0402596047053125
-0.00212057453897897
-0.0486794897414404
-0.147908357253205
0.0354163774588779
-0.112769427733888
-0.117766597547601
0.0185739217209172
0.186606421388864
0.0816072890350922
0.0768853968223452
0.194155843450103
0.0860428072459741
0.103015139670665
-0.0606377628250181
0.165540174828655
0.0913143725993854
0.0877143261390516
0.0511002468098984
0.206388249804686
-0.0360903572940914
0.141229449910598
0.0728462570763943
0.0449614361552498
-0.00878691333860519
0.0923944040421018
0.1077411278159
-0.0235453914818472
0.105588871777021
0.00304763985653789
-0.0283291699792409
0.166800572653974
0.110302337832007
0.0594206583410476
0.0955097553184465
0.188606324406568
-0.0389644440488018
0.0361949098880028
0.166832224509355
-0.0278577083874465
0.172435911494487
0.00838387043982578
0.0925533279661564
0.0869969035951277
0.176632239463577
-0.00897192525507457
0.0441725601344449
0.156643353438353
0.161767381556517
0.135346029421328
0.188437717368902
0.134227705724661
0.163832844866421
0.115428801245814
0.0854079698648625
0.173524169843965
-0.000134194209250723
0.0984087821156256
0.12963181038356
0.214570760853537
0.220071482335217
0.212386911430905
0.194009268259069
0.145536004123285
0.0378041527221876
0.174599933210099
0.056430668029339
0.132618801071764
0.0194794570561843
0.253625640678906
8.27058429293918e-06
0.174396684388584
0.0752066680140499
0.33397893380211
0.026941053858784
0.129241700612744
0.198477416125949
0.275759472873043
0.170171565941435
0.144671841528761
0.236695230693079
0.247292977813126
0.208457698712157
0.184205061780091
0.078596742115435
0.222961030245452
0.229623459298599
0.0840464706689534
0.195588651108974
0.0373160741640068
0.178292141599021
0.145624954473949
0.370954043320377
0.325230132319015
0.210062605265407
0.166592630829397
0.276590021649269
0.0283675853876275
0.115638290128753
0.183465063388531
0.173973654438092
0.0535982810799007
0.210915072852736
0.187742191027609
0.0292774042677443
0.178883396536337
0.276308902548085
0.274819582717983
0.357710358850135
0.172156756302043
0.227058059965258
0.27072752453437
0.38136721162167
0.196344711735652
0.142550563975703
0.228716248371514
0.360442239806688
0.310923776323241
0.153032729132661
0.270219562049642
0.293887016339141
0.0948381546983659
0.360636028271217
0.363374928513474
0.296532998232808
0.262567712729917
0.163178562213993
0.251543520312192
0.226400622670724
0.173662495721633
0.314111649093396
0.28901672161313
0.292872031907851
0.251362743085575
0.382524087185837
0.152117592102267
0.266365813055579
0.372745550520551
0.325379312318795
0.291395845252542
0.442707532044721
0.296242420752531
0.285518991688504
0.374417832425793
0.376444702176898
0.376873777017256
0.225393279881986
0.35182514591574
0.352134302910496
0.252630163812889
0.362586239876742
0.311407460917678
0.327768039040468
0.28956096643655
0.297678910623801
0.317031275357849
0.317072579555872
0.371154448469038
0.363062570133948
0.329437956088043
0.301065437660017
0.404319566910672
0.387664075377206
0.370786557800941
0.197711739741461
0.346463431584462
0.364618446752239
0.262612448460895
0.338633531943023
0.32619347189795
0.277860501388457
0.407964599166241
0.388018979297593
0.424145330912279
0.384549216539439
0.287815061632125
0.278763263850642
0.350824404633505
0.311355106744144
0.304126653900758
0.355064453585856
0.383332235219114
0.332120915344503
0.52699874587751
0.544119882659369
0.434922995083357
0.483133327332241
0.35338245853743
0.421728408330615
0.549734932454241
0.474536149625141
0.482565797256113
0.404236986380607
0.352369563474737
0.436036838930252
0.189237531064949
0.245533670779213
0.41558574077077
0.294839547495513
0.448207166462898
0.506167528440651
0.540380701165467
0.260406134999349
0.528237994100333
0.424238428986189
0.370508207481782
0.433716419638279
0.365951639574162
0.40273394155435
0.315545144403839
0.647726021413186
0.366286078958914
0.636157543523888
0.539256431851895
0.374734209869663
0.411583348996671
0.282703301507776
0.424290778557849
0.483370836960361
0.584276217675819
0.435102506794636
0.543279531058811
0.408786648906476
0.43462161710067
0.480895557673878
0.423623860164549
0.455316614091266
0.313703754581991
0.405541951364886
0.432486048439835
0.445097531476732
0.404049676098663
0.4204945608009
0.576483666590562
0.376881119623737
0.543844550918604
0.529261867797244
0.471560506861077
0.627835702993758
0.458693026468006
0.58398625175113
0.5422275197145
0.586140083914584
0.449461368939225
0.524884838272507
0.455672186069158
0.505492943532238
0.550667889206915
0.545413906222012
0.504357714673092
0.478491591419701
0.560823797154712
0.537215282670959
0.552163016480948
0.469170441801068
0.648528167684603
0.396004707513814
0.503266681582074
0.409715737892174
0.588958604771656
0.541083006084041
0.514229653562153
0.551312519129547
0.654665245389264
0.593206908490428
0.466691103159646
0.407946907546277
0.509150662908595
0.54962980959212
0.658732499843355
0.548410221673633
0.56900324296195
0.681624487833138
0.538320544952458
0.498635348936162
0.704337399294625
0.563154904157561
0.532810381898235
0.673054673840978
0.647492576917428
0.349475043582562
0.540017314597054
0.64510201533993
0.511804627012957
0.685304320787207
0.660589054216695
0.446835857727007
0.580160963640265
0.611446714510859
0.565871931785155
0.499160101488735
0.545318609442416
0.567629721468545
0.71564289358304
0.542040345291393
0.452285596546723
0.672705125365746
0.504295165815694
0.702803169330115
0.725066486318965
0.645591622727644
0.593173075746352
0.67917375514782
0.604107897108076
0.713817524611178
0.647097394820264
0.544366948481697
0.655469584509396
0.733734413328797
0.582763710435026
0.717935704843366
0.638633533317064
0.636481006117295
0.612196034995278
0.749223561235197
0.682577615974742
0.679985165947356
0.667090697520858
0.679029913469378
0.598847064121352
0.722378602756283
0.766851054882241
0.75106163531042
0.788385298626548
0.570491097132629
0.661232946886405
0.656596041881126
0.670638488979324
0.720804475456029
0.793377389023956
0.806234402067988
0.72943370707196
0.465204364970641
0.679475081969705
0.647306549726758
0.695689327650122
0.612336726391196
0.703918806117529
0.668328101146712
0.702551804126001
0.704813337824376
0.728098808179784
0.786234949086405
0.707213540467127
0.825710889857238
0.812723208157021
0.73448073742604
0.676507367122461
0.882867865851315
0.648358274723533
0.636239385933342
0.766844657187967
0.704022058397985
0.577542119980693
0.61721886610021
0.60724475477624
0.661882888396314
0.748373760703169
0.677913234221562
0.731131980511592
0.666644637267772
0.597199306554428
0.711916233188283
0.843443511765987
0.667664922748354
0.772642025280806
0.663278765011905
0.723349139071645
0.822820600878574
0.763434846218835
0.830739296577948
0.718353153354945
0.871219982384848
0.751268396257039
0.819777581115732
0.711969835578783
0.807024785670014
0.926116452000817
0.725763503451369
0.798554172858479
0.95121879332373
0.88949938764313
0.685521310090825
0.847803400087742
0.843771516823045
0.761277844603988
0.846042317135731
0.79437251998897
0.854505034615232
0.729687331172803
0.699538618511512
0.907838370762552
0.763215744017269
0.686303264326629
0.664137728555292
0.779016081792687
0.970183482246952
0.855839539989214
0.843994314533346
0.872559034130755
0.978000422741648
0.769415213871518
0.741712270503263
0.83812308798015
0.744789705858334
0.835125408457925
0.936493093176451
0.944003694602939
0.828037875867545
0.913614513157574
0.818579929839676
0.748537720892132
0.836819002216228
0.781644656414106
0.760654223043765
0.789068369296823
0.778630065728663
0.864598174958431
1.00567090221937
0.981603936369649
0.92825727054996
0.783563888065074
0.79179282131278
0.890707747815231
0.951825554833382
0.74837754913809
0.913009340056332
0.799641490420375
1.04752594021718
0.887355861278457
1.11322192831585
0.836879387238353
0.937069962310471
0.89441745160877
0.952926343461298
0.882855709989953
0.813104668184748
0.910060067565425
0.947654169852057
0.895279686787534
0.813148304743473
1.15271181170071
0.967830217656854
0.835275493278748
0.792152847526584
0.925321657761916
0.944236808055662
0.697068648970458
0.92154655393205
0.852739938817992
1.01538931895729
0.888664571405622
0.935664039240412
1.05941186627896
0.986159202437957
0.949068340505088
1.00363015930564
0.931245384035588
0.963500452251724
1.04592152591532
0.915141406111701
0.894753504925281
1.01425531813634
0.904025830916199
0.986708527275437
1.04569934202377
0.995455049879279
1.10968667145865
0.936963088432453
1.14498776208313
1.01449800122679
0.944806434168627
1.03883866462058
0.874231181299869
1.09557806587743
0.906009679349987
0.867236616059997
0.972355129130409
1.08747297333852
0.95388359850089
1.06044561839239
0.936351154697989
0.897216391549512
0.949904547391911
1.0372470589863
1.06829709189008
0.981765079616489
1.02127229928111
1.11809342420899
