0.176348281659235
-1.09635538855585
-0.937468325997929
-0.948521408956775
-0.967938128636762
-1.06450078967255
-0.950934706542854
-0.942341795531855
-1.02986666927059
-1.02581151768197
-0.902678028004249
-0.993195565719659
-1.01796484534541
-0.927080226893858
-1.0159176090428
-0.971661509690327
-1.00474160351829
-0.957897151900247
-1.06694655145929
-0.940902945627228
-0.96844681637777
-1.05806523227682
-0.865453983504197
-0.907256766252027
-0.822159936620906
-1.03347282552323
-1.01621345932754
-0.953084367641846
-0.860001499674505
-0.94930526965017
-1.04346325580836
-0.953175027566526
-1.07342747472774
-0.881995670779474
-0.976028503466809
-0.850655688547257
-0.861155947230364
-0.935575175648801
-0.840717361788805
-0.799426982569704
-0.975766707727868
-1.01592048152615
-0.64790185435973
-0.919008498532588
-0.940798496516498
-0.842877612829301
-0.886344596959159
-0.915803071598656
-1.13443311420543
-0.97864851162904
-0.796164223039875
-0.836161784680491
-0.856756165462257
-0.780283674908726
-0.78343022036782
-0.968267301662363
-0.988682364645497
-0.787941862675508
-0.996075368541853
-0.885278215027469
-0.912238621544014
-1.00407262205186
-0.885300589240348
-0.820002847372907
-0.975231997184534
-0.92220158333151
-0.927256674449998
-0.76650247458616
-0.916508087929053
-0.980554063244633
-0.921122862526188
-0.952599424125051
-0.693163413655311
-0.998872985734925
-0.889043051610938
-0.844238794700846
-0.807035949270715
-0.729836752747244
-0.852625121302989
-0.769962896861507
-0.806256590654678
-0.915601999813425
-0.845663302479877
-0.958974656069821
-0.732607178751337
-0.947672061276653
-0.8067250227046
-0.987804572512094
-0.819848980117061
-0.834729310702024
-0.74113761405386
-0.815082924086873
-0.799512594459457
-0.773277769592156
-0.752553317180681
-0.874499200894372
-0.683274087373439
-0.840149604817155
-0.857763002355725
-0.891311298018197
-0.789302109237663
-0.882593565529937
-0.806683884800887
-0.761541816959821
-0.824718857671127
-0.791168164036023
-0.799281102668014
-0.859972216458246
-0.828904452444025
-0.967239756007153
-0.745381481347081
-0.816918817191467
-0.746572736948399
-0.816200976152753
-0.78367017178248
-0.762043688587758
-0.7264237097547
-0.863459331751862
-0.743967728893708
-0.701147345539622
-0.792277271905694
-0.781681286506691
-0.773409498490418
-0.788452487290359
-0.770461344791842
-0.731297690377089
-0.641676912644225
-0.747024421513553
-0.738421033429072
-0.842321571515695
-0.791016965891321
-0.817748582599243
-0.797215286706752
-0.833016390266264
-0.715634518601226
-0.547482900049271
-0.749932640720109
-0.619136305292571
-0.723651560937817
-0.683603475596058
-0.716135464652653
-0.606060469195556
-0.858705925469221
-0.684703794597946
-0.757373252635203
-0.792684348057647
-0.719306695429456
-0.707747484698158
-0.655649840220074
-0.753010136141008
-0.671125845112599
-0.64715889789299
-0.676146725078798
-0.626531336251206
-0.741119875684827
-0.714105567837684
-0.640572170260746
-0.57058234001122
-0.643831393170562
-0.655165577364761
-0.708336436325412
-0.694538004385145
-0.533266449342932
-0.705687659077931
-0.704457254219462
-0.788468822633994
-0.645241135173726
-0.692021972070935
-0.463239364796573
-0.694115267413435
-0.735414462227792
-0.685074468286722
-0.618008534799349
-0.723701573854652
-0.637399630239581
-0.694693595948338
-0.630536152399627
-0.706641239011684
-0.614350620771088
-0.801283007362588
-0.667746552828713
-0.699189153323555
-0.696105248577788
-0.717346554103637
-0.731476368712363
-0.642398773361103
-0.550238801329397
-0.717237971134682
-0.630583038685755
-0.733870315003457
-0.635539773191443
-0.686619319479107
-0.773142374688087
-0.680163487128508
-0.567479600422367
-0.377427032628601
-0.634404058722663
-0.562275823010859
-0.742142954620811
-0.62872843396526
-0.530520920536249
-0.589543688278671
-0.589320439630524
-0.599801688238801
-0.601761822514437
-0.556281706372234
-0.665282011404996
-0.457164720464136
-0.68494562070806
-0.540838129592056
-0.500451231759402
-0.636086982275038
-0.596034757405594
-0.54833834947845
-0.629757117637609
-0.638331921723706
-0.649191369794339
-0.444965295636354
-0.487862915421246
-0.486892765590153
-0.529120824599323
-0.648160077078567
-0.563884091120531
-0.57033773161402
-0.539309755993466
-0.534348965605154
-0.545637872416026
-0.590102421178475
-0.416328035311448
-0.514272743411055
-0.50994166332111
-0.413504052661064
-0.512089942024149
-0.534927847634755
-0.462865010394631
-0.505003822744321
-0.675159940499019
-0.411382062929154
-0.454182782399341
-0.644075408885183
-0.533122260845961
-0.559419974246252
-0.449122487986267
-0.483286180255083
-0.560661293290508
-0.517819248620357
-0.576110740961393
-0.53191985902732
-0.408929344906909
-0.581829422153514
-0.491985938212579
-0.61206608519695
-0.471754078694675
-0.399592592793952
-0.441767949956811
-0.573026915064128
-0.532661563822177
-0.308022878759518
-0.47611406890836
-0.469472242417532
-0.536487426654186
-0.476168563679894
-0.484733835525794
-0.344097782793135
-0.592976033904867
-0.472152903565006
-0.546440052888471
-0.42134086185229
-0.458012183986675
-0.507270508829013
-0.645253131628336
-0.412418710888331
-0.638619895359664
-0.489748937205489
-0.406794034868696
-0.503093860515319
-0.509262982440997
-0.450130565437427
-0.446929379423981
-0.478948061101735
-0.420667113785385
-0.455684318434443
-0.513394131416233
-0.545159928013475
-0.505807604165717
-0.382100415111271
-0.581655578774858
-0.458119776799421
-0.362910182919423
-0.444850099684162
-0.445118707976881
-0.404319617482068
-0.380465558534573
-0.589660720094449
-0.473633031317757
-0.35124084332141
-0.394553200755648
-0.445215829702607
-0.398053903466277
-0.358255601009677
-0.459561999167376
-0.544073832046509
-0.376695739208533
-0.388219223733874
-0.551645302081636
-0.384135882941021
-0.393822017766882
-0.33000116740493
-0.342983169925348
-0.337076512706151
-0.24463981548841
-0.451454536879223
-0.324002107119345
-0.593420390397094
-0.434358308288544
-0.306106369793924
-0.384550029171912
-0.333727375014688
-0.407774681167013
-0.363723994513312
-0.447872902128034
-0.287812839292577
-0.435688050801674
-0.334736068906033
-0.376233274717319
-0.36914314809754
-0.353980371425129
-0.300411943191024
-0.377941950654972
-0.337762280035999
-0.443887548905008
-0.266675623999536
-0.378572531333577
-0.339654329629608
-0.190094738632703
-0.284499567498828
-0.287785059351387
-0.480068377464924
-0.239500322219947
-0.160462938784913
-0.322997590366527
-0.387859152690725
-0.214254924898157
-0.237277921658417
-0.342631210317582
-0.373430362101416
-0.326528391153134
-0.577444161897319
-0.339572844932271
-0.312582917434714
-0.30829121168032
-0.241303612984916
-0.395736165305441
-0.175284269817383
-0.193023046505031
-0.300776825059176
-0.264113006968792
-0.265117599458153
-0.345343676702387
-0.286954763942849
-0.435797214020296
-0.222879430192211
-0.185679390020251
-0.396824394981122
-0.353935307525402
-0.351242840460548
-0.318343891512217
-0.248983974387434
-0.244501189445176
-0.39141764614589
-0.174243411522448
-0.21882384480312
-0.0346728788004237
-0.190069586184936
-0.342424721972896
-0.18107153885127
-0.261482373069085
-0.304694329163673
-0.239036307001639
-0.237088338531459
-0.418638028659772
-0.249469520680738
-0.255354718230366
-0.217615574590823
-0.228468269050999
-0.316073834588599
-0.0255499087495931
-0.102534084775665
-0.224078914979951
-0.366149198391804
-0.396795038550417
-0.25405431177635
-0.26931197858647
-0.327731145166656
-0.252334593938408
-0.382219908089046
-0.155565262518944
-0.263545538192906
0.000852055901273494
-0.169467483605221
-0.284375639019568
-0.118167977684305
-0.146129958282323
-0.203358325219862
-0.113367194187974
-0.158127344355738
-0.223936565980773
-0.184561705060002
-0.308939469877334
-0.0865147103754753
-0.110964163259345
-0.278664408504103
-0.148634430425387
-0.191399850185647
-0.169803954860397
-0.196508610583635
-0.192409593563049
-0.136504859012312
-0.369801789246052
-0.107992326906962
-0.125413828839052
-0.162866748350898
-0.214517630092447
-0.0583469237917556
-0.3392109539306
-0.281943712363308
-0.161767593078395
-0.24419211216915
-0.239310603513368
-0.172386236355391
-0.119229908564758
-0.194571114812129
-0.140588690753124
-0.131102070958758
-0.0637883030177426
-0.17489268859091
-0.00724057680227824
-0.146332077986228
-0.00324303286753785
-0.00975800303882349
-0.0597267778657284
-0.066798310581864
-0.180428478449654
-0.183123537351517
-0.0772426848261313
-0.0679561410470404
-0.167778538575339
-0.121376122087091
-0.0507663993727279
-0.138029374867425
-0.0772836815163607
-0.230749668994865
-0.0733400755402046
-0.179449976628989
-0.0480415430318802
-0.0844426237440971
0.0636133176612674
-0.0810372305225693
-0.0103389550339797
-0.0836186152430066
-0.135666001538224
-0.145874287363207
0.0451181115827732
-0.0270916582496908
-0.167737930740431
-0.0236044319860133
-0.0264923830797144
-0.0784210398165579
-0.0751864205509545
-0.0287914227870252
0.0114358916824448
-0.130663616571607
-0.0129802752262012
0.0758757336556191
0.0272806012147229
-0.216269244960375
-0.0481613277058856
-0.0709009963585944
-0.110552356589744
0.146884060515163
-0.162680853003996
-0.0951690731044249
-0.0146690135514496
-0.0889860744385296
-0.082291586922869
-0.0715525844519912
-0.160829125575158
0.0382686492369591
-0.0821385466288961
-0.0394087523553978
0.00820851128456871
-0.207751381969445
-0.0753837905475523
-0.125382877584246
0.01481635634152
-0.0535384968841104
-0.0571926873045167
-0.0175807190948808
-0.075690248617439
-0.165602791642079
-0.0411539327848599
0.07233541742247
0.0883673064454561
0.0168237185548983
0.101856897348789
0.0249897618926389
0.020736000576893
-0.0318137653234557
-0.0572889365740449
0.0809311629076388
0.0701528610752816
0.00365668627668521
0.104665426753106
0.124098506514621
0.0227107313089603
0.00428318970810116
-0.0969317296631439
0.101683247973501
-0.0788860911103821
0.0555974488114242
-0.00430049383288391
0.0798320426347701
0.218079417706088
0.0804296636832891
0.0984789581832133
0.0479467566737996
-0.00975631663833939
0.125270028531442
-0.0299323655870831
-0.0417049168859586
-0.0392407343877317
0.0621514063929209
0.0803790090352127
0.147775881069879
0.110982829074739
0.0492847727427524
0.0593093905242302
0.0157981374057256
-0.0067998080843875
0.0708009321312809
-0.0964790298706511
0.13777456187233
0.192918838768798
0.0964337896036497
0.19127612103355
0.110031064812623
0.0233499738720951
0.0994116298365995
0.0850932126953146
0.109606904570587
0.110215484343534
0.0567833256107398
0.0424285934438104
0.148797077509287
0.027494150141411
0.104195918830766
0.307696082088063
0.12639061154655
0.233951613866441
0.105128397580405
0.0642018007285156
0.152600637437484
0.229253905968575
0.107196582620614
0.1230337400348
0.311128530169287
0.0447784004841952
0.249279142366882
0.296799993777044
0.077752902349217
0.128079580846864
0.24579583374934
0.0935768109673429
0.241728832090861
0.0747772079750266
0.329488611009362
-0.0127418699446369
0.140203000338329
0.0880334458561683
0.189973794777876
0.0209615412803168
0.0414109509505188
0.17049084478588
0.151559118369552
0.295204457683715
0.214780500964057
0.147433968815293
0.248573292865839
0.172856253662213
0.337159805172598
0.213548798537972
0.31303220195245
0.0200116169064975
0.227775119139093
0.332978415043151
0.155121889712058
0.0206681309560423
0.0882797883037854
0.187509587421229
0.212223823313935
0.199714245964549
0.207531992545365
0.0305603799000719
0.119678048475344
0.0580441550293228
0.194299964711219
0.182250589614743
0.283920604227392
0.103941008321357
0.183809548098253
0.344345362140503
0.224655593941038
0.117666523448026
0.318708268865464
0.187330792678555
0.138268820397924
0.203926802210812
0.184623383280964
0.292120294147538
0.200769787108326
0.192693249969004
0.166381897850781
0.473751735801274
0.370648442825263
0.197891027348003
0.188600635444505
0.20771942107535
0.126123578505873
0.193154996170195
0.274521886550785
0.251523822343773
0.291295182084335
0.170372581896704
0.410275238061146
0.289749763728073
0.271948853203828
0.327934070883437
0.197800344966292
0.32793627398285
0.354068092631211
0.230847419637766
0.332111625941729
0.343988291415225
0.262498402292784
0.274840475910132
0.358185885117011
0.260084561007267
0.397420064685856
0.247129711538381
0.335693377518585
0.158023794606786
0.316154826842114
0.488775986472167
0.336562607044792
0.271828633434153
0.364379854511389
0.323969948161663
0.383645484170878
0.412017760531717
0.15535978473136
0.533754480890134
0.279044104577818
0.277242365528488
0.248118756940407
0.456254464222055
0.317666576782415
0.529993472136948
0.217518177791552
0.221329617569438
0.317832505340468
0.455608355079047
0.240877445291977
0.335555759976223
0.233422730075471
0.162209849224057
0.428463313080308
0.334043512184765
0.336288513113996
0.263263667728766
0.277578422746689
0.251594397132114
0.273153854175528
0.334541193361
0.236810701558911
0.20439018870387
0.327924844772719
0.562904704000538
0.370191856454209
0.435137149334986
0.414229151029962
0.425158130280737
0.318308957304141
0.407209608714746
0.35433473599846
0.592831186326408
0.449513592896235
0.388104649085865
0.45992338211476
0.371679024492085
0.475509002896163
0.425311435947859
0.453901463160616
0.321811885138281
0.41136866011378
0.229405681241316
0.441780134984357
0.240292879905466
0.377825561053394
0.319946933730537
0.445060933191712
0.542122540717742
0.39215213883955
0.485240666354314
0.378681000662905
0.302086601322856
0.436986516690108
0.473915620848348
0.365574773117459
0.281651682880926
0.406267356845207
0.523412211204715
0.442618661506269
0.541933100780284
0.469421933314602
0.418485513967682
0.604049032422155
0.456370636902805
0.231165332561272
0.406557933763819
0.506806124832451
0.534732129312142
0.483255673548992
0.447888440190918
0.517414531874328
0.407926776922094
0.488708572668026
0.39407829497577
0.523466115006107
0.481689942351294
0.444003190605278
0.547851963912561
0.431549849003786
0.482587725097622
0.470487518301719
0.392323185048378
0.554102670437615
0.381486882589923
0.394314111758935
0.457371751310752
0.521606677911757
0.456633353454464
0.498067243600035
0.481005328414779
0.455612618119526
0.51816597059995
0.558497359769015
0.62131025459344
0.491283328574752
0.411019009475721
0.500634523469041
0.402259172505791
0.460092804651246
0.488505250761674
0.685443156196376
0.464400802316715
0.431128658928549
0.500204643770082
0.487093617363213
0.677765545157109
0.413355438273409
0.495008226534454
0.495101138220078
0.462334895057935
0.533852721977916
0.657039985458817
0.568179751721009
0.35566045830019
0.546596119397756
0.589646352369409
0.493818872797799
0.643642574032669
0.655907449022506
0.64932739317885
0.646326884000084
0.574297034129432
0.560809842878773
0.501819568659451
0.562131111823511
0.653270338800691
0.615904578898955
0.52206504826846
0.671274351342235
0.638556481377005
0.552328257262072
0.55455194234965
0.737859148291413
0.501840874703058
0.640716336828224
0.615392812825418
0.77983977531509
0.518309487083811
0.4658583599687
0.538062726099875
0.652802103811779
0.596491715272062
0.677693710870113
0.595794889337161
0.655578151457317
0.75414658384449
0.687877877249451
0.639354385605604
0.627950517664691
0.641672870607207
0.721185961098719
0.621041653657768
0.607823847275431
0.640775094778612
0.464992697367551
0.593230928013516
0.529919991390471
0.649868479507595
0.422261485813375
0.742772327253052
0.544790811223046
0.584784312689001
0.518392474450542
0.566125606030263
0.666944448199687
0.743986330164082
0.682579365624338
0.570894458257988
0.700875695617795
0.654942615850205
0.668344658431036
0.769258527391068
0.634275143751629
0.607298520802663
0.602008942068558
0.724995663665858
0.720729059371343
0.824466737931885
0.558724556516042
0.662785782438503
0.801520706000722
0.734685445762702
0.675399839523319
0.624899593488145
0.812624733135935
0.621601353068291
0.794667943369165
0.796421075883877
0.689403044663593
0.750596210783909
0.779213407350567
0.744123680770942
0.752753918797474
0.799179680910351
0.601235927575064
0.799911941761244
0.762933606221025
0.732519459726084
0.746338368755776
0.820432273242878
0.752162129669634
0.77108474808697
0.854625088249142
0.670827091529811
0.663486301082739
0.621003268358623
0.783143960156586
0.778850247864259
0.631284870940009
0.766521332298597
0.733819619009526
0.658404940391506
0.986625088789901
0.801872559933
0.683625531543346
0.92503737101348
0.712421121929494
0.791178781020027
0.556686660048909
0.683103458169861
0.726098515901046
0.744555034730516
0.767303389959364
0.771589586237105
0.814990031525249
0.854795584580669
0.727942961337439
0.797550483199309
0.788141962438528
0.664145899689018
0.744348270866585
0.718051803654579
0.710642782293717
0.800874400850341
0.742288959718059
0.770585149502424
0.916447935758234
0.7753789680389
0.69597574282765
0.787604698102965
0.760954457275572
0.767368538967546
0.783425239692381
0.849657304456903
0.833710818203798
0.936117657056201
0.844679817446443
0.738311541104353
0.987256071197543
0.743761115319139
0.882936379165235
0.792969640870882
0.925002064495765
0.814639055782383
0.695298456522476
0.860990582732996
0.870489323974464
0.8241938658323
0.666151800846854
0.871811225699854
0.876361502448187
0.908734735046253
0.920376406100643
0.86774339280974
0.89975674523041
0.691285958227709
0.948967172779099
0.914292583512626
0.820860249746158
0.800482727718645
0.82702865191342
1.01727373985391
0.870287514911786
0.942286491006865
0.868545784660795
0.899392768295315
0.848489475017663
0.934281217829504
0.960842365485912
1.01235261674399
0.879176937176994
0.926234580454735
0.953479236313455
0.998325458398436
0.762904282640401
1.05011255272908
0.835493221854271
0.864011228838361
0.804977118981956
0.839013571326819
0.922212970516309
1.0421628937833
0.93527216257949
0.851908009183163
1.0223142541492
0.950001799364248
0.941377526150497
0.911952936278054
0.941942361435629
0.983361549205774
0.873396784564719
0.789223973125971
0.906772889975494
0.953765866229596
0.845805538008732
0.979909893667877
1.04508825492655
0.840503107083412
0.851087290576231
0.9408523562263
0.838003777040234
1.11282627044515
0.875477678167778
0.96828098715308
1.11491405115707
1.10235313225405
0.853891054215695
0.933516657711155
1.11161950265573
0.861436791171125
0.925852346719207
0.866372951635138
0.833010440643835
1.04925026526851
1.02949502195306
0.9650796565141
1.0067764198002
0.873457374437185
0.864029987120225
1.00595023960375
1.07050819599091
1.18872781356368
1.13832574845084
1.13122754116261
0.994459011184391
1.0575515423666
1.11289834556414
1.05215029289561
