0.107581855665723
-0.968519051472363
-0.926196309452012
-0.927573796364064
-0.964919950652092
-1.04627634979631
-1.06360345854132
-1.02479565048719
-0.878154214232338
-0.903462283633696
-1.06253868658103
-1.03836173027614
-0.953254951918674
-0.999468844867979
-0.989478775247686
-0.988560327832739
-0.924202355814183
-1.01651113640886
-0.809775511818376
-1.03752051259389
-0.82832738066228
-0.779410213053245
-0.837942094060039
-1.04019257147567
-0.992714047199471
-0.993284505099512
-0.898288381794758
-0.886057374358066
-1.05105972937335
-0.837966444014605
-1.0451041573724
-0.949264893554334
-1.00231806642321
-0.966890868542632
-1.15689410146633
-0.869431651236115
-0.94955592185435
-0.949214132168623
-1.11002305824825
-0.994749967507836
-0.972144730021703
-0.853431341264803
-0.823945350198152
-0.738770503649779
-0.836983834871227
-0.828666179460858
-0.86801234144512
-0.955001247343394
-0.888353928324651
-0.949684234531903
-0.916052127423343
-0.904710262242589
-0.895592634069388
-0.74426366806105
-1.07018363912357
-0.6908353330492
-0.919800064949113
-1.0108212501752
-0.814500908007382
-0.823880985826216
-0.911386329733737
-0.836254641003368
-0.85703353462909
-0.857805789872913
-0.797453532634063
-0.919875201289584
-0.79939929336868
-0.704716476276122
-0.909705547966654
-0.746693362018174
-0.866304602216039
-0.914278929115405
-0.70675878949091
-0.776206577500724
-0.68096230592492
-0.979793455566996
-0.810671411440069
-0.785216169739208
-0.857050196797515
-0.883783872279177
-0.750589428983221
-0.808350712480211
-0.904614810953171
-0.799133499414897
-0.652402479523556
-0.802201322562532
-0.858522160259321
-0.758819290660971
-0.903174741664163
-0.840505253851174
-0.783943021511849
-0.776228877053965
-0.851560379088643
-0.907635475687006
-0.780656003623039
-0.733938603586534
-0.679536753495862
-0.860717668511978
-0.681537047262545
-0.83857827792178
-0.82284157543285
-0.828765687834019
-0.84093179582942
-0.870335763224396
-0.889183878167011
-0.796078574142089
-0.933623144319575
-0.722537320811362
-0.725529501645543
-0.731347794897091
-0.789496114159027
-0.725599348539448
-0.643241459675642
-0.670415194190617
-0.79482712423252
-0.724715429113737
-0.811911007957025
-0.833153383748414
-0.718876020174092
-0.810793263747432
-0.704301426682073
-0.838042973972951
-0.83760047693187
-0.605316305836855
-0.738932812843959
-0.741549183179994
-0.695640015505962
-0.779530507665635
-0.731171891152042
-0.729693724656812
-0.589354037796579
-0.786224850125248
-0.846279469325091
-0.746298635629459
-0.709730364602999
-0.735774724633517
-0.752630995631932
-0.648141451229192
-0.872623185114223
-0.64259731188899
-0.508957969259978
-0.690447539015134
-0.703802633904771
-0.704449273131983
-0.771991722284738
-0.674611890864666
-0.807681276650259
-0.573057870131921
-0.643720057238986
-0.694906082907954
-0.679764965518579
-0.624298971842314
-0.640285916742677
-0.737928212993115
-0.662932712894356
-0.744589216964719
-0.733328137289992
-0.684141126755577
-0.576353728366086
-0.527246984949195
-0.605806534668825
-0.573206580104386
-0.694025082084192
-0.642095321402565
-0.525415685816617
-0.615932882421722
-0.652683922194777
-0.578018006210207
-0.755202472694191
-0.551784391875899
-0.562641109611958
-0.656484077244611
-0.699154385681945
-0.616063087280968
-0.64026738319986
-0.670637397624407
-0.601141932260818
-0.714578257880167
-0.670216096940136
-0.502227763155388
-0.7245409032582
-0.479561887143354
-0.644649146613477
-0.709709285589798
-0.785411113584361
-0.562009632312911
-0.657968713926216
-0.670113220527406
-0.692937251574
-0.571350532505585
-0.745822552229203
-0.736831125491932
-0.599572600578514
-0.542852188210704
-0.571697625039788
-0.560199457078016
-0.544499442017733
-0.692253345915186
-0.580905536545159
-0.668097944485525
-0.589752912471284
-0.598259274246894
-0.571919891893473
-0.523549986881717
-0.631355994711475
-0.518237176820279
-0.560339345463897
-0.577819883099869
-0.537091636498348
-0.475105818556445
-0.605027591233885
-0.583092549514507
-0.52060740059405
-0.486394502121041
-0.612180519312061
-0.506951309929602
-0.552650167250935
-0.488428168691056
-0.552460389048472
-0.530622518366088
-0.480356513807131
-0.609599043445091
-0.598523814254828
-0.666358748914776
-0.573818869971024
-0.591898890819562
-0.569176330419423
-0.485899793291012
-0.635162642998616
-0.478721419562579
-0.621901084033366
-0.539510988699462
-0.386515146934797
-0.545279823122185
-0.484564271017051
-0.619869779136326
-0.422746788691356
-0.42128350910752
-0.570126794828146
-0.478437299906189
-0.610294584343699
-0.541257333245582
-0.476076200738516
-0.531166082390788
-0.595029084535109
-0.659085309677488
-0.498634802429919
-0.470742836791402
-0.491764061084447
-0.323360492320435
-0.424951376636094
-0.466742489089871
-0.464116124063004
-0.526310183828126
-0.575891602140633
-0.516689715854551
-0.496128736520403
-0.485665929242486
-0.549765420429196
-0.481882595643751
-0.627466150718886
-0.338567016445401
-0.483658375403612
-0.391429188460997
-0.641558653214514
-0.520241952822592
-0.583679777152672
-0.508396462828956
-0.297895415935026
-0.540707897385662
-0.44650752233022
-0.47564436025736
-0.433467976894835
-0.659573161840678
-0.499830157837522
-0.483433968341041
-0.580667650072665
-0.631190658690059
-0.644904465405761
-0.601342281354027
-0.363905526239269
-0.348734838557651
-0.519406550484524
-0.39481690416514
-0.362078141628573
-0.420614503445062
-0.264544782012962
-0.456510341187902
-0.467673754568613
-0.473359985743232
-0.42076246847656
-0.391055819937941
-0.494521298681696
-0.390632254158774
-0.29883640617901
-0.47724522007615
-0.470120596266562
-0.48564708293837
-0.328390794196615
-0.273031901228067
-0.384839090373232
-0.423003179503889
-0.432775007148719
-0.409145640308241
-0.30139105022114
-0.371767122496791
-0.406169508096646
-0.58927441097274
-0.488455357697544
-0.314940941569682
-0.384164833946682
-0.281709172961729
-0.187651279171811
-0.425820092337364
-0.515209502627836
-0.440167762079306
-0.368250340202252
-0.386234141748085
-0.286244284723103
-0.425481524722041
-0.379159476114644
-0.424652248547957
-0.353279687381368
-0.264587200473515
-0.331768104879711
-0.308225260080799
-0.418523660699735
-0.123453536056412
-0.355794543265715
-0.480341155882154
-0.267629823368296
-0.384839133707342
-0.324587317746545
-0.197193419045446
-0.53897748425161
-0.228593872859633
-0.403657454928512
-0.273401919757257
-0.325137550714291
-0.350967417009685
-0.312041706037386
-0.340789870081287
-0.395860520565423
-0.329738741305162
-0.192879877789999
-0.301867470016012
-0.338069818529308
-0.322749780727541
-0.303576039085578
-0.327613708721912
-0.383889883952098
-0.371434176830856
-0.159529656030022
-0.221990132489629
-0.19070249779468
-0.274082159771858
-0.304443281056102
-0.250043461334053
-0.244716868825579
-0.274156640951693
-0.264284497324191
-0.312616386460945
-0.322051665222806
-0.267536019939899
-0.210724623282677
-0.227147399846584
-0.302279175735589
-0.205747597787222
-0.352598963703759
-0.324445501326543
-0.144302486291967
-0.238766399366748
-0.100517372788031
-0.351019378890464
-0.202816206606118
-0.298659751898748
-0.249808892026032
-0.155881526115966
-0.188128331353289
-0.27177483811444
-0.23463842155002
-0.29613694549343
-0.393648361692676
-0.163446797525217
-0.287684924662636
-0.177280903811349
-0.133883715952253
-0.251306660274916
-0.100390809844471
-0.214519842619337
-0.244371105652658
-0.223409250805281
-0.227466210417204
-0.222857668602645
-0.222053361516074
-0.169762258109498
-0.236576163197938
-0.0467571196726806
-0.183830712015229
-0.190574087167181
-0.152390955405775
-0.158923366230799
-0.148122782062424
-0.246569863626589
-0.110824717919199
-0.306879805473342
-0.189871806534845
-0.249827935414408
-0.181852160191433
-0.147415892364405
-0.113484396820261
-0.276724245143255
-0.219857572874304
-0.163822910823261
-0.245889139882138
-0.0828248590484909
-0.12437934987299
-0.155571231321627
-0.290904483653407
-0.22936185182582
-0.0576009090955865
-0.0565948162208555
-0.287974260437581
-0.0793667085572218
-0.302265366873197
-0.104744086587783
-0.145092554070744
-0.0453570622369512
-0.0414959749012663
-0.141879575026091
-0.161522545916955
-0.171727628586524
-0.0676525265473847
-0.150397803925631
-0.0307753472234009
0.118724898991524
-0.0541802532279052
-0.20645793544093
-0.178365299622172
-0.106901505847347
-0.146546731911015
-0.209594059625221
-0.162860251856666
-0.0848969395083709
-0.0617962705595323
-0.0312054919472906
-0.124942440026636
-0.144815429845849
-0.0129061842534609
-0.190915138417038
-0.142149011401524
-0.0111530436020355
-0.170371515546761
-0.0766750202160663
-0.0989360718840093
-0.0742440484890707
-0.0848117771666913
-0.0782637584032714
0.0487002280825465
-0.06622289044551
-0.112666439668596
-0.0533824887844895
-0.0905872701437707
-0.00701582811675907
-0.128126426304627
-0.0222397395201686
-0.00386073923126464
-0.0353388307342055
-0.0982157564351669
-0.197680560410368
0.142003731018582
-0.0411902395467073
-0.0302398677581197
-0.0853266690851942
0.0400726686761022
-0.0575046273175511
0.0180088632287705
-0.162945226321945
0.0304327528363522
0.114404179092442
-0.0691653550162839
-0.133987155278897
-0.0516308650982092
0.1110524537555
0.0489059074437488
-0.15501569584063
0.0024668662121045
-0.033607476502366
-0.0226173357633149
-0.0486104500340464
-0.0491842141466514
-0.0392612151221738
0.0922210979043033
-0.0936883186418418
-0.0244265174000849
-0.0409038331259929
-0.0229917418058807
0.0202823739745202
0.0634396549499619
-0.207047673122764
-0.0092644856630276
-0.0592886990156456
0.0320333856051285
-0.0569058739211768
-0.110772134801152
0.0854896792569918
-0.0455273648010567
0.081044323752553
-0.018248358030115
0.07543535294911
0.157913318483079
-0.0467906992708138
0.174400980497155
0.0277938607169837
0.0633127498601531
-0.013548092445928
0.0648945194714675
0.0957445469234825
-0.164134097389543
-0.000317508948587196
0.0105429776796525
0.0834941679388848
-0.0438887210493017
0.252330440249177
0.0512146001097497
0.0712576006509202
0.185471789631184
0.11284143186025
0.0450340275180308
0.0500584470590319
0.042017578655546
0.094942612972514
0.0303952211097549
0.060726963860968
0.0721965677425202
0.0840201474074676
-0.0247810117489102
0.0551083663830838
-0.0260624919973452
-0.0219058387853212
0.14765319390792
0.105593996609498
-0.0613236818112077
0.00661113877478751
0.0413125847327348
-0.024780546031853
0.0617299301130459
0.0666169411028159
0.0715990910991491
0.1557688872422
-0.0459648623323407
0.114473062178257
0.0305112313332537
0.161288923178271
0.118475607452705
0.0484539457283106
0.158115161486984
0.328678636376102
0.100505139839145
0.115288100983875
0.187714800133221
-0.0378931742523775
0.0859422925169104
0.0807316588328765
0.192999192702793
0.236596504958172
0.187249928167246
0.164746160745813
0.0466327143372679
0.104973425787657
0.174853633253397
0.195633977177225
0.148034850810109
0.0236315589596181
0.101474844554042
0.208775528506864
0.217004294885767
0.10231619998966
0.198777086727048
0.09877376114177
0.329574180375843
0.0577007163993466
0.145412887652181
0.16920755432791
0.264240683147943
0.181775723140154
0.0681858857386104
0.181265123092237
0.257676411313159
0.228166783292774
0.263338134003395
0.206525221617347
0.147368320822296
0.149185177124289
0.0207651842209216
0.196543384997711
0.13487287485266
0.0800441774696061
0.281006916774847
0.135415491975068
0.210387058314841
0.191803843977733
0.184801399017645
0.174457953574517
0.109417263565306
0.212825034993621
0.304376726171547
0.187881562632974
0.271188107592077
0.166680317717126
0.157537859985235
0.240244310529396
0.114491415249865
0.185692463126882
0.326138645396891
0.134791664579427
0.282533629320158
0.24879592660998
0.294739750540071
0.249387534820933
0.243379937431021
0.40452387121721
0.201978196231767
0.27068625541865
0.245768517508616
0.296811925681489
0.30953181392306
0.246710895241958
0.186957924148616
0.178699289209915
0.0273820511844834
0.187008259766143
0.282765245631559
0.330358095200927
0.162553575606514
0.180389834497553
0.377643941264238
0.383481238421899
0.306440788540501
0.194548996592018
0.359645188523028
0.289145795001653
0.144677194522607
0.428597616750993
0.213405721300741
0.232816652012104
0.261443802224429
0.206099442639517
0.252737186899416
0.232092029869424
0.266671469156914
0.338881783082099
0.310099103285758
0.238946788592349
0.327904716142387
0.3568819782155
0.276975332299539
0.37692988611083
0.207270417287537
0.231985816326746
0.48434717980805
0.386767194936288
0.408855278851651
0.345306216533497
0.237681550976556
0.189959985224951
0.34232742566642
0.310031024990268
0.378554137190612
0.35925842943516
0.268036996537262
0.415601769582584
0.399897700993325
0.420996216787213
0.440535459319069
0.425976442257479
0.299087427752441
0.322988849856965
0.28857014610048
0.247335139207631
0.500925967591376
0.341410278751092
0.373055182149355
0.20002174487872
0.179622527433873
0.352080505842465
0.347827556749265
0.272988204004151
0.238897988742212
0.334799655889873
0.393045923318555
0.385126873553856
0.289448875602559
0.417727440293125
0.32064646928336
0.332228215943233
0.493839648410778
0.516466272382719
0.369319837158495
0.531968658202381
0.240163371050952
0.438601479040693
0.419713175596315
0.499635728796638
0.434715895118314
0.285679775794355
0.489812625631986
0.385137889938051
0.580312738096777
0.433681685239862
0.503480150888723
0.587985170184535
0.416589447214597
0.426860631877103
0.387498820110461
0.374702834026508
0.360778062020461
0.317748205878712
0.555270949822658
0.341637973395373
0.468260790110687
0.417510146489662
0.395011741789444
0.408502111562329
0.319947555428375
0.246060833955787
0.419275045284972
0.255429410502875
0.428448437808469
0.383332589841809
0.426417610396027
0.377848504073265
0.425984687991781
0.47263047715369
0.373941488233132
0.34055178608952
0.529337454456666
0.479076989692294
0.56152310037136
0.568696447779125
0.567857706968189
0.574812233574696
0.425489796753497
0.626922004378572
0.356449845843007
0.559171188211694
0.458292757065025
0.447349882790688
0.49284275326558
0.403858243898369
0.416590770623275
0.547923869549473
0.520414088683244
0.551950397760556
0.401732147688733
0.446866536907206
0.431722094951263
0.358159062884957
0.642725759511051
0.465461075824846
0.57204064037834
0.596942096834205
0.575993715689498
0.463825136580916
0.585820367216838
0.458925327432559
0.562755144931353
0.698276802122421
0.58909339175159
0.65035381616816
0.569706790754845
0.345571007629946
0.602684326519244
0.525495191572948
0.627098733817372
0.516630701768589
0.422668964771259
0.511331435422321
0.627173278441013
0.517992280411775
0.525382420266446
0.60454964257732
0.503889019478205
0.369686792204379
0.47245373290838
0.597850365104768
0.571633002904706
0.520918810300377
0.557800584200419
0.620524880690076
0.734791521979927
0.730048478804668
0.558112163144916
0.536115562859506
0.395351569345607
0.508638672764999
0.612391395850782
0.634627935587761
0.651078377861198
0.501476329109699
0.575881629500724
0.659333261797109
0.669852360390111
0.527125443048713
0.600934943137109
0.569016750086961
0.653501748095862
0.580536000574747
0.532652905076091
0.612336273106273
0.629158406090209
0.611551085080426
0.49990166462137
0.703261976272587
0.649586841133102
0.670617012608834
0.685279862994713
0.634967050121308
0.539295911555226
0.716264631663997
0.548479172381098
0.643915201805319
0.706367557344327
0.586362798622899
0.708212843444474
0.625336789912714
0.652763391672505
0.522206592771293
0.681992710584722
0.653502758103432
0.651034569385573
0.628761347607
0.725910558382206
0.770220922891422
0.748906601680755
0.709650228530504
0.74234248173243
0.656578828010041
0.671547857305555
0.407408336087313
0.64209209095778
0.766250418620077
0.728603961317481
0.624427511034926
0.761469465290796
0.569128850043131
0.758718899191583
0.618483070311697
0.635148083634181
0.630029699219238
0.623903028744046
0.660534540185066
0.692690309299677
0.811476326945485
0.80006898205836
0.775295284851264
0.801613228118703
0.669885410706062
0.739509339399447
0.687955991075855
0.6784591617473
0.770292257888687
0.726756646119497
0.65951862797905
0.906187938649872
0.699539007912829
0.690096988251484
0.799117038574902
0.865434364225921
0.747233533420663
0.590877141602832
0.599550207794318
0.654930573407692
0.798113692966777
0.771052313543494
0.662741433388053
0.691228509401389
0.699545992803648
0.838601392047773
0.829592258310637
0.730630553805071
0.734844606706425
0.801148803519802
0.834649494553911
0.708955590958479
0.81496275640214
0.869984747061228
0.598497846314284
0.672923717718609
1.02667337411835
0.580698498348689
0.755094382171681
0.87680042660078
0.753427234515745
0.960264512521705
0.75114554607238
0.724972691912418
0.853629674563339
0.734690168068477
0.609799880039222
0.775954853767194
0.818634491348866
0.76033920116997
0.885695318313178
0.745218154494773
0.901934652864681
0.960135005311798
0.907241975372601
0.893801525336808
0.707162932532854
0.8750277399898
0.704311432870068
0.864005005903883
0.859010483794226
0.891833437720274
0.797288906422374
0.74913028178941
0.905544733776157
0.771928669035847
0.954312979842669
0.871599254368384
0.877914813139079
0.823807888449431
0.823713542490121
0.769768689366001
0.87668781528327
0.808816958199661
0.795232926402385
0.79127351919393
0.785404857160522
0.820722317587494
0.781116789747643
0.756242260396604
0.918864563740171
0.864180506557098
0.85466143561881
0.904106560427993
0.899244606407263
1.04703837122957
0.925942290168249
0.764750065694099
0.748281965446816
0.9450484406066
0.874076177995863
0.89936860724963
0.787174236686028
0.881289523289308
1.02897983615807
0.984321860955242
1.00268261309847
0.96874416202649
0.801056804720192
0.843248307955137
1.03667848142946
0.840423778169504
0.939502787141569
0.945741643251298
0.932712905785604
1.02643413233943
0.86930230237522
0.826048512221523
0.793742680023249
0.947922734235192
0.913438932296814
0.941128727186996
0.877330149118355
0.864850347472322
0.960761409523566
0.889445273991424
0.944597247238114
1.01971272897964
1.03308513417324
1.11739181389503
1.08146804107814
0.87725028133586
0.868376651195045
1.06228589670496
0.882902867418852
0.914144189391145
0.808997225171843
0.894963660169715
1.0805649666525
1.04609779753215
1.03000015481203
0.873360706751597
0.965120026974603
0.888049076728871
0.904547995644096
0.947933663065625
0.991160734300171
0.921811267668477
0.947970196403848
1.00834527928506
0.861828860167182
1.05168420833257
1.0351051367302
0.849081388032154
0.934362473357851
0.936123544674457
0.98467697888732
1.1207918700132
