-0.0514292377699246
-1.07077755911122
-0.947184460253762
-0.901689845145369
-1.01430004634541
-1.1153367495702
-0.905294870320046
-1.01518333290395
-0.951022737644517
-0.974234635044828
-0.942652736954491
-0.863170126083349
-0.933553057717862
-1.03637798561022
-0.970099278094909
-0.965332862551183
-1.04455905785006
-1.07723655101103
-0.95700037499227
-0.986731196829266
-0.896305628516535
-0.962739554372166
-1.18696549888208
-0.931982989980269
-0.890091263949604
-0.893479595747978
-0.940254266768761
-1.01083058217676
-0.997490016559496
-1.12546858730455
-0.960243423926754
-0.825936788757648
-0.901945753313306
-0.90690160577423
-0.902975465382294
-0.889633436172932
-0.859243994149492
-0.94646601613874
-0.85870494442833
-0.817239961259218
-0.8339802666262
-0.909068161557832
-0.871542945094538
-0.961804504106198
-0.946793128446356
-0.785925026326672
-0.888847950518815
-0.907488122775889
-0.897046260656514
-0.887643999892354
-0.933058167884581
-0.8688295181136
-0.862776624949696
-0.903263070509599
-0.979124765996955
-0.866211295375534
-1.03580497419548
-0.857714136965026
-0.949172692307444
-0.967029907459848
-1.0081306459452
-0.789706313914314
-0.914712798497164
-0.847157389963016
-0.742504240921648
-0.721054057231493
-0.873618572913355
-0.827265653496108
-0.863860249410417
-0.630075380269921
-0.94015888185291
-0.818961429469276
-0.794734295153941
-0.974109124773873
-0.905195544941086
-1.00810376446648
-0.859505814641249
-0.82864372336989
-0.907669976159653
-0.801436812109757
-0.780350463902169
-0.810747770072102
-0.793567059250045
-1.08609498640512
-0.761446437395522
-0.798060228256583
-0.829364267933545
-0.794680520667632
-0.988350288393723
-0.77242652850095
-0.771175468029119
-0.771401786773737
-0.909024426619621
-0.62863341533184
-0.819484836503822
-0.836171010019796
-0.726989091365554
-0.84056820195709
-0.857872887363971
-0.808321274022999
-0.802675784631462
-0.936170574746783
-0.874664987306239
-0.948067476799231
-0.785111784099999
-0.826709337375396
-0.651316169305029
-0.871737548573882
-1.01695280977927
-0.809174139658004
-0.82055472445648
-0.871340207448454
-0.775177145467794
-0.690881354035708
-0.804853730688704
-0.849974279047943
-0.735551713090263
-0.794407273261648
-0.674224779902711
-0.688066524128756
-0.764720963941234
-0.639663782890124
-0.790391957158068
-0.65591185963815
-0.627857370030926
-0.761854347547661
-0.61117771592579
-0.833574169227229
-0.768057367764395
-0.659765260282678
-0.847343075794965
-0.673237316414213
-0.915886651352367
-0.70013806825291
-0.744319331775289
-0.698627061163597
-0.81837038172516
-0.825515365978783
-0.709886367477333
-0.740941225003802
-0.588687119634206
-0.632397697291306
-0.749444141236074
-0.706849760879674
-0.557286874331283
-0.591849038393364
-0.584798186514087
-0.758453544663383
-0.6680218311312
-0.81441667474119
-0.742276468486298
-0.6586741606902
-0.772404264958401
-0.814031549527173
-0.663735302424101
-0.646761726744094
-0.699817330243242
-0.784133793758759
-0.680795261116701
-0.578365299655583
-0.801922531306856
-0.569992747576474
-0.708635219270389
-0.493333642870583
-0.704910346112583
-0.768601397823818
-0.690965701561749
-0.580933250230597
-0.581693168049182
-0.68636848685264
-0.657992258793769
-0.782010745781606
-0.603002264135473
-0.659720185081171
-0.633033521745726
-0.6786974400893
-0.758218760058938
-0.665134807765211
-0.853726854888793
-0.625700161539401
-0.574199795039792
-0.811221352600137
-0.662338464523067
-0.615220686985284
-0.554354647694466
-0.626195966667933
-0.681661972017867
-0.621956953735811
-0.616378253257369
-0.570335672141857
-0.79270855111491
-0.615795791392554
-0.623906094474904
-0.702873047029272
-0.581499029647277
-0.563501302745742
-0.393693263280507
-0.577418361230799
-0.750671665230001
-0.707716809989951
-0.580262227072432
-0.774563028144211
-0.482827057697078
-0.642150855734379
-0.565925256777067
-0.51767441883154
-0.567162375833811
-0.762642628014659
-0.663612125127824
-0.466147355070019
-0.656091828591162
-0.47230811519011
-0.745037417815912
-0.526496186036379
-0.607201266216194
-0.528738933351714
-0.500047157547156
-0.488252619621288
-0.561854897320318
-0.474649522950024
-0.659311987249145
-0.539610691370999
-0.645108878794495
-0.577089475830371
-0.648002375561747
-0.552015930148043
-0.574335244619294
-0.464386096701204
-0.68451949321829
-0.75494657258864
-0.598151388227299
-0.607512845569998
-0.581976090638748
-0.484145421759541
-0.678716125409881
-0.529193215251115
-0.501387261255299
-0.454134475362212
-0.588036384373163
-0.511033844946086
-0.582561355993584
-0.346497524849019
-0.479530995190583
-0.485744660987778
-0.566877247580354
-0.597396388543702
-0.514508060365789
-0.521841255954937
-0.334147548327848
-0.317782744345942
-0.462919131362842
-0.488065544075753
-0.509245192255968
-0.509510429822112
-0.433673681150242
-0.548736120634536
-0.435546336543038
-0.562430698676858
-0.426918337610443
-0.536159661473643
-0.439180278906348
-0.480495617572935
-0.295482839987131
-0.51064028490314
-0.407493081770193
-0.60199049190505
-0.610026126050818
-0.490359512970594
-0.602864488282666
-0.422915455941576
-0.408286172013266
-0.453272587403972
-0.37390869868622
-0.546724878914874
-0.476010535968089
-0.492232054447738
-0.537555803380311
-0.386250854117588
-0.452202793984722
-0.321683412203525
-0.508364949967748
-0.57127016987111
-0.410969659791992
-0.499169225108533
-0.501364042100503
-0.422458071279445
-0.410854401652447
-0.388226149319846
-0.40794827586625
-0.328369271152602
-0.372194905303674
-0.617089869451772
-0.441720876791666
-0.527208890598881
-0.411053593828571
-0.375825858678713
-0.397115495962112
-0.358241656539731
-0.468830349800758
-0.422144154849326
-0.40282884073433
-0.341680852389863
-0.42861450093034
-0.518666204046358
-0.491161816479027
-0.39870042570306
-0.262361628887037
-0.395261234998565
-0.311539201619714
-0.264333992018949
-0.436334740002011
-0.333274727190169
-0.28982283530612
-0.44354011798906
-0.501745969135163
-0.477661669447752
-0.221200673605913
-0.264320669753621
-0.28080738149331
-0.411255688475905
-0.438807234501067
-0.257795787142376
-0.335224538715243
-0.41087237328348
-0.463466550795846
-0.43945347974933
-0.418507115320586
-0.413335777891587
-0.407969512241967
-0.432287301042296
-0.166152275796029
-0.420701303335132
-0.320182246850496
-0.303542993035772
-0.437016992434828
-0.314322801989213
-0.446118567866165
-0.263076006350094
-0.190019105792603
-0.324595225395277
-0.394902131243298
-0.475067480943767
-0.358686608917853
-0.333493384734783
-0.373352460452248
-0.221339845699367
-0.253377760457621
-0.354491048333085
-0.14797302543419
-0.196323254873764
-0.379461183220828
-0.272789162325233
-0.212836823639041
-0.149587318451939
-0.398058064950353
-0.355491790570247
-0.1490242331545
-0.262275254863189
-0.257196916011886
-0.381495509510061
-0.346928445402135
-0.249605986437453
-0.355410567296776
-0.201175939435303
-0.243778854624068
-0.288259126814022
-0.201149399553535
-0.266646262925609
-0.144841874540095
-0.170517470388656
-0.249052626491602
-0.0734564830535048
-0.3671262934867
-0.225707874105635
-0.13535855475588
-0.198348331149632
-0.223825077078673
-0.344144218971606
-0.21566868605977
-0.336151033817768
-0.114830952760207
-0.202881377075156
-0.201424658997287
-0.325780872900851
-0.260224590315461
-0.188976046430114
-0.259107106493385
-0.176313559714521
-0.327706366359817
-0.108969371144988
-0.233855078044802
-0.1666097807913
-0.15269044692594
-0.156113669892261
-0.298379853389282
-0.160241892017792
-0.383509412669813
-0.258991897938238
-0.258078039190312
-0.217215435515785
-0.009867220108709
-0.372529446056723
0.0790126345912101
-0.222947974073702
-0.168580674127313
-0.166034914252874
-0.131825755121485
-0.106526897942731
-0.054627757717581
-0.0710533757698251
-0.0737773860906634
-0.219162360938378
-0.122427440642605
-0.0707074559932829
-0.191565628890248
-0.0608394243410642
-0.25441910601109
-0.088880187498189
-0.0587440639666747
-0.140870800611016
-0.057716264495986
-0.0869141798044106
0.0255953337188403
-0.00807256495720068
-0.115584693470903
-0.0788108857532778
-0.255644365055545
-0.0609349689612972
-0.0602981894658715
-0.0712000925223776
-0.166925338190649
-0.219396430109317
-0.0913437000104101
-0.116373914745691
-0.10167718939798
-0.0693134505034524
-0.278512457277934
-0.157921928309693
-0.0862601806651611
-0.245220578025118
-0.0477807653406378
-0.271743150097539
-0.157130180275249
-0.0965031555440556
-0.117376615478949
-0.206527017257934
-0.146757380787751
0.010271101580553
-0.0738297789347748
-0.0245238702845113
-0.170158221282401
-0.0780858029501361
0.0407052639259065
-0.154809589317443
-0.170900150935615
-0.0302610728983651
-0.00506761284875411
-0.0746073599539927
-0.0280837582047122
-0.01410020168857
-0.120019591321163
-0.0926540907859361
-0.120567356083417
-0.227895398120375
-0.0958187527184226
-0.117869198256382
0.101275839236159
-0.222877329655344
-0.0386838616764328
-0.0647875611874779
-0.14202088637333
-0.0733548620518199
0.0835480754510575
0.0685541725334692
0.0487499851382848
-0.0925498803994561
-0.0138552312429423
0.040987250362617
-0.190686345299127
0.0920004488983246
-0.0437816844256553
-0.0673466429985704
-0.114291204248564
0.0684407785269271
-0.0022496451865639
-0.149989246256273
0.112131748762083
-0.0578205924378016
0.0297293599979324
-0.0761894456701099
-0.0295951531253183
0.110758737076079
-0.0974617122504769
-0.112770389608614
0.0486683158727459
-0.0572204218737073
-0.03701037377345
0.180360295569613
0.042299028336352
-0.0823152229265998
0.0860529986109087
0.0015452320585396
0.0979227211279904
-0.139154892217376
0.13755579729831
0.00727522940877876
-0.0283808940980569
0.238491946827313
-0.0553507838159086
0.0194892121851251
-0.13944517908006
0.00912808581509052
0.0498231174007853
0.0744920365615303
-0.0193575871572505
0.0285252193196447
0.0667834674566462
-0.0522898111536198
0.195507013398339
0.169989299199189
-0.0581497508286112
0.0683084147020071
0.173329455322723
0.0944632750995639
0.0274206903855929
0.0312762968907089
0.142365317035471
0.0814110079298416
0.28213008133949
-0.0121449137519176
0.0251366451612815
0.0608893969683875
0.00589442552775994
0.107635382647562
0.0854417284612565
-0.0206477480209638
-0.0284003341506222
0.168454026007136
0.103229686777833
-0.0158500909892548
0.120792815191887
0.175655024975826
0.183685144792105
-0.0345593866133806
0.218985679879202
0.0702318990861569
-0.0206094110953755
0.0188195209772269
-0.00304832468550987
0.21158599717069
0.151075809365161
-0.000631108810846086
0.222681881179662
0.00335654735886255
-0.00926076136997334
0.0791955232211532
0.0992098468189366
0.0352481582597107
0.0149765788004031
0.109708694467329
0.113279367433017
0.161839243952053
0.139806496358667
0.0267242633897064
0.12531396263489
0.224605214592957
0.192965994163358
0.272122236559404
0.0774715596272223
0.215422689408536
0.149354087839747
0.231534671030578
0.127943062711524
-0.0149516099844459
0.167594274195386
0.268016459408836
0.287628935088795
0.244561450669346
0.150295671993292
0.293491896913307
0.270172839482255
0.136359480857085
0.100925621121365
0.202738281042228
0.147871037565692
0.119017313019318
0.21573561177462
0.257231396895479
0.347785368157896
0.12302295944876
0.127740195648917
0.0688316271548618
0.190372288919984
0.108609544017218
0.204799353666955
0.179441022582371
0.0139872519517358
0.126905941939915
0.203294504362868
-0.0223642198484496
0.210203680359822
0.0571593282634127
0.21139452602746
0.174230968578652
0.236857756133772
0.305399526343975
0.102276032003086
0.234340069118274
0.134364088340257
0.283600932300937
0.171092951034438
0.348894007157195
0.275526280509924
0.151201332206977
0.205715471178714
0.361003297291749
0.282943616157274
0.108266001649435
0.28875112159239
0.34437374816359
0.254596814761132
0.251530393227007
0.29222801454058
0.319581577880375
0.245898857311912
0.273184251756702
0.223385247570182
0.251281011839199
0.275036554899547
0.279009603162688
0.106507634135152
0.360285890365117
0.274578444113847
0.385552963207556
0.325814382477335
0.138174403497319
0.356544012982287
0.17129995406052
0.247027616041568
0.297272643140657
0.3474750442808
0.239832823076059
0.262759694270342
0.316945368193047
0.356080396970836
0.480749355127967
0.497271280621434
0.165083985797982
0.374042292170858
0.406708753891367
0.321186860628383
0.2037960422575
0.125941048909097
0.203954687456927
0.219154933136124
0.212906394353884
0.389327124027156
0.189795673958565
0.443504940457188
0.201399808991965
0.461070772446298
0.355810836997284
0.31167242520967
0.308757134496112
0.35686041808356
0.184918404181353
0.0991261241306864
0.402059631715538
0.370032662990939
0.343870738946364
0.405953186056213
0.35952652032895
0.295037005437316
0.481632521067485
0.180805434339413
0.414742590918872
0.399603007282331
0.190345245896005
0.441731976342325
0.406830848141582
0.317519275134364
0.263575049785202
0.369421026135408
0.486172348442638
0.302362121625061
0.349613756057368
0.416670493497298
0.404004242365063
0.299131919806921
0.373519416809624
0.523423649460706
0.268676026015552
0.367227904216221
0.354712684284187
0.522844453473196
0.296680884012012
0.440555982566239
0.344679843772232
0.414624840978805
0.336671741515417
0.335225995653517
0.44698375476877
0.440088695102267
0.50768183651463
0.461722195505059
0.306994086156224
0.385859897888316
0.427034690087123
0.48619943589187
0.384206928322342
0.506086639713763
0.448576134240804
0.362414015206217
0.387173528515173
0.329399057869892
0.474230468942819
0.417961759609406
0.2965528546491
0.588494410160541
0.310098688033536
0.451771037084158
0.479156461777475
0.373726950590445
0.397438888979349
0.477407225097748
0.354522119537096
0.489115146801142
0.477379263672699
0.452720150421907
0.43943639525303
0.545670344724834
0.483057702486047
0.542706574261183
0.373106561124464
0.494813799379485
0.492303427369941
0.55452681901855
0.276952025559072
0.503784027327387
0.388266698636385
0.584864225990551
0.576423260714961
0.498428506234392
0.496152096202114
0.47653483195846
0.513304120695534
0.497528427814258
0.526862748016171
0.494222388302593
0.549340933443098
0.517762619150921
0.418719989360295
0.531252325361375
0.424670848514734
0.530736777775378
0.499451736935447
0.352137028308847
0.570238483736836
0.441424348594844
0.476160461982895
0.34978414283226
0.384426262575386
0.568778483737931
0.685581447412602
0.522562174946229
0.514240416247413
0.480712196847008
0.47869095513648
0.596178187929388
0.491149542432365
0.610144399797143
0.43825332901974
0.794317197119644
0.466591811556892
0.521457440036918
0.520189643259838
0.502664667929027
0.680781394641825
0.534798854738426
0.405615721427924
0.567396706901426
0.575749850899377
0.554276149229215
0.494262304629269
0.612593852878303
0.560036130056317
0.727532502557826
0.680154793429536
0.533468112391641
0.436637025203655
0.680447289350263
0.515323347616175
0.61673035297561
0.66424282358857
0.541431941230808
0.476711512920993
0.630044321316222
0.568688161336908
0.553483677562189
0.686049855852795
0.642681921811644
0.656080391775828
0.577249415080639
0.751392623413076
0.772813281904993
0.594729208434498
0.686073363472373
0.661332566161488
0.483347586950945
0.7179351333051
0.524234874716846
0.569172373457135
0.664328107927839
0.681917020145102
0.652266627026678
0.554849032313065
0.820193444309128
0.569698690105111
0.67069037827802
0.714831932617913
0.692916640502685
0.631691155263182
0.595108590556831
0.495061280008843
0.745300124400123
0.657499063588794
0.631853617558905
0.588311161546507
0.761126070471039
0.587311743616377
0.811710785570338
0.657581413119327
0.724978636943331
0.558818096502337
0.449791478272358
0.700027887163036
0.80276112524593
0.577242108868926
0.745300349376314
0.64975580928618
0.565309728275036
0.710954395338115
0.506361510306658
0.751829980810611
0.813718880049959
0.721452184038892
0.614302182386444
0.799685644076353
0.831307657528685
0.540066410645724
0.704229293901035
0.569524968196482
0.704756833766444
0.791265490255097
0.779094115305732
0.808315273376044
0.801561384141843
0.578130175677025
0.699377258722733
0.564091677101676
0.734335850585778
0.858975745121936
0.882974348071169
0.714121796577026
0.776397731241147
0.721776793113138
0.630769493152196
0.849916446556119
0.76692253833145
0.60360266672994
0.912467192154664
0.826856019248156
0.746155847237433
0.711311966963668
0.720483514383358
0.760641668056236
0.770518707707347
0.704422205130873
0.762978014616346
0.771682826803781
0.814310141892145
0.864043488842118
0.806967909103579
0.75356650108826
0.743442902401683
0.701339535499585
0.706324138781856
0.759222184425456
0.749446602327089
0.711628766167604
0.779704368596264
0.819492080323555
0.911636440851706
0.663543225723264
0.977144850426793
0.717991891989839
0.864235909490477
0.694878979041754
0.724688111313052
0.8822985778687
0.94551485268482
0.811347966562181
0.78121687126893
0.82720674113789
0.655914289361416
0.735298047043261
0.699648511318705
0.691574899476929
0.740553610194198
0.85040954953508
0.774427758614999
0.84105764165665
0.801160960730658
0.776739512008935
0.804097587650106
0.714724199643219
0.728545717924526
0.934181462926905
0.648838275945379
0.707734488710477
0.894624971611867
0.920635357424224
0.75996492345584
0.796983396893112
0.959535174101893
0.957624205274303
0.892705840568706
0.790619315918798
0.819216555991271
0.905214992206648
0.980534736601168
0.94109436031878
0.915809318178396
0.777114650236481
0.863167410796734
0.76980033970551
0.929454342405856
0.923307396315395
1.12025903290659
0.819012835017216
0.842801912416853
0.94020836810038
0.882941672338118
0.859768894768489
0.969836778925832
0.882999111108683
0.732520692285929
0.850327984704117
0.727927704865701
0.974800676470629
0.788374539062008
0.904656979316136
0.984958383487763
0.744952898158438
0.861516378686691
0.960767953068268
0.931027699305956
0.808740294512879
0.950427281703531
0.799307817689391
0.970674104121473
1.20118724460052
1.00898577674304
0.967873346724156
1.02285708878579
0.862903838176026
0.890306260574532
0.915918702726593
0.913469335296474
0.873229510295445
0.936210467040746
0.892951397253971
0.997639307180353
0.969077498206658
0.967499643132703
0.972649449479957
1.02417935631373
0.777902107801114
0.933117165622134
0.950381627469009
0.893298554652254
0.947875676125689
0.980651073955212
0.979268060677629
1.04928262204702
1.03845201852836
0.867752678630199
1.00592314862086
0.916030189788915
1.0249398612534
1.04245375909492
0.958299663282248
1.00777700521715
0.833840072959551
1.01383536599518
1.1468598378733
0.921061734150991
1.00796652642616
0.931886192342454
0.921235390289635
0.990804062893743
