0.159321105412942
-1.10710246958463
-0.920966819359301
-0.963523715104767
-0.961402605201158
-1.05568206257881
-0.959694714267535
-0.951124684299631
-1.01844478597727
-1.01674677320956
-0.894220262415217
-0.973058406414515
-1.01284682270962
-0.920142183019142
-1.00745820774724
-0.970073055222101
-0.997690038106532
-0.980137077880811
-1.05952835972595
-0.947623820281836
-0.935898363060456
-1.05497945824759
-0.878404014434688
-0.90540111902192
-0.837771888727747
-1.02616365513522
-1.01446180384162
-0.971277055826896
-0.858220484698068
-0.97023893270776
-1.05312116369328
-0.934025836669488
-1.07738990705694
-0.878714417533053
-0.972596664218086
-0.868557611597684
-0.846843379950335
-0.949907123869843
-0.846634344509924
-0.790538067366545
-0.974490597350019
-1.02446770053838
-0.656434027372957
-0.9297329918393
-0.934418188979779
-0.827026958574303
-0.894437368978625
-0.920233695368882
-1.12258021285245
-0.973446102516219
-0.824718641745065
-0.84519337893064
-0.871123157408631
-0.797165718913257
-0.774696045260665
-0.965909648598857
-1.01078361003077
-0.78323245002721
-0.975454565765839
-0.874014975544335
-0.889294767853638
-1.01457997990931
-0.883979694906846
-0.823617724591885
-0.972644181148041
-0.933731629016972
-0.93101670119281
-0.776459662017569
-0.922465125003384
-0.984314003384893
-0.913600249396
-0.959597011196951
-0.72867349897054
-1.00669013435187
-0.875943015645708
-0.854416698080528
-0.801965305845739
-0.752531689913731
-0.85850554981132
-0.760272448340682
-0.80328050353099
-0.920880883701567
-0.816050858119905
-0.958786024156904
-0.708278661387289
-0.932127779653492
-0.816949489822855
-1.00233244471993
-0.843906260244316
-0.822828308888696
-0.763117682529631
-0.811801492456005
-0.820873696857541
-0.781876754651138
-0.765591896995948
-0.905478690135129
-0.689236043203933
-0.825805462368989
-0.864628091036545
-0.879308345179983
-0.779721218533934
-0.896409249446108
-0.812052824445172
-0.775230579617304
-0.797202417897799
-0.775319764521432
-0.795659681948102
-0.855177227283773
-0.842870224460788
-0.975755305331044
-0.74753907668589
-0.812006212113617
-0.747346311520945
-0.808879252269563
-0.773770487484037
-0.749332701913689
-0.705007954866876
-0.858559471872422
-0.740812649696073
-0.703101036269038
-0.779375891937494
-0.792306473789894
-0.783707955290156
-0.792639129918447
-0.794619546919026
-0.741122721259994
-0.65969726950258
-0.755043884125733
-0.746372997323188
-0.796060283121118
-0.794902585301567
-0.813297028243366
-0.789623014729395
-0.833728372485354
-0.708279898019015
-0.559153934048347
-0.74613561253421
-0.622596538039176
-0.736930320188036
-0.669120838963303
-0.699382333174347
-0.599021853437932
-0.866657369821831
-0.669204871921253
-0.760144989627773
-0.813388368846348
-0.705261209548346
-0.707653118280277
-0.647384579819708
-0.735491301839843
-0.693077283890376
-0.645256890986957
-0.655950042462695
-0.618565014680806
-0.733969305062046
-0.71709699262682
-0.651973138018478
-0.558723517806375
-0.654008309869235
-0.685552880127521
-0.705265938705644
-0.689740082168609
-0.527324678516308
-0.709087124008133
-0.700509760688862
-0.788446004290098
-0.654693677445318
-0.679226460555207
-0.473693704262505
-0.726959764647856
-0.729065008278434
-0.663256675685422
-0.59409992793449
-0.752343806192612
-0.633868859665548
-0.703526358951274
-0.661514103554752
-0.668947760945731
-0.614853262649728
-0.796991834651928
-0.663483074745051
-0.667159321128069
-0.663732070911071
-0.723995877012665
-0.703882778188961
-0.62737663434888
-0.558825328534953
-0.715551734472469
-0.61044380144265
-0.734439517679923
-0.635168132196853
-0.687211038773042
-0.778976227143676
-0.665452023865972
-0.560604318693737
-0.364109130327946
-0.623772736481559
-0.568301819743906
-0.746977541117821
-0.60668460715444
-0.507650651831961
-0.582988901965302
-0.590057678125169
-0.597832515940442
-0.611571747749917
-0.549885399040993
-0.662860635309374
-0.458067783047878
-0.675351363703521
-0.54743747701327
-0.511959299340065
-0.630767144217716
-0.601280801153961
-0.552460319006646
-0.635102902112297
-0.636968516586395
-0.644706969193355
-0.461343887844142
-0.479910145182085
-0.485503778639025
-0.540337338443001
-0.634544686809603
-0.578981725027487
-0.579697314796885
-0.545829121265121
-0.526049933208198
-0.538191022407551
-0.581067043895498
-0.43105372182976
-0.53641944985425
-0.509624904252792
-0.418507029108222
-0.502401021623122
-0.530541519328329
-0.469151945630705
-0.507825767978474
-0.676748793873176
-0.382944927946192
-0.455936069118269
-0.64574222445628
-0.521285678511099
-0.559781301056471
-0.45676221128542
-0.464648791131939
-0.554599813800648
-0.519086747234282
-0.580760646589281
-0.525610680631392
-0.375583144358898
-0.587267680968327
-0.5133344330893
-0.621951702882277
-0.480279270752359
-0.400490296375653
-0.450913038717829
-0.571070307090266
-0.554940857003933
-0.313952905148619
-0.472443787523963
-0.466345150645689
-0.547806838707342
-0.460090801386874
-0.480129232673434
-0.335402263998324
-0.596716746247101
-0.474096592640347
-0.539648243648363
-0.425503599763616
-0.458905745582272
-0.507613022964188
-0.617105212300836
-0.400020047649188
-0.638836234314759
-0.492369404364483
-0.388324090067788
-0.486022099124934
-0.536265722527118
-0.461579539926815
-0.426801375965594
-0.484545441204794
-0.414771329922976
-0.446737505015184
-0.504717784703393
-0.553717904482697
-0.49707019479823
-0.359803424584483
-0.557731054589933
-0.460289372505691
-0.377028365178454
-0.457072086887347
-0.439421257188914
-0.413249725281082
-0.380515248643806
-0.582286095847391
-0.477180532944193
-0.355638884395567
-0.363098196600465
-0.449129606685179
-0.394329430752043
-0.334115350341239
-0.472030881452041
-0.555737673304075
-0.384322257583827
-0.383581566732375
-0.557429193854787
-0.406590370301718
-0.384590078242887
-0.307472652799683
-0.38930170366518
-0.361694968764069
-0.240513943837195
-0.43498092806872
-0.324204830515805
-0.573318965438289
-0.430110087174631
-0.306241968699879
-0.367338376679415
-0.345704059409458
-0.390626540176291
-0.371357813374137
-0.403979454930267
-0.285749598182792
-0.430000811271042
-0.315296687133036
-0.377214522161394
-0.368330115532303
-0.329080767073245
-0.302961275196
-0.363219219644402
-0.327828837526011
-0.432322406058293
-0.268285541598273
-0.380992081990775
-0.328225673254932
-0.21854805452288
-0.27967947247055
-0.288633966799276
-0.492249858587715
-0.250649189946368
-0.146691467310615
-0.317107148306571
-0.394874740568762
-0.210054427785452
-0.263667601126224
-0.350013974589068
-0.368557668820359
-0.345623670334242
-0.552022625522926
-0.333211514228866
-0.322231625509524
-0.317807619132508
-0.256427248035163
-0.39476420452071
-0.162298046803502
-0.214011323298649
-0.301847662259624
-0.268924448911259
-0.265632668987324
-0.34137948116212
-0.29994935957581
-0.435650746885927
-0.240624916927881
-0.163763281666457
-0.409420008173387
-0.346250799588508
-0.365246502574217
-0.320570450401369
-0.244654632952649
-0.250666278896492
-0.377232713820075
-0.200175353506341
-0.222383371243334
-0.0220984066100292
-0.208472374965117
-0.35729877238117
-0.184979293483227
-0.271745665220485
-0.302616753218744
-0.228689782009506
-0.239410286050353
-0.424196717952549
-0.244071893630716
-0.250371182540994
-0.219360074037801
-0.202238630605558
-0.303486680723705
-0.00790178893787998
-0.0983236555845359
-0.215940604833616
-0.373011647174401
-0.393754849634906
-0.234046245978244
-0.23010873030337
-0.326970875119236
-0.253930196712294
-0.41564696848948
-0.169298685491346
-0.268632429678447
0.00936661400620798
-0.19278625311935
-0.291764579036169
-0.123102199848972
-0.150470552064677
-0.206587374797024
-0.140815754277378
-0.174789135797927
-0.222468182259853
-0.203282936638742
-0.301765247527798
-0.0929988454213158
-0.110816770728471
-0.274130866892182
-0.161804604994946
-0.197045899662165
-0.179625373615811
-0.187872639867621
-0.207350139328253
-0.148394720281824
-0.36531128887429
-0.107539102557633
-0.116374453870599
-0.155722976103876
-0.226175495641765
-0.0727128246815431
-0.329799627968381
-0.299931042796706
-0.161191683176103
-0.232799972649461
-0.219507297350332
-0.172234694220562
-0.112262352379267
-0.204129211306268
-0.141003180115959
-0.131971543403134
-0.0781820294582007
-0.182167486130862
-0.011963362364729
-0.142644061795259
0.0417654379743976
0.00938916582869749
-0.0440955602484687
-0.109053940143717
-0.176517686195388
-0.191520965129169
-0.0655099075747823
-0.0638311601649705
-0.187209837780758
-0.12259524171564
-0.0556526347722301
-0.156392813521862
-0.0703380545649939
-0.225131513586666
-0.0771939314574393
-0.180817594513457
-0.046864606018547
-0.0757619608456713
0.07788784838085
-0.0851900273017122
-0.0203230729726584
-0.0592482998964177
-0.127806458379459
-0.121578904340859
0.0516956969923065
-0.0331850362154908
-0.161975542212001
-0.0372219168770857
-0.0225734027645803
-0.0913804628924594
-0.0674951655579517
-0.0418780341339083
-0.0072769899986913
-0.135220282536537
-0.02982593183082
0.0990837386608435
0.0382091331937764
-0.206641588797865
-0.0646549407493287
-0.0601468298138334
-0.0865739629707784
0.14765033421552
-0.166791550372114
-0.0957654491893894
-0.031839317972994
-0.0775545353293625
-0.0781976249760349
-0.0622285360337219
-0.133660552392712
0.0511804428973687
-0.0957012320725693
-0.0371862281237059
0.0256538392816854
-0.210397516652185
-0.061966544238848
-0.100035192071683
-0.00305503458345179
-0.0599028032288333
-0.0568562037569683
-0.0143701950237927
-0.0799483266886967
-0.197343817174805
-0.0534880042172555
0.0643883861065831
0.0916258330908343
0.0575245780262637
0.0891559210731195
0.0215795673876122
0.00980967580096201
-0.0305980582624966
-0.0407053885640863
0.0690949216159576
0.0659937456547889
0.0156958765482374
0.0969026500590186
0.114182449049916
0.0338142100246168
0.0357916658638563
-0.109614287108768
0.108902769464287
-0.0628751304841078
0.0819456460742199
0.0122718742665417
0.0663898718240015
0.211360237394086
0.089414156902041
0.11373823883368
0.0612697659102762
0.000368626483600072
0.11320967374947
-0.0159811041794077
-0.030308721072739
-0.0112803596074751
0.0601635474963957
0.0864867684955095
0.129656259177364
0.103461918816904
0.0475268817096707
0.0537066191914524
0.0460964427611959
-0.0217843442707811
0.0783196780730666
-0.088749989620759
0.151175224120258
0.184843016712609
0.0835029841190914
0.196006926964094
0.0937077813623005
0.0386133802678894
0.0836818980373183
0.105792578931633
0.0923861566841518
0.115751023335028
0.078733175129733
0.0476955752848069
0.106706761266994
0.0240592204836136
0.0980556614720688
0.275460276672897
0.115925844995256
0.226601239647528
0.109731141160958
0.075775082304356
0.133433674814657
0.219727522171114
0.0924665056916702
0.139208561666801
0.315791882653174
0.0355708737265103
0.256467643752391
0.308607042138041
0.0603737354941879
0.129617231479494
0.233612131928016
0.111243004636857
0.260390738791632
0.0809312311582106
0.33089127314721
-0.00945415012838252
0.134589928075755
0.084414669115146
0.20551717843049
0.0091533000067025
0.0339998563551951
0.1577311771512
0.147290939073853
0.279746394268657
0.214510064569699
0.124365724041312
0.258124997188745
0.19692775889471
0.332717100383755
0.192875456159498
0.30546541125681
0.0325077137836429
0.229293646015089
0.337148005983507
0.148489889204699
-0.0111357925830231
0.0625068312539594
0.189695890360712
0.227792864210341
0.202369653367378
0.229325621323479
0.0357795647671965
0.113770891730879
0.0567492112463288
0.20062661450072
0.155169675618555
0.278997423175376
0.0974476314549704
0.196144330616137
0.315341825136921
0.218241595057602
0.124631361201709
0.318690057244162
0.188190999251449
0.124468363057307
0.192468306401332
0.166343320580426
0.285578551209752
0.204504953739854
0.190004660349889
0.163318115700279
0.458932494764622
0.384732778637373
0.185005486595202
0.175489287864932
0.209035076776836
0.152773077851409
0.197402813541221
0.265338499473992
0.256945177156471
0.285603386084779
0.161684040555238
0.403460916785805
0.291336948120627
0.287529362531379
0.316963122949302
0.241284668525145
0.314670022079117
0.330594951551961
0.2352294878572
0.323157630552065
0.356586230639142
0.277252523331263
0.267212234851933
0.347863068047719
0.243245425292373
0.395140463439546
0.223337477290613
0.350348209401317
0.174285786818442
0.321907978944375
0.484797049902294
0.335053531270667
0.258353175801428
0.369126907246178
0.295955848976978
0.379268433136271
0.43328456910639
0.168837922317977
0.540213449956358
0.259899097629419
0.278178538574132
0.274982319254213
0.454166375877667
0.318492375550471
0.532152768985628
0.23887840700467
0.230179284767134
0.317071793470861
0.459683421676237
0.246458959846209
0.317400647633918
0.242119714629866
0.160185946078173
0.427498399000736
0.338276254992502
0.358283442099101
0.275178969910649
0.281609773893946
0.252814685313833
0.275898263557003
0.352018517149041
0.225995888767673
0.209218219065174
0.323434902139252
0.55671748707647
0.34982109427871
0.445155863569645
0.396126641036917
0.424516436482561
0.316432502185421
0.435509880775912
0.344610950222383
0.587842344211207
0.449405634676499
0.393916222413774
0.453872525734801
0.371689926268209
0.447677883307761
0.415529439042997
0.483476447290957
0.31155590644527
0.419101589726033
0.235306899679002
0.439436503241466
0.261974255138507
0.393108236524157
0.319838468247641
0.424785662576997
0.548693854756961
0.39140167696084
0.481567506426544
0.371940387418775
0.307747376580637
0.438766899969919
0.47874898627343
0.369743215808309
0.264887468481955
0.380731195929466
0.506980903767836
0.437805886908964
0.551941329931851
0.473205745792126
0.416422586004773
0.614066551543599
0.44439101979139
0.233643641814743
0.409242176071047
0.50305097625774
0.541874360969514
0.48900334551335
0.45929635875996
0.534158293600266
0.409917423889916
0.511899371379428
0.377397852422073
0.497038099046916
0.479914590075538
0.457233158240808
0.548542323128263
0.429723124073508
0.464017163160721
0.489316581960784
0.433922950723278
0.573277372662123
0.368464222645459
0.384626567223466
0.453487269741292
0.529327349810474
0.422970366662369
0.494992165964572
0.478521040931468
0.466740903884903
0.507396563480394
0.560029568946032
0.595829446916291
0.50579668519459
0.423064505730075
0.493118219621751
0.386004201281569
0.436341739528679
0.52521262235241
0.696533981281779
0.441991513115689
0.431366532336659
0.519733309617408
0.478332169293076
0.665935326536975
0.39558586757906
0.511629988411313
0.504426676363391
0.449123106915677
0.533410313387893
0.656739219144382
0.566613259095302
0.365692153527997
0.52520850769981
0.598245291227084
0.480958361558882
0.645738678415227
0.638177268183038
0.657858473715456
0.641435063735853
0.58527599004811
0.566954932995737
0.49706331579025
0.54287968745523
0.650840380645596
0.611224208596929
0.545250387760553
0.671118450851466
0.646428501848778
0.557099161466171
0.564756882655823
0.730369572260454
0.505425203709726
0.63881345976278
0.596422325081703
0.789150662174634
0.535637787088455
0.453563164088291
0.526844193098312
0.65301302306194
0.612451073441104
0.65342042558886
0.600674299753512
0.64913065300391
0.746741903853087
0.689808853770783
0.623437335592088
0.63305590267461
0.654019807345297
0.714930685313605
0.639909744917706
0.614285535386517
0.659220985307014
0.469472014248376
0.589595147820019
0.519791254713368
0.647412115795017
0.432438717881195
0.717524053309071
0.544917920802716
0.578317061177062
0.497896915741833
0.568623779858655
0.648810227005815
0.734589177689425
0.715143560020511
0.561687100325229
0.691609008821812
0.66307346125194
0.670023280320346
0.760648414232992
0.64562311107612
0.609795151631512
0.607243506951577
0.72143824376206
0.729001311960375
0.819506375331012
0.546377409191776
0.664443858542807
0.78479135923144
0.731678894383876
0.679571157513829
0.62971803195358
0.827233333785069
0.609623730036586
0.781170722172197
0.807221690205717
0.655180001796242
0.773331236553904
0.776027929975615
0.749383967737108
0.761124086256752
0.790851541108675
0.59960407553965
0.813041365422241
0.756333425299751
0.725420690789116
0.716426099497077
0.783942894634902
0.756901124719343
0.792300983265989
0.856063796364215
0.669764507851679
0.670333535602682
0.606731825655315
0.759650310616785
0.76152873451204
0.643299503035249
0.754218562069305
0.714477212505123
0.640782779140225
0.963173727610797
0.797435525555127
0.701529349733405
0.940874137099415
0.702931371618035
0.766559601828701
0.534199339673441
0.710636379876111
0.718616770885679
0.744400393962717
0.751081855429737
0.768448704158065
0.80159709768324
0.847358955669756
0.749600666603426
0.796548131898982
0.799110613046934
0.645578698517876
0.713137505418677
0.715422940608042
0.736392995891453
0.788049697611886
0.762947566619093
0.760831256483501
0.874205455515247
0.780527652850346
0.692278057592275
0.778337802689023
0.749323731594876
0.749874649341444
0.786233780223074
0.862662197604032
0.82888343816716
0.919818529559488
0.840480809565106
0.722347587262509
0.9880431320949
0.732029195326281
0.873334456061
0.812196175456465
0.928948096526134
0.783959106146757
0.670793050149126
0.851304275426892
0.874981361221794
0.818817304555551
0.681508565776465
0.878989183307907
0.896961889172822
0.90658714423492
0.917050489291288
0.872603947385634
0.903690415990212
0.679531255927591
0.947664692477897
0.930790301249805
0.825575979486575
0.808042777385441
0.823461960730968
1.023225921459
0.878524089865944
0.941834530487493
0.856296695592367
0.891235713678364
0.862864857671861
0.923698173957064
0.950360066575561
1.01686071562305
0.880564919312015
0.921871966772816
0.951372555376706
0.978270703809188
0.756806747185001
1.05519863339613
0.849346288565826
0.844788696428308
0.788296783277885
0.834668324317872
0.929186183284312
1.04359807318078
0.926764287826805
0.860553365298516
1.00672481463134
0.954894239060428
0.938032504973229
0.902298795607495
0.938553250312227
0.979819278416646
0.87649723749838
0.813689058344568
0.904971545968651
0.953517004740558
0.831875595697693
0.964793606001528
1.04330499776993
0.860048659594576
0.843208463401094
0.931317362332089
0.850375909801974
1.09517623559448
0.877436891261908
0.976455120689566
1.13979699087274
1.09368378489891
0.85652833164564
0.910253337355451
1.10424113396462
0.856757437776543
0.933261270041226
0.883733012760345
0.835221620039125
1.04961456991022
1.02819381503388
0.939789037707374
1.01658098240573
0.86546606610817
0.867719141324377
1.02147491381087
1.08451605679242
1.2049459466531
1.15852442633243
1.13060648486046
0.993737183665779
1.06519863680542
1.08572306235435
1.04624331230627
