0.0646433259131538
-1.06302524893887
-1.01849909479075
-0.926706465282301
-1.06650576276023
-0.830218812130133
-1.00724925670138
-1.05975964855761
-1.05516233323336
-0.833310322783541
-0.867720459461664
-0.99025604398425
-1.07141364025388
-0.836615352436963
-0.84912704457641
-0.896479905118382
-0.993503176899633
-0.86411076621132
-1.08339210768499
-1.09558975926096
-0.876816116738305
-0.887870990236238
-0.93836503914478
-0.947579114394924
-0.94903178428696
-1.03141080892223
-0.851081438487949
-1.13754499207841
-0.838428442984838
-1.03814863902599
-0.854663836626056
-0.8425321251348
-1.01511294009296
-0.968453403126251
-0.890206930577838
-0.820948006759235
-0.956048237582139
-0.894762676728898
-0.858866980916966
-0.864806582791239
-0.918341002141511
-0.832446106153612
-1.05541417440358
-0.830880682823045
-0.860472431147614
-0.870149043590885
-0.890438382565689
-0.882347602144514
-0.791908452370162
-0.841982859061859
-0.784736591735489
-0.823070377444995
-0.866713633099563
-0.918983769776717
-0.86884197716653
-0.97506371039718
-1.10534811592717
-0.759865388993545
-0.878145035622519
-0.859033481525598
-0.820522402957872
-0.950849161786012
-0.892604865155385
-0.888144382044042
-0.764250156274574
-0.809751126763168
-0.692997247565523
-0.91505971972943
-0.836704682189978
-0.766288247353309
-0.807760980307444
-0.898659151065098
-0.966732078720763
-0.723656670121354
-0.857217590554627
-0.783996593782479
-0.822410706161086
-0.802657634855516
-0.769708535636934
-0.958270322323353
-0.877499535178548
-0.868128937935258
-0.949163927204864
-0.931149417321624
-0.734846525200013
-1.06746826641205
-0.763497719540408
-0.870442014010213
-0.661847735417433
-0.864480865723415
-0.917741245476289
-0.828742812167507
-0.726312183422373
-0.905431073509539
-0.782488612745036
-0.696966184438259
-0.698445990189154
-0.991649156138416
-0.748568297845142
-0.71861565785342
-0.868378086048398
-0.761866773400338
-0.906584723726141
-0.818779721744225
-0.832627746684499
-0.793136878854027
-0.793503810889724
-0.936821076229866
-0.834404910527218
-0.72876228091173
-0.649732440380294
-0.748641371154179
-0.845723515263581
-0.718085783211578
-0.722625629537236
-0.706288981331377
-0.848850730204211
-0.821746512446983
-0.735565376335409
-0.731481508856892
-0.783792196952711
-0.736010178026993
-0.788494630172271
-0.78395359810046
-0.802473777413292
-0.774483450833396
-0.625481474713046
-0.714258914652729
-0.867886248901941
-0.701238313947935
-0.610575406123675
-0.780097195255761
-0.667360729746322
-0.538268711453526
-0.739632290628638
-0.640037945760775
-0.795882714829395
-0.81032760554548
-0.705477819388896
-0.648661446900701
-0.794645215139196
-0.803215274718528
-0.831100605393679
-0.717455822828095
-0.686769317403639
-0.601763211291095
-0.680086588649982
-0.594616500468903
-0.762047482261522
-0.684251398175619
-0.659239296721524
-0.696660603978894
-0.674188390326537
-0.658388429553333
-0.804605170148649
-0.694792676611879
-0.668074218452988
-0.659169859150641
-0.694008154778646
-0.63701421032973
-0.589347509944027
-0.492635682755401
-0.608306067272548
-0.775919309861788
-0.65235228239047
-0.715269512725623
-0.65470568710705
-0.776304929270634
-0.792464123391482
-0.521863136593732
-0.640641697196894
-0.642078102291551
-0.766367476264481
-0.678423936495351
-0.55181366281823
-0.752912336200341
-0.589906886946659
-0.495298252848737
-0.833094578671029
-0.578871322147374
-0.546865860369079
-0.600410983944624
-0.7874374054272
-0.718599572010961
-0.581379799373394
-0.579826712992931
-0.486686286769099
-0.698842480442306
-0.582331265332835
-0.685688403735924
-0.708710253912264
-0.642021195740318
-0.749937324543733
-0.61406706641826
-0.602205329680799
-0.76745789756603
-0.600810576152176
-0.573550877021194
-0.607227119802768
-0.443679735835162
-0.408861111987304
-0.619983319495789
-0.594706866313974
-0.692401018535589
-0.651895703142009
-0.646968110339827
-0.571785101064134
-0.656537519015761
-0.647925412349629
-0.640314417098409
-0.63136380275557
-0.503942503659572
-0.682260988670476
-0.641233403877578
-0.445343829041589
-0.50888033225255
-0.5312584829269
-0.510160818000014
-0.597647948808008
-0.67034893437103
-0.429159794201127
-0.611312098656562
-0.605056956132825
-0.491718802704271
-0.445851099155554
-0.509313896110579
-0.503445198634811
-0.683448311439636
-0.502828209058488
-0.473181608696716
-0.577016223498655
-0.50252532508771
-0.600093829911643
-0.462189235266485
-0.502021526090313
-0.442810810356064
-0.513134616818436
-0.317458407979035
-0.483042748478838
-0.517982943194379
-0.556285766103235
-0.617014384516154
-0.632326731767168
-0.603039541082541
-0.372525231382006
-0.647579203925549
-0.506791133927854
-0.503171893613779
-0.487174344092611
-0.497170376760641
-0.485410470253587
-0.476012595406025
-0.536465313673002
-0.491775934610535
-0.4037498224269
-0.536079866945725
-0.530414581900721
-0.617438136569343
-0.431900595531272
-0.531708474343741
-0.389018141736733
-0.530060145143202
-0.603586995446983
-0.372355598610396
-0.471732457032739
-0.532521017811004
-0.449617080985616
-0.530502415451516
-0.456558983903335
-0.4422228664435
-0.553984659608439
-0.397485167411349
-0.46169008907293
-0.421274509841567
-0.48799627855846
-0.480101240689192
-0.519748772020235
-0.503501966169683
-0.476808173706915
-0.400987522785667
-0.432660365081867
-0.558876026746886
-0.455669807919964
-0.425435751058968
-0.36696998024413
-0.445662110856981
-0.491716710495973
-0.365821483464832
-0.447275310380224
-0.563614593790464
-0.397284411326579
-0.404579838731179
-0.438002822280422
-0.272447837485791
-0.374982060353379
-0.500470518953908
-0.357403576870227
-0.411756443156783
-0.345349977156086
-0.42199370087515
-0.383979600611753
-0.606035246031907
-0.424459206055804
-0.359422709940342
-0.340910980307838
-0.468368281613945
-0.280749092878962
-0.476173467396476
-0.481099154696373
-0.429827453536356
-0.479349980521269
-0.208070837862341
-0.365660676440351
-0.411841353549092
-0.243232279696079
-0.282062723221591
-0.52692396465439
-0.350163279198348
-0.268172714673851
-0.37101694999895
-0.101735967539689
-0.325415221849859
-0.271406799974206
-0.278088723078559
-0.374888553328983
-0.432379326067792
-0.411349946461779
-0.419144966508732
-0.346865766396785
-0.422800417201923
-0.278076951703551
-0.383428923974875
-0.273591588772756
-0.307611380454381
-0.356232836792137
-0.386027391168845
-0.46639625892721
-0.375849140025873
-0.319521135060547
-0.218643792730857
-0.266555309182715
-0.384076128992627
-0.321699712453967
-0.357844943538002
-0.316400357324455
-0.375040983153346
-0.338094623802886
-0.216091322419989
-0.241759739508555
-0.235394076930443
-0.36162566608203
-0.368876684236093
-0.334235126290633
-0.283552161840334
-0.154119646293466
-0.324369258871202
-0.23692211201351
-0.390862000105182
-0.165300898244079
-0.211733440484334
-0.332806245019145
-0.241818622383965
-0.156994781074713
-0.241973231872177
-0.299884653575044
-0.232621161632649
-0.263107321846664
-0.186400369089261
-0.174492726126248
-0.117820241156721
-0.280700004390111
-0.390982331703152
-0.218776408587398
-0.158887164732316
-0.198656131262669
-0.369710031550698
-0.254260694313546
-0.1013510642533
-0.341880478525179
-0.0504065618607928
-0.214951719955693
-0.264926085409325
-0.217253332428982
-0.247272811238867
-0.29973365148094
-0.271920746096202
-0.315176578482207
-0.314036097843219
-0.176358364989225
-0.104929860245716
-0.281774244625577
-0.292656858404169
-0.196736793634062
-0.24796849478194
-0.0678224176614722
-0.219865948695896
-0.154977917304958
-0.436206520365789
-0.127520920580604
-0.133908875088095
-0.195129818808527
-0.251224784572858
-0.190862607824107
-0.186400227877439
-0.295660547533857
-0.122979682174814
-0.134072505389143
-0.219506969087049
-0.262760349974492
-0.212705192093801
-0.095381382909506
-0.221470343565218
-0.182761803338062
-0.148604110874386
-0.175874937863541
-0.242728981524071
-0.0851111225578962
0.0463353536899293
-0.302597935401511
-0.160734795086894
-0.121696408539361
-0.0774539510020623
-0.229831835433727
-0.208177431381173
-0.0904510579360065
-0.249875642677298
-0.0967559064017621
-0.103656530444177
-0.180332159608012
-0.238552468320912
-0.0512514602805662
-0.163298187691302
-0.201710850907597
-0.124399741751907
-0.163201861028807
-0.206934817412792
-0.0336493275718331
-0.037369929593848
-0.15557828371329
0.0187696556756585
-0.0485375915301341
-0.206956885909477
-0.198643882963566
-0.104205536265178
-0.179024510503542
-0.115937604347866
-0.147258393102318
-0.111432519559347
-0.1338258937939
-0.0228522909215606
-0.152554189398023
-0.280768226377327
-0.203872561919975
-0.133770355188428
0.0345625859805584
-0.0657500496070546
0.00016337577326843
-0.220884535252678
-0.168076137543584
-0.196263302564788
-0.115145097932352
-0.0315946417258463
-0.0681421071956614
-0.278930999093113
-0.110808871829298
0.0916142869382133
0.0027022253330743
0.0553810175888663
-0.0794865751865031
-0.0702581479480438
0.110438606483616
-0.0208508828218118
-0.177749995374511
-0.00263883333746806
-0.0545058081389871
-0.131518900462549
-0.104238555150658
-0.137284981566502
-0.049255296293595
-0.131434504693896
-0.0842540893158079
-0.100462386893443
0.0177553749680004
0.00130732994263508
-0.103866272310888
0.0466754830649649
0.0144394368080162
-0.204533687555891
0.115891242412545
-0.0558757128040934
-0.0869897119532292
-0.0299275312257593
-0.105168657015383
0.0198830420171318
0.0324761074493675
0.0646804321640624
-0.0852012264995392
0.000798960468719367
-0.11602593078401
0.0083307980191798
-0.0772697738366652
-0.057659544115594
-0.0572262731754967
0.0620626180527152
0.102806848876745
-0.102014714904753
0.0211625089912865
-0.0418902187149153
0.0678661595901026
0.0601576402619005
-0.0202336859138646
0.0772428448430806
-0.0485681409091837
-0.14902448596184
0.045451195225405
0.161726592812051
0.0920676107084714
0.0404275624550107
-0.0355216926684254
0.141187681319702
0.00438633311153248
-0.0410965046161318
-0.00312237741310364
0.0162959966405633
0.106674054367447
0.0651245903314107
0.0185111429978289
-0.0476531859535302
0.156411696637422
0.0324735521474281
0.150433154581714
-0.135425588573139
-0.0567072713461231
0.0822822230449553
-0.00858936072719177
0.038511854143801
0.0769855839052163
0.0108383366525156
0.129339890854999
0.13925619651803
0.189772348578422
0.2731353506726
0.0994458156548066
0.0453989404704045
0.111509130594485
0.0332023573919383
-0.0291415228044152
0.0467837179495027
0.0704461233241781
0.0937527846281349
0.102489615233708
0.154179657801386
0.0800931312969419
0.0398849942336015
0.211870391139758
0.0526996298790999
0.0393872235809159
0.100576230683409
0.1174890455625
0.144083535934701
0.198867727051121
0.317740424998696
0.207356696740962
0.12303474062011
0.18304136900947
0.113654527047513
0.17030657585596
0.313872116477399
0.138591337914052
0.0151297867725473
0.238192640174871
0.00295922100876963
0.147617431535253
0.083702579403662
0.177662399248521
0.185224775032195
0.0856237155379243
0.236160927443927
0.0796468388971749
0.0805969461208417
0.221851067440087
0.00847201271234841
0.113825836840299
0.158204094647657
-0.0992333573132108
0.0246310578203676
0.0903068283022638
0.231812462442335
0.231711848357949
0.166282572258357
0.129571430762528
0.164943687946522
0.3035250424614
0.102890103103704
0.116041246386694
0.208875379340951
0.143178520614164
0.140723357756951
0.088222286258821
0.153005863096831
0.20976220309586
0.190613674641175
0.0821610595277208
0.164435374608944
0.120010018963981
0.0437747029552904
0.35894599553207
0.264209878472209
0.172343219108643
0.00137637307149979
0.245448866334007
0.245016198419514
0.279310284455906
0.21714898745786
0.305638594430685
0.200523829278213
0.208693035280751
0.135193357325206
0.223993971244743
0.380288175510533
0.242573973063141
0.208407398696988
0.327336882499176
0.205525196096301
0.174523965161423
0.194688224760583
0.0386215474047439
0.181406700163537
0.23011946385495
0.308462181779021
0.262138000126337
0.33525328221147
0.23232832387111
0.38702731418143
0.305140289271669
0.35107140974722
0.332135450328203
0.192593567263459
0.283189376946072
0.287554582923579
0.230494648597045
0.353864792546809
0.247948830478835
0.227169840630573
0.324726860829073
0.123588055245742
0.261709930668079
0.389694492912568
0.274499188940244
0.23129300122621
0.295216484262038
0.3172900790104
0.379142767467987
0.365562050443516
0.142908329126129
0.445568892827022
0.323219684625172
0.42912612559975
0.308737414862541
0.287795297624571
0.302724440825011
0.279046002810099
0.281111689883525
0.498903537052816
0.258868631423941
0.424624197404198
0.47341467710069
0.195971441670233
0.311998554014215
0.201218874245811
0.231503945675538
0.352515642968046
0.254820131590581
0.244910554237977
0.348126576139257
0.324676411547354
0.397894506872754
0.352375394894192
0.462511546734392
0.510230669636631
0.330450630557444
0.34897298393889
0.365504333462249
0.521430116226962
0.305840950227607
0.437602534144502
0.257865689147379
0.127520606697179
0.430814024185902
0.443512153872814
0.299733304916972
0.259913542405642
0.455512175371596
0.3128858604097
0.439388380245429
0.243514381858314
0.314273939382042
0.39440259898747
0.470916242190853
0.423016728453478
0.348319399032537
0.331006338092339
0.333660036877851
0.323713625299109
0.428290550815312
0.469000890500469
0.493300321690885
0.2966034098543
0.475009962220208
0.391482860868085
0.276201874998116
0.517376327031359
0.531140911020222
0.412501887833501
0.365402430030635
0.435060829780898
0.463136506151588
0.356997082982643
0.411156014872898
0.379295630537044
0.545710643981807
0.569972885410767
0.554310949838791
0.522975723437904
0.38801734135342
0.482000858093491
0.581849640391893
0.580059018166462
0.447133855759774
0.336696474423859
0.446026923559663
0.538415472846044
0.458819516446556
0.525257405321485
0.522319232563703
0.494227663354439
0.330495402475112
0.474232532295433
0.363509608707695
0.5304128142152
0.43738782228744
0.474732158138087
0.487381011891375
0.467689818308835
0.474434554193076
0.499499820139487
0.480226347202297
0.420747282080354
0.533617807186887
0.418413566929546
0.527463377287329
0.483893552142729
0.47843250084879
0.45613563384772
0.372307430582518
0.5777435850349
0.595165667170404
0.437369344233415
0.438444285898554
0.478011510182598
0.540282776226966
0.49109187613412
0.538214261508612
0.541710612587838
0.44066224224742
0.574729040899834
0.590332732498721
0.493486584634256
0.637404287976632
0.365570912134047
0.483767269541203
0.629118319398309
0.594229942302898
0.431523218257524
0.51791800121207
0.563299796999274
0.473468121570613
0.54903717288708
0.325191522094899
0.559440402812079
0.511569762605708
0.577114531337629
0.505579708991684
0.686748596990947
0.682032192036889
0.610081394742352
0.480376687196531
0.503631503704825
0.628044253656568
0.397585541567325
0.480269549404671
0.586578013418161
0.583108237070034
0.575222971728172
0.586150528896554
0.584180669220392
0.417476199037836
0.577702966375752
0.544594810942699
0.626010898891309
0.595055710764608
0.669389391016512
0.613749815091298
0.66989435748878
0.654670399267279
0.624870845080599
0.686591756744741
0.685692807582012
0.524231397629805
0.76702048129485
0.607073859540695
0.706982637575171
0.702264664910799
0.639903732030081
0.649693671274492
0.736760288471853
0.840680602143275
0.472569289442817
0.64565026363446
0.711427155650688
0.53972659339055
0.593303371346235
0.800169865155674
0.581486640937515
0.63043846376334
0.706206806470536
0.703990897037834
0.736646177502766
0.625319382674454
0.619909701412116
0.579625680873268
0.681639586254533
0.726002300708899
0.644457814764125
0.702507431305253
0.72808722293855
0.538539219773937
0.623571622127061
0.845125734817597
0.667489563967558
0.560308403542104
0.678579755580268
0.741263668508523
0.564115048322187
0.771100436279827
0.711110437602685
0.718342342144661
0.712889600847175
0.766910215966489
0.779356055296277
0.757317877652912
0.656911008456374
0.685439255298353
0.736693960509608
0.681717842187408
0.682461187220574
0.74804485988007
0.585429701736708
0.805048874063258
0.803693768034551
0.788893510886723
0.769367730938959
0.821699008578749
0.819962145313134
0.803565798348526
0.795361481341638
0.802151750768927
0.693710225786985
0.700782374903827
0.732255259566561
0.707728837329192
0.711834071563638
0.818754378253066
0.823075818799161
0.740694886307019
0.791312249215613
0.594359703224873
0.747227003510194
0.777488613512839
0.812091383878493
0.720317238261088
0.799780236599038
0.743680710674902
0.753591716513276
0.837627170459923
0.772190405088177
0.752662958406514
0.662703339458141
0.773209861352452
0.575568030707464
0.807337913778556
0.749530183558634
0.750470733734304
0.775427220383246
0.796130315233984
0.804260679349846
0.789357874463619
0.488938729262417
0.926634242626234
0.730329629847835
0.703222111367667
0.878229430642262
0.753061580028269
0.596529626853072
0.582473182816129
0.848383686958731
0.839455379094686
0.870965510670836
0.677681359353318
0.712317962326854
0.797621834131317
0.838072863507821
0.768871627013805
0.686306694362376
0.88204765974442
0.914619434005231
0.766606996219046
0.936199074880935
0.82204284549121
0.741825232211053
0.918175452789601
0.916428772800859
0.770716476313318
0.968127821073582
0.778184435788244
0.646079434253324
0.933382080467036
0.985290353097618
0.865662161137575
0.836325912110598
0.869259545315829
0.82823772897628
0.932668343075653
0.844465644470392
0.779644147861321
0.885257510335155
0.901394219513536
0.86288623721841
0.918989192487101
0.893937875154428
0.922666539075615
0.88279406151317
0.996648213109537
0.806542379759504
0.982493149551377
0.879092794361018
0.895067439995583
0.836609560209558
0.892024279223062
1.05471769087315
0.923631105077826
0.905415588873218
0.859796421610874
0.947546177964054
0.966477788415474
0.827196443266943
0.934446600067096
0.788539407194007
0.926182067783787
0.947069312478642
0.966094410733724
0.785978451825195
0.986722097696419
0.924325441559504
0.866687910013097
1.0180783170753
1.02223156408641
0.697864985849223
1.01738819405733
0.841637470366042
0.802904314860558
1.08664139924919
0.936060739513815
1.02994158639982
0.92701611638134
0.773658607953446
0.768167322581915
0.980671607512834
1.00095804297102
1.01013325203806
0.967592343985339
0.862176227864571
0.966535123978104
0.964019518087308
1.02824927302645
0.970150419504825
1.14606635644736
0.962557557289423
0.988570098956186
1.07318813916985
0.882508490831012
1.08805422612938
1.07949570105694
0.870810616685453
1.03502668419105
0.94489537421905
0.990587475902362
1.03322876380564
0.983953480357894
1.02337702571617
1.06206018827614
