-0.0671762333990741
-1.06910024769063
-0.960105989416151
-0.889053747980659
-1.00420317284876
-1.12301299097694
-0.902573814523614
-0.98094625605298
-0.960911999505427
-0.973694702457332
-0.911653913588244
-0.876583062238081
-0.946449123415464
-1.03733635657315
-0.979923199192784
-0.960763235964635
-1.04149758873124
-1.08821138531917
-0.969617868062388
-0.992933311450977
-0.882592733521769
-0.942704669761231
-1.16168008689091
-0.95723137348039
-0.896719887745723
-0.877953400484284
-0.943262217824949
-0.993460639300826
-1.01293250093853
-1.11034814724451
-0.946900834098482
-0.853159956611322
-0.901798140764001
-0.901037257396717
-0.908167086922817
-0.875986408980158
-0.848917144400974
-0.935344738614954
-0.873581125122844
-0.824741855157271
-0.845903677243896
-0.891730665961937
-0.879239153076545
-0.937028911382583
-0.954607299615919
-0.811531767964672
-0.893505917168701
-0.909323943524729
-0.877816086591592
-0.905060158870226
-0.949927169063209
-0.880275577145057
-0.879159828224829
-0.906334289673165
-0.97163704423982
-0.851566448736694
-1.03170019784513
-0.87993701597376
-0.950941722127984
-0.953331637148154
-1.02197929600878
-0.780714965862085
-0.896399205521366
-0.844661443384246
-0.735786339688941
-0.710837892011345
-0.866445324630709
-0.835373932645774
-0.835007346181353
-0.639636036806212
-0.911765309968387
-0.819818879644748
-0.819812513810054
-0.955919355676654
-0.913668212451522
-1.01042981427969
-0.887490091277094
-0.814172297938012
-0.901821239735662
-0.805387070065628
-0.765647504624292
-0.826306780026491
-0.774609128894552
-1.05998889529673
-0.752582513550677
-0.799652178380378
-0.835632174694263
-0.789930124373565
-0.987819191093391
-0.787579960897049
-0.781119489698165
-0.767126437012075
-0.912288747808879
-0.630346970986023
-0.842116547430479
-0.818206940538514
-0.740607014558376
-0.845541966760167
-0.833360755570336
-0.825442428509285
-0.785028291509492
-0.930965026622552
-0.879847821688052
-0.964296192182752
-0.797393032716574
-0.851755275221645
-0.633283586768261
-0.869366994969306
-1.02679169540736
-0.819693529809628
-0.81476764812488
-0.881934241345691
-0.758432805127154
-0.693229244421158
-0.800226821716775
-0.862042369024033
-0.734783310140775
-0.792861011712179
-0.692397676442862
-0.700404434554854
-0.761423375747774
-0.645728540907629
-0.767817018118736
-0.650492539235616
-0.664886533561809
-0.769208280087638
-0.614568381292592
-0.82422123719013
-0.74557933653982
-0.658666203085369
-0.848972776777605
-0.682438828834815
-0.915509388098007
-0.708839798648615
-0.761350285056397
-0.726160591085704
-0.808104894848425
-0.825951406256874
-0.723510592138964
-0.725382823315823
-0.570068238315326
-0.619320418708029
-0.731035629409619
-0.723456368723165
-0.578421998215119
-0.599330316263014
-0.589993543423332
-0.768919222677282
-0.680478859905604
-0.824124259054053
-0.728948520888615
-0.662406528157451
-0.781016096719688
-0.816746588772083
-0.65728657818514
-0.6566961181235
-0.726954977419672
-0.77045168281996
-0.667875222348972
-0.591943719060155
-0.821988169848337
-0.568290139980053
-0.703138018478198
-0.505992160996431
-0.705098852169731
-0.759816887174399
-0.685656242893044
-0.544221532075395
-0.563455464240476
-0.699449577598292
-0.671877584194588
-0.774684378708563
-0.622073792602358
-0.623869986279782
-0.634547246775091
-0.691101750391788
-0.766637343655904
-0.674569256850208
-0.86534956584505
-0.63789542060089
-0.554400360508186
-0.800642927311649
-0.674726019421695
-0.610059575766343
-0.544697047584703
-0.604855703537682
-0.680334075857852
-0.629863373825597
-0.607455460016831
-0.559883465799769
-0.787061463112844
-0.603667091668297
-0.621319421748428
-0.69393184242491
-0.556052341088659
-0.56284415271967
-0.402958345831375
-0.610947424895302
-0.753815751189351
-0.720235563097634
-0.588516995224495
-0.765210060970789
-0.461270833521578
-0.624744176098488
-0.574968614238495
-0.523783645989916
-0.574774751370751
-0.757256502689321
-0.656812552382589
-0.474472394522478
-0.675497397924065
-0.46957317063576
-0.735555331258512
-0.52812734848501
-0.603632744113436
-0.528697361731415
-0.508634550296347
-0.510949855169845
-0.559932760704992
-0.506149100806694
-0.670381646293278
-0.521224941752359
-0.618912827568855
-0.579334359301574
-0.642599690122578
-0.536809441731934
-0.555282911332209
-0.467272827125999
-0.700038668326661
-0.751576758348945
-0.616775165837834
-0.611919494712582
-0.563590897620869
-0.481557186058859
-0.686729963573457
-0.513881908844621
-0.47573149125275
-0.445119735101161
-0.588819075371203
-0.531411648195495
-0.585509342796243
-0.355850413366182
-0.480954510965628
-0.480200428749888
-0.553643491146637
-0.606669058617692
-0.501159199404222
-0.501852222267577
-0.343937503223666
-0.315553122253914
-0.477511555096835
-0.505592985733212
-0.50178010602647
-0.515739348989811
-0.431100438219435
-0.540775709276034
-0.431118134219576
-0.551334918867426
-0.441898911688818
-0.55479588252476
-0.439840302966306
-0.477147300928661
-0.304845482378638
-0.535930701184859
-0.417166549742715
-0.607023877048088
-0.607769209192745
-0.516425680498603
-0.582242575155406
-0.429926057514449
-0.421189404057555
-0.45699429472599
-0.375565924964872
-0.561036182066772
-0.480983235723493
-0.506204056070536
-0.5501432683963
-0.372188662686396
-0.448903766431801
-0.319408676648386
-0.523497674765327
-0.584395175274292
-0.411064206545088
-0.504189272968598
-0.475335563461063
-0.430604591227518
-0.415502765940622
-0.402900394462853
-0.414731301755292
-0.333195206908497
-0.390113281065235
-0.626185046278816
-0.442011518185297
-0.503776555235114
-0.430630236329138
-0.411196685833317
-0.416600566949389
-0.360012761454143
-0.471780610619972
-0.417768037877069
-0.404916386993721
-0.368126822345636
-0.427358162154313
-0.519032859156355
-0.464230070000284
-0.390416420688326
-0.263428480276973
-0.384713223952476
-0.323033625672589
-0.287983327092029
-0.44222458231652
-0.329848652735449
-0.293639267185327
-0.447426417694944
-0.458329619985785
-0.464292358427118
-0.223021377174765
-0.288195074476842
-0.276521833198594
-0.389213737201136
-0.437948719964795
-0.26789171887591
-0.329850057921775
-0.424602531935491
-0.465862318452414
-0.44750966045032
-0.415320422616374
-0.434370924007407
-0.40540349041122
-0.421286133830663
-0.17351257552778
-0.413869586789393
-0.319725150867344
-0.311286254198885
-0.423233684807037
-0.307126722692446
-0.448549141967807
-0.277821974251637
-0.189556210669108
-0.325966181909807
-0.38824429780438
-0.49597377608893
-0.356816964912049
-0.339445274272872
-0.387165617566367
-0.195286819453234
-0.260266061253337
-0.3565001339833
-0.152225495355778
-0.192335703639585
-0.350483885627086
-0.243623682397663
-0.197190276964587
-0.14585632801892
-0.40759988674397
-0.386773609042228
-0.161533769270316
-0.224441050851688
-0.258760489462301
-0.372757175124977
-0.32026548760982
-0.245102812311891
-0.36153136774013
-0.200580146379202
-0.250498052760548
-0.282981344191435
-0.192070385616144
-0.262760431436103
-0.129399660784796
-0.201443432151917
-0.249262850340948
-0.0652574160777458
-0.35400727760028
-0.240028600648077
-0.143890277576869
-0.210169816812412
-0.235415755827514
-0.354291042256068
-0.223553426917097
-0.349455340917417
-0.108137177073524
-0.214838272061139
-0.218377584755055
-0.330294583389586
-0.246214648555814
-0.186523322751823
-0.259744089950422
-0.148899528146393
-0.362920780430129
-0.120504733827028
-0.228710752537993
-0.1527601469142
-0.158015257281162
-0.129791657003412
-0.297097708255278
-0.182941195472384
-0.401089505758639
-0.268831083189893
-0.281690932166745
-0.220796601788085
-0.0382250416136423
-0.35280494595918
0.0981091888621406
-0.236761085985349
-0.151753357178114
-0.154733353227575
-0.136539672712755
-0.116671429886284
-0.0434823000763596
-0.0494724265821072
-0.0773280807796805
-0.23660100353024
-0.117408622495145
-0.0937646132084892
-0.206927087562398
-0.0774758067203626
-0.261204331289465
-0.103610733332816
-0.0562507016650422
-0.129230285580935
-0.074185324246192
-0.0886091505309756
0.0245468501254941
0.0152766465239618
-0.119117431849862
-0.111711962050108
-0.261004186051737
-0.0634190252618974
-0.0503610428407193
-0.0384038245979347
-0.153169898119268
-0.235028582753225
-0.0964038974080813
-0.108796390823841
-0.0984306887115717
-0.100750500771161
-0.265287932664453
-0.164185240754325
-0.0779999153334124
-0.252639241216678
-0.0272385626235578
-0.289996307919885
-0.136127995488125
-0.117178513111938
-0.103321150831923
-0.211572955422223
-0.155733268866131
0.00288798362778899
-0.0736267341730332
-0.0290060557189885
-0.157752854612859
-0.0953127171214627
0.0235871635513614
-0.150213055627189
-0.182974058889852
-0.0246699971282653
0.00184529609837485
-0.0874556086722874
-0.0433573541097167
-0.0101619392585788
-0.11427841386066
-0.119205902859573
-0.122356219911747
-0.238212743061223
-0.0870328975715758
-0.122218772880105
0.117575350795499
-0.229671921796636
-0.0357139013393731
-0.0689497356639379
-0.138897366152913
-0.0852527216916461
0.0646072616351695
0.0597964093923352
0.045027805047391
-0.0995893190289369
-0.0213541142785252
0.0463319631365761
-0.193742436934
0.0967448194502515
-0.0387517752904762
-0.0720478092282645
-0.115237438584017
0.0614047018919209
-0.0303905122740352
-0.141156901945781
0.110999518273801
-0.0652852760629871
0.0256363154930989
-0.0821201923480108
-0.025314809113056
0.11519025946784
-0.0939248449309621
-0.100276703656544
0.0474544164248981
-0.0477468267684688
-0.038384108344373
0.169887566160993
0.0758616920303914
-0.101183857415482
0.0723956034566591
0.00199161931845352
0.0923982106071302
-0.143827228467664
0.128065676977394
-0.000610791145674461
-0.0539033849264753
0.226384028974424
-0.0400096221364759
0.0072117771332735
-0.132063394533257
-0.00536529865496106
0.0435598368299818
0.0574075311092964
-0.00522271822028047
0.0033848249971704
0.06321969022264
-0.0701291844483389
0.180444876676187
0.171367896866675
-0.0619540972554601
0.0582380970753757
0.162404688020416
0.100335337188968
0.0166117076254863
0.0415379585058428
0.140567089998763
0.0604045482077539
0.274115011936899
-0.0138898370386579
0.0300537107656632
0.0471351862500201
0.00456187007298447
0.0900393126783954
0.0727807340212191
-0.0250729816106114
-0.0410271037005647
0.163222975347212
0.0994526755660705
-0.0038392154759753
0.136962976515855
0.201622861061818
0.182085710148409
-0.0414560002118843
0.229545023225581
0.0714458580654844
-0.0387323613792326
0.0404488905319478
-0.0130734598551194
0.210760254535885
0.144444300937561
0.00746018055127114
0.240364131806279
0.0295490344522159
0.00905391113713042
0.0772624253631587
0.0963991699176513
0.0676768100746229
0.0149675272883529
0.117226087334067
0.111782398853347
0.147731158417681
0.116418522128164
0.0402464332344649
0.128541905506652
0.219377512904098
0.193544463500725
0.249798588424417
0.0570890857248333
0.211105617286756
0.144397141941123
0.211134488552996
0.136607116080198
-0.0308373689391406
0.144001882279956
0.255950767373613
0.282149146002054
0.246546267645355
0.14580498601553
0.275414128996778
0.271361998310962
0.119100221719012
0.0965630793857384
0.210790348372182
0.159591478718576
0.119522014571689
0.174965214989703
0.249708139667187
0.345962507817711
0.133586246221927
0.150247611957011
0.0624947179307139
0.194036989089179
0.140570801259229
0.191836586260804
0.18016417497573
0.0187629856538794
0.138602792320125
0.207152860854339
-0.0381525149515394
0.223708224731219
0.0722258681528858
0.197194331576224
0.181587579071047
0.247499546143851
0.306357259898735
0.109810912523709
0.237286951111405
0.126821324335019
0.264626676021335
0.161485807972964
0.362506321579249
0.292609439972231
0.15695039468108
0.205527031419935
0.355011158975773
0.299319028354301
0.0929722455720663
0.311428932798651
0.364118773788036
0.254443944605146
0.250802930521316
0.288044156419223
0.323913517728812
0.20660614183644
0.273378833376239
0.232457268940553
0.26349221238734
0.276150728284717
0.286867572758229
0.111644824808173
0.322410162576213
0.268344808013909
0.380910369722062
0.359693296931997
0.157976517693208
0.334523484252127
0.173423478224735
0.240682428467148
0.283512838537603
0.390883487963378
0.238252426429736
0.246181685472705
0.30687199681421
0.375696832943149
0.469960242204593
0.498092149656349
0.163634948098952
0.361009506157987
0.386426722685621
0.305759953596374
0.204441978828092
0.116961405088093
0.200871495459882
0.235438592945423
0.220242209529438
0.38402655630512
0.204844211842386
0.471718037922514
0.197515347036121
0.488055518824545
0.357768704181227
0.293985715327816
0.286548723331379
0.335718147935492
0.216488000732439
0.0918182029050848
0.38997707707063
0.404318044188535
0.345749343697566
0.411031315485504
0.340350142102116
0.291984622903262
0.46836507446763
0.182259394982317
0.457632731642712
0.430010069758798
0.186653340683298
0.448674626628453
0.386544121666922
0.337547225648529
0.273852972055032
0.382091973593881
0.490403952655543
0.298548377633746
0.329136180923989
0.415410837576129
0.417048619384656
0.305959692270198
0.385845925327112
0.522766132802353
0.281050972134333
0.342062709686885
0.366258914343222
0.513880391094319
0.315070802252498
0.450853650168033
0.348023299547868
0.422036271456908
0.36060501777555
0.326923619155886
0.44169276031462
0.449523728641863
0.487003014770507
0.438868340110226
0.321887371850959
0.37207609558423
0.409304503435443
0.488067498439221
0.367743882491271
0.504426553608985
0.441515079849532
0.333471049382989
0.388407977261728
0.31918800384558
0.493957075594139
0.419727075192013
0.298293271149626
0.581541044164767
0.31150266464027
0.468291604928628
0.472048617313774
0.407311668467261
0.388911678367217
0.476671251012658
0.345836037278893
0.47736457332957
0.459789505889186
0.441982969547615
0.435839880199226
0.548785750194428
0.49495404434124
0.537837978857884
0.41017343536715
0.507690439946931
0.507069918022027
0.555380458288597
0.273364620177902
0.491408114245047
0.383695953237336
0.589424393720046
0.599319007941455
0.520451272863926
0.510199677187536
0.479080479154016
0.505648725209997
0.51312519709676
0.530964103244117
0.488881866706248
0.540559742308653
0.508547611278101
0.40288265906676
0.528105131614717
0.453539294655413
0.530927973709389
0.491145836863
0.372792051825308
0.564910699303638
0.422164859061885
0.481320851056323
0.324346060487668
0.410839767559847
0.55272194382155
0.677721673756628
0.500582331976341
0.484394677712238
0.490106229959538
0.50449705663251
0.597768719572038
0.494537542357035
0.615624969209447
0.447650706515279
0.773489384859209
0.46075425194304
0.550307763533498
0.518114798384863
0.513174971283212
0.680685502005686
0.537603942393479
0.393484908546542
0.573222925247567
0.574891048750529
0.557271316946888
0.494992499187465
0.619680882348844
0.563222575899251
0.721788977625409
0.666875079106794
0.535525514230964
0.42308075911367
0.678600252066865
0.506653204091123
0.608632872029764
0.63631797487364
0.537421858612464
0.467435028215447
0.638549585959129
0.573627924849506
0.556949371541822
0.686197543589292
0.63279724023215
0.662910588755128
0.595019508487262
0.766444027539242
0.756369599029513
0.616029389860854
0.707694563479598
0.647813278603078
0.502903601216961
0.713080045822307
0.525142193922351
0.575615703226981
0.662537430218325
0.673104718685607
0.627228790466934
0.562968231777549
0.845671753515156
0.553125246999738
0.661840268525442
0.699578325459818
0.679977296389043
0.650134344281918
0.604661722258323
0.498865748932119
0.736174269683567
0.666866965987459
0.642118695197768
0.566894211918975
0.738378721017952
0.588964826115359
0.833382615904552
0.650939171017379
0.731528433929808
0.535622033201902
0.458661096137904
0.689879455718802
0.809985233183606
0.558486602632945
0.736659711200552
0.677392123584573
0.580130074453228
0.724960087363416
0.519528866300613
0.739339110800065
0.793179883901826
0.725388673168157
0.61093939109132
0.81236964172819
0.84421584481605
0.547269495268415
0.703401712487727
0.557619930994964
0.700609534702286
0.770844991052223
0.79286304405512
0.827576614172567
0.810467265962098
0.542001378873818
0.711745333476219
0.546482213937658
0.711579131568817
0.861444846480294
0.887059771880975
0.713098449710416
0.765244852959504
0.732070476837439
0.63823094231886
0.833636042836404
0.765076617464491
0.582160589530688
0.925712242451846
0.831215436150088
0.764365855950666
0.739414223257158
0.749370244357909
0.772930902779596
0.796994770922901
0.701121141107354
0.765618098429515
0.749412383444929
0.805914168036764
0.870040999700751
0.804000479357623
0.78154364350005
0.731116481263137
0.718945094620481
0.675273247607311
0.763833242943624
0.757354545162978
0.69493555446545
0.773406340662408
0.833759119366994
0.932438932679442
0.672016440702659
0.975340166754079
0.72673614295188
0.872783122353066
0.715183943655607
0.734087819540418
0.882412910919503
0.943579201677802
0.802101184003309
0.777732783112633
0.798275397715901
0.664281908622437
0.719738159661453
0.671340900836366
0.696911474296557
0.752682364277822
0.874616642976417
0.782262161797013
0.832291264790248
0.82306610943749
0.777885010223578
0.783987971237511
0.732924359237441
0.709903846379818
0.916046557360654
0.663050420986888
0.721971211593219
0.895506663332743
0.904178490250022
0.773279998937405
0.81239770639159
0.938945906821498
0.986314015675638
0.893617732143688
0.791515141554566
0.820073552290366
0.890854886241167
0.977217648201898
0.936958571541016
0.910267630722146
0.781144192622343
0.865918237715412
0.754953824955936
0.927713443284071
0.925035116668488
1.13019989383117
0.794751592604787
0.850306648059987
0.940966799351032
0.877197931051287
0.864798346607108
0.979236501570002
0.875094228399504
0.73506990672101
0.864481596881112
0.737673663536182
1.0119444514518
0.772124574470588
0.897841479864687
1.00678357051689
0.759409041288992
0.850423418283539
0.933460577623512
0.910596857980163
0.827891651697298
0.939951230382312
0.795220831509131
0.977654242095132
1.1684396064406
1.01160683112561
0.972902158755882
0.996314436553189
0.859384764156078
0.87653930230439
0.884782515624565
0.912452036726273
0.860919115639362
0.923361711551345
0.874745047382021
1.00670385774432
0.967984741372695
0.967375246719126
0.962772254855202
1.03198023703252
0.771202308756621
0.925116494366459
0.969037824801173
0.878015373962353
0.931331298703851
0.97477341603741
0.980199981795192
1.06026994549539
1.05216857423309
0.875091229159647
0.984430246525139
0.913438234765724
1.03371216393004
1.05234346471953
0.954257047095266
1.01502545833384
0.837275824473535
1.0204750309914
1.16638651995026
0.908172258343803
1.00825960257468
0.9485840717787
0.920878822412196
0.98393505286545
