0.0340503218740386
-1.00916169798684
-1.03740313362551
-1.12387755219493
-1.00137829091982
-0.849749262119975
-0.912326837644358
-0.988267618191648
-0.9049892946027
-0.932269777988358
-1.0736919914806
-1.04548810331743
-0.920106510334475
-0.964424292487285
-0.94202501056241
-0.875526794834821
-1.1574438130001
-1.10169689432416
-0.916869219962168
-0.941048507408185
-1.03105473118526
-0.929420122513171
-0.904268271514026
-0.977964111530231
-0.909225417195958
-0.889377131204496
-0.964029450356595
-0.965536847083659
-1.1038028210696
-0.837570839205043
-0.980068085706013
-1.00735534053962
-0.961290990718513
-0.912339462021842
-0.961900155476068
-0.91247767990583
-0.941197058600601
-1.00019756864631
-0.906663885013548
-0.815958608985541
-0.810851668994185
-0.863528868584689
-1.06756240842305
-0.944319499467382
-1.0140438420148
-1.01500886075806
-1.004924160913
-0.805268127476995
-0.901305299993254
-0.875715667046923
-0.910166461680531
-0.964719238363903
-0.745360711107078
-0.887485844112342
-0.818498602270329
-0.858755014783282
-0.963996140197925
-1.01481994919918
-0.913639343000904
-0.834068635285537
-0.952741896324253
-0.815144547715849
-0.728253076977543
-0.856177031691049
-0.963447744408987
-0.704142571702712
-0.855710238489783
-0.844860930306545
-0.735261124255157
-0.77175775394447
-0.799340301504825
-0.794999338867788
-0.909285251869725
-0.866918235001505
-0.82529075141354
-0.703579190139554
-0.922020660385968
-0.867220550762591
-0.876583072780894
-0.978945234796716
-0.895554361526638
-0.856202599880402
-0.877503147358053
-0.71041534264155
-0.754568119565642
-0.80433893768919
-0.821942867611229
-0.699721738526044
-0.693798274139074
-0.89446221296269
-0.739932676797953
-0.848314667468372
-0.741701045697111
-0.993123377582101
-0.87057067260863
-0.830073454206431
-0.831334790607092
-0.711965237816847
-0.7912945669133
-0.68322913153386
-0.845761828216574
-0.731684250282001
-0.840342350577151
-0.797383694921414
-0.845695057653381
-0.75606177775483
-0.699765615922946
-0.719444512352806
-0.926541830253397
-0.820330658817992
-0.923359361719772
-0.702934489326028
-0.765040368109033
-0.71627841446162
-0.815187019546067
-0.836972335368664
-0.759115033376845
-0.826387018599051
-0.945259893068732
-0.676136289690709
-0.81170488732442
-0.848058397455936
-0.840562636508239
-0.690945453810342
-0.733469332735442
-0.698857393745415
-0.778122915230903
-0.70469931987484
-0.728388266722394
-0.944334894230349
-0.692645815463898
-0.831082173640491
-0.639591592120486
-0.715263036747687
-0.672859825053604
-0.72296806492992
-0.782813028513533
-0.774094500201391
-0.726031279161175
-0.665348612504519
-0.628538256376651
-0.855986477582922
-0.677790828918033
-0.781891881045602
-0.812902369047572
-0.727486409359201
-0.660057095321526
-0.761139376434733
-0.755392679450567
-0.823660265412239
-0.700836843614774
-0.757942369098378
-0.787533115100745
-0.635184936136629
-0.797951188529055
-0.658118186498041
-0.640321949034133
-0.653440530346294
-0.712392997654577
-0.632537821845838
-0.775252184397214
-0.622609997926269
-0.622860687212678
-0.698179631790895
-0.652791998200027
-0.822729626279329
-0.44089864267097
-0.569648138899856
-0.643835235121245
-0.640059032149157
-0.722424902017184
-0.664280249101979
-0.577767807723582
-0.710393880859803
-0.648565647614464
-0.583249941081863
-0.620940063830987
-0.532023071960169
-0.660833489037235
-0.733849190269494
-0.682697832653228
-0.511174431446041
-0.48507622039562
-0.614513659265556
-0.633674628659536
-0.65071831322894
-0.57631281607059
-0.519035092136673
-0.519826386584846
-0.6350145922738
-0.688316832172485
-0.623891886283924
-0.652902718863034
-0.602694700640884
-0.555394177899742
-0.596487805679192
-0.671784709570119
-0.76444132268684
-0.672190838863588
-0.555233544408098
-0.669291898333365
-0.647863082778555
-0.635831959017627
-0.421170693526362
-0.528349950611698
-0.670413192548876
-0.574594317023115
-0.655896398936312
-0.734801418024592
-0.485435747956537
-0.384114931396314
-0.546062266720756
-0.672104279468004
-0.510138431323942
-0.700709166503247
-0.732756786273832
-0.513185744151502
-0.701537831139966
-0.540747571433154
-0.645327835584683
-0.614168761109828
-0.659598670716894
-0.443517523239778
-0.52263564072461
-0.597968355397518
-0.52040300604802
-0.376416991404262
-0.449336626112293
-0.685069691193897
-0.6105731404057
-0.395885580391167
-0.533055237536373
-0.535209692590096
-0.657973930742637
-0.507292397115156
-0.395031023719459
-0.594319037115576
-0.518979478952211
-0.592825822763524
-0.629855393859222
-0.586013357286008
-0.502501332608127
-0.481602276968418
-0.464285507275676
-0.34697802326638
-0.561048626867362
-0.502325626841848
-0.511522244649676
-0.697717662028015
-0.408032958645342
-0.604295082051527
-0.626582971611482
-0.535893342793744
-0.40582057124463
-0.500643817864503
-0.47923710424261
-0.567293792824854
-0.535826535556795
-0.615818848207626
-0.427587095295307
-0.558782100946731
-0.589038900912024
-0.475559213373894
-0.495206949534067
-0.501004689323689
-0.419759258189987
-0.483609764473668
-0.403635965035053
-0.465157117992197
-0.454193773535012
-0.562059771100631
-0.447686430701118
-0.56582438082367
-0.397059988837278
-0.405840091193761
-0.481978789762582
-0.38870854670417
-0.508997920197692
-0.500388873995685
-0.483206216827565
-0.434555411989758
-0.385764757670782
-0.427663292041119
-0.487152361058663
-0.392182601659104
-0.357587533819516
-0.535539104944145
-0.507151480676401
-0.288552141707436
-0.507138678352989
-0.388828451363428
-0.457953342510582
-0.413353215824413
-0.439396893461585
-0.470610987405235
-0.398198344457112
-0.480723302096752
-0.316650394224631
-0.436360648662356
-0.435584076723024
-0.45021802137816
-0.307720140195134
-0.353409832709173
-0.279669434724234
-0.293748174436873
-0.418875788777128
-0.261831341720216
-0.456690383707117
-0.494065090344019
-0.413636351028816
-0.351875341006097
-0.373666501313428
-0.348137919420631
-0.409822412838588
-0.502924254820044
-0.379438635982419
-0.312879495874494
-0.344508394997973
-0.344752713329467
-0.44662642626436
-0.401434512368226
-0.275901622933742
-0.305851685209644
-0.415195787674806
-0.323896477016183
-0.21271134967452
-0.268853816047428
-0.294669554160294
-0.296206349610786
-0.408045175210309
-0.529929016351936
-0.358804388911319
-0.28569103047764
-0.190944299093323
-0.305128701624431
-0.345323970015134
-0.315827314891381
-0.273255939393961
-0.357657134399816
-0.178640345559472
-0.393095589377971
-0.32560986586436
-0.421325785781229
-0.339011289401766
-0.307691033640345
-0.401405697608085
-0.289351173550333
-0.256231904983399
-0.392240397821091
-0.417524956377024
-0.311824760697585
-0.492005257629636
-0.305524900330459
-0.29898027648641
-0.203086819471349
-0.260921474793204
-0.324567925018967
-0.388496970474524
-0.274490599179844
-0.280494782822505
-0.325151943807838
-0.165402559423924
-0.216290529176974
-0.371922395443019
-0.406743818114163
-0.291631965064683
-0.227016733503615
-0.292593336336294
-0.280468067927433
-0.207102091262565
-0.261530856465068
-0.274988976372847
-0.275745711411357
-0.244360613114118
-0.227910993504311
-0.37449601145094
-0.294489898437427
-0.445263370205826
-0.218621426242369
-0.345837500143488
0.0510921053111407
-0.203913759587006
-0.317815614878487
-0.198088331721316
-0.236933099892109
-0.232662441923886
-0.173907035819518
-0.0381141688851707
-0.219505636083089
-0.198856461604439
-0.256553477862935
-0.136204019920618
-0.262871120378138
-0.152369646148222
-0.394689156508261
-0.208388202416511
-0.253211269537179
-0.247818355226384
-0.14849784454479
-0.286422589692081
-0.215740307469933
-0.152623207229176
-0.13092353205206
-0.188406350835986
-0.174905044232372
-0.162819986331276
-0.162064431484592
-0.204956158175848
-0.139165638894766
-0.210493348565399
-0.175924143631549
-0.0669322367260984
-0.338208071676489
-0.255336328819753
-0.138135817438265
-0.0788438954454149
-0.168548689518759
-0.0465751885724054
-0.215442865777921
-0.23082916861671
-0.0504138305804563
-0.241218198202173
-0.206870886430834
-0.137243393193381
-0.114747560738805
-0.204577752030528
-0.0498191239659116
-0.110891874623201
-0.0847556840617227
-0.264833195231727
-0.0633405630354227
-0.0265226741381534
-0.19086239916479
-0.212290419540141
-0.0289556848890539
-0.176336237801184
-0.248673464359774
-0.28590219670691
-0.0436870876900133
-0.138228625365749
-0.0695445445581614
-0.237768769900293
-0.122169160093845
-0.11807908022624
-0.125372914120001
-0.00433618131097135
-0.0588837343021599
-0.133562260370217
0.0434509804418047
-0.117916218327963
0.0899125421184512
-0.201435408707788
-0.131506735423047
-0.0402619385472731
-0.017691324527504
-0.0598886935414941
0.00482326946021814
-0.187525976439786
-0.0448314703423868
-0.129884983668464
0.0356249036201841
-0.171427502519904
-0.0666630948952102
-0.00930608009931069
0.0165454090616276
0.114739165655576
-0.0849709384320272
-0.0868253562271729
-0.0860849619585384
-0.0624638153465533
-0.0044842123218618
0.0445575279474938
0.0101015669502741
0.0406509419687989
-0.054094916605765
-0.0678632728415268
0.0188951569235621
-0.142110927835243
-0.152079715512128
-0.0867422921596912
0.0899505602746798
-0.0454102673163781
0.00548353849074642
-0.0151460309630793
-0.151106604717491
-0.227277884132186
-0.0252231205118934
-0.0258850291455506
0.16225606686492
-0.032920860633312
-0.00637882884019307
0.0328281754955929
-0.120022126803047
-0.119668369057434
0.0844933443987413
0.154966176965638
0.0623794956041974
0.310999600162995
-0.010265643671928
0.0246023193408843
0.0142308788109321
-0.138073371349718
0.180402741535742
0.0136345339287558
-0.0956718397239488
0.0506833613362888
-0.0181027274620321
0.129374124711824
-0.0803426151015425
-0.0891990309991845
0.0773189893502282
0.0151891905562158
-0.053363667548541
-0.0118153006100616
-0.039486343278827
-0.15910439217507
0.0174723297759829
-0.131636272044435
-0.128223715562882
0.00221122234269258
0.161522754993763
0.079603594919412
0.0826132403640251
0.187833952928846
0.0692939340017388
0.0957253394159814
-0.0531363137198074
0.167405989054179
0.0725356166573789
0.0793057394218003
0.0510916694409507
0.206733572957247
-0.0531020183244883
0.146435192604888
0.0750361399833618
0.0484958296046335
-0.00946386826460761
0.0807894623717417
0.105877787933672
-0.0261337458632797
0.110358156776293
0.0116200759540199
-0.0202543349131007
0.165925950383842
0.115328132881177
0.0671464484513101
0.101290273931928
0.200101144708241
-0.0377242477165813
0.0259403130000205
0.168811108866238
-0.0262035426111076
0.153775547162457
0.0155769072866586
0.0721563778350803
0.0629279555403856
0.175534419304426
0.00561616612471892
0.0347361655024417
0.172892392049735
0.160320993622054
0.100842526015233
0.2010540541326
0.142465286444066
0.172963860492272
0.131071741979688
0.102305509966132
0.175469260292909
-0.00281689214004384
0.0871419896155896
0.109012918733523
0.196578930483777
0.221141744944528
0.178895180220878
0.192237988882873
0.132910863112371
0.0580701242537932
0.181902887804676
0.0649619919868658
0.154108994210533
0.0242167593678503
0.243313284626163
0.00377506523917335
0.180135663965905
0.0738909888210268
0.366521055707935
0.0366084388456958
0.117158265864542
0.203191510641934
0.277983746904565
0.168934018897002
0.155045857029273
0.243323581625481
0.229091497355735
0.222346983688695
0.183565156384137
0.08261429886539
0.228735893015022
0.234822769054989
0.0901254000357948
0.214296124708765
0.0613081780610037
0.182882828182991
0.163133486821556
0.352140956680792
0.303699781399436
0.204158051291363
0.159909831302549
0.271325339773865
0.024334904616574
0.111488967915237
0.160043079206668
0.159553926491195
0.0711220294778026
0.202375502896396
0.192214769936252
0.0393000782274845
0.156633002252183
0.26661749997426
0.261390621054444
0.355849416168371
0.185220746997041
0.249122473452701
0.256179306609868
0.388737574306946
0.198937363618709
0.145031282824946
0.246679133077573
0.35244106815597
0.318804605227688
0.141233359724382
0.269661468668686
0.310141827073574
0.0983939363474791
0.351851200354685
0.361980982486032
0.287163093267125
0.25868568626128
0.168412579401115
0.257899313492893
0.21431747972572
0.17684427281108
0.313106341917167
0.287899429867444
0.287249433795575
0.262734464173474
0.366717992692311
0.141832526026026
0.278025705528159
0.363761813060936
0.323925983384028
0.29215255280453
0.441682292158564
0.304720419587651
0.267559816517056
0.352582579293564
0.353300073669171
0.384013670169095
0.212470972132137
0.394473057518679
0.351787467923104
0.257625956615382
0.374009586125098
0.315957560685844
0.324035537331078
0.262651100012411
0.296705612916593
0.340168268649499
0.331691009325904
0.361921153043766
0.375666352242628
0.294542736064339
0.289960809131261
0.40888552806909
0.402339958039955
0.345256294974993
0.19851343379662
0.340964219700088
0.36531685387665
0.2676305084634
0.314213239169292
0.307248309640108
0.298257150183002
0.414336936574308
0.396750312061233
0.4309767874151
0.41202675222801
0.288955986950022
0.266733785079637
0.351603552307625
0.317237600420711
0.321402294796078
0.355353783715497
0.399168513931909
0.344220782521681
0.535264268978638
0.549576389635013
0.429494842749634
0.476781022010301
0.335958448816094
0.406958944925126
0.540157905048768
0.448496137995123
0.478246528663691
0.399322791863659
0.353889263435843
0.463408310364584
0.177184609307954
0.253881713030267
0.418763985394558
0.295784559681225
0.448403486007867
0.512725624631837
0.536197268794142
0.258614140576429
0.54876093165232
0.454029626560082
0.389724627826807
0.437386720659608
0.355955831458917
0.39006840984356
0.307667439535624
0.646536011152568
0.39712523680651
0.630294768776099
0.553333416205703
0.373568005148912
0.401267885676112
0.280475002508494
0.427567257549313
0.482247559864741
0.601763034655475
0.431278329055746
0.526793823761024
0.407530109878295
0.43692598482146
0.46569620634651
0.415415160490022
0.46734903154508
0.296343614229441
0.404248063918666
0.417758898023973
0.461425990996006
0.392570123091886
0.42509026796102
0.564785723466027
0.376673760333801
0.537479832275813
0.535391051183681
0.507967861107289
0.644173472213306
0.455030374923235
0.597719120346458
0.529036159005011
0.606367571774578
0.428849772569331
0.524146087318498
0.466557776358604
0.515998435686226
0.556811893599488
0.541803796269901
0.517720902739779
0.471776093851818
0.575429553878354
0.535369844480575
0.560001792568503
0.462744113552194
0.647887773071201
0.408228246539845
0.518812010778628
0.407653840762815
0.584080062050472
0.548531578848229
0.506679745334509
0.531313948672292
0.668093061401538
0.578120078062232
0.461641286442412
0.417173392043461
0.502017807207729
0.551062500386835
0.654975350966363
0.531312663538374
0.583095116285409
0.676720987295357
0.545839572561273
0.494611144522499
0.67886009032493
0.52638077000907
0.564149871661564
0.673486727492286
0.629037653064293
0.335806192216648
0.524886603954222
0.641499556256887
0.514513936372864
0.67263917111101
0.66983281115672
0.453557937113241
0.589393804861227
0.614403129827592
0.59292237365677
0.502241541281704
0.550957822113737
0.541662251227283
0.719828163383159
0.571722212144621
0.45472158091745
0.68016688361724
0.514128152160629
0.715846545566552
0.704958156009273
0.637267211029876
0.573549881631347
0.679854471152084
0.613098512949685
0.701819536213535
0.656088724237308
0.546990005868153
0.670300982791931
0.759097068458242
0.606117658098803
0.732960224471899
0.625201286866008
0.643967711969941
0.589691609837182
0.757367822017843
0.671191490493688
0.672765213796539
0.68415422571425
0.681318432903826
0.601703548017441
0.730536860289253
0.753542328915646
0.729520238465896
0.787924367759325
0.604762799674281
0.673928649204692
0.627269307780901
0.676357117800267
0.686421439029704
0.779846610541446
0.835383924290836
0.736546475840665
0.453127686313568
0.662221697752025
0.658517664773044
0.686400637551167
0.650075574529675
0.69696764260714
0.658862149210552
0.707426139833616
0.722475314259093
0.729059780025649
0.783584703793838
0.709763153582988
0.798036347583945
0.812652799302478
0.727355330046669
0.67611960864504
0.870979124820692
0.628915858065232
0.631358256415058
0.754375894958791
0.698633330556935
0.564701658432247
0.63037931689435
0.600928694448785
0.649493717773887
0.746810759729091
0.690700985011729
0.748558537230121
0.661078851858658
0.583087762768712
0.728088689717889
0.831991297022959
0.648843496196381
0.742775099855414
0.674269423558177
0.713439139009567
0.800051729052048
0.785681916207571
0.8521057343237
0.712809891693126
0.865385909260834
0.720504491294363
0.808457668400677
0.7251022342497
0.799441701816667
0.924141449896854
0.739371833842055
0.774112487114485
0.926778460999788
0.891993482039014
0.685261740738366
0.858570803183637
0.828489767459809
0.769276312954326
0.836185123778247
0.801097066108644
0.838843343509263
0.730236417935981
0.698998668556381
0.904506965809926
0.763787260815611
0.677220444546656
0.672458966075771
0.773904803474826
0.958189626596258
0.824791141547872
0.851973472524452
0.857022121686582
0.981862768902466
0.763938770190267
0.742335901768034
0.836198370489665
0.767715937839242
0.825446250757139
0.927131419128274
0.953651117433477
0.822515701560433
0.900727168914736
0.805247150419324
0.752887374882937
0.82153120870716
0.800779188916914
0.763810419490673
0.772196559862869
0.782151085199917
0.877867804531241
1.01354180746371
0.989397313739783
0.947611310558911
0.792017672446981
0.811250283441592
0.881162618533285
0.975853387534122
0.77417250166032
0.9051053734952
0.832036031833632
1.03067238527121
0.876572391351575
1.10897117212225
0.814472798228487
0.945660775297014
0.885361054201568
0.94764281514367
0.851689236980017
0.807869985121345
0.919261510311311
0.965740264033199
0.929776520794629
0.813970412468202
1.16341048110916
0.950446990425912
0.820038265585485
0.818411783056871
0.901093549728961
0.95607973276757
0.67041980993189
0.946471169718962
0.854569754442114
1.00746469444242
0.905319896030789
0.949087054646842
1.06184267019358
1.02405261710829
0.956161308759467
0.981832769185684
0.904052179874204
0.966507017307671
1.0475319986697
0.908511733011859
0.918552983954334
1.02917504443885
0.895007705492776
0.984866916201094
1.04195331855853
0.98805482569872
1.11358095964691
0.941173080926066
1.15115342813331
1.01402969435892
0.940782786347152
1.0494836441863
0.883111573306552
1.09514434333941
0.90128724066497
0.8572471036956
0.960375683979552
1.08779309470888
0.965588738464861
1.05983067402506
0.93281795894712
0.909859313065707
0.956105387922835
1.02814201748851
1.04703333996689
0.990090373420979
1.02349266343893
1.12405260857862
