0.0825441858786715
-1.04918725712373
-1.01438895555272
-0.925862481432958
-1.07443826936078
-0.817689167782812
-1.03092465864343
-1.05893775806066
-1.05261671455292
-0.82574655256113
-0.866783352263626
-0.985863159117245
-1.07074205894145
-0.82431077236813
-0.863344894720671
-0.943424916688031
-0.993461995590895
-0.854540151353624
-1.08711807567459
-1.10181230283647
-0.869774335918672
-0.895485992812789
-0.946135791767599
-0.954626818340365
-0.92139251795966
-1.0365825988952
-0.868774488111571
-1.12161777945531
-0.842252577308666
-1.03660444105876
-0.863801704154147
-0.866994345995399
-1.01735946375854
-0.960047993024686
-0.889379144230027
-0.812997261383125
-0.958302886938839
-0.886858608942536
-0.8845755763549
-0.875096981343932
-0.914647933090294
-0.845766939740301
-1.04606156303471
-0.830833193044628
-0.869423557929117
-0.864100135783015
-0.893564955986137
-0.880131013649175
-0.782461365334935
-0.849593595910265
-0.789695718453984
-0.827620884873403
-0.877450699609894
-0.925403491276548
-0.885263106578706
-0.984287745906956
-1.08945500841548
-0.738812474552763
-0.881662380923673
-0.860704028496601
-0.839705985142394
-0.962809097452803
-0.895003074208875
-0.884772195444276
-0.748887005336922
-0.783824000135263
-0.699336431175984
-0.896611263579675
-0.842979727334028
-0.785723212040602
-0.815199747384405
-0.908979044139001
-0.963410577058136
-0.71948922671614
-0.863832108642737
-0.78644455984217
-0.822402641555246
-0.833516143870878
-0.741103471556603
-0.931245600992814
-0.870224121046896
-0.890728391531594
-0.932062251262767
-0.905708502522686
-0.739967060665509
-1.06155166184964
-0.791493415655778
-0.872512478876608
-0.662172570310822
-0.858213680182607
-0.908700168013034
-0.823068774392035
-0.737597978353196
-0.891632466026608
-0.777412008028758
-0.715253050764433
-0.693757303103941
-0.993928782117745
-0.76881042507643
-0.733626543103115
-0.872056004493097
-0.782732366991947
-0.898057002457437
-0.849473423964796
-0.833369806791121
-0.797031865033259
-0.786074658964146
-0.924840020092341
-0.827291163820104
-0.735821096293732
-0.66242595564129
-0.76879541707399
-0.840702067442849
-0.729598542831747
-0.737333485421115
-0.705937394345302
-0.827396910166727
-0.820334852362365
-0.730948540500308
-0.70246389769025
-0.778437549671875
-0.747140794424673
-0.796880897560181
-0.788284413510583
-0.785935761936838
-0.768381036789729
-0.598858745550121
-0.71270858463031
-0.894030911132807
-0.719096649751174
-0.630713284418855
-0.755065910698389
-0.644414173615368
-0.581096376861232
-0.72730544673586
-0.625742289617025
-0.794836198037685
-0.812020326025957
-0.706964172058131
-0.64707472487713
-0.789074830074633
-0.777902647198869
-0.851431963626251
-0.704916504474773
-0.66989105662451
-0.61648795766219
-0.694278783515905
-0.620127456595688
-0.779492691076966
-0.697968194679504
-0.657394760291241
-0.711762006541667
-0.680792929889326
-0.653516483225625
-0.807315873460018
-0.692484674016919
-0.689609226155047
-0.649649083027951
-0.687187795847278
-0.649584904405367
-0.571341398265298
-0.500533582452584
-0.604884820499952
-0.759283652009989
-0.657436914217458
-0.748637563605059
-0.668334850868725
-0.797819809182948
-0.79613183290218
-0.529081196663401
-0.650027035687288
-0.615069148962015
-0.744608301045977
-0.690412866934543
-0.541019065109599
-0.752452837151859
-0.596435332758116
-0.496019278855114
-0.818885914589256
-0.599801041977877
-0.540864631588639
-0.605519128411954
-0.801803468260216
-0.712928376446437
-0.581828608152482
-0.592699402212693
-0.487875470823696
-0.676627360198526
-0.604630357358734
-0.679267873461014
-0.696629286088236
-0.65559831469397
-0.76132581973429
-0.607772661670297
-0.607323817849673
-0.753892145224955
-0.601719666760212
-0.547647738749081
-0.588138520159874
-0.440898702332345
-0.404655669534275
-0.59387706734653
-0.603132995366584
-0.711380787050713
-0.65631042542961
-0.629639485374536
-0.556504756959882
-0.669394152246079
-0.657716205660773
-0.646899648185169
-0.618322771552184
-0.509386568478515
-0.677564590788255
-0.609316408597409
-0.495670523249947
-0.489571657810275
-0.531386484845269
-0.526925453659612
-0.614308810470288
-0.682728858584704
-0.41719147917343
-0.614364702482263
-0.603451068832028
-0.472950926143413
-0.451809943885207
-0.506277523573216
-0.506158024383051
-0.700198761835624
-0.504194322185371
-0.467742880776719
-0.576913741937787
-0.492492409052825
-0.59163143952972
-0.460927859756494
-0.531408997279651
-0.427940717863375
-0.506088120043452
-0.288828930742503
-0.48505082015305
-0.513838253916595
-0.54736267099339
-0.598574473551535
-0.62346019210579
-0.632728603502232
-0.371320486522414
-0.664739713149261
-0.51895567372317
-0.52694685632042
-0.473511745588006
-0.508799878718156
-0.477568786811063
-0.473740746065275
-0.526802746129371
-0.489732506265033
-0.398889933334665
-0.553276276106699
-0.51486178638903
-0.590630199209191
-0.420578893615936
-0.554494176337996
-0.405971656206999
-0.549084223523983
-0.590141869971501
-0.363707035581817
-0.480681377030789
-0.530861947013451
-0.45311474441465
-0.546751879566577
-0.457142714547582
-0.445178378587808
-0.571164152982557
-0.377896263411834
-0.469172654107802
-0.422652452254584
-0.489696906722108
-0.493013121576427
-0.514513524217324
-0.488391759446861
-0.466374326013004
-0.377356167630509
-0.432614491931383
-0.593114217987901
-0.462247515353454
-0.424100538472863
-0.35389489921511
-0.453265365132522
-0.507167330545838
-0.35632204935465
-0.45849695926928
-0.593451971231378
-0.426603674275123
-0.425841968303532
-0.429910958044859
-0.292698487018267
-0.359642247479917
-0.522017730814199
-0.323190878170266
-0.405108885807627
-0.354063259463231
-0.42293994382233
-0.374725867107626
-0.588255336185361
-0.384387344996781
-0.343233673975415
-0.346243045051545
-0.472043608306839
-0.273283154716566
-0.464000310468806
-0.478263280187306
-0.405071447016603
-0.459354971296203
-0.218033096061296
-0.362833833746801
-0.413001078663055
-0.258041010672454
-0.302396784318124
-0.523249865968677
-0.351173225153826
-0.243983968112266
-0.375219068557706
-0.0980342046402387
-0.316266494338073
-0.296131568495115
-0.279014686467676
-0.351936346209954
-0.452864276810496
-0.423058614045986
-0.41163720187557
-0.349664177281572
-0.425276081329014
-0.286653646530564
-0.389214480405378
-0.266972345541126
-0.306552707315693
-0.361039782325538
-0.37959183289359
-0.469955718047317
-0.384023470625982
-0.334449138820453
-0.211020802621923
-0.265655274304769
-0.399356098975378
-0.317651396652597
-0.347846845265063
-0.33639926417897
-0.356078224365017
-0.354777246215748
-0.225454416456968
-0.237052392369718
-0.223073053710261
-0.356812777634533
-0.360981541640992
-0.322984324054732
-0.267458765938231
-0.163178061390511
-0.295481153888991
-0.240957901078012
-0.386063756044584
-0.161212411320577
-0.196170028881739
-0.340979497154356
-0.240244214243499
-0.151549427695822
-0.236703039243859
-0.300197639043272
-0.228004411649372
-0.249565683894014
-0.169273039924355
-0.207770771797714
-0.119751588409715
-0.301065635156448
-0.422163825916774
-0.212840921784166
-0.151784137754102
-0.186580837520257
-0.362612737388803
-0.269950512108862
-0.0706544264020276
-0.349938053502433
-0.0257460255791053
-0.218387947136683
-0.228677601814949
-0.240232928503477
-0.260707936714968
-0.329978100547102
-0.247328438355855
-0.283542169021891
-0.313202070482977
-0.187038577162161
-0.114467383305048
-0.299415828385821
-0.274360460753666
-0.204245360106898
-0.2656539280416
-0.0626148619264108
-0.218053763033241
-0.131436125924271
-0.419842634357621
-0.101218456341507
-0.139782269604032
-0.187606184809604
-0.269158285583332
-0.187386712804756
-0.191921163157645
-0.283207008869038
-0.133350502423634
-0.137566418593137
-0.21267965123554
-0.274805040615082
-0.214509148271656
-0.117808965357678
-0.222343029186571
-0.179848573200813
-0.15833496901819
-0.177426596452807
-0.264191922138481
-0.0771589857636793
0.0475160764334228
-0.273834403172993
-0.156685800241155
-0.113435078483622
-0.0738341383729179
-0.225594094767635
-0.205080499573534
-0.128663002749881
-0.250225016254256
-0.0957477540605884
-0.0972388568248452
-0.203456596967454
-0.226917490606472
-0.0381198895131776
-0.149420215123556
-0.18857937328522
-0.125938786604736
-0.172743878299623
-0.211121048955738
-0.0392606878782375
-0.056809068418393
-0.14337156948892
-0.0169022636379277
-0.0652452457212054
-0.202162879270736
-0.199727663118559
-0.0999687646544024
-0.182855295761408
-0.103875105620664
-0.126060434171291
-0.105660718458604
-0.135433113730112
-0.0284623903584537
-0.143357864057173
-0.303629841947276
-0.191278407373362
-0.116135131483446
0.0329089187161655
-0.0670707765319791
0.00176641838893424
-0.248749633570701
-0.180363376132794
-0.191923016972437
-0.103179796036709
-0.023427475852067
-0.0536599467991876
-0.26037072181888
-0.123128739991941
0.107186369288223
0.0112480847427903
0.055406636312035
-0.0796187265030185
-0.0513335102687758
0.0959348969113567
-0.0287060724430344
-0.143812136882425
-4.56445760341887e-05
-0.0524306207377449
-0.122022011821186
-0.0886079473387661
-0.142111116437604
-0.0506940047662038
-0.140014105193142
-0.0722867836149219
-0.105994011118863
0.00143392295553431
-0.00951316868511898
-0.0868439273606538
0.071898207066105
0.0211565927409262
-0.216372338398337
0.125633531406857
-0.0575947363622961
-0.100535066568157
-0.0471837256504285
-0.0683259598304547
0.0213718748556583
0.0228075225311169
0.0540445564802682
-0.0807917201788817
-0.0261846739108006
-0.112805856308255
0.017506145291374
-0.084590381844188
-0.0507033650712916
-0.0658032508162166
0.0572935737494042
0.0953999706555021
-0.0819065743347543
0.0224133408315492
-0.0309785752403931
0.0640907240382864
0.0543638991690931
-0.024396401692405
0.0777024250256223
-0.0930720211730733
-0.122821647788059
0.0771415625914012
0.149262874861817
0.0977625235415655
0.03302026646839
-0.0408996383067216
0.145809866184877
0.0250599818555372
-0.0192626194849802
0.0290118043827423
-0.00887510685775717
0.101368323596954
0.0754188487483951
0.00780994509487041
-0.0361171796899051
0.153720591781713
0.0241162378420377
0.13634317834345
-0.137264369531434
-0.0549934157268962
0.0763865855192249
-0.0121076170239681
0.0397842119100254
0.0905101345532966
-0.00998498087049282
0.113871954786441
0.147708614188087
0.194199217303242
0.284571034359826
0.106134840022121
0.0419294682605495
0.0941388592592534
0.0416146966698758
-0.0465412555914441
0.052419387071376
0.0760956195960384
0.103783863782802
0.0943182890521474
0.142004326029064
0.0972228114057755
0.0476465873352766
0.208007538193023
0.0528176641891477
0.0222608331297325
0.0867831986589936
0.125424723036574
0.145193072940168
0.206715207020225
0.336405311088788
0.189530593217687
0.13712486265623
0.158877868687983
0.12758227258629
0.16825148936113
0.311572103015036
0.131842692490702
0.0347411758459434
0.24556165180577
0.0143373752268137
0.160174427434726
0.0909395965675096
0.17460969534995
0.183735897474975
0.0613528082715707
0.205805935247597
0.0548199119553236
0.0673099099638584
0.194710428372635
0.0282360497017829
0.131620516579162
0.14826849138155
-0.0755510723527691
0.0175288091595633
0.0821928223185799
0.250670099560963
0.21089478858157
0.170378634033713
0.119072754934338
0.164994421810408
0.294813219855977
0.125769945716077
0.102065085426292
0.195209913061696
0.10909900595372
0.135553260523445
0.0876565474042348
0.137982829361769
0.213918859648384
0.165927368619647
0.0770634806424303
0.152354634975333
0.151323044625576
0.0239677526557016
0.339811755921446
0.26336502500907
0.183136384105508
-0.00250924291192817
0.264755346528484
0.254222148701804
0.28575036916584
0.224730350436635
0.310871299247293
0.204225871472355
0.223485339950971
0.150608362677851
0.231553639336117
0.370191768875619
0.22684337666959
0.203568876491789
0.324047846550349
0.196044899545451
0.170974894818318
0.210626616205393
0.0178148966225559
0.16863237803033
0.235462353501525
0.289249930420947
0.264478841242494
0.329157667836557
0.226428323757566
0.39927717993111
0.316352164567259
0.350201387749167
0.335674140039321
0.193065626257894
0.278515412447971
0.297319576392164
0.22081908989415
0.340604053424797
0.257014939900909
0.216703107166545
0.316901544874685
0.127443851970267
0.248151881653138
0.390184098347508
0.271878931127951
0.22540788246865
0.307597114603794
0.321313021502376
0.384208667610399
0.354624401660405
0.154134616155132
0.405057309889823
0.316653409518707
0.448056577999554
0.305269979808247
0.270050320260023
0.290607932998308
0.265550809834758
0.284577307353047
0.497754218617505
0.273238603591636
0.413698123860519
0.466458193225386
0.194976533759089
0.282123821164472
0.213439704791854
0.246988532571414
0.341700669378219
0.222784406815744
0.253333028452039
0.352807558139219
0.325171842383515
0.404892045992925
0.346467721190076
0.473883502333076
0.521640037469962
0.319485693066511
0.347002200736891
0.373910014819879
0.504089409861549
0.309101172068593
0.440751794501648
0.257342543228523
0.128810549464377
0.436388954589363
0.446502588586918
0.308535969472898
0.225987291991945
0.451616133061323
0.310232313393908
0.427387933835003
0.257778135532105
0.30354021488352
0.407296283328509
0.488683391217308
0.428141100799574
0.354999079744768
0.319252902461973
0.321042818518451
0.321712138607648
0.409593966296861
0.45109131031657
0.497054203653808
0.272098092495011
0.464370084262452
0.408667944299596
0.299870441407673
0.526797120594376
0.554660444356912
0.392040038222404
0.374147348787077
0.458011748728081
0.451709732433349
0.361037120747535
0.413782971897731
0.376363728365818
0.535204117233665
0.561789276426531
0.559872812254333
0.529505911028559
0.390477504314185
0.491754645469753
0.567950289187064
0.557346245666037
0.448336997774439
0.3468047783722
0.422911621779001
0.530750422074993
0.469597950580119
0.520994667943446
0.524427729179607
0.49838520043514
0.346539446931373
0.465778564678024
0.349836210620218
0.508776086241894
0.441886677035298
0.456378281624973
0.466247352485806
0.477098501263813
0.497729006689894
0.512873374793543
0.456845247535941
0.417031252493032
0.532961658970566
0.437862854322223
0.533842312114938
0.484469972193574
0.450509809170143
0.430907770034227
0.382765225055505
0.578704510354861
0.601905926708835
0.44706232376315
0.449099731820738
0.475593897984184
0.533278523050708
0.489151629060685
0.532583786610374
0.533127831596544
0.437749882231983
0.602898792860142
0.587132140362679
0.481684653582703
0.641591598068159
0.380767157708347
0.462033589602388
0.63499073949612
0.587882826594415
0.434774197422854
0.512359937155549
0.56580301004196
0.48112456716123
0.551006239089415
0.310632014569421
0.523918726596469
0.533664314897726
0.559049740074472
0.520591039111065
0.691519096591453
0.660166191430861
0.595491277742243
0.490241649499728
0.523233089425527
0.647331814086533
0.398545277602783
0.460866387221351
0.57148677591975
0.600030397975312
0.590476755647245
0.613363588627086
0.576806918909018
0.406236333965457
0.607997722981568
0.544823548623765
0.623572160706765
0.571798236851312
0.644009965791503
0.636977357698128
0.679299710771379
0.652537673344679
0.644916923192202
0.684875322661188
0.666774614944994
0.520277137432564
0.78224161077875
0.601900608446815
0.704164325007728
0.705747850524186
0.645480607139235
0.641103460945752
0.732582089500434
0.835935125839464
0.47920225257997
0.627286696759044
0.722020120755062
0.568525975297879
0.622431538616402
0.794872012781406
0.590045116239594
0.643871898070842
0.705690388630702
0.712288149491771
0.742143534881388
0.622549161582086
0.640587745524542
0.572228380614919
0.712620993310434
0.721073589296648
0.645849249222367
0.679396034176974
0.747459843510756
0.548573037296922
0.62669219617469
0.847186713043775
0.618155758190062
0.57283152270367
0.684214356235786
0.74898143139004
0.567307008195652
0.790216264889678
0.712166674006957
0.718991990155632
0.708845565627932
0.777620994038632
0.786600278157023
0.749448740559908
0.660993148298782
0.683426693122031
0.704668021451202
0.669129843274422
0.691637787760837
0.737749117026024
0.577512102545352
0.813482993744869
0.788630505743793
0.79236300333149
0.750746605728404
0.803642017925699
0.806402540804847
0.796851478926691
0.792057487600334
0.80556254663153
0.690964733536327
0.72221282478074
0.722576219338104
0.68377305631448
0.718860555036643
0.806771687010869
0.852194282918856
0.74494050504353
0.804197531917835
0.603103089118575
0.760326597951754
0.783853942414023
0.8031381206703
0.726359382025345
0.809431261542378
0.767597933802799
0.741298343038403
0.836041226539607
0.786072638780193
0.745074959168956
0.668046083394373
0.778334286280551
0.572764271707543
0.791498265334561
0.759235311221585
0.771855447396971
0.758226105385261
0.78391401263623
0.819810259185177
0.796237196364467
0.503714007775541
0.928300001385042
0.732518251200503
0.676002361544165
0.881353961602167
0.769276466551437
0.60828284738695
0.585462563081254
0.833252852236928
0.841720492456101
0.853915941302564
0.685100683284504
0.722358444084232
0.814054780079661
0.826767617853843
0.75889470943108
0.723250341036245
0.852747258583833
0.906548916752261
0.749670800413366
0.932708993031624
0.820075500643196
0.737865018470714
0.913250408927348
0.917455621562178
0.761676869519027
0.965235396615103
0.788275675425409
0.644929857188297
0.911494136267485
0.96764010815761
0.84351415806827
0.85587325559973
0.858479025992675
0.829337194579047
0.927862782670725
0.827687285117063
0.777959772924382
0.902015028073829
0.887192001023315
0.849592314877598
0.927568098107848
0.910309480623636
0.931482747712604
0.872805246736861
0.992752452840675
0.8092684142756
0.984076381703414
0.885464778373195
0.877154577664654
0.84684349048701
0.87079997612685
1.0499764037587
0.926214077937255
0.887624368571725
0.867093045819776
0.93446130221723
0.978437079159916
0.824878200582229
0.953893814624274
0.784216913715494
0.942546253327339
0.958177975436528
0.972243762499279
0.781011588389166
0.961415953089471
0.919636862962471
0.898656909462682
1.02347657376666
1.023503021243
0.67729069877717
0.98380802413334
0.847839537296571
0.797257920301205
1.0792222832458
0.936102045567773
1.03070240964758
0.947902529317649
0.766175994709192
0.748681967207652
0.992392534808797
0.988082477494853
1.02414414605422
0.983081455787388
0.875475113322021
0.970567114376197
0.965725624758639
1.05059020674311
0.992037894030659
1.13594774852194
0.96153175139947
1.001603639813
1.08648482348674
0.911128313013772
1.1024344618909
1.09029457473625
0.87966299634006
1.02197035058547
0.944227202141297
0.984862914517992
1.02980393512865
0.972344877951152
1.0111121183088
1.06095214111897
