0.151158422404406
-1.08682546903305
-0.924838780483047
-0.964655498439601
-0.968981661137864
-1.06279588157276
-0.938575087774091
-0.942198870537576
-1.0103041003375
-1.02624975968533
-0.905135520713384
-0.975707244266597
-1.0082314094874
-0.912089713051537
-1.0196141217143
-0.998570953027144
-1.00650542853703
-0.970475265140681
-1.07841550354636
-0.926046112846383
-0.938523141762058
-1.06831544368622
-0.876953241033123
-0.896102070758853
-0.846332408376031
-1.04101122654547
-1.02978766806567
-0.971753117918674
-0.855193121900543
-0.963741904456803
-1.04172475074381
-0.950494293808509
-1.08387486704867
-0.861912856849023
-0.965404251849934
-0.872816003168523
-0.841697755025557
-0.942870582120896
-0.828268330185577
-0.771026118417913
-0.970180713802888
-1.02516640923175
-0.666210218775604
-0.941167418502731
-0.920041075431411
-0.825107026328727
-0.887258927243271
-0.91417836097557
-1.11360461747521
-0.97047204539482
-0.818616550500104
-0.844273482096216
-0.867441130105455
-0.781922626262853
-0.783940599326307
-0.976943953248055
-1.0113009789792
-0.768185672964826
-0.993941462430327
-0.888131049558933
-0.925870599718965
-1.00106983163892
-0.890715132053088
-0.812558769615608
-1.00039023663376
-0.916676053304377
-0.939163956150237
-0.794019830514968
-0.930818789454068
-0.971540658596152
-0.900881285454893
-0.957940711202429
-0.692168596925995
-0.989311318570003
-0.887636816556186
-0.862299233828125
-0.798783321984942
-0.749306819067199
-0.842081672697417
-0.752093403166656
-0.812921163121867
-0.916869354397924
-0.833157007570727
-0.940038111429133
-0.718897576970234
-0.930952896395214
-0.817409598615529
-0.968662543556589
-0.815994478921352
-0.837275984818905
-0.742632236864023
-0.833887815536683
-0.824253074958098
-0.802205417953836
-0.751830989965048
-0.887376673979072
-0.706267149784439
-0.857397440447634
-0.85144473807056
-0.901694417804468
-0.793639909658872
-0.890515992995095
-0.829294787810411
-0.747350926957738
-0.838978609682148
-0.772062231946546
-0.790169601551338
-0.862962187094145
-0.839470693213981
-0.983914606438904
-0.735754540400462
-0.794029119799213
-0.747003944035386
-0.825369903639898
-0.793807498662398
-0.762859151750738
-0.715440088796074
-0.890049156914676
-0.751668449916615
-0.693199591629587
-0.781446213650768
-0.785662731422873
-0.785870723847514
-0.795623305845575
-0.781740640666932
-0.74095623422346
-0.666615498954816
-0.761970013847117
-0.738835602500236
-0.803393588786099
-0.768966435737177
-0.801497919691116
-0.793727524005636
-0.809606837230565
-0.697588161927462
-0.540178174177724
-0.769195253422515
-0.631284130871876
-0.720553571653583
-0.679184335334179
-0.711214633570477
-0.618409094990048
-0.852808564271087
-0.685853925063685
-0.773200140605109
-0.78801288295074
-0.721269088635424
-0.688701678081002
-0.628461541066034
-0.761322704010538
-0.66522606338413
-0.643736966960729
-0.668830124598126
-0.641825042477212
-0.721614797060847
-0.687543890332265
-0.643135349806539
-0.577860898301506
-0.659695821146664
-0.671677671087614
-0.710151605600324
-0.696519640129475
-0.52751542078665
-0.702222786493518
-0.692812048663797
-0.805156273522152
-0.663137185396592
-0.689789392224248
-0.464565392843038
-0.719566028540547
-0.729807950295361
-0.676158730750024
-0.595531872367085
-0.723753659080234
-0.654707481211276
-0.693309240179588
-0.659834998127034
-0.687243170683408
-0.612508341408192
-0.816709327869398
-0.679656824861569
-0.702617929723626
-0.68895663425306
-0.70830495471286
-0.731229467908791
-0.650987149341447
-0.559030662165277
-0.708446593506163
-0.604941733808039
-0.743694131771025
-0.639052170916946
-0.697531988216613
-0.76030267553012
-0.677735578500315
-0.577780363511613
-0.383957777528528
-0.644575490169524
-0.575434051333371
-0.722914938952243
-0.621838156947245
-0.541270369342981
-0.576092963591499
-0.580508559372511
-0.603154405908074
-0.613448992417872
-0.552051593927583
-0.666583851060077
-0.461193664010496
-0.666301231675428
-0.54082342286083
-0.4933141963827
-0.632183900246461
-0.604593600606621
-0.552044287063103
-0.63435509429185
-0.621501257918329
-0.648164468522703
-0.438869432368523
-0.476692648343372
-0.497738520901643
-0.513875398430348
-0.640622541825008
-0.568805010252667
-0.557571992618852
-0.547692766501227
-0.530034082016245
-0.558058680964304
-0.592004860733716
-0.411304135979614
-0.53567183310453
-0.49915678755919
-0.410568694710103
-0.501881456216833
-0.565409908676912
-0.4664933784526
-0.502671315006478
-0.684898620072291
-0.401847803991341
-0.455436123720771
-0.622341316390574
-0.537975814869698
-0.557474632016991
-0.459216716357424
-0.463079577443793
-0.575402010944514
-0.531146278967905
-0.568969269900971
-0.53577955026114
-0.384580890600783
-0.574206472675133
-0.495868826754143
-0.620527000441131
-0.477835539017637
-0.396419974683634
-0.428025394507005
-0.570577918300486
-0.540730576707995
-0.315880822790409
-0.493729206130356
-0.468478992020665
-0.544762113274527
-0.482736847260989
-0.470259434747966
-0.351674761487391
-0.606005606668948
-0.467112986878983
-0.532025681936107
-0.405972242313352
-0.482214574460753
-0.504311426522811
-0.634931925311886
-0.40140165336709
-0.667831169987649
-0.478666844935973
-0.400180948650328
-0.481881529023341
-0.511142360031849
-0.452399382538275
-0.449254429081457
-0.478621359699486
-0.401409197858212
-0.452306743687957
-0.504018940672681
-0.563625529349825
-0.483032522763217
-0.383950817634403
-0.573399300889045
-0.453245688957893
-0.388551504332541
-0.451861160929379
-0.450769644669372
-0.422247057847236
-0.37200275840803
-0.594096215979393
-0.460066163434629
-0.360993773019011
-0.379686659192218
-0.438349460815697
-0.415392196147372
-0.350132023706743
-0.475249951501201
-0.563800095145592
-0.36540083326007
-0.367694593623719
-0.555478074309196
-0.407314394983387
-0.363976451673114
-0.313907817726488
-0.360163564386414
-0.339342223446484
-0.254150443504598
-0.456034174605551
-0.321860956347614
-0.569947748883856
-0.426163885963888
-0.305126418222033
-0.391069353142807
-0.317170089936507
-0.420681653716766
-0.367010312743074
-0.431711705210654
-0.274859940699095
-0.411906169791384
-0.332606200395558
-0.370356100848419
-0.368668066729933
-0.341878301201905
-0.313840711603249
-0.356407162872383
-0.332121106984374
-0.424775046103245
-0.249495498827943
-0.378571210933956
-0.316298575868685
-0.213747237772221
-0.287831405817723
-0.27224754444508
-0.478198488773232
-0.24788787010216
-0.161291708811542
-0.317527837274583
-0.399887225075642
-0.234561095837131
-0.259613007545072
-0.35177009846849
-0.382957714831964
-0.334683115133741
-0.558190827020644
-0.331738466570871
-0.311034455762342
-0.31675391933877
-0.245672670975593
-0.381158244310041
-0.182080318638157
-0.18556409970485
-0.315146407139095
-0.264118453261104
-0.260072647378054
-0.342471330319504
-0.292304595222038
-0.441283114486498
-0.231416441984502
-0.164518694725451
-0.410850123023428
-0.316923906212054
-0.372716430676598
-0.344160712006068
-0.235097711514606
-0.247436453952386
-0.368548835909544
-0.189989346070924
-0.235092251650504
-0.0380205575586441
-0.221384074686996
-0.36029852016238
-0.200570357188046
-0.257211028227338
-0.294926418299873
-0.226125519277554
-0.253902019828324
-0.434837480197053
-0.241376419081445
-0.248020043214159
-0.233121365942753
-0.220972522027801
-0.318753905028931
0.00199218277194014
-0.0890587332728357
-0.195076126221407
-0.374768043121857
-0.386913494342083
-0.234237438347971
-0.253886729362832
-0.309425988627307
-0.255386642690035
-0.406286469750571
-0.178815130637614
-0.251409138570753
-0.0110883176268487
-0.191476113222757
-0.274416307379653
-0.124989965641843
-0.170809031973598
-0.190693045456779
-0.13798076471933
-0.181438587515433
-0.220632701858336
-0.197994631455407
-0.304651725662473
-0.0875286685000132
-0.104759436879936
-0.277211295808445
-0.1498336294588
-0.187394640063802
-0.178192452755084
-0.18542504221636
-0.193868037607233
-0.13893620625896
-0.378318305622339
-0.109691592699989
-0.12847672748376
-0.174804581995888
-0.223582904136375
-0.086174597499762
-0.341735698647759
-0.308534032206979
-0.176816791410484
-0.251190828188221
-0.233008187798016
-0.175555126148382
-0.124207804940054
-0.205685892071757
-0.158736379161801
-0.137279472201426
-0.0451494949801686
-0.171216323894656
-0.000985359598563675
-0.134903520734176
0.0294980054767309
0.0226504588096805
-0.0605396541820163
-0.0781862180867194
-0.180065663016073
-0.19222587816289
-0.0611556632551663
-0.0764028250720541
-0.171692685699599
-0.133683263581794
-0.0503723014225413
-0.131128497406718
-0.0751539274062704
-0.227107746040934
-0.075187698717012
-0.187090223773865
-0.0253328271397828
-0.087573307588936
0.066265853625494
-0.0915325500676139
-0.0362023197610259
-0.0618390294888517
-0.12761694312536
-0.12295937483656
0.0514557355346561
-0.0308120539000307
-0.145405409765404
-0.0220971612353947
-0.0438657470359029
-0.0822492155535224
-0.0601709288059533
-0.0233531854976157
-0.000700290994106866
-0.158435154962817
-0.0392948257726905
0.0975400966621361
0.0233768757946523
-0.202068586257178
-0.0392162921147467
-0.0627988089195722
-0.0917822315906806
0.149969261054324
-0.181754342804751
-0.0870188713359654
-0.015433799200712
-0.0757575833773765
-0.0930228955260932
-0.0671745447256052
-0.143072281739133
0.0618553675518941
-0.095744319112844
-0.0293899492407185
0.0114048038550196
-0.211600176897498
-0.0654790271228344
-0.117667904138644
-0.00941783360835542
-0.0641457146576485
-0.0601225745165526
-0.0186540648609474
-0.0640318847582546
-0.180756382753477
-0.0490931134749305
0.058221336839056
0.0787493903036067
0.0234105485366344
0.0685087092047083
0.0369058724816163
0.0178176438033516
-0.0202002819333905
-0.0295933554815707
0.0667652150988737
0.0445025231922089
-0.0186354483777938
0.0985538968590117
0.14393657139783
0.00825310936796771
0.0216638549592849
-0.104579568019806
0.0855964856115961
-0.0645101764894112
0.0781373307696752
0.0106405273508004
0.0627129509108335
0.210864933992527
0.0970307910172751
0.113675006723956
0.055424306160042
-0.0100276857981121
0.125024454296737
-0.0497984736009871
-0.0393606942103805
-0.0355463772918199
0.0604076473103593
0.104156891209334
0.107528311939676
0.141021096339553
0.0628953385443538
0.0667277963583059
0.0425375552226015
-0.00433778147671408
0.0548628499238007
-0.0771373485735646
0.14305517402392
0.194916394416196
0.08362601293557
0.205324479369827
0.0957524548965644
0.0478554250737475
0.0754703606754483
0.0882644448951016
0.110304958860062
0.0950021816228069
0.0632528728251085
0.0463095088137317
0.137213671850198
0.0430188819691874
0.100185079559314
0.296190790995476
0.126819387002431
0.228439875193047
0.106172112443098
0.0649742418198718
0.145880640244815
0.243275896992777
0.118023960602509
0.105215492748104
0.312798722408378
0.0554105305172499
0.234811281594553
0.299262116627214
0.0744811481783401
0.123339285764172
0.244897483987838
0.0928875024101242
0.240716210146307
0.0844602534280299
0.341815056933833
-0.0220187716947512
0.140025486378602
0.0575882228540877
0.182826227135232
0.0120946452216689
0.0636095332721395
0.161280978769091
0.127420537141587
0.28900571938942
0.214417489717155
0.153779449624112
0.22872083387129
0.167189364935171
0.333973605754566
0.191635559533849
0.319884107402734
0.0258886854945851
0.249500748449447
0.309037489315458
0.152537749246289
-0.00917310387187829
0.0762056388594021
0.188488178394637
0.227957007799758
0.19108884413696
0.215892772863906
0.0260124677409847
0.123790664281721
0.0552760029374037
0.197377569019911
0.169758113592729
0.298761529412468
0.0977704093029309
0.193878774800908
0.334572984418683
0.216699206888878
0.13355764996879
0.294872157054188
0.199778537003066
0.142522196548882
0.18048813071206
0.181357935906584
0.286479232618714
0.193975032797662
0.174552410857688
0.16375307525937
0.454023527127614
0.395630366624885
0.177991685969876
0.186258903757878
0.202356504590759
0.148695097983254
0.1950780931988
0.259573137345948
0.244661110863582
0.267869018515051
0.18004425499726
0.426359770821139
0.298803145756816
0.26672266873655
0.30222265122787
0.234533259749692
0.331059638710689
0.330095671843812
0.235206715796005
0.353922481166564
0.337945208396169
0.288519845691914
0.281061564358343
0.350168916587165
0.249073188366444
0.420820119455911
0.226984643613701
0.333544580050152
0.16759903202188
0.308032902352816
0.465935401501901
0.342801587218956
0.265779637228629
0.338960191066684
0.306488612839967
0.374988889299066
0.413274286358071
0.174027379822928
0.528800676006942
0.269007481377609
0.273397584096812
0.236576977586817
0.455052900356691
0.289726556782822
0.526676841918548
0.231800246212999
0.250964363677405
0.326801577799044
0.453818191749515
0.22995821781251
0.321949930422538
0.23224366728235
0.147738515698356
0.404604630002996
0.332731573713743
0.348699857274419
0.274524681370079
0.259469674219349
0.257794804497918
0.300605739026695
0.352771026304745
0.231860583321103
0.214942489295625
0.299989217566254
0.557198575723151
0.364126871883628
0.439268981838455
0.401969095206183
0.4411894029013
0.305459208306508
0.417394237258422
0.351748390243921
0.589351437528508
0.456295665632768
0.38875435351339
0.459640672489846
0.375493468593492
0.456416307177334
0.415478348273963
0.475951267171391
0.314998006999337
0.427438194331722
0.234089765982527
0.439279004282626
0.241716337007964
0.368856092170178
0.317432007229364
0.45063768308746
0.541314654048052
0.399630481433972
0.478429836139617
0.362479853910926
0.302929969028241
0.444674008177579
0.479386545079849
0.377414660529526
0.278951590414812
0.387289675023328
0.514988339117008
0.432086867378637
0.537564297643934
0.474368539183267
0.404789086167712
0.605520191829955
0.44081547207218
0.241360477741248
0.412192620245252
0.514966863603915
0.525109249651015
0.470212195864449
0.435444913997382
0.531463452359829
0.404327049595313
0.49471716242998
0.363823119388364
0.496634314199506
0.480210138532549
0.452841059462773
0.529110597726643
0.425555298223044
0.478054603059579
0.494396657967462
0.393003377523803
0.560245606636364
0.387876391029714
0.38945437853916
0.448867518806121
0.52180468506151
0.433099601885676
0.478641643705428
0.487100316449985
0.455724035370097
0.526773136360777
0.552947925826011
0.624316158867016
0.507828695091397
0.431334751394394
0.484092252437107
0.410010523303262
0.430349216726215
0.489424670600801
0.700028013528038
0.441038735044605
0.441475357349986
0.510058986393661
0.49050580500857
0.682869853802364
0.40235280563585
0.499359424056265
0.482154686127684
0.463883710534959
0.553221713987247
0.646204488911496
0.582698275114981
0.354604685131013
0.530575339973173
0.571095161286591
0.483064254734836
0.648552677294595
0.637096242764682
0.659562896433283
0.641951687090568
0.573795816255134
0.551532214037156
0.513563259786514
0.56868358344936
0.648593813738483
0.623963419578813
0.526226167685061
0.669433181541217
0.654733197073454
0.554489297924138
0.566956034246775
0.731862123029814
0.501978193898544
0.677136544588294
0.592717046651419
0.77579463293199
0.521388577527796
0.469794540045187
0.540310549045079
0.675948697299106
0.609316103810445
0.662425960386459
0.605418715361177
0.663174633836287
0.762791992906791
0.716822321023243
0.6358081226358
0.653067006332745
0.643111612448194
0.741612898391016
0.633711908301582
0.609537078445068
0.663010699290226
0.476584155416114
0.608346798934393
0.536590993586294
0.653280491318247
0.430889907090359
0.748137940949717
0.542434950004617
0.574844829147413
0.508320586115907
0.564193141198568
0.666913508227139
0.730017719111284
0.72065049342281
0.536042777369571
0.704608074169006
0.665600059689364
0.676609695063557
0.773205461812003
0.652297792389398
0.609097860013528
0.608351143852629
0.72821977015884
0.718091593726138
0.808659934458818
0.557901503272699
0.647558572098384
0.803446363244155
0.737511970459771
0.673354043115292
0.63286810940546
0.825645420018699
0.628682031651124
0.79392668361122
0.788640764752487
0.683245120605938
0.747329397181838
0.783400637451627
0.749094774895061
0.740766967698657
0.806005182469145
0.605218443849897
0.810246287676991
0.762172596970442
0.734581757674713
0.73014571786682
0.801149334012923
0.781570295176852
0.777994435455663
0.842416521274771
0.669598946165884
0.661330302343092
0.603991542148222
0.757763621790743
0.751527969406181
0.631996568335462
0.763190676755175
0.715516812577212
0.643587780136213
0.98838598834004
0.79975762695934
0.687292046924211
0.943107748878443
0.695078058347215
0.786598700835016
0.538654510444315
0.696360593577046
0.732874662320557
0.743704754793015
0.747855472750813
0.755155596164338
0.797075268497364
0.844954205019272
0.727804550581455
0.791237849874075
0.787491045119448
0.648916230574562
0.731062785751223
0.724544211094172
0.731175823556415
0.786217720777452
0.74761361975064
0.788750528401277
0.888384277678349
0.772077947452142
0.702496675942315
0.762519628752519
0.736529319274343
0.750777311205476
0.767875566282422
0.865255717165554
0.8374800678641
0.906815424839387
0.842271438015633
0.734756433232818
0.959024323532894
0.763746143840586
0.885118820326393
0.80510622708053
0.924064390971681
0.789730999026332
0.689098194148658
0.844105918546976
0.875920298358166
0.815854804756834
0.670385432994525
0.881873085487295
0.872764387033239
0.900144864433026
0.911139902572144
0.890721861734305
0.888873925468386
0.704276219939352
0.967209309791721
0.949435489351149
0.839725988208477
0.804174502076932
0.809841668500299
1.04572001235421
0.871740388077381
0.950032514025378
0.840032455628066
0.887988824568725
0.854566464286921
0.925596928776304
0.9605878834298
1.01915984177756
0.868406788760004
0.925936736126105
0.954791568690024
1.00188697771207
0.746301623942908
1.04986181350111
0.819332567153384
0.855993503659323
0.796566375371907
0.826551194509955
0.909458605899966
1.02190083072225
0.941326307868606
0.860279932792933
1.00962444304546
0.944547276281437
0.945849773562506
0.913270295842915
0.927643522007104
0.989818656288569
0.878748830947468
0.79480459475094
0.917260095264113
0.932719160714575
0.832405334955792
0.989256987611209
1.05411344789121
0.829861726816429
0.841574940691697
0.929698946314237
0.844611435301999
1.07552321891157
0.886232289250803
0.972795472296335
1.12906546352769
1.07501778076065
0.851064357005252
0.924683782960757
1.09869574692805
0.843853845942392
0.90615270957721
0.870935718382733
0.816635056154079
1.0532229108055
1.02976851599262
0.951571359735568
1.01071855075646
0.889375105421592
0.871854138022963
0.993946101050535
1.08362855258443
1.206929620317
1.13635039948519
1.12155304301559
0.988417019971516
1.0631262763553
1.10378602447762
1.03783197136141
