0.15883397656479
-1.11129416216969
-0.891197318475037
-0.948536268828612
-0.973617660873709
-1.06716201489456
-0.920565844124574
-0.93186525628289
-1.0153223305866
-1.0219507269122
-0.878154151888682
-0.981038861248719
-1.02386202164213
-0.925086050135423
-1.01505987831408
-0.981812161023957
-1.0075932699936
-0.976870156670095
-1.0655092944112
-0.921037840573389
-0.940763413163315
-1.05198537028124
-0.858745497656343
-0.907840430357774
-0.842656320931411
-1.03610670652629
-1.02561281946732
-0.978065062641269
-0.860203243797445
-0.957391897015427
-1.03241502250392
-0.949600484204117
-1.08917538316672
-0.894187959040106
-0.971251160619285
-0.872336663678261
-0.843925895030472
-0.950769008139297
-0.838034722224692
-0.794881414017109
-0.978614230766764
-1.03488476478166
-0.664289872332716
-0.94373174598831
-0.932244052117032
-0.840410688007354
-0.897259875706675
-0.91892654646295
-1.12316958219589
-0.98499066795422
-0.80077212257089
-0.847099423470569
-0.879130798496021
-0.788765235867359
-0.781455610184605
-0.982878246881783
-0.992271396129177
-0.76363205718626
-0.987247161630183
-0.872182565416573
-0.913153325853733
-1.01148519521848
-0.901875397915306
-0.811607329657192
-1.00068290399518
-0.925316065495812
-0.939397991321785
-0.787368349998445
-0.905364646367966
-0.988650528146832
-0.922155965625338
-0.947543007454627
-0.71304361371138
-1.00295450672022
-0.895115017723907
-0.83663565396032
-0.823322440975843
-0.753314442048994
-0.837204407477049
-0.784699809220631
-0.801484105493424
-0.91590044660789
-0.80888631886402
-0.941434399684214
-0.702550171854067
-0.936440885550219
-0.822886203934627
-0.985856423033355
-0.814551198736333
-0.810576971034177
-0.759337531586678
-0.816325506922254
-0.833654298512904
-0.793785471727832
-0.757201146449517
-0.877054929201992
-0.696259550610855
-0.849429166529475
-0.852575754485117
-0.873880685450188
-0.794947598178462
-0.894665888143344
-0.82100069439759
-0.752077179852526
-0.822989216743735
-0.773730252079511
-0.798210034552996
-0.862330841276457
-0.836397080450373
-0.971187710322927
-0.736615512667309
-0.806937781981879
-0.729041566888387
-0.81980606014403
-0.787096179677892
-0.764082941264842
-0.724022811444534
-0.856788409450587
-0.751221508707218
-0.700354203907245
-0.768232455290908
-0.794028997503892
-0.770389813354613
-0.784753773424724
-0.783714966375949
-0.736939652434229
-0.67138196739656
-0.754740798178615
-0.754146403654862
-0.813830670719396
-0.791247129008491
-0.807735299796866
-0.78355476077314
-0.833682549125957
-0.707230810233369
-0.546173458963618
-0.765585810265067
-0.605620686450252
-0.722553088684498
-0.694700586693768
-0.710070537023903
-0.609931682478346
-0.8397266405496
-0.674687548945906
-0.766279357028429
-0.795587410231515
-0.720745292058381
-0.695683429605635
-0.644977678819345
-0.757908456191158
-0.682003302760441
-0.62321470163457
-0.670084726201743
-0.637997464483118
-0.733115891527013
-0.705588650523984
-0.639957643643955
-0.559043166036664
-0.63536421337852
-0.659898592377233
-0.722978707413964
-0.67770749795735
-0.544747776692691
-0.706599702715317
-0.708716592105289
-0.803857921317139
-0.661516858261072
-0.693550743449311
-0.459911223312129
-0.701815488484037
-0.735131492057289
-0.683801054849735
-0.581015839607105
-0.727568139879061
-0.646707956224386
-0.703982425027288
-0.654630589516994
-0.682161609355032
-0.622747534314416
-0.816524277967728
-0.675632420238979
-0.689593401520666
-0.691843812582937
-0.726206445119189
-0.71762338288719
-0.624474639134235
-0.568025961536683
-0.724395628118696
-0.612387995687556
-0.71956709131209
-0.634557445266679
-0.703935058566607
-0.774841575443997
-0.666632320477966
-0.579062421039101
-0.390274576893783
-0.626596431894155
-0.563266610080793
-0.746082614554349
-0.612276784569042
-0.526384120532647
-0.576044270752483
-0.589405576344179
-0.600929921603049
-0.613465689616512
-0.551161380227307
-0.66608711676559
-0.456029235639279
-0.693459275681628
-0.551172713535707
-0.497947080084103
-0.613761474670207
-0.607388182748357
-0.543080603299392
-0.627838570754356
-0.655890513351326
-0.637381089674184
-0.451337972849325
-0.491961850727549
-0.496039565396193
-0.525678601197712
-0.633659010202696
-0.583139413643391
-0.572218939095104
-0.548659202722571
-0.535893325999837
-0.539091541385555
-0.588783008368613
-0.412207414600075
-0.52612450506365
-0.512462864087628
-0.420707259396344
-0.503244660845421
-0.525008355772449
-0.471642019945223
-0.497613858338025
-0.695685048100438
-0.407694935769732
-0.454931010375267
-0.652323085131142
-0.528260383135342
-0.544590468229158
-0.468994182382396
-0.465603871886574
-0.557123670426892
-0.531895675978656
-0.582551435236145
-0.528529382122997
-0.411990888873034
-0.572221778037564
-0.520360054150525
-0.612971133693018
-0.46634309144504
-0.387751014200763
-0.433043950480237
-0.576511298280559
-0.544406756705142
-0.321651806172432
-0.469875630109407
-0.463388033306745
-0.530706833970862
-0.471271502854153
-0.48131846098479
-0.344327504492391
-0.581664085945907
-0.460241496046364
-0.54799338119169
-0.396889457649647
-0.450785257021682
-0.489467744014139
-0.637906156150115
-0.400210438079903
-0.646768522536942
-0.488967206446356
-0.385135697348972
-0.474039751830985
-0.524303078616342
-0.455561441284196
-0.42326420460893
-0.488250054321038
-0.406145013241447
-0.452647134377689
-0.513049848788159
-0.561099641399018
-0.49606955938548
-0.37285275084216
-0.554565454212466
-0.462636547638339
-0.366919145661974
-0.465597608674632
-0.456183362607878
-0.407916041172152
-0.37276401451394
-0.586675402486251
-0.47335372419773
-0.353155754972598
-0.371244519437699
-0.429055251319313
-0.409377495752369
-0.33257466073204
-0.47332936286798
-0.571679538769343
-0.38018333830557
-0.352980551871351
-0.539699793096336
-0.420847600565597
-0.386645718561728
-0.317489856059533
-0.362239255526766
-0.320098032788252
-0.259198082345251
-0.448285543474856
-0.337678911284627
-0.568219676568413
-0.445634601573767
-0.336009353549947
-0.390979403512235
-0.322761098782993
-0.411263352687729
-0.345107856299507
-0.414278526787272
-0.296302054220741
-0.422159479186172
-0.334467047677082
-0.364507155616566
-0.367695588821427
-0.339698362702118
-0.318152425747694
-0.368528343361055
-0.351635749293645
-0.436951365407291
-0.249887695381036
-0.380718762564058
-0.327515662378962
-0.234701629836175
-0.279342363821819
-0.297916860906572
-0.471403903136205
-0.22959573426034
-0.144402359113474
-0.33737019301744
-0.386203184172408
-0.218331677645095
-0.2583528098342
-0.33595041515209
-0.392118769135496
-0.352490401583256
-0.56224673322422
-0.334800454916697
-0.337186414522795
-0.316312924152476
-0.243184113338879
-0.377474633239594
-0.168443988687126
-0.1768384108179
-0.322329818662022
-0.262910068025084
-0.280593407148894
-0.330371652717261
-0.312844459271806
-0.425163536478938
-0.210155123225525
-0.172005738250324
-0.410276041996276
-0.333429615413501
-0.354380137374267
-0.329128617704438
-0.261634836003631
-0.254462218256153
-0.373634985445263
-0.203585502432931
-0.223367786907315
-0.0134564314946677
-0.201771775515292
-0.337804378050145
-0.198773049950124
-0.270882274097987
-0.270084164188311
-0.250484958754433
-0.228149611725358
-0.409822067625189
-0.246914392716442
-0.24662490156416
-0.21823850202723
-0.211549594424169
-0.302357956919557
-0.00789417874613047
-0.0904299801180261
-0.212425290557937
-0.364043951625272
-0.381605355838854
-0.250582941241139
-0.267649128217872
-0.314924421030369
-0.231666210552755
-0.397035532949081
-0.167874418564374
-0.276381526830777
-0.00846173701471986
-0.219200372713034
-0.288367166835443
-0.118858648342131
-0.171137976454355
-0.214799330724017
-0.133274485665274
-0.185079316287554
-0.235642288122562
-0.214146666144668
-0.305660571413828
-0.0964575881167611
-0.130102297909422
-0.276406628976939
-0.158642526057586
-0.196750672851493
-0.179527749806329
-0.185676289715309
-0.20518659447362
-0.14831488498759
-0.3891431730904
-0.0937229931480868
-0.12331084031129
-0.15961852579848
-0.215459802155131
-0.0460775643585604
-0.320077798379581
-0.282590607324795
-0.181904030484722
-0.254004715187071
-0.230781319321909
-0.160077265483926
-0.123572608260798
-0.200302125348349
-0.136020465677854
-0.136290669926069
-0.0629584988193491
-0.185625613364578
0.0077338491028221
-0.13567428657691
0.0223437796878695
0.0220302826008337
-0.0486094678454028
-0.0955540161713348
-0.18395376322538
-0.174408087158793
-0.0630841407354727
-0.0683159222286418
-0.183276037066535
-0.12517323518005
-0.0400090495825402
-0.170515626995863
-0.0651350928543381
-0.260607081296169
-0.0623370993666366
-0.183237454019246
-0.0383213394244542
-0.0627457007759617
0.0774636885423185
-0.0976998574641451
-0.0123819776549181
-0.0677891157986425
-0.147501355093319
-0.136115225945683
0.0392638465500582
-0.0429172839982327
-0.144132439505651
-0.025860959223155
-0.0402407298688817
-0.0859269121089049
-0.0676215646140984
-0.0370037704123425
-0.00759739061765636
-0.160165016362185
-0.0312155175753753
0.0832315868047731
0.0313684528611741
-0.211526272085727
-0.0553941311661929
-0.0714517764130441
-0.105315459412314
0.148941923776342
-0.156952572425001
-0.0921549850003182
-0.0172031266736352
-0.0746236430744993
-0.065873287458888
-0.0731062456677879
-0.161315314408576
0.0419685436282526
-0.107396760461573
-0.0323223454040892
0.010405591541004
-0.223850262339182
-0.0695644811841426
-0.113590329141342
0.00687462513631113
-0.0627691501123527
-0.0741689761314474
-0.0275636366698561
-0.0530273578385234
-0.18136316716272
-0.0267019406755615
0.0483571655181071
0.0741123991670468
0.03231853905443
0.101719984726827
0.0349484293645253
0.0241124933816714
-0.00683458107576558
-0.0370379347875383
0.0641588126657334
0.0662028442012337
-0.00129513620407302
0.102483509150317
0.144679688447919
0.0302287592965135
0.0213920394565137
-0.117759852625879
0.105874054818403
-0.0622835525212903
0.067716133646959
-0.000240502331882249
0.0852556520129288
0.20550412071707
0.101318501149175
0.125885762214325
0.0683270150175671
-0.0238502698250211
0.118004570712218
-0.0201823024299232
-0.038979968883345
-0.0225042364593633
0.0690841251634358
0.0931199650956048
0.119332002842973
0.107066259127658
0.053787788936726
0.0400931441238648
0.0411851001622702
-0.00441884640449903
0.0711357966150293
-0.0813745752157986
0.143987866977674
0.199656735623137
0.108750464163517
0.217130921285673
0.0727928696724558
0.0276199267080017
0.0784642875879778
0.108052545628718
0.120549737994672
0.0987039116155615
0.0586616018913377
0.041706321986623
0.152197701553331
0.0300924530605433
0.114149235525553
0.309553575222933
0.108351437907411
0.239480571304004
0.103966728227922
0.0729258395048888
0.154579384700172
0.241195149861537
0.0984452486404536
0.112434138340977
0.316434915521708
0.0437682648054794
0.24749235004661
0.306053738255502
0.0810889996555188
0.146211470676603
0.259630279716513
0.0786464794557774
0.270769038669898
0.0961050182645026
0.36084665952701
-0.00294367710643805
0.138717079690845
0.0760323067522462
0.189891720474426
0.0134806633919747
0.0261516228249692
0.174854143102667
0.147760881469445
0.269990452124876
0.213572037952743
0.141766486593618
0.25256042814348
0.171156962416891
0.350808719857544
0.197717585441638
0.327606849219646
0.0223698163504613
0.245518028166957
0.326905254471258
0.144133531364544
0.00466814239603534
0.0682725219331189
0.182092366878764
0.218635870798201
0.205997314558825
0.218628994630137
0.0239971388033786
0.127313311974536
0.0446849979401632
0.218386285854417
0.175125787832148
0.291767764037478
0.10633922199945
0.188783972911587
0.330706035962923
0.224816736794621
0.0833518794096642
0.309953467679555
0.182144074972172
0.135163013267291
0.179276096965357
0.189276672966581
0.288498103946121
0.216658777254701
0.187879582382721
0.174802643495804
0.457555109610789
0.401276536866591
0.201093495038942
0.192363473223696
0.212445396430896
0.140174410016026
0.214903458590546
0.260345554056898
0.249562197193408
0.298703630784711
0.173945120594492
0.396911021456411
0.288529316999611
0.282562217235732
0.316066623154666
0.22450576838743
0.326860742919885
0.327586245605818
0.23175674109981
0.329960617349033
0.340010592774628
0.264924303919715
0.279913078301031
0.362391036347083
0.270111933415927
0.405190662814671
0.232451768174916
0.342541513216875
0.163498545447878
0.29545253492334
0.496083452924888
0.338162029639897
0.27459155173161
0.370830144938237
0.325419980689563
0.37120349181857
0.422264737706105
0.176283817664656
0.539403282008521
0.269527429420446
0.265084625731098
0.266469195451759
0.453935878337197
0.287458065132819
0.542014423021479
0.221339237833349
0.240012882667382
0.310124949874289
0.43654675238848
0.219078377879241
0.301337561432075
0.245173699157825
0.142551139933636
0.426782586591315
0.323112973932485
0.347296070152709
0.260869543882555
0.283974188007157
0.264258469426389
0.274970988896272
0.369222442984883
0.235714096029501
0.208099808391956
0.301148130062957
0.566285155284252
0.364284321749974
0.435973241910484
0.407911371270869
0.422678313510139
0.304581765403223
0.417309811821496
0.33920957038282
0.581479446744811
0.440882503007709
0.392174664134688
0.438103701175021
0.371420373139551
0.472228922145709
0.435882861757757
0.474489350483081
0.329305013967233
0.428506332122704
0.226695037373931
0.437383206398899
0.247466633803511
0.372097622259989
0.315839016319267
0.437254768043051
0.542055512755206
0.393444925385699
0.490578990510786
0.383866350402486
0.305252263983868
0.475377825475116
0.478972437152777
0.376172457470164
0.288916767506055
0.404442063867014
0.529670836408212
0.44486682464036
0.537976140393299
0.470234620165848
0.415288845603998
0.614043217521471
0.458829445302411
0.235766256066515
0.410170455000133
0.513833771821586
0.538956458495177
0.474526767968237
0.458284642212408
0.525456121669822
0.400657023955471
0.498972562847769
0.359073430080532
0.499543921729223
0.457004382165286
0.460331384316557
0.563093551925625
0.427572742223285
0.482927658376937
0.475496611167342
0.389680404693548
0.567920266765934
0.380646342500194
0.38546462371702
0.448688546004334
0.519360220893346
0.423557178319408
0.496159005381658
0.473717511241402
0.447691717222752
0.531719034211168
0.551846880435302
0.608535816892033
0.491996275723614
0.424802593870257
0.498492196220961
0.388276738540376
0.443472187451503
0.500869361849547
0.699459221563434
0.447966301825973
0.43611055919044
0.513076745692572
0.510287243824769
0.689135639721804
0.398514382643521
0.520510177686805
0.512892660579355
0.457131413021986
0.548283564347947
0.624048733236334
0.569172948215678
0.363695601850909
0.530536263428306
0.575253664450983
0.488478777750174
0.650001816293136
0.664467993885567
0.633946387923387
0.637677731963936
0.593396722304663
0.541443426512441
0.496331065270322
0.558178343277972
0.659206272128526
0.625172807172111
0.528019116501484
0.645345278244775
0.651830812956184
0.54965828751609
0.59141913530925
0.71534692084572
0.489427057254316
0.651281401340405
0.624481106040988
0.785525701670778
0.541700658338293
0.459613044316083
0.53847630130218
0.685215208394284
0.597851552243489
0.660242229362433
0.593624181030829
0.643582432600046
0.746146390558856
0.681591836582088
0.62034018333807
0.63662286087117
0.65881466809024
0.725469203818772
0.62417031589286
0.610363710033223
0.65373759006738
0.476033833328386
0.601338556018419
0.525624455931838
0.653812801176036
0.451404241553977
0.754391038869332
0.514982694272099
0.579705892291805
0.50502316558066
0.569720416217518
0.66857415291358
0.746757225623285
0.708796339659082
0.545488266779886
0.700795516294605
0.671013075680028
0.656392280984777
0.775952661415372
0.645030760565519
0.613713652407201
0.609927013594945
0.713664761019173
0.732134309659338
0.801229246570952
0.547548203631815
0.678874800152791
0.767098892618032
0.752640432786261
0.683741748251676
0.609040916347787
0.840191719852291
0.625430389711701
0.785121178102268
0.815012278253429
0.679377425258172
0.754746799012216
0.767182260471643
0.732939392208747
0.739366278893213
0.818746687683814
0.609035467479495
0.822282157116648
0.746945752500151
0.724861237918931
0.717428776156722
0.773525305115898
0.751119973923804
0.795936940182573
0.843256469185469
0.668205137721159
0.660700427357144
0.610553377472004
0.756564650998262
0.752318884500909
0.644347948084265
0.771185278230067
0.715076921467269
0.64853826806621
0.968846074875395
0.794237916835844
0.703500306978405
0.923416140183442
0.701114710351875
0.786845403464447
0.554262106591699
0.696279838175187
0.726088900084174
0.731830513557597
0.765866538580648
0.776928948742108
0.784582317764979
0.852378888897526
0.727751658511348
0.798135285945687
0.792314609941691
0.656990080078227
0.730879994735152
0.742722826854526
0.725282172171934
0.787009767733068
0.73892563085098
0.771896457064201
0.895555025693272
0.785768573339674
0.711704158502041
0.778971190429125
0.730604509546528
0.758669409764929
0.773962789561822
0.849275974599083
0.832945560086889
0.911266236168432
0.859897070451843
0.738568570852579
0.992628935394468
0.74050010529623
0.878063143125482
0.80462007407875
0.923695985057949
0.793082768475934
0.706883495252507
0.865546578288698
0.869595019518644
0.826835914781343
0.67827451924244
0.868030854292592
0.862811468013527
0.91933723519053
0.917012877458354
0.880343877841508
0.882434002952364
0.692456075635668
0.937936818086615
0.907054766227215
0.863237496306291
0.800094613598221
0.840778044226426
1.00832723474528
0.889227393774552
0.924320935839968
0.840525438624861
0.917187160982245
0.872670841410037
0.919781450256228
0.977612410769184
1.00910458091735
0.88422309045637
0.936904676969882
0.978089836629698
0.998520037610711
0.744231163054157
1.03545190784144
0.833633500898876
0.878463601804494
0.802371469657254
0.827743959390203
0.925055570404028
1.03151486902231
0.920366181385015
0.838220923251159
1.02263628756933
0.962052962064272
0.927539842970595
0.901971938985484
0.943625943394279
1.00109174541556
0.864585845929252
0.806636324492438
0.881959334556143
0.927799825988229
0.845351507464708
0.983093244519028
1.04019850164694
0.84668927864081
0.853204553678297
0.935148403288987
0.835942268100283
1.09264823762927
0.887049810930233
0.981335840817433
1.14431177818709
1.08723153330038
0.839365770204664
0.921251181327125
1.09551055630091
0.844487750432854
0.930779695776855
0.880076954930702
0.851991923003026
1.04869131245072
1.04100023115829
0.955866267952752
1.00199661684568
0.880795714360606
0.859390628934082
0.990693396336535
1.06369536135344
1.19748952276424
1.14300215272539
1.12606765434956
0.992354365153227
1.0475764412245
1.10027312242379
1.01890539721846
