0.0714250969382605
-1.05106294896941
-1.03709636968669
-0.929418905526081
-1.07183664112207
-0.820312608985037
-1.02883645623842
-1.05171361425249
-1.03810207857965
-0.829674453941622
-0.862106984856898
-0.977137326319814
-1.0667167761114
-0.857639268533188
-0.857786755926156
-0.920755269845524
-1.0035600601467
-0.840264185889872
-1.10653149996602
-1.11840070447603
-0.871175637018757
-0.895027867460335
-0.933647813933765
-0.943286779158405
-0.925928012671199
-1.02967412395224
-0.852646134968465
-1.12491837974772
-0.859111220593404
-1.04927680528729
-0.86016633411585
-0.845089873959965
-1.00867214996292
-0.970999579563243
-0.88494624652198
-0.828422067805291
-0.946903797270446
-0.885291357920764
-0.874377723665306
-0.863651937389784
-0.909803628989688
-0.868804709780528
-1.05154699495876
-0.846053272407463
-0.844314112794328
-0.870058641941852
-0.881311617235568
-0.881475562798377
-0.776510469347787
-0.846393749448953
-0.791332691970084
-0.82556689270009
-0.866315932173096
-0.915115229103037
-0.871127795895823
-0.980897634232654
-1.09228941521554
-0.769920842956118
-0.883288623253655
-0.858133137659625
-0.822963564661623
-0.978256183937284
-0.8908590454165
-0.894012445060541
-0.750781585326521
-0.807232002369627
-0.694588566096054
-0.898008165133583
-0.821408244059067
-0.772651561453121
-0.810091066988782
-0.913464523380972
-0.962696426370827
-0.705110482641703
-0.860999978451299
-0.797251725906968
-0.825721851126478
-0.823014765048913
-0.731903436705635
-0.934453800376233
-0.875154273849254
-0.870497645109478
-0.92898552345329
-0.913577598947962
-0.755832276369493
-1.06144764939753
-0.791957394466511
-0.879237102046688
-0.659571106559314
-0.854593012047222
-0.887268627174547
-0.83479113835712
-0.739783667528689
-0.905842109187414
-0.757645184986227
-0.706754000287976
-0.685906098328708
-0.992206939846194
-0.763707589547575
-0.738740868787539
-0.848261499994091
-0.77589594648403
-0.920827669556848
-0.835555034400014
-0.833694811466071
-0.815057317428821
-0.786627636991956
-0.936044143452482
-0.837762543511751
-0.716190008274979
-0.642183672572171
-0.75221381189707
-0.847022169967424
-0.709486412626395
-0.731433795017298
-0.719528529558369
-0.836008969479823
-0.839856918990166
-0.726500563857832
-0.710903503387487
-0.804669508011217
-0.744345826794953
-0.793397612336683
-0.802814857056238
-0.806641035541948
-0.762711676662338
-0.622560156187661
-0.716642060710596
-0.865286793606218
-0.72207840201712
-0.609523864085935
-0.751157425391537
-0.681622035102605
-0.565207229751915
-0.741167455121926
-0.646970413883863
-0.795209710489318
-0.795642155359153
-0.676962362949015
-0.666280081366293
-0.792879188712353
-0.77671413172844
-0.857967272371551
-0.734250225128182
-0.673211545604753
-0.636192009980738
-0.679455991073144
-0.614788996333909
-0.772316037057592
-0.700236069836826
-0.657469601542809
-0.717704819061933
-0.69814876952052
-0.666449772970771
-0.811846114266336
-0.690099103212741
-0.684471968211636
-0.636243288425369
-0.680344133668882
-0.655519763551519
-0.578028838265158
-0.491888982951654
-0.613166626944909
-0.763919841326865
-0.651849632117213
-0.741134037242165
-0.653582880411604
-0.769020775846714
-0.794239626647619
-0.512935678600545
-0.637417098844557
-0.604583020336471
-0.764367280490442
-0.677064120912019
-0.53869092017207
-0.755613387253769
-0.596897528093451
-0.492232745715298
-0.825787687223182
-0.584200973245747
-0.541082456781383
-0.615527557246757
-0.79182927665641
-0.713058982385324
-0.562916242048656
-0.593407411566353
-0.508037586376664
-0.677739626445759
-0.610398406138298
-0.681014934480787
-0.713567133201834
-0.678341723783881
-0.778360762140706
-0.617212631341171
-0.612520833455736
-0.761971645755812
-0.613851472104199
-0.562919804558735
-0.616502463483701
-0.451227598160795
-0.385890558603345
-0.628133953221675
-0.589029784045908
-0.679198019440648
-0.639375416269593
-0.653174211920271
-0.541930651306481
-0.680829234336713
-0.665877279856931
-0.63842757911872
-0.614903855769324
-0.512638579701778
-0.679668849003641
-0.614282404176592
-0.472030464494061
-0.488024127707754
-0.518426720016757
-0.516767835947056
-0.607141340922786
-0.655888076948587
-0.421741245079416
-0.624436559619634
-0.609532555691855
-0.458778645109879
-0.450554651978827
-0.504781420544757
-0.504130993816401
-0.68041954311962
-0.481826547779279
-0.465698465750022
-0.567053249361166
-0.484318659524545
-0.601941544947048
-0.463008557758858
-0.511746467097391
-0.439741842112101
-0.525785541422739
-0.29903380754053
-0.477517617673504
-0.525839650263635
-0.545213932845538
-0.614935604236389
-0.623519054389976
-0.59955361641249
-0.372385076087705
-0.623275146904955
-0.51334946117914
-0.495889922847619
-0.479304935799502
-0.492094442414769
-0.505058914548413
-0.466192326291663
-0.530910383592438
-0.48627057039793
-0.387286905936467
-0.53367164887708
-0.531181718234037
-0.596679767754916
-0.45121352652818
-0.533408803226239
-0.417942432902137
-0.546680379976217
-0.6176501264376
-0.376596233702441
-0.477226596272229
-0.530483701567444
-0.473251571218068
-0.547776362795636
-0.468937778640755
-0.465237469170846
-0.564735011484328
-0.391683615187242
-0.465756199459975
-0.427288181546995
-0.493744277903214
-0.475262924059774
-0.51314690949174
-0.508302057860396
-0.46374216256142
-0.372866112252485
-0.425936048133747
-0.566209004530148
-0.470229008860175
-0.419859111216438
-0.348831524119488
-0.434703980196218
-0.478399653967298
-0.366647693815587
-0.436268376486661
-0.579772740422363
-0.405557518149714
-0.410467925476694
-0.438301951191838
-0.285878649405906
-0.368772979538814
-0.470985085913927
-0.333376871046314
-0.375184982012018
-0.37955906289122
-0.425594656372504
-0.391151053508523
-0.603396175241636
-0.40508029253285
-0.315716324802431
-0.34899214785179
-0.471667974941928
-0.284245879448401
-0.491304379501966
-0.473114315722138
-0.418311806474027
-0.449447108058093
-0.232585574800743
-0.37168677570139
-0.388078622862399
-0.246801058388617
-0.295041488198818
-0.503056364695269
-0.364074565370258
-0.260643428399166
-0.35609430331073
-0.0819618316522749
-0.319700598907367
-0.301644762438911
-0.290162328680975
-0.344677961994728
-0.442573189467354
-0.428938314506662
-0.424242698819296
-0.342758320750019
-0.434178636912743
-0.274447672697178
-0.382121342904856
-0.274020656294934
-0.295851467027278
-0.36120888654888
-0.37540196516289
-0.466653824843084
-0.391438305422881
-0.325249788084519
-0.201480441477288
-0.256801936396415
-0.393953939899755
-0.299978616240019
-0.342896631261854
-0.33345485330751
-0.375546027213334
-0.352696208482994
-0.240216161700698
-0.221967208221212
-0.240365971428635
-0.366439864255724
-0.36397316446533
-0.317718381847007
-0.284470796560124
-0.180344255039466
-0.297867698815009
-0.236632917954364
-0.385557193715474
-0.145289911880991
-0.19533745969911
-0.358401946638338
-0.269020182740531
-0.159086118840801
-0.240937241683667
-0.304176626885119
-0.251178621204415
-0.258720608131025
-0.171579643002564
-0.180095014523073
-0.122987248575175
-0.301939396354489
-0.424923878590933
-0.217045340631726
-0.175466620122814
-0.190257045388919
-0.368912490117775
-0.268982416962564
-0.076311842987545
-0.336444096069153
-0.0380703827609647
-0.211075409037099
-0.241435250528315
-0.236685208097905
-0.255729810626651
-0.321362416756173
-0.250513755427592
-0.30826544771995
-0.315852447525313
-0.1776746640429
-0.111469754106537
-0.301557616079885
-0.276697402184062
-0.210949983907578
-0.26575294553791
-0.0617709266693547
-0.222067208500651
-0.159664597971496
-0.45219523911846
-0.104060416669839
-0.144799970894561
-0.176897913379986
-0.265794180332554
-0.190329479570016
-0.165695519562348
-0.286054702130344
-0.151831360644052
-0.119438320550687
-0.194731506014436
-0.289378006549501
-0.220214715352661
-0.0938925461527983
-0.225416344735185
-0.155665716746065
-0.14118260861641
-0.172777610620565
-0.243628540046391
-0.0804893750277313
0.0264399789624391
-0.293692018472928
-0.148531938910817
-0.117855137009551
-0.0959289508465878
-0.220452413084371
-0.186943673166235
-0.102948432756791
-0.248506902258591
-0.0870946212618923
-0.111313808039601
-0.194373232284719
-0.225948843002666
-0.053137821942591
-0.17380992617977
-0.203280027809659
-0.123544753582165
-0.134878854376592
-0.202687622127996
-0.0444330440062638
-0.0585783585088988
-0.16656200199109
0.00435079148082194
-0.0699342007797249
-0.178095820346936
-0.216489834630039
-0.094036885179416
-0.176675095900353
-0.134552260968128
-0.122553032061527
-0.0841338529638405
-0.117407632474747
-0.0335242597631442
-0.15115161975791
-0.324577138477191
-0.225177157181761
-0.121010717233462
0.0478721326426766
-0.0636591303927729
-0.00939745501430002
-0.242265796490933
-0.163656336506678
-0.196114765253588
-0.0976793523601045
-0.0325440956830984
-0.0480048889747878
-0.258912765559849
-0.116106662204772
0.104226782010869
0.0109188773198776
0.0633090876621037
-0.0724401586929011
-0.054629178763652
0.0806852102786829
-0.04803628681967
-0.159989278330941
-0.00498637394555382
-0.0448890997972802
-0.121994618108332
-0.0788375192684309
-0.132908201755092
-0.0233087325763732
-0.145038174902106
-0.0829866098419567
-0.105233392318617
-0.0100750786589133
-0.0228247157424542
-0.085414835964553
0.0726679088095313
0.0180747823032833
-0.209350915490536
0.111658259252043
-0.0696246651656339
-0.0822918412371961
-0.055792861589848
-0.0619830501801352
0.0108740809378255
0.0102753343366584
0.0503571042721174
-0.078579334271985
0.0100513044590665
-0.101299376952991
0.00256094471342627
-0.07289868184711
-0.0378601168321492
-0.0634774136506615
0.054996174940272
0.124602763985291
-0.077972286474557
-0.00713133951404978
-0.0432838561671706
0.0782500044870408
0.0488812805826855
-0.033903288238541
0.0862968043447231
-0.0641179467948334
-0.135073409847681
0.0738752233502071
0.166457059625629
0.0896364425127579
0.031288300649097
-0.0508295280697506
0.133867718188518
0.0247539455892543
-0.0196050147518666
0.00720175459905117
0.0066593959606582
0.10094205566125
0.0868802074387473
0.0197249556419394
-0.0455544456832033
0.150973350862725
0.0271160765124338
0.135326621141457
-0.129015521581061
-0.0568811480948037
0.0801341757703293
-0.0305640278608562
0.00883212589043475
0.0945823571052928
0.00133644075389439
0.107101858881984
0.138635157580211
0.188838966668395
0.273694485551974
0.107916331644371
0.0455937584128118
0.0869914917652813
0.0495056706674811
-0.0461477527208928
0.0602903702956331
0.0607683446732721
0.0837515998316013
0.0756775293933415
0.131071175663755
0.0876475705253635
0.0354509027535202
0.217953862283597
0.0604094828198289
0.0316302734640327
0.102605850746158
0.0929502995296572
0.129351862635153
0.182687930195126
0.308979439110216
0.216135995245573
0.149124056079237
0.172377056186448
0.118905132147728
0.16062372100108
0.319329877637401
0.121843783651999
-0.000871091782659512
0.248103313478189
0.025141109386143
0.165154219126669
0.0818497107441834
0.163268971580339
0.180832631962267
0.0720210724958653
0.214237427063464
0.0693435697207947
0.0949265670981962
0.204303994049358
0.0242177017028734
0.120683321652443
0.147627615477147
-0.0916777210163512
0.0296011103842151
0.0908112170856118
0.228896736993501
0.225600922263055
0.157895838550413
0.128802635385417
0.167076595858635
0.307304405184268
0.116234244768351
0.1332547797104
0.2085474348694
0.117976664690737
0.115887352981795
0.0941411719984317
0.154473512902052
0.236839432594936
0.16684555190845
0.0766585708299152
0.168678385765784
0.140134999010306
0.043320709604469
0.325781432750531
0.260322721545756
0.189956815381327
-0.00127999949050687
0.258989349682293
0.26447259015371
0.279046550215056
0.232814065296045
0.299487288230993
0.205022165579626
0.228657054856655
0.167930261031854
0.23278362600181
0.392025942593381
0.242953272161937
0.192983423560828
0.311670008907041
0.212471248630318
0.1779175166826
0.204642283044004
0.0344766448423769
0.164916726796944
0.239730676370905
0.314375844591144
0.258442934184902
0.338760143284977
0.227351043249441
0.389904360517815
0.32981276088928
0.335773939780747
0.32288135284657
0.204167759595563
0.280312187044028
0.303244520937787
0.21692451269468
0.372879027271735
0.255481412647101
0.207270492029154
0.313826906256572
0.123971243809909
0.237872061927959
0.401844164620741
0.268910442347785
0.21675916298539
0.31175415276582
0.313768147422539
0.392217250163021
0.34265660360818
0.143087361327976
0.44861202608098
0.322121670193482
0.440562397602051
0.319999586023305
0.264643041886827
0.298586770031232
0.27928469314174
0.276332921396093
0.484550197892359
0.280018287496995
0.438758951746606
0.431069191651436
0.193696754781109
0.279619226950175
0.196735411915262
0.246963566220058
0.354028783263525
0.246762103439899
0.246130207595809
0.350767844422678
0.339142685315341
0.388991621516929
0.345075628842848
0.441578778711955
0.538268737720281
0.306936747327663
0.351036172898749
0.383870482260738
0.511295864876281
0.344502806687205
0.460475116960801
0.256182090803997
0.133404390985814
0.415059396482944
0.428281526590445
0.323864234805442
0.243400520791666
0.442851074511938
0.301395173506428
0.459430607307374
0.207966337299025
0.312612092074979
0.395311234453517
0.49901336697893
0.403861658690092
0.353424261362613
0.331634840636727
0.319464940981397
0.331465226913663
0.42734495819356
0.462744242057349
0.493587304395019
0.261660425499019
0.477592214659284
0.38362260354802
0.289051061678668
0.524995919577859
0.543801719148159
0.421998109207185
0.390977773486233
0.472476504950056
0.463261270859258
0.363537942606543
0.440427674459985
0.380065210487569
0.536425461151216
0.533245494263343
0.565592895008145
0.513702655695737
0.390304661489291
0.472148208362078
0.583812293504318
0.56715532573712
0.445667426911328
0.34644027766865
0.43002315362548
0.531939888358149
0.483615854250026
0.536538066116459
0.4878805518777
0.484251496769627
0.306381142801741
0.468330290327332
0.357435544336705
0.515351622249027
0.437866820640027
0.447905812977008
0.478913604443409
0.474270493656636
0.474802588808747
0.508257250571667
0.473810243972619
0.424155135539365
0.544347107912709
0.418239941498658
0.537078747463948
0.479679524166275
0.465144349309155
0.433306993170864
0.362684634680715
0.59045815114433
0.617500799601992
0.469622510808393
0.455005630740736
0.473649359095149
0.559696752583889
0.501649002015175
0.553403600705347
0.506431888201863
0.431988076190072
0.580498544361259
0.61009296002722
0.487358315433478
0.637243920570267
0.37093216703737
0.470607893207346
0.629072128973742
0.591776734464452
0.447338129799861
0.521893763827099
0.584592860593512
0.472583805211947
0.547843497205951
0.312414099306999
0.542342863119849
0.518611319093688
0.576498377516858
0.512912361568548
0.669958262162209
0.67670534591976
0.599917036274423
0.495525842681948
0.518139920281819
0.658356239482527
0.388133999783504
0.463917840933969
0.568770832627749
0.599792625003842
0.572346518152978
0.600459994666051
0.59084880388327
0.419987627392706
0.590451889233103
0.54172629759551
0.636369229218438
0.581098009749715
0.657193319174883
0.627873420925814
0.683898690805729
0.664507335967323
0.643333125872923
0.691935520899696
0.682584604829587
0.528798202406248
0.788985658240904
0.595997392316373
0.721251960132303
0.704053944187218
0.652472391531923
0.642512397715541
0.751303952576091
0.833261857030678
0.482076448294149
0.606358757323714
0.69959035418859
0.558385773288919
0.624685614370307
0.798258272478581
0.578207957291296
0.637280396094982
0.701120278535184
0.703387137249335
0.728251578378771
0.615337698375583
0.634809656522933
0.570672035752067
0.706868057569105
0.681697366920712
0.629790549711877
0.682525076019239
0.730206888735002
0.564719341275526
0.628879699094191
0.842584262082776
0.640983216926127
0.575110072588438
0.681077079899176
0.760187873214129
0.547602437270669
0.785063056285145
0.728296595966764
0.70948966437379
0.714036719796439
0.765075089385658
0.789777591143117
0.762082395883253
0.655901694439051
0.676617699322137
0.70994668521296
0.685086645750144
0.68628776789763
0.748926774375305
0.597281808151211
0.803022629820142
0.8002403069653
0.795140072900204
0.76836387764122
0.805782224058378
0.80153114694307
0.83583518191318
0.781591626365042
0.801003554770419
0.693463730145214
0.71103280368125
0.710512707324173
0.687944536963374
0.703374885049627
0.819851814862067
0.833729624781424
0.719954588853984
0.775542051812723
0.59706433604183
0.76368667295232
0.803219875249699
0.824431166815662
0.738752694839991
0.79282370328523
0.764242501139016
0.735070082835068
0.85646742012794
0.784495520626477
0.768958899758008
0.649401595723063
0.799196184734721
0.573238679338421
0.810666782840275
0.74672334813919
0.763431588512644
0.774108268504783
0.794183258512544
0.815530737937605
0.777125641481621
0.516190468618243
0.920640262661482
0.745299572865826
0.715671130287063
0.864499693537146
0.749648824838414
0.601626816282232
0.587647501210816
0.835493131145701
0.828169475881911
0.842066793113136
0.68113877287107
0.726828265748177
0.779443912289919
0.830714906272258
0.765184357603241
0.70855408381117
0.881323074810134
0.902997398224128
0.756809859588634
0.932232473047994
0.809041979181194
0.721008002419913
0.914689768214756
0.93530592065015
0.752059236723938
0.96779466221864
0.774519422875707
0.655976434902642
0.912376898134729
0.968333685327462
0.864807727357743
0.864196587118933
0.871772528876253
0.830221805337385
0.939768951455136
0.858382138287266
0.752852040607244
0.903836277267943
0.877785769368212
0.869098324422829
0.904064418784427
0.907645067933368
0.941531464786189
0.886506877818551
1.004474849378
0.812541423689562
0.978208096200891
0.892875674906581
0.871551012776558
0.833635186103268
0.873061973867929
1.0558508065335
0.949078126158388
0.888843221656992
0.865118280460609
0.950021697439525
0.971487724630194
0.82344288526861
0.933404352253545
0.781999329006316
0.927119256989815
0.966636038584384
0.971776370395996
0.769870661925703
0.95497937137566
0.939844310656859
0.8845303072526
1.01145607934444
1.00079932256142
0.686181410030651
1.01363176661426
0.837327942387672
0.798047173447605
1.09735844759187
0.918651807498146
1.03844308872648
0.949141716087396
0.810256294719821
0.766753549802869
0.981924039303037
0.995080563805565
1.01271351747206
0.971642422958305
0.859345965441733
0.95469676428495
0.959544158709756
1.04964516047089
0.966993363283823
1.14178872876145
0.97410871163339
0.995333705133588
1.06065564435439
0.889329555734774
1.10537114560027
1.06549311903569
0.861202547704838
1.02287887406717
0.954388407526986
1.00580239101908
1.05310382144325
0.973867005922412
1.00549134418522
1.09023120830142
