-0.0683953053028998
-1.0668562018509
-0.9450809062961
-0.895779175198832
-1.01693254904622
-1.10974378668406
-0.894062251127105
-0.985906549610704
-0.964945113724237
-0.961454748644549
-0.903811131217218
-0.866741819514741
-0.948584451815395
-0.998849071294772
-0.971636632154516
-0.952830444827893
-1.04691477228888
-1.06052152559027
-0.968244829131669
-0.992072748503163
-0.88885767106091
-0.954082778614898
-1.16524588845857
-0.9233177196654
-0.890984293656681
-0.903769098593574
-0.956749956124825
-0.987934719811173
-1.01726982963388
-1.11178014581912
-0.969186457074901
-0.848662682226644
-0.896026136719696
-0.91300126891129
-0.923689780007403
-0.883282447882454
-0.851633314754533
-0.923097208047921
-0.843000970035058
-0.836393280860078
-0.838192574563481
-0.908429589897203
-0.871622556403079
-0.94974099452124
-0.939753576223764
-0.806031831062043
-0.88497934513698
-0.905196385659914
-0.879080205873845
-0.909180791591705
-0.936584536454657
-0.872443563971455
-0.878462950405548
-0.909553622368639
-0.993609510562793
-0.836432997535541
-1.02667411260137
-0.887052224862466
-0.944055533815473
-0.955160261399838
-1.03224856424385
-0.772476083606616
-0.879476201817342
-0.838125279022472
-0.725434603402847
-0.746165398022436
-0.881858761374633
-0.837867618429587
-0.851449756188726
-0.620043877663789
-0.906527400122435
-0.822158040656844
-0.825353052274774
-0.961422835492421
-0.873662596246787
-1.01365651492655
-0.898869722766632
-0.822977003508697
-0.914958002164333
-0.808671324826759
-0.776893769734518
-0.812573687785292
-0.793359239076587
-1.0501535849294
-0.773678284678952
-0.798279808047152
-0.845395346480707
-0.791573285074631
-0.988698255568285
-0.773204549745548
-0.785844022616578
-0.771794961942628
-0.924172752113701
-0.632290318311348
-0.823633375793413
-0.82568250395569
-0.754075432805554
-0.858570525882003
-0.83366867770141
-0.802424138355689
-0.796992347425842
-0.936440125820652
-0.865106573584987
-0.943724140387245
-0.786511748754152
-0.863894510544527
-0.640004441528958
-0.849383441959976
-1.03139842527281
-0.826335465380101
-0.831678508650179
-0.868588459468495
-0.75960811551731
-0.698930909558067
-0.80513882268576
-0.863452295587228
-0.733228844484667
-0.793110794248197
-0.679941913775824
-0.69432593359691
-0.757041095887109
-0.646633114782921
-0.779998765739713
-0.659660340921434
-0.631030671554267
-0.780991756691762
-0.616279228975122
-0.828975398439028
-0.763222603625961
-0.654442404252777
-0.835868619309641
-0.673217698050614
-0.92661545652476
-0.707983745063429
-0.739537122249649
-0.722720573790516
-0.793336140964743
-0.830429141018869
-0.709087614075321
-0.746593114625827
-0.587863136323741
-0.65019744533011
-0.743003908428726
-0.712041835845346
-0.564329956335783
-0.591491713086464
-0.556020737517668
-0.745348266920983
-0.676567537341498
-0.804617100195956
-0.737259072192947
-0.643992016771988
-0.762530285904154
-0.817530073019967
-0.663724856029198
-0.6662485582327
-0.710691956611168
-0.775861030633453
-0.707507565001523
-0.561474057438504
-0.80331309789793
-0.557657100350376
-0.692923979746945
-0.504766291937648
-0.704117081399649
-0.77691536870859
-0.67569225242157
-0.567124930285577
-0.557519787624725
-0.676972419514554
-0.658110270614471
-0.792559386145481
-0.62097711020858
-0.639853092576235
-0.630025089949196
-0.699493581717728
-0.748089607310065
-0.67926541499184
-0.838261255254192
-0.62799478816113
-0.573174753619638
-0.802113386644006
-0.671171872948287
-0.602474266614711
-0.567869547023924
-0.611180143430587
-0.660523204740247
-0.624827949044875
-0.636724670728346
-0.554046874223865
-0.763225509282739
-0.631665311020686
-0.631620313731673
-0.699852784549381
-0.560427623470589
-0.564549066526951
-0.383339538039814
-0.606140737894998
-0.730944121852164
-0.725463942944987
-0.576140031549264
-0.755250269024445
-0.473800426290988
-0.630328737518031
-0.578344400671865
-0.521168642778967
-0.57667386721605
-0.782706358424379
-0.635903357616004
-0.476977138221759
-0.675161123514858
-0.47586470941238
-0.74422155364868
-0.534952812928053
-0.607359718935859
-0.539603583012927
-0.514796109099954
-0.495282471239133
-0.559074606728444
-0.482414316230419
-0.656611973430343
-0.537244026663365
-0.640820809760861
-0.548197946852944
-0.664861332039387
-0.520684752722125
-0.557438317060266
-0.464405855110548
-0.708924594859132
-0.765170471217565
-0.614107563131715
-0.597831223921826
-0.578802469007956
-0.488187981394748
-0.662341618806889
-0.53600445528453
-0.467848516016873
-0.416189878857962
-0.580418888802406
-0.524246532556188
-0.587341981164643
-0.36180629396177
-0.506561958543651
-0.471006757774384
-0.547260191037608
-0.591373297725071
-0.543741297941808
-0.510084487269761
-0.342325025357265
-0.304890163571576
-0.476511378831883
-0.494769509441504
-0.498857736638106
-0.515405160914205
-0.434750953706272
-0.540558155717641
-0.433110116472136
-0.558848194642046
-0.412233717738997
-0.555100466148651
-0.420417456578244
-0.471920708358047
-0.311685492454542
-0.519053742217812
-0.415207158384497
-0.607866448641838
-0.609256222823452
-0.50177553933134
-0.577376160533515
-0.430876762704998
-0.399520618354588
-0.463064414777429
-0.372124165829802
-0.545759518709706
-0.50189189830374
-0.508624394310441
-0.53578109651339
-0.372840119491576
-0.440843516915939
-0.328300621984224
-0.504382479471175
-0.561759265576805
-0.414482366772837
-0.499503270950606
-0.463005941757293
-0.435266157938893
-0.402855181186711
-0.393359697172382
-0.430518555197659
-0.34279687529085
-0.379162456296006
-0.599301775588663
-0.439568253429558
-0.501252453852149
-0.419326592940588
-0.395618815153059
-0.402426760533886
-0.367973156749261
-0.467941226020475
-0.436059040056707
-0.388751561817688
-0.368273196229134
-0.444557706282881
-0.514245017628932
-0.487726112615939
-0.393479412842316
-0.245085485497147
-0.364071946230717
-0.311078615084203
-0.266971689384296
-0.432960075912881
-0.355408796305505
-0.326874374861104
-0.43636116362257
-0.484413147766391
-0.486699130204941
-0.229228011739828
-0.284512342236495
-0.28409288714105
-0.373533026037508
-0.45061916586393
-0.256105739348025
-0.342004859414032
-0.411439366272305
-0.464920086116198
-0.440362293375163
-0.40907880800111
-0.425104849675977
-0.415693582404767
-0.410597503297808
-0.181771680955373
-0.418351202591514
-0.300416455001227
-0.332029488778807
-0.423140986710401
-0.302963404861409
-0.443002899703443
-0.271653460534092
-0.171563439161391
-0.334833864392622
-0.395748688890798
-0.47735846276957
-0.341269814977008
-0.31979381282791
-0.36953429233376
-0.179412822351345
-0.257727996287848
-0.37072256404467
-0.150063265977788
-0.197548028033534
-0.362100999754022
-0.247811269506926
-0.198077724151027
-0.1399351513899
-0.403923538918763
-0.34155021071102
-0.147575550207566
-0.254309594735683
-0.248847438878178
-0.352480164065206
-0.338372095625255
-0.256581572392946
-0.366953312601906
-0.179065432143684
-0.232571568726298
-0.279002361889366
-0.203689951365125
-0.263497949179488
-0.152416373482724
-0.176174599217421
-0.237096064475927
-0.0735807215070384
-0.342600878521616
-0.237340647116522
-0.141244081960232
-0.188345060018497
-0.231768955583974
-0.344802686886775
-0.232947351592987
-0.344260258342334
-0.121777072378684
-0.20507563476849
-0.198376472654461
-0.319901208834204
-0.269232629111111
-0.197734028137372
-0.299662063793893
-0.154275687522469
-0.339844309333019
-0.0973991558190469
-0.233002160526889
-0.183464981122852
-0.148416923926627
-0.130849210231269
-0.28231899882196
-0.148363753998034
-0.389061817956485
-0.276895848189456
-0.265185160329846
-0.216713956407045
-0.0243584362310471
-0.353777005736645
0.0856529379732926
-0.225067671575978
-0.167743295209655
-0.156005748783373
-0.142535373820525
-0.125933799406142
-0.0348737954833555
-0.0626206800932862
-0.0814219202119364
-0.234997974660525
-0.133759383003779
-0.0779932241308188
-0.20311868881675
-0.0735738372068511
-0.250742148078006
-0.0936561776119868
-0.0564822332912936
-0.152725911330602
-0.0722261102666649
-0.0867280225347821
0.0227030179387209
-0.00350074346444221
-0.127415066070141
-0.104438373529393
-0.239448218511216
-0.0686692517221096
-0.0699714039671073
-0.0658938882622586
-0.155467186858702
-0.21636451903819
-0.110150224194745
-0.102521398034985
-0.099234341916134
-0.101757588687708
-0.266743553129524
-0.174609682857295
-0.0716963964789944
-0.248023164280094
-0.0383503552678825
-0.285653174879589
-0.155160908257962
-0.0978487714537395
-0.108540713357837
-0.222441223308778
-0.142985195407626
0.000942866004867109
-0.0816758776370383
-0.0292684640935651
-0.17319853944375
-0.101561812356113
0.0341342776083469
-0.159058910677263
-0.170286248724226
-0.0378610849559068
0.00429842832724938
-0.0749955855930625
-0.0175451921484244
-0.01947778932931
-0.112195771733945
-0.113955134884697
-0.12910860305981
-0.224139636721905
-0.0896506849256792
-0.131587621198419
0.109141487607808
-0.236423249723032
-0.0377256187962094
-0.0655816186296097
-0.152116495287233
-0.0455038436060674
0.0832452004092814
0.0424518422331371
0.0373344445254971
-0.103414238700462
-0.0276323313939206
0.0423269543594214
-0.181298412461752
0.0961361243834996
-0.0541647886742279
-0.0693197752787894
-0.114234833892768
0.0584773956754834
-0.0349613973092383
-0.128830557849049
0.103319276327053
-0.080109733528582
0.0247135712369813
-0.0678483337962163
-0.0304771439098564
0.11297256430801
-0.0844283700711305
-0.0988554082057108
0.0583842025677593
-0.0547631161862091
-0.0455567534213969
0.152760155009125
0.0512691077100665
-0.0899663861736942
0.0823255390006359
0.00638792753171054
0.0925606774340256
-0.121774266754695
0.139104642129392
-0.0113950867223674
-0.0243317055190689
0.229120304816379
-0.0408002589234517
0.0148711096505069
-0.145052088998395
-0.000431842778448
0.0535567553597197
0.0670043019477269
-0.000291752475966261
0.00445096917301058
0.0737650349847037
-0.0658597866001892
0.194284433483202
0.203474193240377
-0.067440221193953
0.0567726691222427
0.161671308069369
0.0824928639928128
0.0331760070879162
0.0294953816038591
0.166419931304003
0.0731151485355269
0.273979978354417
-0.0112554972825331
0.0282420643290072
0.0587779688679214
0.00520276897063086
0.0886613608915432
0.0936806995038349
-0.0131005950322642
-0.0396884058564833
0.166251275592719
0.112131666331868
-0.0241707443694193
0.145033696736739
0.189320452603723
0.192012144849967
-0.0381569118853103
0.226942610929784
0.0816283764797802
-0.0114711617618751
0.0256798575649551
-0.00824318943332387
0.210980018974437
0.140770511732867
-0.0142852530584541
0.242314479625296
0.0336826514348256
-0.0168384265939088
0.0639853021354315
0.0983594846177349
0.053995063420842
0.0271069396489563
0.104552717989179
0.0959527904452306
0.160252253129666
0.130963918102161
0.0192706717819162
0.11255986557748
0.207149217791342
0.198712540392946
0.241598201290091
0.0731903730535652
0.204417563742046
0.154303718322338
0.211669341696021
0.119454152905095
-0.0215974117689454
0.161814671044678
0.271985151921563
0.279644382714587
0.256155806866056
0.121226656103728
0.290830508249564
0.252354726224691
0.114739852385536
0.120584304455477
0.218840888251314
0.168172651709845
0.109929598411071
0.207480601896054
0.259246836587496
0.328246292924162
0.11661515724348
0.133721642326918
0.0610991699052289
0.197176747485923
0.114423219646038
0.183752248144904
0.181473355638774
0.0146398865319902
0.130941263694466
0.183747415868127
-0.0436385212168162
0.209195053514913
0.0744797476164833
0.190649925359744
0.182289009702563
0.228817801316428
0.306617336533004
0.125847747763087
0.237732887013918
0.129136083901157
0.268262169681508
0.167758637104548
0.35808752037098
0.293338361487986
0.145363551329058
0.221065146789223
0.348856675339764
0.289378873370001
0.10805747700621
0.283214508809195
0.313988401909825
0.240245652141586
0.249975746564809
0.287605338804621
0.338029026570954
0.250827755999919
0.269407834078723
0.24457758602855
0.259090949555747
0.277877616628631
0.285259268566146
0.123097559808788
0.342667865299136
0.291398667839641
0.391296782803526
0.360457791493594
0.164425049642619
0.370316005480355
0.172808819249761
0.243186492853147
0.313104010457685
0.40052068835166
0.238782225084784
0.24393985836315
0.312671572365717
0.368346532015461
0.484122908587145
0.486909032240261
0.163083628980383
0.353997690416511
0.419365522305658
0.294361034207652
0.207551492709651
0.123745485843549
0.202163036083458
0.246365477436574
0.236017662426352
0.388084403969071
0.213820872283525
0.455682419419435
0.199665272568826
0.486910846945275
0.36290750626503
0.28707846872708
0.29509392770085
0.347163160558558
0.21180053962596
0.0935333472867121
0.387242176314703
0.381075771191412
0.339067009563891
0.392120799451525
0.350163158339956
0.304571023684215
0.48794451426051
0.184027197370237
0.450923138637071
0.414686765800092
0.180670118228504
0.448097064203587
0.404193498070936
0.343478197064282
0.256755146764817
0.374092631025268
0.504849625137697
0.291477282040229
0.348028183993336
0.423355097542532
0.415221447951461
0.308227781676448
0.38320159994032
0.524769305638922
0.267494881401433
0.361205483893198
0.363314603762436
0.503172442044867
0.318286129348702
0.449560860280963
0.339103229822044
0.43045739943245
0.337222223437385
0.326367361950612
0.458829473951963
0.452393124256889
0.501056844190311
0.442177291586731
0.3182809789648
0.359746602101936
0.401423736734996
0.474437404472381
0.379177180130106
0.48430335388745
0.443934603943504
0.354021147699712
0.387601812165318
0.336344315191885
0.484945053491054
0.422037637274612
0.269872569940799
0.58768209612641
0.322891766971536
0.466195264546259
0.484113906605237
0.390561477182041
0.408992401413474
0.470414106729567
0.347477342873891
0.469942279047229
0.464116214920062
0.445319517800413
0.454081378685097
0.540429790944416
0.467526045938113
0.536578538398516
0.382288901694668
0.488576946725291
0.513532441460742
0.546552535107143
0.302225937925947
0.482474366748172
0.418771283705344
0.570916145875061
0.585168802918416
0.508489802914341
0.511334115917785
0.461112214555219
0.519590040066185
0.491954226659898
0.536095512621621
0.508383166455085
0.546179987702894
0.523585808598073
0.405476950574971
0.545923198944791
0.442120077298746
0.561113967873138
0.500218042651651
0.358178962874107
0.562899145086227
0.428011352648238
0.464417733771995
0.332505815141558
0.386183580540714
0.567761884287817
0.670672084852046
0.520223797575437
0.491837279770317
0.48674689454293
0.496371171292839
0.597225626458263
0.483815136408216
0.607799921919079
0.457230548390825
0.79449580089513
0.463918031210237
0.513300749445234
0.511091404842424
0.510650047786013
0.684079427389392
0.535298997155026
0.387530630084672
0.577074650845732
0.561960552117121
0.568328277659641
0.506431373937317
0.593461125769854
0.56226974729031
0.728114871956998
0.659372796870868
0.528140694762575
0.431575178364779
0.673695633209834
0.510742344202135
0.633438253511409
0.669928045641973
0.530994893446103
0.483246443931273
0.605168966660518
0.555175717943607
0.563213942710694
0.706841408632589
0.620751901744214
0.670964012656581
0.582471987880585
0.753430062488183
0.775026509881898
0.611972625474824
0.66946528312084
0.656061828293375
0.463676646369866
0.73554215292644
0.524406904085598
0.556290555588153
0.657193836891029
0.688667678481935
0.638817037088575
0.56394625301407
0.854207294502637
0.569401390368119
0.664007003815666
0.717274528716138
0.706686668281064
0.663289450197935
0.589052223093675
0.48283365102952
0.731170431169166
0.672388125242325
0.644825143973224
0.589980981823764
0.7681915562769
0.596511360355604
0.813277878140842
0.664346239639899
0.727398953407671
0.54993792301006
0.45907599123958
0.696592652976363
0.777668537313578
0.560139087076152
0.751258527617503
0.646123061343832
0.558223282088334
0.717425567538505
0.524332239413061
0.731532557161948
0.796518682504464
0.697047255344292
0.592337507900582
0.792803879728224
0.839369103264257
0.548398632535866
0.692968772558522
0.570476317287209
0.698099955176412
0.779820856205166
0.782337489383938
0.806863002788245
0.79472638735075
0.554221041926863
0.732747287593644
0.558938537987822
0.725446966300677
0.881769327643403
0.89658521844609
0.740104874283628
0.778830510005547
0.715155143227583
0.637340242076058
0.802555430980018
0.770975508172852
0.599810319982167
0.920744696909708
0.84166119124643
0.764919617669948
0.726205502813261
0.728081905064457
0.756678176913717
0.769333255868948
0.724977926680179
0.757958631643361
0.75679075628198
0.808135429068068
0.87515559614228
0.827685554961275
0.741425351788489
0.735194748817826
0.71009167770127
0.696299281588585
0.766900479163282
0.749542806169558
0.702453519246239
0.773893611080715
0.816407588954568
0.921886341545505
0.682354603859649
0.948048159795707
0.710379043810226
0.837155829282786
0.698126063538136
0.729188091725298
0.887485373181069
0.940092995803994
0.804491688533053
0.77744991618761
0.820300565236359
0.651009584301579
0.692907243524706
0.686298105698234
0.690184345070458
0.748237575306333
0.862100358681706
0.758449808277771
0.824879980227042
0.838844192495906
0.770960044720634
0.811032738328316
0.725206956934634
0.728371367127504
0.920830513401286
0.65695687062507
0.711034601915677
0.896726406337629
0.908107821107248
0.763686462751474
0.796709733178785
0.94008454073862
0.976517036068236
0.904204407684354
0.782790836193742
0.826921765998654
0.895657895441636
0.989281457573498
0.958908765210905
0.927533365605541
0.783872262870093
0.863400152586558
0.782022489195808
0.941824646938728
0.920961336854456
1.10942339203622
0.814984948984868
0.851334878488059
0.934550072498241
0.890108930689831
0.852749206690532
0.99750743588216
0.888892719359638
0.704191410982979
0.85038115802595
0.735760539181684
0.992999725228584
0.773364215396741
0.918247688148068
1.00229057623807
0.755229204918461
0.855012837177021
0.948096624915788
0.931873821266828
0.831046481574839
0.94041022750844
0.800701453002722
0.947048129449778
1.18249000306479
1.01780372425231
0.955410278738431
1.02160383147814
0.869697409956535
0.884961357666505
0.881758859387765
0.891911753995325
0.899672910016204
0.912038622366493
0.865263185291823
0.994695421843146
0.972005586040865
0.97442062453336
0.998528418025853
1.02726767435791
0.769638222987688
0.921556909449641
0.959245824014774
0.882043046978832
0.934427798841847
0.988683542931733
0.999219467810471
1.07728400359683
1.03694221179569
0.877932212105349
1.02262481378196
0.920379356401473
1.03111580985953
1.03257094446814
0.943672744488061
1.00634437110142
0.839389932778091
0.998438108537092
1.15506900031922
0.891732670042894
1.02255548900855
0.930116654471506
0.935973398514661
1.00119135500619
