-0.0619788114631213
-1.06898437722756
-0.931303481592263
-0.895242130837176
-1.01451131351552
-1.1319754358402
-0.890566210942955
-0.991126234805555
-0.969257224821133
-0.979103617264803
-0.916754369187689
-0.875015405241433
-0.957024167943355
-1.01227784857974
-0.982842170331317
-0.946999426133789
-1.04422784666331
-1.07583520713326
-0.962741654389196
-0.998514824351421
-0.901040540595279
-0.952666810233009
-1.16521196766955
-0.923385770936289
-0.882209889552822
-0.882541488894545
-0.933387338001739
-0.968412386911481
-1.0117950158484
-1.12302151979162
-0.965767273628127
-0.853992515265297
-0.901858807476042
-0.916340258198378
-0.922525849841219
-0.874626037667768
-0.838559123404431
-0.94459955882679
-0.847019298368342
-0.848325620985373
-0.821155201593293
-0.907863386160196
-0.870963062646457
-0.954236435067891
-0.95286262250399
-0.779969569686274
-0.897006188941946
-0.897788282579523
-0.904491454515372
-0.890519204274909
-0.935194373227495
-0.876937072375211
-0.87440339014927
-0.891296303789576
-1.00579028311555
-0.856579297884662
-1.02606506851614
-0.871113841552523
-0.944359233335069
-0.967965162703789
-1.00821444501516
-0.785438080191875
-0.903818555032002
-0.832219867554106
-0.741089458135222
-0.724774719418459
-0.870626033608733
-0.835013357395388
-0.859795271245662
-0.637891174311686
-0.918683038878079
-0.811178576120135
-0.812331026147648
-0.933271726851767
-0.90402041828209
-1.02533703179042
-0.878277283648552
-0.8271224812983
-0.888272123607958
-0.820719445468582
-0.794270571885113
-0.829175692833692
-0.7874618407428
-1.08088563692155
-0.766837577085386
-0.804534438336657
-0.853685153394887
-0.793880240610735
-0.962052907577939
-0.777259316409528
-0.784395990331694
-0.760888207160397
-0.926837446764789
-0.628168153787905
-0.817265319305442
-0.80574374536273
-0.710642393991159
-0.852674089739833
-0.863534526069929
-0.804759602394608
-0.79800373495104
-0.944731773245464
-0.863564325425006
-0.952621000988845
-0.774956386976177
-0.845975506278109
-0.646065243011214
-0.86364654486576
-1.02920578296085
-0.809603046559706
-0.829351774025931
-0.879732797821052
-0.764857939620509
-0.680550681409418
-0.78641174282638
-0.858779294615592
-0.755524528212274
-0.797018302302074
-0.688391993761703
-0.723240132194252
-0.752801529168692
-0.653550303609398
-0.806298149207688
-0.661848699349157
-0.637350295130254
-0.763757500365041
-0.614731033609923
-0.832215820840939
-0.756795466153106
-0.652903727371431
-0.844190847582224
-0.69867933817294
-0.913173947527997
-0.722492064685364
-0.731651257020376
-0.704430094487394
-0.776999881337639
-0.841958729868569
-0.694047577694248
-0.752550471382507
-0.575058682167506
-0.632090320012362
-0.716985810572654
-0.695483058010153
-0.581169818051641
-0.586725514454549
-0.577221651718317
-0.774487217435759
-0.666796462775704
-0.831310988781961
-0.735151559755054
-0.656846798148574
-0.786862249733628
-0.833488053487288
-0.654835064410736
-0.655399727687637
-0.700084835388024
-0.770196230619428
-0.687161524245562
-0.594015519160242
-0.8174229940317
-0.574455960129258
-0.683912779467766
-0.484418754788351
-0.704933463989562
-0.752342940814585
-0.69418001590957
-0.537979098166305
-0.570254437852388
-0.696208669010422
-0.655282075691067
-0.762185126015238
-0.617678093312585
-0.654340148053841
-0.631315073026168
-0.705985886509225
-0.761170896077573
-0.678270044667124
-0.869221117562948
-0.6400145819008
-0.578103490043409
-0.795353520374978
-0.669183438297103
-0.610229871528951
-0.52501974627037
-0.607224574373247
-0.665006399618229
-0.608821739495089
-0.628769358010143
-0.583577969022733
-0.782508541400253
-0.629065719466326
-0.614274470502329
-0.671818757591485
-0.558845716803636
-0.557903485454716
-0.392238075937442
-0.589059561489692
-0.731815679129282
-0.733818048949864
-0.58485724848477
-0.753480671093352
-0.465680308572464
-0.626876867185515
-0.567210295129922
-0.526168058152164
-0.558525769447294
-0.749457006816975
-0.657530444926018
-0.462175509929733
-0.678397454411579
-0.482469413775699
-0.731329241442868
-0.522385354820211
-0.601684156413942
-0.534554717048006
-0.518868955953199
-0.503485143357279
-0.55559847623675
-0.488228658003226
-0.652020850736651
-0.542568692795959
-0.62268681603595
-0.56799764579151
-0.667568731406555
-0.534073229843092
-0.563424599744256
-0.473137840607365
-0.670059636936354
-0.777095285087689
-0.608442456141275
-0.602176769781383
-0.569704211689114
-0.472344686134318
-0.668466082757419
-0.518310867817425
-0.478060839572827
-0.439272436822073
-0.596996229575955
-0.515772678347396
-0.603831407548536
-0.345339639604537
-0.487297916390676
-0.469828006445214
-0.565932455324037
-0.571614738763798
-0.522676306915906
-0.511056221451597
-0.342518007369859
-0.318305131941012
-0.48599791450715
-0.493994874875293
-0.514108232158498
-0.517019986779087
-0.41423683401803
-0.537038253377994
-0.427005044503794
-0.579583456647086
-0.435564572952556
-0.563663563960616
-0.426352741412768
-0.487112027875338
-0.304820615389442
-0.521818112983164
-0.417531986120053
-0.620195716524287
-0.59103156734749
-0.493120397991568
-0.606219408891929
-0.438648074309138
-0.416418383773371
-0.486671293078191
-0.36829903665572
-0.522175898582253
-0.498453328176317
-0.495503279452729
-0.550743655445087
-0.365019608835872
-0.449756967712928
-0.315488718651985
-0.519979863872863
-0.579777692270269
-0.406244053596093
-0.493335486969221
-0.49108011358054
-0.410186243649701
-0.417982744722468
-0.394519725114132
-0.410968061016698
-0.317449911168183
-0.385867388572129
-0.608226094363268
-0.44853487039468
-0.505743635381856
-0.421340400683539
-0.394769526134575
-0.401712041413155
-0.369389547764018
-0.476631855898165
-0.423181892399606
-0.418137442481222
-0.325203459376196
-0.437295966760216
-0.526161724246195
-0.473731699220798
-0.393136860066298
-0.259856046839271
-0.37279358199068
-0.323032831202892
-0.271817728886375
-0.427714757186976
-0.323079731379011
-0.310289741687433
-0.439354346887692
-0.505985201960028
-0.469262364075311
-0.211641403244009
-0.271345648394154
-0.292647868862882
-0.401586659384633
-0.438399893655569
-0.257846921627011
-0.331770570213845
-0.425136603854336
-0.45492264997139
-0.437900713780098
-0.432950754893842
-0.416658565822269
-0.405890337804546
-0.412365820997394
-0.180055885707271
-0.427421668096417
-0.312294853265018
-0.296489225048636
-0.420908961113729
-0.289897649413031
-0.438163497290646
-0.278858352372979
-0.193725932161862
-0.322293332438215
-0.390759018589219
-0.488465909131788
-0.376923996646043
-0.337245288841762
-0.369177931688627
-0.220247719619178
-0.260062847267677
-0.348461305152853
-0.155578674814913
-0.187042700395889
-0.349647609719615
-0.249917965069653
-0.186689969661963
-0.157125929391345
-0.42240280463821
-0.360195434801606
-0.132502467842051
-0.237863129033512
-0.247314038821937
-0.356881752528257
-0.328491291073985
-0.27938608551084
-0.35140866393936
-0.195729045120186
-0.234054692533992
-0.269023147495334
-0.216544132630051
-0.253227712799015
-0.153730992886605
-0.188740377321387
-0.234320421563851
-0.0724660187690855
-0.356426179448069
-0.241627905717653
-0.138488406007843
-0.20499097016241
-0.224195574443434
-0.343367400265222
-0.240632129788606
-0.351884286272256
-0.116560476691034
-0.225877101839662
-0.215782525003105
-0.327654342214703
-0.264627774788372
-0.198952352912819
-0.283079542890167
-0.151209951967001
-0.338856171943285
-0.104776311041912
-0.241469021887169
-0.176184282223725
-0.136175158384934
-0.112890692394147
-0.305089618631433
-0.165178460161211
-0.38111643719579
-0.267230384378845
-0.274852171461664
-0.220508471286775
-0.0397687504091281
-0.345897657783089
0.0802239159092332
-0.239362719881467
-0.182645786493819
-0.151341914989392
-0.112892015227162
-0.118097065749039
-0.0421271422797448
-0.0397841907301355
-0.0945928639423361
-0.252435110478195
-0.129160222027591
-0.0838142177091789
-0.218383995600306
-0.06775205851117
-0.239800099678052
-0.0899167273134132
-0.0732729314408387
-0.120098950388866
-0.0604720135210636
-0.0812995891872954
0.023908697658199
-0.00243494378039267
-0.119473579854971
-0.10204939281918
-0.239935618294716
-0.065252691092084
-0.0531486132674578
-0.0578209177888047
-0.175604629529238
-0.202518524092843
-0.110084917267365
-0.0928213400010581
-0.127555676039481
-0.0619814906705318
-0.265355055717569
-0.168657855741724
-0.102548442464401
-0.267043800724981
-0.0663246007140859
-0.272384842039997
-0.139020627020655
-0.0826735752531766
-0.100059402555522
-0.204183151824223
-0.133223786507364
0.00296128196947098
-0.0803628883493617
-0.035770807487571
-0.161815085765254
-0.102427824204436
0.0421074328719062
-0.151686719685538
-0.182417072906249
-0.0103795722578338
0.00145358865570432
-0.0763197334089451
-0.0361480135033696
-0.0208052016533234
-0.101767237344553
-0.0937754820123376
-0.130145546873691
-0.217118742786713
-0.0857638126853368
-0.140833268097786
0.0986214778635398
-0.220726934215438
-0.0547535611803227
-0.0792930373546481
-0.147834743177445
-0.0822615526667698
0.0740584294777734
0.0594217616781737
0.0546274515537625
-0.0972538676484615
-0.00371187006884058
0.0607169827301301
-0.175750345998428
0.106546472343259
-0.0365358671380904
-0.0752629542809681
-0.104324439846517
0.0598249027108652
-0.0155158063649559
-0.115007243106934
0.115119257149867
-0.0546783311119055
0.0169156625132721
-0.0616206555509414
-0.0401477148113488
0.129727513728559
-0.103078950068295
-0.113291594537834
0.0594969634816883
-0.0666629175512486
-0.041297818697683
0.161319903894451
0.0547683314836479
-0.0980106222846487
0.0888728290616249
0.00671110429510464
0.102799267896089
-0.143858007220791
0.124946800441403
-0.0275490540370068
-0.0354501043282365
0.217807470559603
-0.0498434555847317
0.00712203864711165
-0.146699142374474
0.0102573488242458
0.0247057113026763
0.0889218658756402
-0.00541513693812243
0.00644617606919123
0.065842539922365
-0.0558126758050409
0.196935080007515
0.164021529575171
-0.0259629465540631
0.0706677409118281
0.177806620204275
0.0897885087985841
0.0348514602927952
0.0273047929783111
0.154898100274328
0.0720385158321992
0.268573535795105
-0.00430430633144427
0.0378570068132314
0.0551558486770302
0.0140147453066881
0.114292705868359
0.0902054594757467
-0.0324786622619911
-0.0229917941474492
0.154407197605633
0.109720762227815
-0.0215127369315486
0.118199864783056
0.192950473146237
0.17879016921417
-0.029042344114118
0.229218442495226
0.0703131154082853
-0.0392967509626017
0.0289927167265612
0.00402264825607267
0.211136903120072
0.146771214527797
-0.00870567215704436
0.236352652752196
0.0149803191962547
0.00244804155760809
0.0631884080576378
0.103212951056019
0.0447482977114265
0.0169499166119522
0.109023440069029
0.105170796581513
0.14977760218187
0.138698759517864
0.0323426021179503
0.118582671321461
0.23461077668506
0.223227622692753
0.281679471973332
0.0657841027679812
0.193998053709538
0.144136961158281
0.223045254001261
0.124640202808339
-0.0196226275968056
0.156750672395286
0.247453395613449
0.297000848671889
0.236348129447341
0.126356667004616
0.27422818417627
0.264202582149506
0.137045670703311
0.119924428481127
0.209474006666429
0.182311121140637
0.125429609270909
0.184638288800378
0.263264258892859
0.342374488772136
0.118235493783766
0.13238044104398
0.0583089531162483
0.200590896563577
0.143301451441976
0.197221673147439
0.163764241460492
0.0195072999808458
0.141486330595652
0.206187709312941
-0.0261727026446634
0.214526140912067
0.0739052693156333
0.184966122372911
0.189589853785051
0.225343955592192
0.308619739997959
0.105696730426868
0.254415420127494
0.144985309640077
0.26706954878652
0.182212071632864
0.359950614599272
0.277705481828961
0.145561072705041
0.20935471452284
0.338754579597212
0.295328189725666
0.0906265557678149
0.300328134630194
0.34808747414276
0.266280678545611
0.242948985429225
0.300240812865022
0.333535664450601
0.250420224385179
0.272997020726815
0.209292477484503
0.256663357324464
0.296901173647328
0.274065572528001
0.111487710305501
0.345443115812215
0.271701698984746
0.399884739547998
0.363823117305851
0.168269063508061
0.35660905289031
0.181930510216565
0.239757270625658
0.305568491490909
0.375983730395063
0.233700881195516
0.262393387020509
0.301731163783074
0.36007993944606
0.473994230012547
0.46913342491766
0.152967873746708
0.351752639488242
0.383664958883892
0.323821566910266
0.202824624324737
0.105435295048256
0.210207985627856
0.221784053495582
0.22468077158026
0.373551438214744
0.200489850694821
0.456685020269964
0.215031681012117
0.480545788078214
0.354995276103655
0.310083002701405
0.302301224541306
0.351998466667281
0.208562797533034
0.0915765300304779
0.405206343630836
0.387092066393178
0.341828637419857
0.416211332906379
0.357006245393518
0.299740936026213
0.487067328719412
0.2100716156313
0.456071759396865
0.424186590726674
0.204648038842978
0.45251551753005
0.412330357033052
0.343699059552254
0.266868853693665
0.401830226691962
0.499921596951572
0.311270600847371
0.358573245845692
0.412846763042597
0.387095241643097
0.329189094306806
0.38426843137061
0.520950573880758
0.28027223364398
0.342306207201192
0.359591995160018
0.515171143059265
0.301290247949268
0.431321507465154
0.356683647917512
0.416746978811434
0.352923679461003
0.328581406004604
0.439359753567366
0.452003187242983
0.493168184511732
0.450327058260901
0.317082503515678
0.345921763106523
0.4275471897355
0.476529671877018
0.379003295871517
0.503846825642474
0.445593349770804
0.346185362279296
0.370856757083201
0.343602020148901
0.472480848906099
0.422939809560436
0.300445817677173
0.593472321963186
0.326428770997798
0.464185931309289
0.462050096951395
0.369315392930142
0.411978918523546
0.460961645703607
0.336669973919427
0.475580240970332
0.460848616452507
0.439588056177482
0.448725472660138
0.551802505236948
0.490349127727259
0.53939620126829
0.399391425953595
0.500432525675679
0.505362226669411
0.560518397913495
0.307099281790468
0.485463991750376
0.398083517212581
0.572954982420085
0.616907026683323
0.503157377695834
0.493112228949568
0.491012737955455
0.494991337147784
0.48350493974315
0.551069764656098
0.499805287135394
0.545038441809142
0.509961576147058
0.396491101565475
0.53656323671476
0.459884326009962
0.541330082684898
0.506022110504428
0.346827491756951
0.565940481190238
0.411965244570765
0.46965306951814
0.332801964335252
0.392681972499825
0.55680976022392
0.685212494799144
0.490687419016077
0.502932273459094
0.489420191378177
0.495942788900525
0.597419076823884
0.497312042916435
0.609019091448901
0.436973771837673
0.79290886970175
0.470050854909752
0.538902697138921
0.536927670657664
0.514360101812614
0.694347440850643
0.543905688599562
0.397302608801041
0.558708567035859
0.557220110862498
0.566774074000873
0.491938648019059
0.591667833746202
0.575009729746206
0.723239798752927
0.652761682389527
0.522686730973705
0.436068062091167
0.681528970329606
0.499309804026521
0.614808702042537
0.656663262465982
0.555237578835198
0.456543855848911
0.645191341161412
0.568157696009919
0.550875557628575
0.687006645173798
0.645699998043652
0.655463673843899
0.579394704182493
0.729363613940033
0.747036898163082
0.626732201645737
0.704621095657183
0.662561467731755
0.47724626777701
0.734306701128421
0.526011055940745
0.583335476007298
0.673562661373982
0.686166359522253
0.63410250902747
0.576699968570851
0.83680194240062
0.535254933216129
0.664831646770231
0.6957947438166
0.698732567968097
0.640600515358347
0.604708949750413
0.502348154182819
0.754496043073858
0.674298512102826
0.648336061342227
0.592758394398476
0.754309873778179
0.611829668079185
0.822356185167946
0.677625423549542
0.725354502397032
0.552481811444577
0.475775849429351
0.683555159506279
0.797791220307459
0.555589451829126
0.748953297521546
0.639209315506411
0.550842068533674
0.717911418442167
0.506882642484386
0.719266785167838
0.795369503214643
0.735252176739098
0.623360198468526
0.814805309596855
0.843679836536791
0.549518733212293
0.690371325782497
0.565585010708883
0.700045982591991
0.772129256334323
0.776783905735433
0.814143701508057
0.790681030136125
0.525890451362779
0.72108441628238
0.532151008680896
0.732819264557824
0.859804031850386
0.903611477739403
0.735352072593242
0.787806286795538
0.708250772201571
0.640627333431727
0.835164985305161
0.755234485826885
0.592150844984569
0.916707165503472
0.831387538858228
0.749315015918255
0.72960683266063
0.747684014218002
0.774900331606176
0.76323886607957
0.699453386703486
0.762773496959195
0.763605576885258
0.806884063306839
0.866933289445081
0.809193102770647
0.748179264552233
0.739592816151715
0.695666137419508
0.694527218323157
0.778659712773746
0.753836854576454
0.705020459242811
0.789733139664328
0.808357399864553
0.918545129973676
0.685776075898038
0.946805314050812
0.711071689218838
0.87990055899479
0.704200503473069
0.72686529503578
0.894987307496585
0.944227300805531
0.820531183618555
0.788616784526667
0.800309530530323
0.675689949462378
0.737749351617519
0.696430550365614
0.678888219599779
0.748349940581066
0.86732456879575
0.769593316419495
0.840676610805908
0.845653618054709
0.773231347382299
0.793576187231376
0.719042472543641
0.714720474091843
0.920688505918785
0.643443498261424
0.707212548918721
0.893344525324446
0.908555295484569
0.750716168764924
0.779150129494409
0.919247481120026
0.984420866872886
0.910552586819936
0.801179852011418
0.835467820776609
0.902041823384144
0.980276806395706
0.938320159391106
0.909233130230894
0.779299084128904
0.847072433740897
0.762692170975758
0.920906987785882
0.932638704382291
1.12021672277987
0.813576641101605
0.847682371900224
0.949654080517445
0.90150134715125
0.864873250348243
0.987130586816242
0.877840682560336
0.72958504675844
0.843616498479021
0.735498884920678
1.00691652617896
0.790796999388077
0.911940563598111
0.990468642841915
0.750304614688128
0.859958876735854
0.950262628058766
0.896606653493973
0.838071507997948
0.951503875476415
0.780273963775061
0.993961264146113
1.18515611002245
1.02002765737795
0.954081721195739
1.00587830495699
0.863979267681903
0.885251583506062
0.898881558105674
0.908546108336292
0.897457673878718
0.924727672166625
0.852785379000965
1.03043933452511
0.958059322455269
0.970024566754453
0.990790653263745
1.04065424977971
0.773073143851457
0.933665325263306
0.971748940652771
0.890286427327746
0.940654282967895
0.977398597903002
0.986802214673623
1.04713846048367
1.05574962713543
0.869958527725213
1.00804977363518
0.91798613195899
1.02374622347092
1.03129184823481
0.965526204923323
1.02996605364735
0.861401780654165
0.999997836742621
1.15812833171358
0.905499975866093
1.01019447539166
0.950290185338867
0.93469647465419
0.986897874647011
