0.0723219552501185
-1.06241482379406
-1.02938918793002
-0.930916493855213
-1.08755489123069
-0.819289430059064
-1.01784921207601
-1.05616150195186
-1.03034569231366
-0.826360474490492
-0.860651619282012
-0.979381276759151
-1.05222059895641
-0.848016368916395
-0.856724949834458
-0.933901298779062
-0.965927369650488
-0.840084200154636
-1.0855846988228
-1.09225720081309
-0.860113167308591
-0.877004327696597
-0.939853922085451
-0.934032598828062
-0.941214958400972
-1.03720527681903
-0.889137005964201
-1.12942032320757
-0.853034700086364
-1.04830123800794
-0.857316020501209
-0.859253302587576
-1.0041308671386
-0.973574489159514
-0.885630450399228
-0.819015841185179
-0.972927596858537
-0.874277099975651
-0.863761438847568
-0.84698261960923
-0.936398758362599
-0.84431925839334
-1.05918410857586
-0.829231453703347
-0.856976954073248
-0.896251573141067
-0.878343728852347
-0.879297994792215
-0.775152659922024
-0.855486582381998
-0.80164728118939
-0.824719868713342
-0.865884037991958
-0.896615022303839
-0.883888454345025
-0.982873009115419
-1.10934858927217
-0.748384402638817
-0.889814279693393
-0.869073144564925
-0.826208203780359
-0.961583544440136
-0.902143262735308
-0.876990490730076
-0.732529149076506
-0.787879038313138
-0.697356084671515
-0.885819619645408
-0.827323529803558
-0.774086986253817
-0.814599745043409
-0.891783900970878
-0.959498471986685
-0.731851114421051
-0.853298666392748
-0.798340756983107
-0.815264118994643
-0.819656533854273
-0.74405370368898
-0.932851572260928
-0.859419888765358
-0.879894232077201
-0.93975062684067
-0.900749241705808
-0.723808727853239
-1.06877829987744
-0.786074393516495
-0.85226989172349
-0.672377459877671
-0.855977095687929
-0.914027930066068
-0.828492934940062
-0.726031173217772
-0.897402370747541
-0.764622938752478
-0.692570738300211
-0.695041037257396
-0.97477270247409
-0.742305709905823
-0.74605653745384
-0.88181775452687
-0.777452083546718
-0.902079954265699
-0.847254410168635
-0.832156543698065
-0.818183880773172
-0.767428389612206
-0.935148625104786
-0.839678622290194
-0.724770823408065
-0.654449729512974
-0.754393743563839
-0.838139366044997
-0.707847586763624
-0.727490308076546
-0.725209680650225
-0.857634660731377
-0.823498748427713
-0.707322888087793
-0.704371668671306
-0.786317414443625
-0.743987858358386
-0.838366460852718
-0.800652102254199
-0.810797593655358
-0.747062867663359
-0.606011195878163
-0.724208311816071
-0.891223636879752
-0.70033745283206
-0.621665987978454
-0.754718365473302
-0.661739717715613
-0.554109909304071
-0.742868380458658
-0.629109190171083
-0.78343023680964
-0.811545371857963
-0.694611099150602
-0.661177920919636
-0.785322604933995
-0.774215474304663
-0.852165149615601
-0.721317138391788
-0.671127145316315
-0.619545530429261
-0.681444952028848
-0.640470469322119
-0.781992335725147
-0.695994076313797
-0.663614139469626
-0.713775481608162
-0.674431038839882
-0.661305590446132
-0.798789974459269
-0.679386363439559
-0.685956205001193
-0.633132335169544
-0.679669963422865
-0.639814285675227
-0.569487551938239
-0.473324126716534
-0.612729497046251
-0.768523148463647
-0.649501994151807
-0.750273507292813
-0.656948142246812
-0.787216875123517
-0.79198662015476
-0.521969755600151
-0.621594488175484
-0.60538474749948
-0.750028222082091
-0.681785775185966
-0.536486101765217
-0.748813622555644
-0.57904956480336
-0.486843069822208
-0.818451806198758
-0.580714717443619
-0.536201900493766
-0.603442930330593
-0.789900268533654
-0.712210240958513
-0.585197171645189
-0.57757483927451
-0.473786642866816
-0.66316951499308
-0.597229316292071
-0.69861199738433
-0.720320179077137
-0.656382666920771
-0.760593049882529
-0.615472331240045
-0.610891493953106
-0.750742950597089
-0.592531083931977
-0.575531551058185
-0.603957547703152
-0.447011758941495
-0.384965289263504
-0.634946812957757
-0.583776416511455
-0.685124355162638
-0.656253495539073
-0.635134350974902
-0.542783505417485
-0.658943073958567
-0.658688874515003
-0.631927115805461
-0.61251609587359
-0.523119041249847
-0.66505742690855
-0.619458175618223
-0.460811428224125
-0.499861507821793
-0.528772147691211
-0.527950777826173
-0.596200097057369
-0.679182552093866
-0.431979813513237
-0.620159494394122
-0.591734002056336
-0.473850626360073
-0.452173335989497
-0.518881608705931
-0.488584738232991
-0.699652568586939
-0.504181168657812
-0.472262208108791
-0.568294443935693
-0.503521858296549
-0.585149034411707
-0.466226136825134
-0.519769431130776
-0.439310654349241
-0.482305496750224
-0.288612546217918
-0.468999853425252
-0.507926722730041
-0.548556737916133
-0.613726861694913
-0.607948532381088
-0.604443206461002
-0.363486087303094
-0.649120078138603
-0.516338731833053
-0.53955624389549
-0.489657711015439
-0.499476280912454
-0.515282238761862
-0.461773847092205
-0.538681723847076
-0.484929058906068
-0.411945636174829
-0.548235773041865
-0.544120603123626
-0.602830820574385
-0.438787126538478
-0.561692077431141
-0.412407568146962
-0.55035090378593
-0.61562006909018
-0.374153891958422
-0.47010431713515
-0.538722434055381
-0.456799925404914
-0.532230580476334
-0.456754879655648
-0.447719194422096
-0.575446437542264
-0.410948793149425
-0.453200500846841
-0.415141427830653
-0.49696780740308
-0.480650146712795
-0.515764868550903
-0.509309665749031
-0.462460114941914
-0.383218939895265
-0.405610032777276
-0.526634666916502
-0.467216601544045
-0.41352734262002
-0.366769835458658
-0.439436009622548
-0.487435566709576
-0.354291421320278
-0.445188330248114
-0.58826081389245
-0.411980361639797
-0.401654217840887
-0.443481349353605
-0.269179869004419
-0.395021883751827
-0.507968682760589
-0.341407958320719
-0.410851531675932
-0.357026703603731
-0.424885373375903
-0.382597671078525
-0.605274068652322
-0.403488999934209
-0.322277647340911
-0.335497261737902
-0.480266996756375
-0.275855259269974
-0.483861586698382
-0.48312575476127
-0.408572395355927
-0.457110714256986
-0.229966324340402
-0.377434004341976
-0.40724486481198
-0.24588978443009
-0.305503539555825
-0.532874483978179
-0.343935619170606
-0.262485084343398
-0.380829630445946
-0.0871465106142139
-0.302442764501533
-0.274326344136884
-0.279293579162003
-0.364492058413522
-0.419963034465354
-0.418875505947306
-0.417324211723904
-0.338101497237182
-0.414149370492127
-0.297539802160063
-0.388221914322822
-0.268477449892907
-0.318535672862731
-0.337779429840226
-0.384746767975579
-0.474738192084808
-0.387926737043876
-0.322065216163028
-0.232358138627007
-0.247460502950415
-0.400029437679146
-0.306526368338595
-0.350866819480615
-0.340989023763572
-0.35855951582718
-0.327543829464629
-0.22467998912129
-0.241715275420343
-0.229853497868604
-0.349229023386987
-0.36236633596789
-0.320994762471748
-0.27060356820047
-0.180574517568134
-0.297893608583299
-0.215812540476156
-0.384704384992827
-0.165714063761781
-0.20857164902796
-0.345209568530499
-0.247812076898979
-0.137670727056504
-0.243546857302545
-0.317926596593327
-0.246485239945725
-0.26479009879829
-0.19339004009857
-0.212268461896172
-0.130510723927192
-0.287014932785638
-0.410323511131679
-0.187968196580384
-0.159335878330326
-0.206152302178166
-0.369070553777757
-0.256926641452786
-0.0840101377451128
-0.354399538732455
-0.0333040476703299
-0.216981974614331
-0.22847771573534
-0.241106948182427
-0.251892300137868
-0.307864379461651
-0.244046526235889
-0.304267695500319
-0.310350166525426
-0.167066662126684
-0.109578482126291
-0.290265116775775
-0.272587871844719
-0.196998537976952
-0.260986384768723
-0.0498352999564198
-0.224709816089649
-0.13166896085242
-0.426383227837246
-0.123730887689882
-0.114677498672608
-0.178127152693125
-0.274913839365036
-0.190066830654713
-0.166928663971674
-0.277412768116831
-0.134627333000566
-0.127863285108836
-0.200479515420189
-0.284927195911449
-0.219775003026105
-0.100317506586058
-0.212515221499951
-0.182145538837807
-0.158457925927586
-0.164963094184079
-0.233540440767882
-0.099008832212097
0.0462061487333815
-0.285170898186449
-0.176697740412958
-0.101530063761793
-0.0965586296991115
-0.216567272632008
-0.187408571136073
-0.0982970407762368
-0.251036631155425
-0.076401079371118
-0.0867744812618839
-0.214357624465213
-0.227168844176365
-0.0749273908798825
-0.152261940928987
-0.196556280061096
-0.123654421134478
-0.157847561182026
-0.20283120835392
-0.0455165475908521
-0.0597795222072658
-0.168724366476572
-0.00176255584988279
-0.0622748555682786
-0.17679175030759
-0.220278619997889
-0.0968366903240886
-0.164221152231462
-0.126708494453127
-0.139329127689096
-0.10584878210647
-0.134933887307739
-0.0226358352690922
-0.146848027797115
-0.290240048031071
-0.201808961677035
-0.138259472274571
0.0476118801641375
-0.054589124823536
-0.00316326474243483
-0.228285669773097
-0.167036146047241
-0.203255774836024
-0.111612513444821
-0.0458234923046111
-0.0706924811428932
-0.26493054367815
-0.104912711412182
0.0898698571784669
0.0293153116523694
0.0634917826120025
-0.0711203414842045
-0.057312734439993
0.0819251801192817
-0.0346652736800155
-0.158092719677706
-0.0104886228433309
-0.0350489434766062
-0.115503333774424
-0.0911310012636407
-0.131381607127341
-0.032197971173193
-0.141723804933588
-0.0910007066338819
-0.11176869565208
-0.00531472443190205
-0.0213113827212843
-0.0927049382502959
0.0990950710569408
-0.00473889436173779
-0.218813564054975
0.123305716447962
-0.0433716780758587
-0.0803116449297039
-0.0571405935423817
-0.0883438027546615
0.0210304717589074
0.0141509299344584
0.0541133841734244
-0.0752758657259367
0.00150299973863445
-0.101865272912978
0.0257460307295608
-0.0721547976273458
-0.0434520859502452
-0.0470951827149619
0.0481604391836505
0.0938057216032099
-0.104776271981646
0.0132358384174186
-0.0385184543171198
0.0815421724676689
0.0492225943854623
-0.00201639834101717
0.101064220684067
-0.0791171555270774
-0.152123754958161
0.0611516800337057
0.150440754770468
0.0958716590047919
0.0111965620218832
-0.0493811839732663
0.14721469889456
0.0336499999340628
-0.0174391419876557
0.0272689036314399
-0.00862426476780042
0.0925036417332063
0.0647630494502953
-0.00125179576429637
-0.0347022133256386
0.140556208170561
0.0420642541886682
0.130264944433363
-0.135852224477746
-0.0620468916942382
0.0871571002673211
-0.0224349324878961
0.044445732116227
0.0964001431883597
0.0119457048798755
0.122091187610854
0.129787667922369
0.196388686745624
0.282373272423945
0.0926692342788877
0.0423178607938456
0.0868478375428075
0.0257317500126904
-0.0239090993962031
0.0630990955499929
0.0624491647960727
0.092057313006862
0.0922018717887122
0.133296949049059
0.0756754561642375
0.0540848737096244
0.217015856039086
0.0501448758086705
0.0266230586610795
0.09074297161151
0.0985636402165871
0.123262203300322
0.192944289262736
0.330377926983041
0.213294013774751
0.136271653755363
0.168673491478476
0.120270855172198
0.157675627854289
0.326796696385166
0.124755419764207
0.031621050899033
0.234095496885143
0.0158531089721743
0.151479455647429
0.0878953961298625
0.159899263687969
0.183978067800607
0.0752800665986533
0.228882609854578
0.0549325600006681
0.0948978132628205
0.202409793417958
0.0199817332079439
0.112411319437403
0.149201046508084
-0.0820110583406155
0.0190817795198266
0.0878221613294307
0.254937589129238
0.217462986574962
0.178978861983228
0.133267098512724
0.157424251671286
0.321753885687314
0.12418486490224
0.111435074052481
0.206670284754924
0.131811807238399
0.123507799926458
0.0856458179328662
0.141835142846201
0.236423595855288
0.185712332920427
0.0785299455098748
0.168318842695098
0.116350331390324
0.0268062575848663
0.330556861399065
0.269195419111427
0.174149476227009
0.00149601519744668
0.259693743004232
0.256068472964634
0.260161447910767
0.215906006611511
0.314035495626413
0.206760687092753
0.209587695384363
0.159675107605395
0.222108832756454
0.373671477924596
0.232940544076406
0.200329770142386
0.335150055580195
0.210869045879337
0.168336883026757
0.199926495522724
0.0287697116452635
0.196033531933876
0.236127287654282
0.292992520184952
0.241573624048048
0.368001533638984
0.22580147539642
0.397836842288128
0.31508316712521
0.356988040984686
0.31790358989946
0.184656155736719
0.284958527423287
0.305423329885354
0.210792208648175
0.362617951888954
0.23539605894034
0.209565442830496
0.309840406483783
0.122801937654575
0.249524146004896
0.407226542052862
0.264639942976613
0.218359951124784
0.298816175106912
0.311340051067698
0.386429685526511
0.348108229237791
0.149054424821287
0.429671986343123
0.315098340940435
0.442596719672594
0.324985138944967
0.277291436635337
0.27754465919691
0.270060297667725
0.27273465363814
0.500815339178648
0.277530974045866
0.428077304022077
0.457216898241372
0.186074025942981
0.288608150856557
0.177165296478491
0.251751774973772
0.348668812206309
0.252399050850544
0.257721048694088
0.351631694648145
0.343400363869492
0.38563419325453
0.333005859638011
0.45605647340233
0.502257302234955
0.33148874318375
0.336217801213407
0.381287625099946
0.503268190717274
0.302811895546576
0.427788230515526
0.243647080013868
0.127727638220595
0.4272315960524
0.438566923140415
0.295462460331477
0.235500167514806
0.450298161845362
0.323956845049882
0.434343766920539
0.259647611515649
0.308902754304935
0.408470592463541
0.498553182140477
0.419034134126598
0.353897385043223
0.347262271618739
0.322510518601275
0.317057506628131
0.422788615249632
0.457079010100595
0.493707371601954
0.275862354130961
0.457768186625126
0.382766405095211
0.272644319024378
0.524737870171908
0.530023224940813
0.40849656966365
0.389279271263165
0.445073431965309
0.459311744531605
0.353855699317292
0.424292383880605
0.365083409016458
0.530240655001501
0.553130913743084
0.554028104640678
0.507489935527236
0.387214895630022
0.494715280348082
0.579637399653432
0.549764881035433
0.436606560103571
0.345539521731021
0.446540154768763
0.535478196572769
0.455387589604035
0.517500687046771
0.529540799851149
0.485388508073766
0.344643556213412
0.476215832389407
0.343100197329922
0.54253765300228
0.454812960857904
0.474221394937374
0.473543194920541
0.447238513992671
0.488830936621325
0.504839050483704
0.467019374365395
0.420862719888338
0.547507975688073
0.418661818670533
0.538389544948538
0.486451675009043
0.470825998100952
0.43480112434866
0.381138062257216
0.581330687580474
0.597834365618351
0.434372993723483
0.440516507803833
0.459352079741089
0.526203167205521
0.498788356716199
0.532392627248169
0.528428370930452
0.451012870084608
0.582330513589823
0.600934664333717
0.502889017902622
0.668116992680319
0.349072466117534
0.46737585834101
0.63602300157526
0.584218604906413
0.445784124505587
0.508496564212408
0.580774235061457
0.492648176374697
0.572043621321508
0.326909221181863
0.557235216346146
0.515721826865964
0.574147543854436
0.522027525000553
0.688055895951127
0.658396623332124
0.601392655748719
0.470302110198864
0.509704694543701
0.643492383569524
0.399430090911241
0.447666782965233
0.561731393670036
0.579796137167781
0.570444010052275
0.61232178987477
0.617824692844617
0.405693405120312
0.574515151929064
0.546606175494769
0.633154678609018
0.583026097627261
0.672428147750518
0.593925306756311
0.67458944416609
0.675215322007711
0.632986577880339
0.684577392248367
0.680898117838295
0.524851024516389
0.783521488202878
0.618232731112539
0.71053846862014
0.70784520212719
0.640347458724204
0.64778423373516
0.751382115831147
0.822632404604873
0.46790620485951
0.617464593530006
0.702725918683421
0.540746707761271
0.599678425725884
0.809801395322675
0.571810010449296
0.610441945229467
0.704430887355925
0.690919947906592
0.745015563547654
0.630470018454378
0.632915116575933
0.578735749825719
0.677515419501049
0.712724043219322
0.639079315800033
0.686336983914302
0.736651842475403
0.555460095084821
0.623427430776288
0.856487503846953
0.624603149590743
0.580037018487753
0.684996431498855
0.756247930029709
0.573480116177097
0.787393875550787
0.705592260808848
0.69643161883685
0.728574323503898
0.776512237705355
0.771911861939958
0.761132821617951
0.667269552629521
0.684969535989119
0.728190923456591
0.676415891778224
0.687013806016156
0.747866842740975
0.59672492685525
0.804002829691551
0.805675458169875
0.794159989362622
0.761132411406248
0.828137602058929
0.79704294673393
0.79193685387126
0.789504294106394
0.817580036535796
0.685575930357945
0.688253375231376
0.744121591157145
0.691186491983193
0.702986420703914
0.81619283824411
0.843010259061872
0.723705739306662
0.786389394575167
0.600744251777535
0.763502707434531
0.807063868250336
0.809477795518889
0.714162215283457
0.782770967202682
0.766771674426482
0.76087783458162
0.848157632585962
0.757898248836012
0.757255289934739
0.656890111667452
0.772388833595617
0.571502559115642
0.798801757877279
0.750825617064404
0.762109216791806
0.766350773252263
0.794664792166433
0.813191122586788
0.794159026037874
0.502898401885145
0.921342401270691
0.728730103294549
0.715220272619857
0.880186594826305
0.768657649228132
0.604019028766853
0.582446915308714
0.820351358440504
0.845293029951495
0.860833914120804
0.684888369774764
0.725097714516844
0.820675090297232
0.837486105464266
0.768063608924727
0.729388466372191
0.870837977292757
0.891843082885502
0.760951951578999
0.943594221696576
0.817876180420266
0.728169531483989
0.912419852739393
0.914440818524
0.762505819511002
0.965433865599762
0.780492405211095
0.657366589833496
0.895881482239421
0.9488296786486
0.883452343064976
0.84630934700502
0.883503913246433
0.823261644207131
0.927379001170511
0.840833997218318
0.770731800411312
0.910510911333073
0.882328350644804
0.869370121679532
0.899801414460263
0.908310256205265
0.942700370191871
0.876453927749483
0.991870806222441
0.813551720958055
0.985537227259801
0.889842663576101
0.874109622232189
0.839727992644597
0.87323284944444
1.03552123409531
0.927820815195725
0.875229835282758
0.867168091535036
0.956007091932338
0.959253080156858
0.817442712892653
0.947802236909461
0.792565282290351
0.93045020741037
0.975623443492003
0.983597990392281
0.789993441137015
0.960051678215035
0.939823806076506
0.871411976028536
1.02676024844213
0.992981917767882
0.687634803435325
0.991414574447271
0.855092650122821
0.791052994773381
1.08531158783199
0.930868548088521
1.02908587933285
0.937476108439079
0.782182132815967
0.75070618376376
0.979536676310171
1.00998840353351
1.01519848689066
0.968902949095029
0.85202568366938
0.951598127440018
0.954324556236856
1.04980897276091
0.976194653433698
1.1532765076991
0.964335896728871
0.99232122166815
1.09403521892421
0.910958067536732
1.09392541723919
1.07420871295255
0.86388177710411
1.01606266187801
0.932264116996691
0.991615484986383
1.04683805036804
0.98021443381212
1.00829002090886
1.079925077903
