0.0521459835536971
-1.00718866326361
-1.03879790625472
-1.12513192226977
-0.999140446706444
-0.842691752067399
-0.921953017255653
-0.980884875857795
-0.887508625363845
-0.907817894761151
-1.06941065367313
-1.04523693831484
-0.9304976357272
-0.965711529724405
-0.92687672193874
-0.890093348816994
-1.16003395686415
-1.09267747771502
-0.954846340471997
-0.940836352179027
-1.00976427550305
-0.938171355358007
-0.909409897493361
-0.985507752537372
-0.893204786518122
-0.909969674738484
-0.96892037756369
-0.984016154015161
-1.07618002405935
-0.803733750658417
-1.00295791453092
-1.01894318467695
-0.99515827953923
-0.904477139767612
-0.962030782679071
-0.914439015436754
-0.933617010208514
-1.01565529677176
-0.902009752350921
-0.828896344585464
-0.839345844385478
-0.87178125232655
-1.07039360601656
-0.95764340379931
-1.02142799202942
-1.01066528309603
-1.00754178790417
-0.802661036388841
-0.885185039218718
-0.864951141016113
-0.903553081714574
-0.987656791958557
-0.740923604124189
-0.907721177497683
-0.809926685943068
-0.851386117828436
-0.942063348129714
-1.00997863721894
-0.905820809603485
-0.851327354265668
-0.959643090342139
-0.818929191561925
-0.740593527029049
-0.840661288096319
-0.928867285447677
-0.701400477068559
-0.824681929629189
-0.877572103027371
-0.748696541363511
-0.762571500272416
-0.794138140430834
-0.794630740691914
-0.923251827794925
-0.8414577552775
-0.820500428259826
-0.708978824894439
-0.918249817028634
-0.866988695425272
-0.887512052771854
-0.991472484710857
-0.906148752252055
-0.850674105407676
-0.87631999760115
-0.730019395513453
-0.778277962769322
-0.817666188126804
-0.815561842263626
-0.694893445172982
-0.694636447209567
-0.922672765949226
-0.7446046080475
-0.867958705829999
-0.736098332430441
-0.968805268593695
-0.845487022098107
-0.818364381027548
-0.817804629485499
-0.691651841018324
-0.774519783625595
-0.682736396076915
-0.828588735110737
-0.721902112701028
-0.831313873793467
-0.829093114584626
-0.861271203997006
-0.73413335310643
-0.712042047069458
-0.743339753043394
-0.940915101516154
-0.809548226535283
-0.95552344563553
-0.717934754080832
-0.787543361711182
-0.723268696234891
-0.810901335822996
-0.815129425765174
-0.759178752219606
-0.833237874106476
-0.932924565415735
-0.673538992591424
-0.800583768460822
-0.860016166135585
-0.828083713665042
-0.697907202058123
-0.733105885933882
-0.686700797169276
-0.761255279503526
-0.712276483192492
-0.725161798232064
-0.953243429965875
-0.715565467486442
-0.832753550173043
-0.644884168167923
-0.690269011665994
-0.687379993170802
-0.726828648202407
-0.783448822889819
-0.77300505817869
-0.729110322150714
-0.676693721170548
-0.625503718764071
-0.857503888865476
-0.694560135592103
-0.802371082125788
-0.794932901764928
-0.73645882081439
-0.646466389907206
-0.764249174893366
-0.733609737711864
-0.807822905363136
-0.691531771196024
-0.743977354456757
-0.776721684159671
-0.62799236521251
-0.80005253868846
-0.651459939824639
-0.637970137303056
-0.63627614841077
-0.740034186971894
-0.634384655735065
-0.77957631881466
-0.586740989018958
-0.628970018502948
-0.689340881919682
-0.675350496238798
-0.803869473605218
-0.423095913663174
-0.579149767912195
-0.668851829951885
-0.629667128590554
-0.71551385494699
-0.637411254350065
-0.586899103521515
-0.68883845602304
-0.617952991508371
-0.59012046046158
-0.59900360768608
-0.515278937402451
-0.657118022179506
-0.73072609754874
-0.664495590135254
-0.52893054088321
-0.488744043114911
-0.633957891065565
-0.634076004098632
-0.646504886447281
-0.567527224061365
-0.544513642108968
-0.509510077018791
-0.625007730667318
-0.692754054677377
-0.623658102507179
-0.645267260753895
-0.608970669185077
-0.578393385117421
-0.604973984172917
-0.669803674146093
-0.762581379831799
-0.689223904692958
-0.567157544707129
-0.660648794681873
-0.655298431261701
-0.641345955073276
-0.418601736952401
-0.501635692689835
-0.655042088154783
-0.549473533274401
-0.645585654596648
-0.716566785495223
-0.506391550994895
-0.388981118658093
-0.538102920544263
-0.669464087270239
-0.51115418016406
-0.707928999177745
-0.733868941205168
-0.525653736552838
-0.683906126817403
-0.542162626819741
-0.633288216982707
-0.591973925122571
-0.644632377240809
-0.436217688820486
-0.52721530973872
-0.604596147487651
-0.513117150260763
-0.355561917514889
-0.441940020804582
-0.67411058547397
-0.588573993340666
-0.39843014806033
-0.561779068652383
-0.518616619319046
-0.643570358587323
-0.529178110727663
-0.400378903340421
-0.596049517111688
-0.51812079600697
-0.605281715922994
-0.641863930320354
-0.611281281598395
-0.499941075952488
-0.476751311202304
-0.472802871539899
-0.346607482254942
-0.550518901452716
-0.483226625618522
-0.524248859629632
-0.713252476235823
-0.420995741146862
-0.607149123235406
-0.629394104641811
-0.512295193974508
-0.405262641919111
-0.487530286557024
-0.449118950126236
-0.594766943534685
-0.571666297100098
-0.626502268180391
-0.430513758811708
-0.523057420132645
-0.566514374164118
-0.491729599682461
-0.468711329110825
-0.489542572683779
-0.429011952764648
-0.466083597467387
-0.395897874781971
-0.468664792037639
-0.448138662771284
-0.570008142652314
-0.445467137364876
-0.593295660301597
-0.409129807349798
-0.407687115001678
-0.498990957945364
-0.3866172172956
-0.505999712043963
-0.487189879582551
-0.484923406782706
-0.44423234634835
-0.355872192263957
-0.429438400930136
-0.504330623354191
-0.403906960544956
-0.340378059276675
-0.533379443523928
-0.528531553690981
-0.285868386671049
-0.472451264454347
-0.372441805502273
-0.465300046640332
-0.396921727251481
-0.425432195817705
-0.440008994496648
-0.39408580651507
-0.485516999172717
-0.314399301909794
-0.443454436947266
-0.427733363683989
-0.445230999885788
-0.301355645365805
-0.354681395316748
-0.275769252905752
-0.309691247810861
-0.419225003134454
-0.258169519243581
-0.450575607658042
-0.484658347896007
-0.430727979518029
-0.341779382873353
-0.352966544768618
-0.325098805908692
-0.427995805051802
-0.484227575006927
-0.386104830691298
-0.314211843316381
-0.358529454968007
-0.338079251810506
-0.456730363712859
-0.408553574968648
-0.277961672875001
-0.302251636062014
-0.430027081523369
-0.298079225639377
-0.228240499043864
-0.254916001567903
-0.289850341313947
-0.298257741347201
-0.4041391728492
-0.518192983084374
-0.342017271575583
-0.312977863167629
-0.201823419368497
-0.32039888673421
-0.370169796642859
-0.320264751652229
-0.28283029919533
-0.34919889528139
-0.212644031918514
-0.390657122669026
-0.323789783797172
-0.403240916495768
-0.340254377906282
-0.317382008592776
-0.408148669326734
-0.251234969467225
-0.273321498342373
-0.388959456417235
-0.421988093864378
-0.293824153975065
-0.483998219824021
-0.300449621694811
-0.265416754508645
-0.185357770244687
-0.249906909327109
-0.349570638820196
-0.400013871387015
-0.286629095414894
-0.280673813518845
-0.322015733530252
-0.162385087637884
-0.210601609582229
-0.378039947203587
-0.417348674132514
-0.287339484972119
-0.243680367429964
-0.304493832581166
-0.297083970153508
-0.214480455861021
-0.271820694809987
-0.287149376954253
-0.27266336345519
-0.239819851808887
-0.206607522300116
-0.372146289392739
-0.276812434987948
-0.436418953708305
-0.185604293811584
-0.36306522655039
0.0572766563264818
-0.197736162346157
-0.299026607996197
-0.181941654398425
-0.226042215459846
-0.223648795656647
-0.167171969112923
-0.0577422835551213
-0.220819664428409
-0.182442487163567
-0.257108778784603
-0.136607050731899
-0.246474723549457
-0.120175513584519
-0.401707403149561
-0.205647480182166
-0.26527878663653
-0.226893740162187
-0.149241219800002
-0.312806677968388
-0.220626816348876
-0.145581677294682
-0.132337666191636
-0.199726895856963
-0.20220580892465
-0.152698852855534
-0.154973116459253
-0.203892103277531
-0.161494018962173
-0.219164081663741
-0.188005266199952
-0.0477945964858486
-0.329652514168618
-0.232054485380334
-0.137313205130102
-0.0785305383191452
-0.183802110519795
-0.0334288782779027
-0.219233200817492
-0.22239076467829
-0.0581322277966257
-0.236432955734632
-0.18534213052312
-0.123525003138428
-0.103116788112588
-0.202087625108567
-0.0638730155170004
-0.102157005939241
-0.068941919861526
-0.251949247587352
-0.0826512771440445
-0.0316463613016189
-0.19639197193436
-0.210793747266355
-0.0348486681004737
-0.177789316451339
-0.264516091847405
-0.269104542874267
-0.0517635340056994
-0.15589986598586
-0.096764915078923
-0.247973494631385
-0.115894613043999
-0.128763203577368
-0.116573745798694
-0.00302573154599089
-0.0761412686920695
-0.108034646801656
0.0430598409668067
-0.0919090903496061
0.0703562431877557
-0.22162014075507
-0.127286173971611
-0.0470075221359514
-0.0221616036107039
-0.0602420179467258
0.0216422922727535
-0.188746836215935
-0.0488361585438417
-0.0957673911264477
0.0375086584956234
-0.169805887288789
-0.0827054970954423
0.00182616275681282
0.0385796338827126
0.107473921676025
-0.0736194946201399
-0.0634676753744239
-0.0913097507830569
-0.0501787674594066
-0.0225281254164085
0.0474815154870697
0.00505295528168488
0.0486089265998221
-0.0677590420492929
-0.0409153009170089
0.0161760037006705
-0.128348009186583
-0.147932622565624
-0.105107747881359
0.0820159583177309
-0.0416173674180895
-0.00114593978009937
0.00424207966244798
-0.152361280838936
-0.210892282485946
-0.0441136243313049
-0.0155033983985075
0.151577620122505
-0.0337093883807117
-0.0307006524399745
0.0384514401788376
-0.128035793090401
-0.130244556807223
0.0822253988561114
0.159742663566876
0.0635568699770693
0.29903512831661
-0.0123951306797866
0.0186108372525481
0.0153529375506487
-0.127693963157239
0.165377296014048
0.0162015037738536
-0.0883710413862891
0.0423600121703967
0.00434089398595854
0.142273665255391
-0.0935455188140893
-0.0801765507259344
0.0535506957590844
0.0262292169806038
-0.0539327134165903
0.00734179548240438
-0.0445554801518129
-0.150531399124347
0.0206525053736931
-0.141576009858035
-0.116608177708511
0.0194646377606841
0.166898755477207
0.0578532148705243
0.0571043358925559
0.188313217616387
0.0832618370379142
0.113983359543738
-0.0764237818118657
0.168241259890646
0.0750114488516046
0.0827215115269826
0.0341383570308704
0.206913288029829
-0.0349451302831348
0.131931045936415
0.0911113627397689
0.0601492405460636
-0.0168125300861279
0.0919298164045524
0.106350301948178
-0.0170513259026748
0.10814755208295
0.00377592260933344
-0.000245675103905586
0.16529654184903
0.10815473621714
0.0656177878696054
0.0986842478714787
0.181114145162694
-0.015296396341737
0.0327130535730711
0.181578525284339
-0.0107445798569469
0.170353255000325
0.0324542095630019
0.0918105850619626
0.0698055928392221
0.174730034036809
0.0112136682577808
0.0387330014561732
0.156502498892076
0.16422499254533
0.105034721594546
0.179043716161959
0.150481355254963
0.166264730328075
0.11998208114384
0.103439133014582
0.160130456874003
0.0175038144469267
0.100509828128886
0.13135303156314
0.182250077556679
0.229508584426418
0.183945128204629
0.213452235474128
0.127565434697194
0.0234870657645754
0.188623023579158
0.0456579432558338
0.144769675462577
0.00507872895575039
0.274875557532186
0.00876622635960369
0.178470261542069
0.0746361156218946
0.350886962330819
0.0309685504060949
0.130766203747929
0.213584162516851
0.258697685063258
0.164511297281884
0.154473432892099
0.224150473880746
0.242069072438471
0.208733443167135
0.188207199750526
0.0820008529296319
0.237220647037999
0.225110408907705
0.109589992220472
0.215232048783306
0.0350023469727384
0.175445988294382
0.155352686614369
0.368937247842354
0.30667107499977
0.203776071821129
0.183126602455907
0.255260216484684
0.0303481202090069
0.106375620065291
0.189155701004176
0.173706940347019
0.0667657437692483
0.205549884593332
0.212305856497295
0.0285648975050201
0.167136960810057
0.262302664256205
0.278363916714408
0.350845762374991
0.19744732475483
0.228975424388538
0.277132522522415
0.385141898596524
0.201633829630322
0.150196910539046
0.236885158280611
0.365419326936757
0.310255713856602
0.162885278063902
0.257343509603212
0.307552521633625
0.0843779389887239
0.357837446384716
0.365043936948222
0.28739491283548
0.280031811983459
0.182212536740775
0.235255705878378
0.200780826572125
0.195294661366755
0.32785165619417
0.270621917476242
0.302173030387621
0.239772208471539
0.383059800118647
0.127595760888654
0.282256499445859
0.399586764033085
0.315150478288783
0.30784421926355
0.432038936340174
0.299881889591147
0.269953056359263
0.367330337676629
0.347774549674238
0.369652595984814
0.230422919285324
0.375940985217877
0.338877287584223
0.265464169960402
0.376951181938848
0.289006186823717
0.326198204549726
0.293928981444202
0.296626676738713
0.31900910947824
0.322783141228209
0.384788631748029
0.352822946099041
0.297507543257781
0.297012803620621
0.395607541658532
0.393972869217936
0.339388741628875
0.208773836475972
0.349288120568745
0.354312905090499
0.26391371589624
0.338242178840938
0.29961446677429
0.271588293501283
0.417234911270961
0.405159270616969
0.417501900394058
0.388281078185771
0.280625385432185
0.251785026457071
0.351969195693135
0.308387324471544
0.315265859404748
0.353665890598511
0.388790783086256
0.340354238893163
0.529703072006699
0.559548588003044
0.427702019932532
0.496468703209567
0.357688289186538
0.430170903092389
0.532463795419822
0.453107042922481
0.498662188035573
0.392873308912836
0.353016509795595
0.459476012719712
0.189790426123173
0.255829958382758
0.416007448627264
0.298939261630854
0.447305188765517
0.512587173806372
0.514665875303216
0.273152425908691
0.540480304903681
0.432212754185961
0.368834685193966
0.423219167196034
0.367637540507603
0.392972699479524
0.314450905587117
0.633882739508066
0.395376411037649
0.628340412581857
0.545629275918032
0.367262497590471
0.405648835502814
0.295091457898817
0.420975976450081
0.464505542107519
0.589663242636676
0.403546933400438
0.539666152135085
0.412034482472233
0.414459135074446
0.481007557649914
0.4187513714812
0.468864584224422
0.321868702297484
0.392401921724895
0.438857557408142
0.443728955534274
0.391204134895846
0.416110082480572
0.568247775627141
0.38570701575416
0.534332127842311
0.55129110307777
0.476730630824864
0.645953026783225
0.458887425073185
0.603256405725415
0.538486882522073
0.595372438335614
0.44711672732385
0.517832328479962
0.464883910686087
0.516713941367779
0.576912243277151
0.575258848165469
0.526302914212255
0.500043587348884
0.547187771724433
0.54401514932981
0.538288665236413
0.491885980465586
0.642844281426665
0.434602020263898
0.521022110710194
0.402316933681109
0.572427857057501
0.554113527486883
0.507368826485693
0.518875020672873
0.648517319436581
0.607221084856579
0.464512080596802
0.413035393342717
0.510656572748029
0.573238474371995
0.633462449910057
0.5522212861811
0.568708085071655
0.661205096941132
0.564853825442588
0.49592116124437
0.717080607167498
0.538208780366567
0.55903479604966
0.665036830463589
0.650109957572912
0.340289047211575
0.56130496650809
0.636953901630597
0.503776500225867
0.694997742496899
0.676248465996517
0.451692313001419
0.579946760245536
0.606778751326368
0.58003071712768
0.485856594797069
0.53762812003338
0.555238449452264
0.697645424862693
0.556004154817737
0.44327926121445
0.662765623785751
0.497418760613349
0.734000406405576
0.718275854939077
0.650935534328794
0.579994513396968
0.672456622242993
0.615860683621309
0.714669787852284
0.645692758183276
0.531757437006358
0.653490734818833
0.728229009419851
0.586769620704409
0.721088552161319
0.648368907388799
0.657367347365945
0.620777566240622
0.777046565365708
0.669627374246921
0.672640595516378
0.667581190113196
0.675440631863188
0.603167910836582
0.723747964518315
0.763460758322703
0.751016766380665
0.784002189689658
0.593851233366997
0.685418877075893
0.640759757009271
0.69812533837435
0.707687654332767
0.798252066883543
0.83051327077075
0.743872181393108
0.470225699286993
0.677854968264415
0.645067461806099
0.684928364054963
0.637970022769448
0.699090971485923
0.66423653391832
0.703432477621792
0.714970254091494
0.716891400861044
0.777988800594137
0.69483587843124
0.826097101906268
0.809354467333448
0.710833340306217
0.690341032456746
0.859995206286949
0.632899211851468
0.633282020670216
0.768383412347125
0.690295000691547
0.590141540765536
0.62199557875991
0.598839624931166
0.648140471970982
0.751509345933449
0.708882859851738
0.743064297353348
0.690813918733727
0.580798108918267
0.715974411006114
0.822479470517486
0.660143616561968
0.763966202480053
0.68058284979236
0.713718107641945
0.798222126340743
0.778809471743404
0.843421905475732
0.720363025475558
0.866660954509698
0.723405555553348
0.830645924156166
0.726233965401325
0.815162964644783
0.918542321302941
0.754415102651391
0.792900647780476
0.942206925342249
0.907558099547307
0.686949667646464
0.846101125886718
0.835660466086358
0.74593020968092
0.835910321986344
0.805885882973281
0.824625915309912
0.715910941475477
0.693934314643418
0.896696498611089
0.773066225878772
0.697479994029294
0.665526453966801
0.793944667657646
0.975288866635782
0.843531532206092
0.843827259864117
0.848489540103734
0.977519646948741
0.763227233594423
0.75432424695933
0.838656608316749
0.767370677473959
0.849922209881994
0.941908455887751
0.926866076793433
0.846228951568156
0.909098043070885
0.829226235231461
0.754236250057809
0.825431801795303
0.788904158809611
0.766695419734044
0.781857921869398
0.780960033721058
0.8717647426965
1.00472654318401
0.981849117601887
0.91690241797303
0.800672780920409
0.809232378875555
0.87524832655291
0.959434935935952
0.746034515296858
0.910890890927921
0.805973725426808
1.02595888205684
0.896654868184232
1.12534944004519
0.810916210313312
0.942189750206372
0.887621334192079
0.934755137403939
0.877336192249686
0.780409918721794
0.918176148907439
0.979375178795914
0.915864805393978
0.822771877241447
1.16807496821563
0.959728792915948
0.836707192265456
0.788839812550356
0.889989867310062
0.949349593889841
0.696198449343847
0.927915713293119
0.865097449423207
1.00062874756852
0.909342840823536
0.949556569529846
1.06466812954736
1.01671179694729
0.942242792509416
0.974232771690869
0.917011795297459
0.969470369780065
1.0371061475474
0.934254039858881
0.890965963787082
1.00676804672269
0.902306796020885
0.980894377245319
1.042863623595
0.989609552312351
1.12527055398368
0.941759035680529
1.14745128317953
1.00135741661764
0.93831004186935
1.06114734534225
0.876777735638083
1.09256839092276
0.89612130753718
0.872400933189643
0.951013736007495
1.0931034174308
0.980498129864294
1.06357665981692
0.931599613617697
0.880305298488759
0.947793771183969
1.03737299453766
1.04883032486825
0.979478405620471
1.02929178621689
1.11445321734309
