0.179435850437493
-1.09036025337731
-0.926979725125132
-0.948197616414716
-0.96207361517969
-1.03091748653823
-0.946321455634499
-0.93247633943429
-1.02994750020297
-1.02162992258226
-0.905083748763347
-0.963759420227479
-1.01672472294581
-0.919414289733581
-1.01565829379337
-0.991399813482578
-1.02245169431683
-0.974645705852137
-1.05783233067474
-0.918815940169484
-0.949426933815307
-1.04058050775272
-0.871828058245333
-0.901370404895853
-0.819495151221718
-1.03224728305492
-1.03273053317315
-0.97019106531936
-0.862068104145507
-0.973980692099009
-1.04762426817247
-0.937398484243182
-1.07755584445874
-0.88888700445949
-0.9812434779097
-0.853285592559298
-0.842789141525691
-0.927118991509931
-0.829241513374854
-0.796193974872185
-0.984658337374013
-1.02808741508618
-0.663580044769104
-0.925583377991504
-0.928693599516783
-0.827899584348068
-0.877167075023976
-0.923059141995775
-1.11549677764731
-0.985328665109383
-0.815021186207317
-0.850460182449885
-0.854279862426998
-0.793446622541104
-0.783880904637371
-0.967985987630815
-1.00994027627934
-0.783819499981954
-0.979136280007021
-0.874862711771607
-0.924973717758384
-0.998809377584368
-0.904388090994515
-0.823460753740251
-0.990218172422782
-0.916325177987962
-0.937188595410824
-0.792007134528309
-0.90700441352359
-0.994829722840075
-0.91860177309341
-0.946463592401299
-0.711219380451322
-0.989666264315748
-0.905251445383656
-0.859023500996343
-0.796636500685287
-0.758556181129422
-0.840787879154274
-0.754088315700118
-0.819106626176479
-0.913370608542803
-0.827798157925315
-0.939029229658039
-0.704224758983953
-0.949263165827456
-0.816805225717513
-0.988018264578899
-0.815220987337385
-0.820214379174088
-0.747470657588061
-0.816810640831679
-0.81150473806125
-0.793905158871007
-0.777723642989036
-0.89258363127514
-0.67493834674772
-0.841061088321219
-0.862812724513039
-0.892091333032363
-0.785818708010375
-0.883743359433851
-0.828281249137321
-0.744105499304175
-0.809338447941211
-0.771990994205912
-0.805113754389812
-0.870725659415708
-0.851822075741148
-0.949145967570899
-0.755727643488317
-0.796346265945862
-0.728171897804684
-0.804963691791328
-0.784995782767096
-0.743920835055363
-0.7283450632205
-0.869527049465097
-0.752888944939979
-0.699670274916934
-0.782277257104694
-0.790385151578526
-0.78981502313185
-0.78558074787033
-0.788575465729881
-0.736593517003306
-0.66517614469797
-0.752946794505186
-0.754709665580671
-0.807455255144122
-0.790955175505513
-0.822694748438047
-0.791501257835055
-0.842661172715452
-0.684741491495694
-0.543490391587431
-0.734908122505703
-0.640653548790224
-0.718617966148888
-0.663301713840163
-0.721044795775037
-0.607679384109794
-0.84091283795002
-0.679665327002065
-0.793794518769078
-0.790491583828938
-0.733740776579734
-0.69440757825063
-0.641769967038827
-0.753569102220416
-0.679071763532542
-0.624897680735808
-0.661440675195393
-0.643964174366024
-0.729127786225863
-0.689580280598995
-0.644065571707284
-0.558247263231507
-0.647393100247595
-0.662361080278584
-0.709847908765262
-0.687636316459129
-0.525518264422245
-0.699146298356636
-0.691227846789463
-0.805405993730182
-0.645332311457724
-0.71357634104783
-0.448436357442485
-0.712597086827592
-0.722770831707024
-0.676961779788354
-0.575783511081391
-0.721478450987657
-0.6437093411816
-0.703893072888747
-0.648015349015352
-0.704607738677044
-0.616668442421918
-0.818220685515587
-0.6695240516193
-0.699272987473893
-0.663269200719532
-0.724036637958213
-0.707343097780556
-0.642230363686965
-0.567047270125013
-0.735892122652603
-0.616207156233057
-0.71700726621477
-0.625081139365362
-0.709034446681122
-0.754471000496014
-0.654153799501552
-0.579033971428264
-0.383350177714044
-0.621298552362337
-0.5798117452496
-0.734587840568579
-0.636047939980133
-0.503310686366559
-0.572095404694631
-0.588051858782982
-0.584377601576996
-0.584423782251031
-0.561466336474085
-0.673964656072472
-0.480025373493004
-0.693565522439144
-0.552827759337925
-0.504433229194131
-0.621537359679732
-0.587058963004039
-0.548613173641201
-0.637292722549166
-0.641019589804117
-0.631535790888065
-0.445530232440706
-0.47766141468208
-0.496283128434529
-0.536056227353436
-0.655686716389401
-0.572834779866442
-0.548642724896879
-0.537173868039331
-0.5381859201309
-0.534274209068807
-0.598186008501096
-0.430965568033356
-0.522998032709178
-0.51536121054745
-0.419917695660358
-0.504800661273664
-0.54579395002072
-0.46728471139977
-0.505922362855307
-0.677515247633188
-0.398595103456287
-0.459849192962634
-0.657699491842346
-0.527020058382766
-0.554759609868681
-0.461106742311456
-0.473305401568089
-0.565917242356197
-0.542604539821191
-0.581119974168826
-0.539059843961694
-0.385441750572335
-0.564425729047063
-0.499533595543882
-0.619168702238809
-0.487174172463139
-0.399679210219151
-0.443682968152648
-0.571340139035398
-0.542787455586514
-0.316984298514331
-0.480251592498668
-0.465255846781462
-0.548696372106708
-0.470253950073592
-0.467707737936564
-0.346589802742755
-0.592933603444539
-0.466302131308903
-0.53536038949936
-0.403229155677213
-0.444785240215057
-0.501971894913434
-0.640723634450227
-0.390136672118765
-0.650781914878353
-0.480164000085761
-0.387841477407482
-0.486088707538379
-0.512921110846544
-0.429476828379424
-0.419228971720486
-0.48768119051563
-0.405023173755034
-0.479186475933211
-0.507692395844547
-0.544758224044102
-0.493788550604179
-0.37973973551127
-0.570156722845087
-0.456666137502966
-0.380367304513639
-0.44203037683417
-0.435114736574485
-0.43647073930931
-0.379681196396234
-0.587239587678359
-0.466694435095249
-0.342470249727126
-0.372989342306669
-0.430270263852463
-0.386370823805405
-0.333069809207828
-0.475985628913277
-0.553511714710163
-0.361135746625786
-0.378105158561043
-0.549651094634235
-0.401222971028616
-0.386040921375848
-0.30329455085344
-0.389709606719821
-0.335407759472984
-0.265849748923519
-0.456523350487332
-0.31824299961473
-0.580723608876836
-0.434849304545928
-0.30115167938298
-0.384531377866373
-0.316571482538919
-0.396028157165262
-0.368352252526532
-0.437066859300899
-0.284284926771693
-0.418836549383691
-0.341375800515567
-0.395403516377141
-0.378566111246227
-0.332816674562719
-0.329468672075384
-0.356219784110204
-0.335383417085789
-0.440748751352451
-0.260908632850236
-0.377869996675481
-0.328120838839408
-0.207842229165878
-0.284789232141222
-0.279680996012572
-0.482813290864149
-0.252910716185545
-0.13630088679744
-0.315652971941542
-0.408231149371743
-0.225750954339515
-0.226416425151565
-0.34023848071921
-0.368081210229056
-0.336026647579899
-0.563034814373652
-0.323528470649814
-0.345763086624064
-0.313303632412719
-0.246263614220569
-0.402013483091548
-0.161656904984082
-0.198228231001694
-0.301244056054614
-0.27106023418978
-0.288689887772992
-0.345023872699278
-0.321289373240074
-0.417060081729921
-0.2296646248382
-0.148581821967289
-0.400421424748101
-0.354742173184585
-0.364350107024456
-0.327250708065694
-0.244554283128417
-0.255362708655172
-0.372833446091573
-0.206281012504122
-0.234203632155819
-0.035234777032738
-0.1982225312594
-0.333996513772632
-0.204467342061995
-0.269472919255897
-0.28171581624265
-0.239703551417403
-0.224458785484026
-0.423851382250201
-0.257404814070816
-0.263416670905999
-0.218920330263243
-0.23424857000529
-0.307233419181418
-0.0127090589135489
-0.0865637072302289
-0.204580475674458
-0.377369806558004
-0.395809283283964
-0.245140396651453
-0.272902611902523
-0.317213677638655
-0.258325431889706
-0.406278313813154
-0.168276274099467
-0.251734540379508
-0.00913538490073592
-0.21234387815732
-0.294230960966794
-0.108805650087258
-0.160409156166742
-0.205717036415175
-0.126325249842964
-0.170547170670945
-0.230148440194134
-0.190228842355473
-0.308570089751047
-0.0882696586387765
-0.100993345020476
-0.279240614972089
-0.152409982159052
-0.185840630608336
-0.168255009190268
-0.210371576867392
-0.194097538411238
-0.153398122962096
-0.351233290870466
-0.108373120844767
-0.124030481575841
-0.145036407241343
-0.219666840071935
-0.0842519814304361
-0.331960358270572
-0.302439372189224
-0.162035270242056
-0.250982716671148
-0.227225143482725
-0.163589638054098
-0.108286113317861
-0.21092527260951
-0.154507747547548
-0.115663995508547
-0.0567569020968761
-0.199592568174529
0.00356305930434084
-0.142424408447308
0.0195736676526018
0.0236719303786251
-0.0529331479822108
-0.0857082949632709
-0.187531816484467
-0.183622986871049
-0.0676972085357626
-0.0750868590396573
-0.186371575655314
-0.148674643659279
-0.0610782853346588
-0.146699835497099
-0.0562017385758798
-0.261150888020712
-0.0592532541414146
-0.183658780583774
-0.0357389180313441
-0.0701997706261134
0.076215688461552
-0.092245917076642
-0.00772573434495727
-0.0783995676290218
-0.127156526900109
-0.123247666024339
0.0535322837975603
-0.0267881252812917
-0.146763385110263
-0.0325319335535499
-0.0264682186216018
-0.0793749159941702
-0.0761234489497384
-0.0370585442516671
-0.00460656170970694
-0.148639055239979
-0.0378990494320924
0.0850704869840809
0.0123844152933164
-0.193965749784921
-0.0523194034766793
-0.0523893153050469
-0.0956645163381778
0.146279268790245
-0.167921951804718
-0.0827447757857568
-0.00423235410394493
-0.0767783512223943
-0.0923237869433844
-0.0766781705337956
-0.137269941632715
0.0513903181333218
-0.0987336050977605
-0.0321215532519889
0.0258854759687655
-0.232141409109852
-0.0766233468414118
-0.116235314516985
0.00226402294344108
-0.0762833368338452
-0.0627490909869476
-0.00913387500373795
-0.0570643642309861
-0.184791803301275
-0.0423967426139066
0.0485881963378636
0.0791813636403115
0.0444889985874594
0.0909126543372564
0.0346006978686213
0.0073764906802893
0.00101135390108624
-0.0374486157143363
0.0728813011570127
0.0777808238001478
0.0110880301160944
0.101497313752312
0.137580647606018
0.0159778902420699
0.0268724906551767
-0.0998385656773224
0.0969418095474001
-0.0634901790966742
0.0638296846944532
-0.014112873524116
0.0775944762846268
0.220279581096605
0.0797699757724307
0.120503508049767
0.0634301499727695
-0.0141056280981395
0.137622479404508
0.00447482186155177
-0.0201658728699834
-0.021846261448162
0.0643773469199831
0.084812427501193
0.127788078177383
0.128904521003062
0.0382188517472566
0.0383233412783139
0.0425051672710688
-0.0183773311405047
0.0787945445245591
-0.0770213163526241
0.143505214817897
0.202237783937524
0.0912402074478374
0.229185868417504
0.101389134310166
0.0648827540724105
0.0762679892665174
0.109196368506278
0.105352873125246
0.116483814869969
0.0712937453872587
0.0824276488193362
0.137428511524114
0.0429093783828916
0.107978662029824
0.287682370631266
0.121512214718953
0.227867172969732
0.10959963138489
0.0710281562588511
0.143890635770298
0.214573725762581
0.105134897137501
0.125033103375256
0.313694769574565
0.0474901072140696
0.24836433133996
0.314585602475031
0.0854440128264967
0.128803306209198
0.249843215441042
0.099756576340122
0.262647160096281
0.0839443868536944
0.334903606284678
-0.0150745189051911
0.124561045595987
0.0784500573804848
0.182848139443296
0.017284278973453
0.0390832819864972
0.152514143761361
0.144417305906849
0.273116675084642
0.207562324636344
0.132634851321379
0.248094283557426
0.16732646898292
0.325347223562376
0.218390674012134
0.299741525372493
0.0203910969256731
0.251018479290293
0.307602263902476
0.169667609059975
-0.00815165199706439
0.0791475940072615
0.192304527833107
0.227650075682034
0.217322404222261
0.218215954757288
0.0222965557438379
0.11906358454252
0.0478249267718581
0.182590385936532
0.152622492880884
0.317917671619933
0.108923877451342
0.178850082629808
0.325929874366068
0.241633116405265
0.125043539007079
0.3236253564939
0.192902966052995
0.120452029554866
0.203703154846095
0.162184704717371
0.279887056266462
0.212730426401923
0.194674577114346
0.162824372555826
0.449604666182625
0.406486907300416
0.182817956471524
0.192158727965661
0.219461667646323
0.122777482338222
0.205324593797481
0.264829357349951
0.250518189096171
0.303519540278688
0.171516927647596
0.381623259121903
0.28862360991157
0.278721839104016
0.318279124232767
0.221573708741008
0.320410033917519
0.339210752520055
0.245191337410934
0.339231192341021
0.342916977793042
0.277645382291893
0.267165788486253
0.357841917543216
0.261762296902553
0.408272150746347
0.231163564337267
0.339854593279311
0.174308160771871
0.313160188406258
0.4911396447003
0.328908980421616
0.276326668623334
0.345293500080106
0.301394529944123
0.375055178552617
0.4069058134529
0.187493318150528
0.530198365759392
0.280882412670092
0.270354460011409
0.26514803958234
0.469711684114134
0.302011610413396
0.51916898876799
0.214389635372493
0.228273382276579
0.310830837803454
0.461021191146986
0.247983924514564
0.31419390940684
0.226239626354216
0.148114084870059
0.407000546472019
0.336017613827952
0.346554951785401
0.266206997163166
0.280977961899772
0.259272913695358
0.280812131759929
0.356011117069763
0.245732099587099
0.183905617746664
0.330018154455299
0.565879775353186
0.340977244281328
0.429350102786908
0.396393946291581
0.433796607355386
0.319210955379147
0.436412707295978
0.346859903729159
0.596007523378896
0.438640838780484
0.396267346905323
0.451437037669957
0.36991026528017
0.46147518820234
0.439153958260285
0.464360793078689
0.328660823407066
0.422925070707371
0.225709277289055
0.446767840293325
0.251293684730722
0.367212801192124
0.324901630664987
0.443264526474268
0.553611934413641
0.405704341586477
0.485442454272518
0.386443173269857
0.296302896186385
0.438091178795997
0.468561803065368
0.386480272188158
0.267212531016128
0.38232559466895
0.504780154968924
0.449413082253624
0.536454266544385
0.473098323793682
0.428639963200517
0.584739950477088
0.430804854652422
0.212735640516743
0.423387751765698
0.514974253375313
0.521375670973318
0.48921556755483
0.448821336099959
0.532704743293766
0.410347963661815
0.506087963861555
0.365834140652242
0.515440036797407
0.491162093876133
0.460499671504594
0.541145650731395
0.427588120339246
0.47487798377397
0.491420230784213
0.372140209148506
0.542647804198792
0.392309737053991
0.390143295222163
0.424910165584365
0.519966055066087
0.436776303052797
0.483235703608624
0.468523001766878
0.463734502360155
0.530260319829907
0.564878430944987
0.622381961139985
0.504654238245255
0.408172229795812
0.491652637889079
0.373302958505324
0.426646030568432
0.497320171492942
0.684999042078189
0.447618089032199
0.43348470630794
0.492218159932118
0.491436369178807
0.696691490164932
0.409657832904574
0.496651262438139
0.512406048522044
0.447391172597192
0.532481664348143
0.625526846579555
0.586631412453701
0.365748443837769
0.529862581901368
0.603376081394612
0.468475857173142
0.650487385185624
0.657679799919084
0.636769317065106
0.641286102419138
0.581038872944638
0.565937196184103
0.514217112940632
0.563971783444293
0.649643979220011
0.615655831123638
0.532010842388547
0.657189603168721
0.638523297204338
0.54326086794356
0.57154503260465
0.704492786759333
0.485938159678593
0.645617386433015
0.606387059930299
0.802356181035492
0.524989287578167
0.466874071622135
0.536034631900559
0.656751227464754
0.599659307126203
0.667877141098306
0.589200464710128
0.683606117612466
0.756200451351448
0.691981818015526
0.649008354354186
0.621970457458662
0.631644023341543
0.72023124798819
0.665672010504536
0.605817639299452
0.663768601353526
0.45876296552577
0.595496992653652
0.524561933162143
0.657784746300665
0.447008444557062
0.7328912615749
0.537036035134614
0.589497112028639
0.490857295873557
0.562942970346027
0.666357350162342
0.744216487729364
0.722067157069085
0.571317145690738
0.680281176453153
0.649862635453592
0.660836226772816
0.777053139668078
0.637480047633366
0.60270394641716
0.59464476661376
0.726868049409735
0.720752522746887
0.804682744630143
0.556916133685364
0.672203052414774
0.796931637951608
0.749356968798605
0.670614620715217
0.642551088669554
0.835157437046933
0.62954313298546
0.792930353890179
0.797382953173255
0.678884490779548
0.737891319527641
0.775332411509164
0.721963831615927
0.754064339547288
0.802481461634892
0.600394735820213
0.805812359042094
0.748019319433324
0.721007008823121
0.711189085383382
0.797791079109686
0.762364388888839
0.774901472080013
0.828016450084715
0.651938745345832
0.663965967452906
0.606784170245814
0.762465523506486
0.742529939414602
0.628362816912546
0.777617123357342
0.714972998775937
0.653203486815174
0.981513138409059
0.808085318115192
0.695772642500447
0.922345251355052
0.695348259403792
0.776046471980589
0.538250071178629
0.697598701396146
0.724041992955208
0.74725717765378
0.762120681363508
0.763345244459822
0.81827504696827
0.864128923460268
0.749547206448172
0.795585969861016
0.79162385817754
0.678720385934881
0.728668414699116
0.734965052200814
0.729249894464506
0.7689200554823
0.76540655850158
0.767815141948873
0.898036674911457
0.786791605006215
0.689668289113949
0.770039078039355
0.730885497728702
0.761062082335626
0.787039215684767
0.855970252963465
0.808939689405745
0.922198661879815
0.854039622197962
0.743166721261387
0.970431965979515
0.727233738755333
0.864225974315892
0.792958260526335
0.909799757736429
0.804733162775123
0.685526360751746
0.85263576546356
0.897218798221662
0.832053305761855
0.657933733685119
0.865502311951652
0.881585013119602
0.910465342600468
0.917277270569532
0.874589379346781
0.88540144976603
0.679839508818662
0.928808489456183
0.908966952789598
0.836697481118826
0.791788489826602
0.837610658515129
1.0367098069745
0.874225763429277
0.92124560466835
0.836872765992452
0.902022603285345
0.856867005028576
0.93561944854755
0.948844443814842
0.989529061342493
0.871686519804843
0.945100187400635
0.967042263737381
0.991296852251467
0.754090794586724
1.06001533701203
0.829328574905447
0.830933336022519
0.801207856168637
0.828208617627936
0.914445701278404
1.03530677303441
0.938067297987875
0.862595453677842
1.01594189951432
0.950012031108825
0.93452435118895
0.905698348601495
0.950829507684855
0.977880704078585
0.876292921522271
0.804761462765315
0.885144989711647
0.947259346933462
0.842221580049065
0.990010155493429
1.02663659188871
0.844563452122667
0.837515247311208
0.920729714439577
0.8466782513382
1.0852975219788
0.885624861863605
0.983247916406631
1.12074859145497
1.08540156707947
0.867738250480434
0.903685076419815
1.09138255417644
0.870007105530512
0.920316737239202
0.869281361572347
0.821458468876647
1.06503965569926
1.02801822192546
0.965289895116295
1.0056789758468
0.881551412672122
0.852315815632563
1.00225825202844
1.05955639749277
1.19222238502078
1.13858491101562
1.12139524476822
0.988306134991161
1.05011008444723
1.09534939532291
1.04441103812424
