0.0669140468308556
-0.994480773811725
-1.06350469959067
-1.12157877592334
-1.00074992405466
-0.852979536035829
-0.924505715570311
-0.972583259778608
-0.930012285814413
-0.93872862631258
-1.07701618508444
-1.03779378385995
-0.945547343010208
-0.954961235063544
-0.95832465871558
-0.888969844652509
-1.1457034303171
-1.0750163977868
-0.938463525897962
-0.946364814370972
-1.02262064858536
-0.948966346226904
-0.91779781923534
-0.983418621335377
-0.901256794077999
-0.894825831125045
-0.956936724077552
-0.969023785281326
-1.06474670450375
-0.826886753859189
-1.00931445615918
-1.03081187275322
-0.969681026351079
-0.911320563197662
-0.958548709794582
-0.933598390521541
-0.932704481297533
-1.02381049230985
-0.904357580527196
-0.825122004957673
-0.832587791526555
-0.879549030726013
-1.07539536129729
-0.950653023293604
-1.00336984721028
-1.01874447104714
-1.00418975760204
-0.814689872072018
-0.887697436621972
-0.858605132395475
-0.9193286487731
-0.997932521673136
-0.763558151480414
-0.910081723331132
-0.818619514283747
-0.862305900972659
-0.944861547890949
-1.02042469680125
-0.905250712604153
-0.834596639736128
-0.963148883726926
-0.831474278376419
-0.727161422008399
-0.839243360425502
-0.95617554156067
-0.704240499991578
-0.838050886480988
-0.873465999544366
-0.719526684255468
-0.741275572697252
-0.799412575889104
-0.8012227797334
-0.906859482684804
-0.848373372542852
-0.810592749877516
-0.711010394956313
-0.9091189034376
-0.890863818585943
-0.888491152851037
-0.978347298534559
-0.889932860264453
-0.849536346046804
-0.867632911494905
-0.703470355821968
-0.766553342943886
-0.813810092025348
-0.834658796909459
-0.693991041908956
-0.707651776741082
-0.897273857592597
-0.739016894737592
-0.831548859865326
-0.719060845508713
-0.989424284422795
-0.840941062456087
-0.830300841196949
-0.823426557164693
-0.68137981463619
-0.797583980574362
-0.680395012575152
-0.830363216271422
-0.736554651586672
-0.832229030619496
-0.808190554382035
-0.848285247880279
-0.756367391704535
-0.699252756079484
-0.701953853560901
-0.945095225463565
-0.810563015809566
-0.922266167371332
-0.705782850587707
-0.75794318734714
-0.711248030007165
-0.821714758149673
-0.814993165428471
-0.767195911897256
-0.830103677828736
-0.926410231207988
-0.652373274367812
-0.808052454604893
-0.84837914399026
-0.852224738630094
-0.693315919652391
-0.745556387408082
-0.697337320295954
-0.771054970658374
-0.711619691302531
-0.725745398047183
-0.949653133556356
-0.694387012582491
-0.832881895914718
-0.619055026143108
-0.709090473406818
-0.675950324077572
-0.742290338503644
-0.773582808965844
-0.768701590352283
-0.737125813606032
-0.665608891616911
-0.629047033848199
-0.848953156512473
-0.69280968209766
-0.766746863543594
-0.778905953605796
-0.735945775031096
-0.680775603740928
-0.729255827216615
-0.727495425303191
-0.830503842582211
-0.711625931818651
-0.766818555649458
-0.777419999739787
-0.64559182426386
-0.789161161244509
-0.661218063484579
-0.624346118310392
-0.659134781291007
-0.736178862659829
-0.65399514948375
-0.790272786793465
-0.611288638950083
-0.612273053194541
-0.70131039211923
-0.674332497394449
-0.825337090171571
-0.427232147652125
-0.563355356881432
-0.658348407479904
-0.636613577527573
-0.704558574697021
-0.650412484900113
-0.577746201138418
-0.703592573991068
-0.634194702102212
-0.574905637585248
-0.605671827421345
-0.51354042733723
-0.655089335118509
-0.718011288537048
-0.685660449561806
-0.53600891744869
-0.481761896118667
-0.615325322525778
-0.636567312955932
-0.661460568349118
-0.586199366481553
-0.536983138285894
-0.509039438575987
-0.636225702964185
-0.717032702054308
-0.622538485244374
-0.629894771474355
-0.600200052795878
-0.565468472498597
-0.595094292910903
-0.653436809521345
-0.771090148957876
-0.684682903699106
-0.561425769051737
-0.659997824648497
-0.66423806384676
-0.649461037795928
-0.444694015768251
-0.499526700287614
-0.668623011588404
-0.572920911021557
-0.64618356879986
-0.721545539024203
-0.503609783125457
-0.382478678697419
-0.565449267186077
-0.659554119882616
-0.533355336008292
-0.713880697957045
-0.728862327214253
-0.499739579571578
-0.699519763344444
-0.529937939736636
-0.645595346755721
-0.605128572759141
-0.65601632251908
-0.435479372308787
-0.538512416095982
-0.590583089522202
-0.534348378842773
-0.34831155661887
-0.446980354915461
-0.665651172169178
-0.588823983970813
-0.376379961622842
-0.565829645394236
-0.523678314273316
-0.659803161135274
-0.525246721081483
-0.415837325971698
-0.578792002959346
-0.533022614066955
-0.621836827933012
-0.645560258968865
-0.592930146697426
-0.502987116681403
-0.482683651911699
-0.472343180618839
-0.362355505601919
-0.559206051370122
-0.484016301030269
-0.506389050460122
-0.681104437864209
-0.422122369658396
-0.591520013350592
-0.634961648897012
-0.532074857697158
-0.401945142343617
-0.489766744615209
-0.458789472909172
-0.565717297325307
-0.55209141499152
-0.595072600124416
-0.434197154833009
-0.571844002333298
-0.577407466039128
-0.459184657467579
-0.508518436735812
-0.481848116799996
-0.412479386616174
-0.463302564793203
-0.380699050421045
-0.462546375736635
-0.453061707844587
-0.554977864333606
-0.432707955036002
-0.581962346312779
-0.408148650675261
-0.39735936172769
-0.476016923324565
-0.376268712168799
-0.499558847984186
-0.501214117034079
-0.493046623000558
-0.435890690317801
-0.343221001286362
-0.435044470223002
-0.499333962824407
-0.420341386188794
-0.350320693946724
-0.530147600755421
-0.522694732096423
-0.28826174185165
-0.483847505267598
-0.378746684558092
-0.465067492326364
-0.404798398626515
-0.417013859186194
-0.442130502200882
-0.400274815674561
-0.458029589404811
-0.293390012935397
-0.421940895511956
-0.424674253482814
-0.452508517818835
-0.322335784476148
-0.370947037658694
-0.277641590691689
-0.296972234017707
-0.43859137317022
-0.258511036245159
-0.453953408565125
-0.500592960578022
-0.425119290543805
-0.335903058487598
-0.355152391460445
-0.32345845879297
-0.423169857803764
-0.474697280387616
-0.401126258630168
-0.32455795447027
-0.343001970933653
-0.343071443800385
-0.454401234742493
-0.399386885301188
-0.291931089741841
-0.316993441692724
-0.409841637880511
-0.32929341956306
-0.222356457819943
-0.272784955841688
-0.278881904090864
-0.282458660233172
-0.409009764794294
-0.524787140831317
-0.360402565610517
-0.297956312189032
-0.196452518993486
-0.30374578858779
-0.36847148119222
-0.312902905721793
-0.277010429759673
-0.343490437205294
-0.200986651140047
-0.395117465432494
-0.313870576328081
-0.393773535002447
-0.346358239267822
-0.316930203607606
-0.410081549930097
-0.274520038371195
-0.244785902509436
-0.39488762964653
-0.427911588842218
-0.330366525127359
-0.517965656985593
-0.305374327393564
-0.260303227378443
-0.207131712415377
-0.243368275796403
-0.333194345930963
-0.413569751159916
-0.279092798833476
-0.293477582668103
-0.350735053437841
-0.172200060528564
-0.211271296382019
-0.386759593568117
-0.405329518979072
-0.280028462826304
-0.242843651078889
-0.330012961467708
-0.280859099096303
-0.211807800109811
-0.282069018912114
-0.28764072603972
-0.279793658146038
-0.257521895268998
-0.215480884934316
-0.365876378382604
-0.272897501267034
-0.441286686197572
-0.201250503389893
-0.348741944849793
0.0473795650679441
-0.204027528047836
-0.314986456197509
-0.226456604341033
-0.237866360332676
-0.212825783478423
-0.144725746816809
-0.0518476828045406
-0.209018218390524
-0.180900112233456
-0.248117922190216
-0.125995687659006
-0.261490519878805
-0.132071865800096
-0.407446658668346
-0.200120069274769
-0.242004208946792
-0.233268887852303
-0.154976558367449
-0.291368435010223
-0.204593595765379
-0.130796063331245
-0.134248718133406
-0.179732202823429
-0.192312067904868
-0.162479713842038
-0.17060286976139
-0.196657114216773
-0.155079343843256
-0.221645616040626
-0.189235409326797
-0.0427464295482735
-0.34714470192505
-0.257605718685974
-0.136388014801849
-0.0928150233134514
-0.198790045525513
-0.036389279713552
-0.208477880217361
-0.237594783602775
-0.0428307618556499
-0.214718452424155
-0.211690321665747
-0.144491526167459
-0.123188890161978
-0.190274109446416
-0.0613209186598553
-0.109621018070568
-0.0902683288077542
-0.266675668017942
-0.067475034409342
-0.0400889734289519
-0.198109407676019
-0.203926465558157
-0.0383743779933974
-0.162586246127614
-0.284498013815513
-0.280249289544645
-0.0424499790684932
-0.144877986649576
-0.0921125124590168
-0.24389150916787
-0.126594699494822
-0.139313124734175
-0.118427394981407
0.00921409582777001
-0.0588940850430486
-0.110515834935192
0.0214168858759305
-0.121003960036008
0.0601020114158804
-0.22628227639233
-0.128342835875003
-0.0440662817294334
-0.0368506214251124
-0.0646330446930914
0.029651268983164
-0.188153464642817
-0.0311055570390824
-0.0977022083047687
0.0429338936038921
-0.159708084125685
-0.05303481879948
0.014668349326624
0.0270406124805274
0.128449001897473
-0.0599804210516188
-0.0943209518703083
-0.11820127095292
-0.05324926306957
-0.0179497644445597
0.0262257702794158
0.0211811474214323
0.0532855205147755
-0.05814983447367
-0.038043096528666
0.04131100437679
-0.144564624059163
-0.157435206019002
-0.0866991629712231
0.0959600505022374
-0.0533499753637547
0.0271814209393158
-0.0325925754892217
-0.166139639419754
-0.218250213115958
-0.0248533954465591
-0.0223080866233882
0.152168713051946
-0.0366547298179021
-0.0260817952084551
0.0421334528358419
-0.12831259885628
-0.126441660191529
0.0828250951103199
0.161137057822259
0.0497510151022368
0.300617287844862
0.00382309737261558
0.00231508467784323
0.0105997242492067
-0.144647790965533
0.19525538696121
0.00261028872184834
-0.109536480879348
0.0644013663859107
0.00724912411936529
0.151655009520431
-0.0933229352266671
-0.0774809275355729
0.0700806430807027
-0.00302697888062838
-0.052397552318383
-0.00604456850200259
-0.0587162602853332
-0.147695866662483
0.0212805946327338
-0.121859708535513
-0.131207247615155
0.0121430171737616
0.171136397805292
0.0868643161587311
0.0658009131848655
0.194246834233091
0.0594773654395293
0.108759928927543
-0.0652602483549986
0.177844569098876
0.0733187571333275
0.12177153903822
0.0561227531410405
0.222846419387465
-0.0598483763391458
0.128496740612686
0.0843486937601949
0.0547521507770342
-0.017431555347585
0.0778811401190645
0.115442272396435
-0.0143888623909437
0.112625791969827
0.00228345385893509
-0.0426519913711553
0.157569764561115
0.115683406679521
0.0482324015754273
0.103512404937855
0.190782161966207
-0.0309531864965559
0.014914957914179
0.171595148677746
-0.0105184290589967
0.180783244366257
0.0266377916966545
0.109127982948064
0.0776885980848968
0.164258471046972
0.00305920334847029
0.0366455932646025
0.164516769352954
0.163823369354256
0.100687069092521
0.216655471551393
0.134614079007218
0.174842369442536
0.13275557031503
0.0937872083263263
0.145951727758597
0.00565591388619474
0.0975983025201525
0.112207741030365
0.188151394065162
0.219394817093866
0.1939898339489
0.207128363781024
0.140305587174088
0.0550814215842839
0.174628070609686
0.0693068838302293
0.136431850506895
0.00883045111946497
0.267817701330015
0.016914043544588
0.190263851468097
0.0780288561384923
0.338421117261255
0.0457185435995506
0.117400588944014
0.225430481431065
0.299440786999256
0.14918543286106
0.164019349678405
0.229176488484861
0.232840217165248
0.212320223864521
0.174994915921982
0.0799565634082632
0.250645977010774
0.237673931489826
0.1093824657561
0.21292794346089
0.072715650595417
0.175653575251799
0.154967587055714
0.369372418682961
0.332183528089046
0.206297146472477
0.180626453626614
0.269821265615894
0.0514939371777789
0.114012730787181
0.181888911737208
0.1799080756087
0.0634151618467117
0.208529286634926
0.189822357271156
0.0158399779988741
0.172784181498188
0.283013177701507
0.276459022709567
0.350614135929146
0.165392326987312
0.241974492031134
0.267492483361212
0.381218621705301
0.182932192937433
0.163303274096094
0.23170995660977
0.368130155093662
0.324017777226144
0.17569436771378
0.279723910580405
0.294757166885811
0.09916489302382
0.338039015710905
0.367968448952877
0.305947118723375
0.281791527343156
0.188827567782854
0.236968039960633
0.224086029674201
0.187599008017998
0.323952141383876
0.276337653676114
0.30695201532171
0.256907873482512
0.388729752437387
0.163749532489343
0.27190109938021
0.367712723978546
0.331492331953477
0.301766525303224
0.407346283091362
0.288243742583767
0.275067612730953
0.366213653071718
0.354388727257598
0.364644962090131
0.236177188845448
0.36622548944923
0.345707327793593
0.251981052586527
0.372310052320745
0.309730718213617
0.337036902054857
0.269709251858829
0.302349556146797
0.336107042225853
0.336089205327719
0.38678238549669
0.348813472994699
0.293047963545296
0.309579628495189
0.382228653029463
0.397579031372194
0.335111601709946
0.20874146294728
0.359138178843631
0.363201479788027
0.248313042244845
0.365571331186591
0.336684971025346
0.293671475885722
0.428956427827752
0.398280507844234
0.446813712128396
0.387554577145386
0.279682319263011
0.259432453287523
0.362768945998792
0.304392761560296
0.316152948461508
0.362404886615491
0.391840826156609
0.337314915210665
0.535246587366797
0.546432951312226
0.42477300224577
0.495667617825992
0.359358793424574
0.42730691769705
0.546904557753168
0.465773186387765
0.473096252683724
0.384602143143431
0.350456825819067
0.465046749592642
0.218250080601864
0.252621944448142
0.423050804505202
0.28640887865055
0.449221538433984
0.51565860208429
0.529195973094375
0.237665151137549
0.553562337725129
0.427120629530965
0.364957366138575
0.42901086493254
0.359208702477446
0.383593165527613
0.320855762885695
0.627295529546127
0.405321051962971
0.631655271521305
0.532662978312392
0.384119893296097
0.407846323473601
0.281209695849684
0.432536664781436
0.472556961746701
0.573444591854832
0.428810885257253
0.528717917154206
0.452393240326494
0.432463797858082
0.454411665991998
0.396805407609908
0.485341872907655
0.301589113904882
0.398959735679891
0.430952184945348
0.445017010546238
0.395450564577561
0.437103636043473
0.582212398406705
0.374449626770466
0.533583363816255
0.543058057872417
0.494433182546922
0.640110617862516
0.457398383937361
0.590741245387334
0.554397270896566
0.589791081099703
0.428778598882838
0.526263929247837
0.498547704735063
0.528119498872557
0.575844828440203
0.558692636644456
0.511989120756446
0.485304726458316
0.5624253178361
0.5366360882374
0.557972499913688
0.497429415122776
0.645206060797772
0.407806952977948
0.515691280271193
0.412983155569862
0.569647008702911
0.536262003395597
0.497256061601309
0.535217393971018
0.654433550384409
0.604662057811665
0.464806516502047
0.407609800538815
0.507080404035287
0.540489747670832
0.648828145885148
0.520079133361905
0.579594616001649
0.686123013035906
0.55271809666675
0.518297118681109
0.698442342216087
0.530491989663658
0.554852010464436
0.689939841363971
0.633125608079754
0.343432596765933
0.536082145733988
0.641028594193749
0.505482039642229
0.696479884525589
0.68073792281243
0.470825310482081
0.585069716603016
0.59954764574832
0.583284090938061
0.495843216085826
0.541208281608005
0.573459633559089
0.713547837073332
0.537748943314689
0.454776086933818
0.674251619832993
0.509449362295035
0.748323129810461
0.704970833020623
0.648126692498766
0.593147754439292
0.672141530075318
0.605197674609281
0.717029321852571
0.656598080051526
0.511721810303032
0.668627074406212
0.726959563199846
0.608849670292969
0.717498069865371
0.640625298751307
0.642903401553561
0.614674168054343
0.748723134579208
0.6617183929584
0.674048883564667
0.659502966246418
0.676753758006953
0.618295732645329
0.737981770074257
0.750948698409593
0.755407853697219
0.753939829236982
0.608018745880972
0.696237004527694
0.635604260284968
0.687172875082715
0.702158374328016
0.815147721442147
0.817794213518151
0.735568480624323
0.462150058888502
0.658827993360543
0.629372586099416
0.690774125920657
0.642802469529541
0.707722429406006
0.669246328601284
0.718373010450811
0.696896878477439
0.718818336778525
0.802703278783973
0.727464782873257
0.811929972438329
0.811737660309919
0.716712866925341
0.691856934312245
0.867118569505957
0.640541987764581
0.648234008045174
0.770804198470691
0.703170648590656
0.579390783418056
0.627903251037074
0.590040891803905
0.663789548467196
0.753304910446235
0.68334789503712
0.729474530766008
0.679501417802025
0.607811366578643
0.724694747759287
0.84653266429858
0.661043213454891
0.751287045238705
0.663517633229463
0.733354457848098
0.82147168498784
0.779228990637798
0.851288624402907
0.732087351813214
0.868323840736956
0.73017469071416
0.828337654310919
0.741984286263063
0.828450662507072
0.910771565474087
0.74701241354405
0.779870987273572
0.941240706295647
0.898439472761188
0.708058683359272
0.855588760782463
0.849553366743398
0.725222338391482
0.854019754666011
0.820112338969484
0.830139230484479
0.73954739553067
0.681089560670826
0.897991493773931
0.766746083003975
0.692932362070976
0.68532131827434
0.777298386741773
0.990836978231991
0.85793962686662
0.84511652379069
0.87980876158387
0.986732252235734
0.761996641113106
0.765280648683425
0.853969321265975
0.753632505136809
0.856015834077718
0.942152917138199
0.938810751616158
0.820915717403978
0.91038157903154
0.809178682712538
0.766892078296561
0.836887219549617
0.791995315290354
0.77797776992761
0.766028066530414
0.763430228811686
0.863421024293385
0.985673835879521
0.975537662034213
0.938232788358782
0.806000198726125
0.823778476626444
0.903745498056575
0.985674421667402
0.757230819054929
0.891730370565787
0.813497643878096
1.00730169277054
0.863004945375685
1.11575112410865
0.831694957914225
0.934741412804001
0.861929826367437
0.94372295430988
0.883174029737434
0.797626232895901
0.932351409460888
0.957951547114806
0.911408173725972
0.801013114520872
1.1689364294781
0.945716251406883
0.837808306617707
0.788732979725983
0.916834701508279
0.953827811497785
0.672065494280045
0.937475181034454
0.857692261673778
0.994317162777487
0.898886097025436
0.934718379262621
1.05160627654363
1.0204572753064
0.937997568558494
0.998395130647211
0.913328617454735
0.961700690742504
1.0268295223547
0.923670068136633
0.912718869981643
1.01277435547099
0.886221053171518
0.994310998162839
1.0384941405939
0.976836991682817
1.12013393570074
0.931633161595711
1.13703004107323
1.0202720375129
0.924523661126311
1.06912542858575
0.877623671782952
1.09789335815018
0.926859745854582
0.877775656393325
0.960035903759583
1.08131579676785
0.997159835695963
1.07596772931617
0.916149764112897
0.908064082210827
0.969737176812863
1.03358814951168
1.05146133548298
1.02115708270584
1.04791064490895
1.11001064810429
