-0.0694804127367846
-1.0579598180065
-0.928106940845943
-0.889530816765502
-0.990731040511029
-1.13662890184925
-0.914919718655982
-0.993282259112159
-0.962842705947447
-0.976040305903974
-0.906797176085419
-0.868987731278893
-0.951236744450576
-1.02160479064516
-0.972615477133142
-0.956556469646523
-1.05587212375692
-1.0703849097018
-0.969605754983919
-0.98886185968288
-0.87186420556968
-0.948518274782152
-1.17343074040253
-0.951806516081999
-0.878446269769236
-0.885417834747949
-0.974121828936427
-0.988473902746732
-0.991831033186441
-1.11598502772345
-0.95093819948897
-0.864206299025463
-0.898207701891518
-0.91443359606576
-0.912768460591189
-0.873811227069139
-0.87620915780553
-0.945323138648634
-0.827492372619743
-0.825211209118974
-0.827029538136226
-0.909855679814736
-0.860825303647981
-0.939401177702372
-0.947794206564182
-0.794457036284722
-0.894916082548427
-0.912346529802896
-0.901905484208888
-0.892786709152826
-0.937803021370402
-0.879409416149706
-0.873945652393417
-0.908717678294218
-0.983125040693147
-0.848513907582447
-1.03949015320464
-0.865249586664827
-0.940880215071748
-0.949679490844786
-1.00343533717815
-0.774051551464067
-0.90353597788452
-0.861639846444929
-0.734532689472354
-0.716221342474099
-0.882678093211796
-0.837768963076806
-0.851377009051344
-0.648988716631899
-0.92464427821611
-0.824358378082111
-0.802705047528013
-0.963407786304126
-0.882252328041585
-1.01085114312966
-0.886970600116316
-0.814266861386232
-0.909212487932412
-0.816738002481131
-0.781595029140081
-0.824292768194218
-0.800436742313102
-1.08131569665921
-0.771101038521376
-0.802292464094426
-0.855978197568923
-0.780008824623285
-1.00157373990009
-0.785174653727852
-0.782089345963256
-0.75208792731056
-0.922787901068141
-0.623772938405579
-0.833699068858335
-0.824266596461429
-0.748847186360318
-0.845591214129353
-0.839094905077302
-0.809654542859936
-0.795093637859495
-0.940383578132456
-0.877034235609881
-0.966537057608681
-0.782296269020839
-0.83317298658708
-0.664798635314652
-0.852211502647313
-1.00314640125213
-0.815638716769352
-0.810257891790258
-0.84658410669918
-0.76663523283416
-0.683703960490235
-0.807762094932593
-0.877079875999699
-0.737547329761937
-0.783224156314279
-0.660855806516294
-0.725518134819695
-0.742861869611734
-0.666104810626819
-0.777589616890242
-0.653090332476753
-0.638516413958391
-0.772111058893142
-0.588519717985271
-0.817142144594483
-0.746720461424278
-0.637821274647638
-0.847062249359462
-0.689698034155715
-0.917093093306218
-0.706390626818138
-0.739523020904525
-0.712751870412873
-0.784532113153902
-0.834682380593233
-0.700931790993925
-0.737249219143267
-0.585804622127925
-0.608931841724204
-0.750157315790739
-0.7042278151164
-0.582369575834979
-0.582276579395258
-0.586559066229244
-0.769303969089937
-0.646671637791911
-0.814362090592605
-0.727263603432003
-0.652024487780282
-0.77485153841448
-0.814687039047532
-0.659531094965111
-0.648002644520907
-0.699445707444586
-0.774660959030644
-0.672958561792592
-0.578811563379696
-0.820616529681426
-0.585201626676651
-0.704995588282458
-0.477912789039902
-0.713553786531136
-0.752468923747509
-0.68954111726945
-0.576845027850916
-0.561794974579541
-0.70358486338812
-0.629462151539814
-0.767718528631538
-0.613635439634504
-0.643991485189362
-0.626470553202842
-0.690014415415879
-0.765166346424327
-0.685448220826366
-0.846562809010233
-0.615852650492002
-0.559117227535425
-0.806712510791488
-0.690315911528051
-0.609341870744856
-0.551288108021558
-0.599064724140917
-0.663632293200026
-0.619479724275199
-0.597488213609011
-0.565350625319998
-0.798588689051977
-0.617141652042031
-0.614074194784966
-0.683929216880252
-0.554669858756281
-0.575497955067838
-0.403137963567216
-0.606195973425227
-0.743748517554054
-0.724710363514884
-0.588191169342965
-0.761958708110375
-0.466874819969155
-0.606638428014135
-0.569402707437682
-0.508100752406971
-0.54967883510505
-0.78449751464885
-0.657923448346358
-0.466967322551259
-0.666473194142794
-0.45397824171462
-0.745545678060086
-0.517152385827489
-0.606678292304921
-0.536262696692338
-0.506698573151623
-0.479210860540991
-0.574859744891907
-0.493939529273855
-0.667524455964708
-0.542083902169105
-0.661748804244732
-0.571398677370832
-0.647781275831083
-0.536592631121012
-0.557061264241651
-0.484027731020832
-0.683762014643186
-0.744807003629428
-0.597481276427401
-0.60146449702509
-0.560691693841498
-0.484433305785448
-0.646212176191756
-0.538392389291562
-0.471102633996887
-0.44097139037752
-0.597796386490975
-0.527323460288353
-0.599401290319197
-0.360796331551124
-0.470107743936608
-0.478306774545296
-0.579206601991604
-0.593658413439389
-0.527149200216603
-0.503729980498938
-0.351467320931703
-0.32457253203093
-0.47125220349919
-0.493503190719015
-0.491479025004237
-0.526180071780432
-0.418696177288322
-0.537234500923461
-0.428898685359274
-0.583205357553595
-0.421221299211611
-0.548320947161845
-0.404048049637803
-0.474335152793236
-0.311830273681789
-0.531628048351345
-0.416837141943837
-0.613423336784388
-0.618736219487024
-0.507197043926023
-0.578919125290002
-0.41053382425978
-0.401299723345995
-0.468336779177808
-0.384377585483675
-0.518807770621957
-0.493982811938297
-0.513414961830117
-0.543775882106846
-0.374457237587205
-0.439251442394544
-0.327625686638495
-0.522273002428166
-0.58312409503604
-0.408285462379822
-0.485855687339042
-0.497645315106061
-0.411218504708008
-0.417353019982933
-0.400637863609261
-0.411392088807288
-0.324814342600879
-0.372912775065055
-0.629856913568394
-0.447547564087705
-0.515647083452465
-0.415239945076093
-0.389784322871076
-0.409993725982591
-0.37685882727055
-0.496905752568623
-0.426267216656293
-0.401678033724767
-0.35656411118845
-0.429521085709434
-0.538025925283983
-0.475869967345658
-0.397058264284314
-0.254872301938923
-0.372530014787316
-0.315712468066723
-0.264305935736549
-0.405153486186095
-0.328272642133291
-0.299625531712814
-0.433073543610796
-0.491450322434045
-0.467542318501497
-0.22241994450946
-0.273885754985359
-0.262451359473122
-0.411317616438761
-0.420918009188471
-0.271208401787719
-0.31555913155414
-0.449110693248082
-0.48501208985751
-0.434255551575366
-0.404321895714039
-0.401712800732741
-0.414222970978491
-0.408891201336307
-0.160319295916064
-0.391199697818557
-0.323822245397089
-0.327046888826882
-0.437112225808768
-0.300383781825293
-0.42768313151063
-0.283280308505285
-0.196836403533847
-0.309570304026432
-0.393964173685857
-0.496756486397303
-0.356931916415138
-0.337228970087265
-0.382073502560673
-0.203071266440118
-0.251677080508249
-0.355455039341211
-0.14258642266355
-0.202460570054737
-0.353406125842752
-0.260269941536959
-0.188047298012016
-0.147002882545592
-0.433551972138649
-0.350784887734683
-0.157013679012607
-0.240582642485173
-0.272635036162647
-0.370191064788149
-0.343560636783309
-0.242623972686555
-0.366032401991791
-0.170659701681835
-0.238981601870951
-0.26444053118915
-0.190957362354662
-0.279891932274224
-0.143489042377424
-0.187423516549682
-0.232290054316049
-0.0699767157887671
-0.350166408570148
-0.2347269519061
-0.157860849598572
-0.197373472114892
-0.233202768860559
-0.352401764698487
-0.238018408901729
-0.361187426002199
-0.118817195794031
-0.221137698803643
-0.211599598259942
-0.316362733316471
-0.257835295563528
-0.193505343792284
-0.29626562932159
-0.150243927607446
-0.334722119763323
-0.110495172777836
-0.223319179195126
-0.161137289571193
-0.134885472410474
-0.130551039024572
-0.29280449849053
-0.16302751850849
-0.401573326229565
-0.278371168701783
-0.267505053837503
-0.240188710597279
-0.0268436209157333
-0.347438738649739
0.0820435448271462
-0.233066295052979
-0.168741077741596
-0.123939606056276
-0.128962476503946
-0.113967503983647
-0.0552631417649938
-0.0611645581207054
-0.0995744188045281
-0.247820082840923
-0.116485680177149
-0.0770277069681029
-0.217266069433832
-0.0669359375422045
-0.259970447911192
-0.0904237336203277
-0.0631133695388405
-0.114715897667384
-0.0678031673763785
-0.0686140306454061
0.0306567318549319
-0.024105278295692
-0.129666555950681
-0.0760341218186528
-0.24566269353137
-0.0678501798368439
-0.0637050383327965
-0.0557544225011553
-0.179014856054678
-0.220714411266044
-0.11118651386157
-0.0929968215074258
-0.106024379872957
-0.0742214922627248
-0.269200826446949
-0.167064438223752
-0.0609614553237899
-0.252945603809962
-0.0563006959876628
-0.301780485486614
-0.141572008413658
-0.091250320195232
-0.0911094406787401
-0.210546323094529
-0.141364965885188
-0.00852337895251942
-0.0852389209450028
-0.0341262609918532
-0.157984888938177
-0.088823402693981
0.0236159580360913
-0.14847513956006
-0.180678586952521
-0.0206271958737171
0.00917740079352708
-0.0981770374839774
-0.0335159942667294
-0.0195294522213336
-0.0895775367214445
-0.101095958292139
-0.138663549772181
-0.216523184991135
-0.106369403793609
-0.100881908755025
0.105081916042069
-0.24268457222569
-0.022358230249505
-0.0820620939699752
-0.15034420329966
-0.0640603117162821
0.0804439739002216
0.0792478826033659
0.0307996671595906
-0.107758876025279
-0.00353839866756502
0.0416197270364686
-0.164091149640752
0.0999120367880589
-0.043476955311905
-0.0602343583178057
-0.11978320707974
0.0618940561618931
-0.0312063313824777
-0.126463291397053
0.0962294508911063
-0.0789005717386242
0.0268804800431788
-0.0640819020786257
-0.00987125356940338
0.122266701850144
-0.102948161365029
-0.107180477250048
0.0604623049592311
-0.0489673144232743
-0.0510462030166227
0.181819157535717
0.0516529479326702
-0.107360052876533
0.0883135150003782
0.00714230367560319
0.0930598423044982
-0.128621236802512
0.139459081510605
-0.000904322117238723
-0.0513209875376005
0.229423130432839
-0.0563521411868987
0.0391964041928111
-0.130133751412021
0.00650712145372461
0.0304719184287938
0.0682569992028386
-0.0282656822537549
-0.000129621923998358
0.0527721410763498
-0.0491956590514765
0.179603918179673
0.186012443556864
-0.0577105391945583
0.0364532381670679
0.160852583183288
0.105460321733421
0.0218031348603489
0.0332428447529635
0.153904645883794
0.058373999214887
0.280692019578771
-0.0123001314720751
0.024503582132203
0.0612399001283815
0.0154063171999385
0.0969569185503712
0.0806757632186999
-0.0165749917824259
-0.0170028648098615
0.16264807716969
0.09733487714239
-0.0275666681241822
0.105531521610382
0.211352913317719
0.191494175802449
-0.0346229798644321
0.23212816370489
0.0717117129897267
-0.0146615508667761
0.0384707741200998
-0.00446842632176057
0.192063404581883
0.131730370379612
-0.0137710853183633
0.238319151733461
0.000604675520562405
-0.00976556726565778
0.0717607679073514
0.090982835771978
0.0519768830896216
0.000175884188211705
0.0953935878470264
0.101916386970831
0.170210337834205
0.113352842895233
0.0221211135687389
0.128928628661298
0.227981072610399
0.198342032326549
0.2544099991607
0.0615905943697341
0.210336336448006
0.150243391469753
0.225385062679735
0.137025723397549
-0.0130276069521916
0.161894905520362
0.252846054416215
0.277275371175573
0.228213739314744
0.142532326902133
0.273909724312346
0.259489523574233
0.138837693725898
0.108921148989863
0.203510385531554
0.15676491826075
0.123955406868997
0.193483266635976
0.262125369733292
0.334246729829984
0.119675681145934
0.137074437063948
0.0423657236115018
0.19259560587137
0.125309092612875
0.197472772258596
0.180029548766781
0.0149370061594508
0.126944397614725
0.187543288560701
-0.0382995980015485
0.238430677649779
0.0714622509860099
0.2128337113008
0.173762037754311
0.259435067427753
0.316459402003275
0.11242136503043
0.231013802447674
0.143252672742562
0.261715546782389
0.1822540909742
0.339871468763392
0.270126299216325
0.141748020726082
0.21189155097902
0.339412578307582
0.281386878498967
0.109617259430814
0.296165770665022
0.338240186715055
0.256839724965222
0.25739124380594
0.292692516570628
0.339801728835767
0.251812642091431
0.265490085489405
0.243081520445669
0.246475679682608
0.282545812129909
0.273622613941196
0.100818455080172
0.361641696421881
0.260940570457175
0.369313628841473
0.357901374875099
0.14984019614098
0.356928557211932
0.172918818060485
0.257181103661267
0.313266403898893
0.391925303846709
0.232929777538579
0.233828308471428
0.320816174054956
0.359137631365208
0.472130435990183
0.502191256310389
0.162876051132814
0.345890511904313
0.398244057636746
0.312671741949166
0.20710801889921
0.0998199245652242
0.196747730110326
0.233474706439082
0.241948954495234
0.396911846466133
0.234417368768196
0.44930285848566
0.19990531034608
0.465401565551559
0.360856439510994
0.285043734732653
0.314925869175813
0.34004807107382
0.191010284645413
0.0907273975256977
0.410258196298397
0.394776804448708
0.344952398038008
0.426175041533583
0.347182467932683
0.296507018953137
0.480651930985028
0.190417657134446
0.441593496192935
0.411485306410627
0.190906569629899
0.424585719671685
0.381643921033372
0.343135126943709
0.264237463986949
0.377317247819831
0.489357356920687
0.290825109448643
0.35908304498553
0.427525115912293
0.4037323311018
0.324587044990026
0.378433245644742
0.527494666632671
0.292726518272607
0.356254243306719
0.345696948026137
0.53084288859661
0.296524637844057
0.436184228177031
0.34392670595223
0.420380827471022
0.363749753991964
0.328752276461133
0.419805101099421
0.465734046220959
0.514559189160272
0.437471362420237
0.303835556151372
0.355100678961018
0.421871076877447
0.470331499666808
0.363595479805383
0.497008033960219
0.448831189822379
0.361944890814718
0.378806154163062
0.352648405747301
0.482690476565024
0.436566590743603
0.293388758743579
0.599332844674886
0.318676845747748
0.44983296098042
0.462995764233119
0.386453782475062
0.41433454516886
0.473689242693415
0.350951879757999
0.494703310437833
0.458873126632024
0.455343998447972
0.4577608961806
0.54177012045199
0.479608026791948
0.535107382063017
0.395137617263797
0.489080021114716
0.49841215981817
0.544315749107872
0.284344525892351
0.491031693306133
0.38406541492433
0.566270443152077
0.59141782010153
0.491741921416817
0.502249362772174
0.497970275047036
0.502212032242124
0.508066074855116
0.519752894255992
0.490622242169286
0.547340000849146
0.520165027961375
0.403848566721371
0.531041839716873
0.455599581159351
0.550603138161183
0.519036487467249
0.359199924124509
0.589675204568749
0.413417022695429
0.485856980967422
0.331592415110406
0.390688860094428
0.55440139483985
0.669217631334788
0.513128308464132
0.500955828292609
0.502490692055148
0.485697305027485
0.621718988614752
0.499763646269376
0.611106074753546
0.432452476918322
0.797100615896261
0.468034135886534
0.524366972793997
0.516316545983503
0.502892717223064
0.696823588817618
0.519987424566442
0.395870016931165
0.579929667725528
0.56399337169096
0.548261580571991
0.487136642968442
0.633327085366488
0.570050190008701
0.724344531711148
0.655589472195445
0.511138524507384
0.443618807850916
0.678111373518136
0.50767681503722
0.60135165451535
0.664477004941638
0.519261668427426
0.487835310353011
0.623747715701218
0.548920050505462
0.559426124143621
0.686965381014941
0.642193297777392
0.654294094592844
0.583142686335807
0.741628812992236
0.769890852577985
0.601678845763024
0.677622421184289
0.66284129836776
0.478882944420871
0.723261566160723
0.520873051634899
0.557568290388446
0.676796812013369
0.65290259049506
0.635641489701868
0.574384615135473
0.83107711164264
0.555543316473823
0.658658763967613
0.72092711485855
0.703188224438971
0.639895314419872
0.590951221779919
0.498548603988331
0.740335100384529
0.668596836081707
0.648033099391385
0.574796909577163
0.753335971250611
0.597837644578586
0.826602285546666
0.673992656016109
0.725820687934202
0.561238656077036
0.45605071031271
0.698427676045488
0.810995799891884
0.545236781531556
0.742584664803016
0.658202877203338
0.538977387015137
0.700738673949449
0.518804227085946
0.743560010620788
0.779754132083848
0.724328007167181
0.609320307013221
0.820119775390996
0.829238415287172
0.545179964460718
0.707636021011166
0.57988786860376
0.700351628557018
0.78801951640472
0.783035997457616
0.821848523727033
0.793430746514328
0.561276926682518
0.722896858914896
0.550910988048512
0.70762811392978
0.877372826878231
0.888950898648577
0.727004299574221
0.791572227251723
0.721354487461394
0.629977221802265
0.834477572070928
0.77062015865062
0.579572474130691
0.902956478426059
0.819880255029252
0.754671669228704
0.716659628425001
0.725212349266537
0.764805748603969
0.781681875071957
0.730477463292059
0.771611086989311
0.750527699271294
0.817736210582292
0.870843538555436
0.814961174849507
0.752187004850136
0.736236772800293
0.713529311177247
0.698019156110313
0.750185635552752
0.752868503741771
0.682457623048988
0.783973066464548
0.814496033054663
0.941800208230308
0.697239268438275
0.974487241537069
0.725272119473948
0.8779517339009
0.704265271926471
0.748544144347921
0.889078328715481
0.937784992632934
0.815836216548689
0.781448643691783
0.818577209844419
0.654552396635069
0.732714995698889
0.679943618947806
0.667993601033097
0.750961658825552
0.887095253465932
0.758056538104591
0.8491397811238
0.803104521345298
0.771094984220835
0.794419699038995
0.723002703371434
0.704276507250884
0.913810077626219
0.654069174034853
0.725668906197611
0.897445861050955
0.921331171990069
0.772175137997208
0.774685773893998
0.968158220480429
0.970986415258158
0.907698812711865
0.763160993196468
0.81655689535125
0.913314337139548
0.966427675691532
0.956118409280534
0.910627119928554
0.775720916534397
0.870243755525858
0.763176786729852
0.928527884854535
0.936104192477512
1.13238049903389
0.827823960650454
0.852862925129235
0.941957909766332
0.874891376300032
0.857506794312075
0.979896330585838
0.897663918938838
0.737712709941789
0.83127737347609
0.716648849182916
0.996288612342848
0.798504185343133
0.907142835494053
1.00969919535289
0.738399691589548
0.853885738593553
0.964752277887058
0.927414990334853
0.824821534934755
0.933606468570246
0.801440116210752
0.970566408142264
1.19325060259451
1.02967519869382
0.982839189882141
1.02060218939713
0.859046101045427
0.869129417251918
0.895007360040885
0.905095275918735
0.890602125302514
0.914991030428182
0.870128280045138
1.01839983896479
0.957764646474843
0.975060262506358
0.972603662675016
1.04132077884106
0.78285581653965
0.892458804529002
0.958831440901838
0.899937843725898
0.933717421001247
0.979033336779493
0.979200717719871
1.05592505648171
1.06550923038672
0.869612149752713
0.978370941529585
0.91383469337961
1.04155376945874
1.06601846695586
0.938124243043508
1.01084494861564
0.835010804221567
1.0042331811952
1.1553441104464
0.91310357439894
1.01566950848409
0.942055143883203
0.949949671176098
0.969515923258477
