0.0723926446907398
-1.03795900759448
-1.02313531774521
-0.928599367806963
-1.0521244338188
-0.817034075402816
-1.00521927254383
-1.0573146710602
-1.04291985529754
-0.832253645984613
-0.853466956478977
-1.00205669536539
-1.05533588182809
-0.826351237392117
-0.855417473076039
-0.899049187282366
-0.995216437499556
-0.842881836206079
-1.08098764341682
-1.09711292739685
-0.869489548871338
-0.87286567866763
-0.940951918777657
-0.930663663973444
-0.940856839271426
-1.03145504333062
-0.866492240467115
-1.12583678451662
-0.848516652117747
-1.03003321096819
-0.846182107384202
-0.850852885934619
-0.978868858636591
-0.959660025950601
-0.883752511052788
-0.827597958419688
-0.955058039844603
-0.882231221684896
-0.870397813265442
-0.890406895652432
-0.924471908713549
-0.845224839790589
-1.05714347982412
-0.835680190058127
-0.861698701016566
-0.866715704096696
-0.888875506906907
-0.876472867457323
-0.773088202176473
-0.831953170071177
-0.802936878045337
-0.820376308322484
-0.858901080938525
-0.923007243494396
-0.885950773323248
-0.965855450681931
-1.09226977280427
-0.765107345527046
-0.867946481156952
-0.854966952410747
-0.831790167055287
-0.939404764731558
-0.908346383597759
-0.877027881852973
-0.743105996570816
-0.790685996615551
-0.693279876147328
-0.900982959052585
-0.835465890205564
-0.785575555906184
-0.810124299980425
-0.915687226298999
-0.952107926112258
-0.735076439328252
-0.889047401488827
-0.800280815678929
-0.823140133698428
-0.820469052341251
-0.712242886667208
-0.923900662691878
-0.856220145429798
-0.882986046697764
-0.945004622286612
-0.896231723474169
-0.734624429528046
-1.0685701429074
-0.752207676965847
-0.853793193513822
-0.659708971771204
-0.86559796378179
-0.878121519734182
-0.827582081240774
-0.734698335500614
-0.876097081461605
-0.767215632425274
-0.69363089932848
-0.684054991620664
-0.993927807318144
-0.772067575690688
-0.730749157938534
-0.856861501100938
-0.783148326121976
-0.916563655443375
-0.830393724375928
-0.835383804873375
-0.813292018923471
-0.78438279723639
-0.9283795731402
-0.831989000889048
-0.735293131337209
-0.672327480805629
-0.747094083104352
-0.836197471609049
-0.73687991048595
-0.723334738184286
-0.715847016438035
-0.836790132856156
-0.842480019697225
-0.749149905535766
-0.704778036556766
-0.787858340159035
-0.747977605830571
-0.797027505066996
-0.779697990249721
-0.794407533675584
-0.776782710885877
-0.608740339399894
-0.728094704388712
-0.888360763670991
-0.721762079516184
-0.631418243717138
-0.784935491618991
-0.697967560193352
-0.56681766999618
-0.727158667992969
-0.622834705803028
-0.797563710880446
-0.795086007532272
-0.704531756307477
-0.645167405805537
-0.777056922045991
-0.797944174860706
-0.862382871638467
-0.738671347193548
-0.70263813631692
-0.622758678079688
-0.706545989867991
-0.643764830799776
-0.783679987782291
-0.711070167005063
-0.653968074507084
-0.71966760500832
-0.693595140618068
-0.647961312550806
-0.81132724469054
-0.699736851364936
-0.675930949674788
-0.644715510101985
-0.692435014687506
-0.648100187469061
-0.594744399158651
-0.489072961246513
-0.589736747791811
-0.769192679262371
-0.658657871568566
-0.729193271017544
-0.65550775987553
-0.774195021657932
-0.789685376987965
-0.531982905680408
-0.629598021157647
-0.619206536445379
-0.750384623678383
-0.683844742631112
-0.552942375730701
-0.749672688314178
-0.584707020393295
-0.50118815702743
-0.812304892738293
-0.574678195908157
-0.537441687456374
-0.595114585988681
-0.792908914315685
-0.731467014557275
-0.586522165024088
-0.59633764987693
-0.496202128272589
-0.682791416311955
-0.607394044039327
-0.691772114993739
-0.715697539799969
-0.651603668194607
-0.756821545691308
-0.631364646685053
-0.572453292546662
-0.752818973568144
-0.593030329698934
-0.571048125942997
-0.579617547126837
-0.438323887879078
-0.392566604286524
-0.635280772569266
-0.56972128277985
-0.701402982874371
-0.646854796323319
-0.634771022748074
-0.527288926620288
-0.627441516527606
-0.643460701218364
-0.638506125369646
-0.618702868505278
-0.504902692896514
-0.667392427421065
-0.610000422060217
-0.46653844777991
-0.508377044487455
-0.511626816455524
-0.50111633161039
-0.597693581691099
-0.680241792877433
-0.425160769214846
-0.63260133491752
-0.622935220667578
-0.469292710528243
-0.431423792345132
-0.509813478281561
-0.500155107618911
-0.665121145016913
-0.485281264235767
-0.483049344141719
-0.579396585951793
-0.500535041823954
-0.614947213039462
-0.455690758254749
-0.528851429557444
-0.441641649759043
-0.493913393824838
-0.312631992787371
-0.487936704735289
-0.527109342667746
-0.553708568976031
-0.609765971437502
-0.616582343092331
-0.607221310479822
-0.37219214782076
-0.64449476395564
-0.508828625581459
-0.503240722185862
-0.487157210521661
-0.48913589135467
-0.49019299702585
-0.47041705035007
-0.516290238763624
-0.498967451232346
-0.404470116852007
-0.52232394452897
-0.537417676230716
-0.60218576558246
-0.44025842120537
-0.549190195517722
-0.403906130361694
-0.535640749457499
-0.60297691395023
-0.363726995534963
-0.462007105059573
-0.536056583979217
-0.449488320474902
-0.541377354452227
-0.463533217178047
-0.438961779189677
-0.545628272602058
-0.400509027660147
-0.455731808897178
-0.431111925296728
-0.491115238066974
-0.462970725285912
-0.505911449882641
-0.513175777305003
-0.474727102228095
-0.3743529030441
-0.431817166813136
-0.557990952040394
-0.449858102792988
-0.4293280895584
-0.33706301321334
-0.442173841492756
-0.505160435841719
-0.33761445616705
-0.445500127001121
-0.57225857317835
-0.406214514301475
-0.391930926959516
-0.438179310238364
-0.287231865127213
-0.366258795180216
-0.48824099748926
-0.34028048261683
-0.40507732820595
-0.363401243743723
-0.427289914541982
-0.375714492168131
-0.58215271029014
-0.385880659964379
-0.338178209080705
-0.348684872144789
-0.485075901106435
-0.268588446070333
-0.47766693003126
-0.479771464398916
-0.403515770328429
-0.451285532650614
-0.222074481109145
-0.378197790942689
-0.401001246286852
-0.264267609239662
-0.266901107699127
-0.519569065906101
-0.347207518129721
-0.265001886908402
-0.383957103248515
-0.0954082752319496
-0.309750636092172
-0.298475098925422
-0.29463984964209
-0.338589688770428
-0.436207381365397
-0.416395699255228
-0.411194281538018
-0.342553952647477
-0.408473326487172
-0.280296572414742
-0.376120939500171
-0.287232025539907
-0.313905809584312
-0.340169923449781
-0.374505291999041
-0.462681012360027
-0.376172553275894
-0.332828348121762
-0.216254441432917
-0.269856284768506
-0.415315662556113
-0.309821920576322
-0.346416098678292
-0.338583494448497
-0.365335654407081
-0.330753789811577
-0.232837832448387
-0.234367410252078
-0.237359360830357
-0.368722971956798
-0.367801432516504
-0.317846921242588
-0.279385378066445
-0.178574849283464
-0.303554235235572
-0.240153234751689
-0.38728557308449
-0.16958506104051
-0.218395654390478
-0.341470960304068
-0.258715560032651
-0.145327535128465
-0.249056288528346
-0.282287672423637
-0.233342619622603
-0.275257171603732
-0.1812706255535
-0.199321851189702
-0.111644627585409
-0.290932709674187
-0.397296802992126
-0.202309342086468
-0.147123672551767
-0.183281616753356
-0.371859311901919
-0.277015865100758
-0.0844946525805927
-0.340723007438079
-0.0244381665119881
-0.207872240051688
-0.244995095719105
-0.233774657832924
-0.244001205456515
-0.351278977377682
-0.249391782727635
-0.306029866168373
-0.321882143221709
-0.172216568227225
-0.100124313705035
-0.279416035001816
-0.276974712517959
-0.201057673838502
-0.261160780135202
-0.0554929341990414
-0.213314889784969
-0.155426018523967
-0.447656184693683
-0.107122582254423
-0.138688602320599
-0.175309633409051
-0.265108340205474
-0.186232916234483
-0.16492174955624
-0.290086457657204
-0.134675233999902
-0.128233470486918
-0.181320440836789
-0.279637809570423
-0.217754347051593
-0.101393253430608
-0.235806245256262
-0.182704268287613
-0.151840220069171
-0.147665897955327
-0.244768625510377
-0.0921394893670192
0.0369717190847848
-0.29743222646983
-0.136347434051582
-0.11734435522372
-0.0903273029799572
-0.227782019367215
-0.218294533731383
-0.0952029076925323
-0.244079731257867
-0.0736916899525056
-0.0954875932914703
-0.208911852375823
-0.227607916008255
-0.06734222954833
-0.160839260380927
-0.192841475953468
-0.134823243925318
-0.164345685205532
-0.175873395765025
-0.0298431412543726
-0.0533644240683465
-0.169457706473887
-0.00532059397200526
-0.0474403774279164
-0.183423581669162
-0.217036119656131
-0.106048746713753
-0.165466706042181
-0.135917375585483
-0.147892060502164
-0.0923802649205668
-0.130832812365395
-0.0340215086467176
-0.160692454938412
-0.304082023167447
-0.209255153078434
-0.11457974421689
0.0359731777068259
-0.0596288930179425
0.00192279827901375
-0.25273845616002
-0.190021876059869
-0.214285008197439
-0.119552133285904
-0.0327567341464408
-0.0532920798678161
-0.267063479148264
-0.141027833512467
0.113897970156073
0.0179828579166329
0.0552499628654483
-0.0850392837535821
-0.0616402603570692
0.0967725442906452
-0.0188645802007422
-0.173818782717783
0.00631256118119397
-0.0700626518434115
-0.115061574304441
-0.0781084635808225
-0.131857289791573
-0.0411891371990653
-0.152315770833444
-0.0788989223704268
-0.115739669665008
0.000297771903956972
-0.00443302856965036
-0.0614117867652292
0.0694169379116768
-0.00990283330106473
-0.219425439957781
0.10422635454474
-0.0541985029538361
-0.0754099359403749
-0.0324210548931772
-0.0546050548392648
0.0403791551292308
0.0381484593067452
0.0449238017577373
-0.0711992471066305
-0.0163023271166219
-0.0922555462593024
0.0278862906003126
-0.078339804936621
-0.0501332339745266
-0.0525099905672621
0.0497456874729924
0.106142371492155
-0.0792042344376314
0.00235529582440735
-0.0493669137046173
0.0686473900400118
0.0465691991306568
-0.0253412217380491
0.0963870531581949
-0.0586681798542417
-0.149887859925771
0.0809973074149866
0.18483277492278
0.0996833906727713
0.0254574479662051
-0.0553625120543464
0.142261678198606
0.0265912192988708
-0.042044713352391
0.0185534630473574
-0.0164312860586727
0.100693002059347
0.100075213296914
0.0175064734990798
-0.0414137176958291
0.154966362034742
0.0329255343310963
0.137559753232815
-0.118410720042537
-0.0587754736126185
0.0491767821357752
-0.0124446691316667
0.0280375286865061
0.0764640398940966
0.0128426569835229
0.121604687360789
0.128070855175055
0.172722514023442
0.275929480723111
0.116387213794804
0.0572726809141499
0.103509353952761
0.0262944213793793
-0.0289104013782615
0.0518108073343437
0.0722215199339795
0.0868114819444256
0.0796127728916217
0.162890366201952
0.0754811491167469
0.0532420984719356
0.20818654047195
0.0429044190923568
0.0241909631823547
0.102980033679967
0.110916682919803
0.132101357049064
0.206473552849412
0.321757268658519
0.202430664422556
0.146817832728494
0.185285776623136
0.128601376517485
0.17328023452841
0.336848585196899
0.142528359255668
0.0323892829449249
0.22765376345522
0.00966852480461833
0.159164195586427
0.0955051193914647
0.183267957435517
0.19299481984414
0.0905195697833151
0.202475168431545
0.0644152572157433
0.0695149804892052
0.209683503475355
0.0117551525177434
0.128511087835819
0.166395221842472
-0.102031979150804
0.0184090479849716
0.0816087872433161
0.241992292496488
0.219423289733701
0.169801986689581
0.123948249313815
0.16094514997693
0.308984090286691
0.107674938142906
0.107843780920769
0.208742765475067
0.112427305915921
0.118703205686007
0.0944362711285578
0.132098516199241
0.228402628983189
0.172993344328698
0.0746689689808675
0.177638683034014
0.134183920276357
0.0305818444427145
0.327453323876718
0.259706083195647
0.156187243665991
0.00204207105227931
0.251052261925562
0.256462954534657
0.275270831569552
0.231153608001338
0.306878360673424
0.197611503053374
0.231279268584822
0.157717756977506
0.223103434117936
0.366760291909689
0.215808270119203
0.198399331911763
0.324582240939618
0.198995705939566
0.171183512987934
0.199841346785418
0.0296619217451181
0.170090067922661
0.218072823835087
0.290637231444036
0.249846153707644
0.341549495943964
0.216335390063824
0.407099479701691
0.315285170957779
0.363338006004209
0.329391931264956
0.20568518347705
0.289566825072526
0.287327893614082
0.240945319336873
0.370027825718151
0.271118666360374
0.201741517497038
0.326111784774007
0.133282484681181
0.241362238579046
0.394343162527394
0.286141505406396
0.227576535721302
0.303906386504438
0.318932622762167
0.37706056295366
0.357776058341872
0.123016624051811
0.459383484697146
0.32703149889227
0.419264905707835
0.316434897432961
0.265399309529925
0.298774818345601
0.279807997571449
0.30352820973447
0.494636969048902
0.259900940071204
0.427442953469976
0.455129245777896
0.186569899311868
0.302795267999757
0.20967951931391
0.246064545034283
0.351278377792407
0.248398791503774
0.25210376204336
0.336276721343252
0.334896880600623
0.373795482939279
0.367483899874345
0.450073940149806
0.509622293888647
0.313846108935072
0.352647623934152
0.387865907830456
0.505628525755219
0.326795278023447
0.443851873196988
0.259424278700429
0.132240282624139
0.439096407006772
0.418104447461565
0.311311844597642
0.225425615744938
0.447823375098432
0.330936822956254
0.445639371340012
0.235170536121108
0.320472339438509
0.395823503299581
0.493120891642557
0.41850266102332
0.336389031027361
0.333485216496461
0.330186988229832
0.330105413377041
0.439384485841848
0.44238686777931
0.479470300827738
0.261410338546245
0.437012527100049
0.397477160101684
0.28963425064921
0.516568424876884
0.538871604309298
0.411696959218088
0.386332047226756
0.449467510935595
0.469394462847952
0.379616278646995
0.428218373664877
0.37734957914383
0.529454983968206
0.551468433806529
0.557524868623035
0.510723084629249
0.402172165421673
0.481326950343201
0.576920095310194
0.550611292198026
0.457543389476249
0.369088408115441
0.43322134796181
0.533644238103583
0.477449236281215
0.528217977244845
0.513489039155416
0.485910793593922
0.32374813198936
0.451258940633555
0.344846407925743
0.541176805260981
0.458129592762597
0.458352946047274
0.474967746684654
0.458849159438466
0.488302886631353
0.506296173714043
0.463463193280707
0.409688795576698
0.513351554875486
0.405626944564147
0.530156156179912
0.478706560081086
0.469402792427755
0.427024135172219
0.363849339332402
0.580761697289203
0.591303402806298
0.441600725634946
0.443767725795588
0.485252331910867
0.529334695503436
0.484537155384061
0.534333211361207
0.525525877632693
0.455933743406226
0.578169588710421
0.596408083409011
0.50032951594367
0.64329136858496
0.357185115617805
0.480275045598456
0.65781467158826
0.589141659086073
0.423334015530209
0.502473269919512
0.570213371576224
0.484362129438252
0.555911081786327
0.317499174840132
0.550966618424959
0.505807910733459
0.56884854150417
0.522936193889212
0.661425246726828
0.675429325743375
0.607228373938072
0.502662784913415
0.514271509219128
0.641210541373724
0.383774006402149
0.468990510015935
0.583545118485205
0.582473495770314
0.562127061171194
0.603639975366223
0.581031310622298
0.40747042536576
0.591709483190779
0.542767446771762
0.638241966296506
0.564615282751355
0.645939713037948
0.632368288922502
0.686487162276233
0.654613709949193
0.628013496115716
0.699296972019276
0.66321473001535
0.529268095408718
0.760610642464992
0.604223201955091
0.72771170467513
0.690176995098658
0.628993159999245
0.638666674171933
0.747541685227777
0.854011950638953
0.467919574967077
0.637275978831053
0.708480954083352
0.541581367463341
0.609139083729159
0.80106176309398
0.577223742807118
0.604587151733042
0.714060642575575
0.710338818571394
0.749548248428772
0.630977182511532
0.656386743526864
0.593672403673645
0.684253007835401
0.725262627198855
0.639302720283196
0.683714499422392
0.728625656265182
0.536785530626187
0.627766818785114
0.868125724044255
0.632607517196685
0.554632303015893
0.677120138341892
0.750102279138656
0.569152619714342
0.796630011837897
0.725249600338311
0.706960953366079
0.696106460729468
0.766925846710878
0.799784370820382
0.75566860931108
0.655188709436064
0.68135689078166
0.720929243069229
0.67783528853354
0.671809355096469
0.736793732773795
0.589566752739921
0.800081079414086
0.81453485793658
0.790040632009641
0.773192002833259
0.808050735340325
0.824055853686756
0.811914081365528
0.78072172184387
0.799482551038766
0.704209349551815
0.699336556808216
0.735586658518958
0.69296389533052
0.704163627455719
0.794274786793716
0.831181553645437
0.739174794971272
0.800381828573635
0.611872574146849
0.756639022380227
0.787153737037535
0.812441130248732
0.719591553703513
0.798854556503652
0.755705517750639
0.757728928929794
0.848450904271678
0.76355723618081
0.776373182171615
0.66447153245265
0.781055199582166
0.569155421978968
0.799648165490091
0.746256318875828
0.757188531682393
0.766760204768717
0.783555938992519
0.82943249187036
0.781848582412206
0.501940932076944
0.915924253318035
0.739100582309674
0.729853498361783
0.866087712714054
0.752606222375764
0.629529864959452
0.596561896934512
0.83266596340072
0.831224400986369
0.879752307039587
0.692558912841136
0.723120930289256
0.785872369817163
0.816126448073622
0.755493624217503
0.711224509975298
0.875795913767205
0.889175634012157
0.765153924843129
0.920016372737825
0.829894111415543
0.738515428118395
0.917258232947818
0.904386135357894
0.761483636654015
0.960875735844369
0.790210147574243
0.645500289949857
0.926235102606199
0.969609915899035
0.867485183952322
0.831173245805963
0.864914078206209
0.821624570537163
0.914874399077236
0.84452243386228
0.79165217546974
0.904340937332663
0.908955247573522
0.865258304491147
0.923611793976331
0.885793103191213
0.931203614806071
0.861460987855744
1.00480645749858
0.81039346017055
0.994309806744154
0.873524424519901
0.87592869098783
0.845467733991772
0.888030373649891
1.03655053640074
0.927122073167611
0.88616977298044
0.868237509096983
0.963462435751267
0.957502335803077
0.834273928317724
0.945154990115982
0.783203630643803
0.946195961330282
0.968116069110265
0.977734344892934
0.802032013714807
0.967757024851091
0.935797087797415
0.888923897440543
1.01253343063971
1.00195959639483
0.698539226043088
1.01027892129543
0.865654633287911
0.796641773598496
1.09507677045396
0.927418250709426
1.02282535320726
0.974841303680554
0.79126483262504
0.757663179292679
0.970710468985867
1.0025144714319
1.02961634019966
0.969724566018943
0.875952109998391
0.954797002545631
0.951441426050171
1.04435380966513
0.950858211480623
1.1410284637253
0.952123783352823
0.985177570331356
1.08144818038142
0.914356571041365
1.09897098577899
1.06164820147951
0.860931965707386
1.01868337397983
0.942171278681166
0.996159436918744
1.03630038357602
0.97212350399144
0.998440997471641
1.07198192929465
