0.0373147614380982
-0.991639614088584
-1.07479716616072
-1.12844288681183
-0.99737872642723
-0.850522457986498
-0.902087027973567
-0.99463847755341
-0.912909357382686
-0.946572353260949
-1.08187828249779
-1.0465326400455
-0.925702964976876
-0.95654445144193
-0.924701250619155
-0.881068038373029
-1.14403037647135
-1.08663770118479
-0.928181841681149
-0.954237240611008
-1.03171615416283
-0.930944276576241
-0.895460509043585
-0.981648017224586
-0.910910458216513
-0.892185065565895
-0.972119388604229
-0.972643421004492
-1.07496690007269
-0.815855799703255
-1.0080871665932
-1.00530867998617
-0.987444635243109
-0.905137953347204
-0.951997960805431
-0.912058073149081
-0.928804218639298
-1.02696787065174
-0.898051772677438
-0.838827077929051
-0.841364874460633
-0.875138283910124
-1.05277830692179
-0.968059756944588
-1.03217604071484
-1.02818960436589
-1.01670527814606
-0.821879867748988
-0.896401968991171
-0.876555774611907
-0.913783958384853
-0.983405285015354
-0.742813454817298
-0.891835172676396
-0.808069091613098
-0.880938994333432
-0.944740387305655
-1.00930543969369
-0.910050949156201
-0.82767005080308
-0.956171082403593
-0.836222915188949
-0.727223871753131
-0.849468149067454
-0.932225957146045
-0.688423689728532
-0.824947615108063
-0.861919037014575
-0.743343949902949
-0.764659450303325
-0.798714811686237
-0.799805970346714
-0.928118549516217
-0.84361217065652
-0.807179623787952
-0.696561554449887
-0.911080502255989
-0.886478583438746
-0.872924833675875
-0.986695291621445
-0.889500308635482
-0.850629165160255
-0.885632122822389
-0.717931663782729
-0.754528504998632
-0.81073794305458
-0.821406083500382
-0.699809073705886
-0.696378337765425
-0.904287615569149
-0.750759915789102
-0.81798164481319
-0.702066168075503
-0.996361272086957
-0.852933917735703
-0.829471260849435
-0.814927568971903
-0.704525049498035
-0.807536617829136
-0.684811556285033
-0.837171398104294
-0.752180664522846
-0.824825118378409
-0.814155432623623
-0.866560496457943
-0.736061332841405
-0.703337039141446
-0.71203369337025
-0.933855652066367
-0.805768808536607
-0.928157401768219
-0.706799172210548
-0.778014321632539
-0.712736784507968
-0.83604123019028
-0.811218608764759
-0.759518814284744
-0.848297555344479
-0.952494207723157
-0.668672136232021
-0.807909797109662
-0.84347170766193
-0.819961242527045
-0.710033418932852
-0.751793942651401
-0.689061582779956
-0.77493641841027
-0.718015162988984
-0.728121579194144
-0.951110561534963
-0.715705463309592
-0.830058239542753
-0.624641434020509
-0.708877998688607
-0.685487979353719
-0.743664646553294
-0.796563544285289
-0.78376184872131
-0.731212038053678
-0.678293668725717
-0.623385566762292
-0.849403045490715
-0.687165527279146
-0.789854139326553
-0.777664863429127
-0.732320609183519
-0.668585969592723
-0.73853316102619
-0.747971818849619
-0.80621619311988
-0.695173088490238
-0.746031417075532
-0.784277743352176
-0.636849657638404
-0.802060718062496
-0.653981064354166
-0.647564893462252
-0.664647860134759
-0.732793363064917
-0.644356356716143
-0.787479132777922
-0.615303339431269
-0.626651959533029
-0.709938889322629
-0.673376722384746
-0.817439378206698
-0.42276015568859
-0.562571289517335
-0.636945428145432
-0.626463850162835
-0.722772422693473
-0.663884968099958
-0.564070221724504
-0.68184247627398
-0.622119377946291
-0.592580826403468
-0.610677924362658
-0.504525302110058
-0.6523562902619
-0.73322898523098
-0.673362575800942
-0.519653296255335
-0.494186534033837
-0.639037577146942
-0.65905067589224
-0.647000411503189
-0.579374886604174
-0.532028772929175
-0.504599960368702
-0.664517361816422
-0.693910852395726
-0.616543394260825
-0.642353584743171
-0.591559538691704
-0.564605009571479
-0.61797867927929
-0.673173977224969
-0.766561986295116
-0.701712271458974
-0.560668753318268
-0.664411341192178
-0.660760494204374
-0.660694544824315
-0.426752884633977
-0.49286256120495
-0.657271524449505
-0.5535216868623
-0.642862895811376
-0.728699474036932
-0.511332462085154
-0.374646064143713
-0.565859445883221
-0.676461510339686
-0.503929741502987
-0.689693300029879
-0.734744245763393
-0.513085653579061
-0.706917657296447
-0.540582770704896
-0.628861703735265
-0.604309608058944
-0.646672972079933
-0.411830629463744
-0.522474443848246
-0.600713976375916
-0.523400092919164
-0.343549712795638
-0.453953302945856
-0.669279004676215
-0.610880313074975
-0.395089961071851
-0.561213279862704
-0.532334005190079
-0.636340945297043
-0.517115837800188
-0.398644017641667
-0.578287826702559
-0.495630669601806
-0.61039944721925
-0.653190370545146
-0.581053350357181
-0.513221178913551
-0.479213929656105
-0.480433571052347
-0.339665424730864
-0.54445763024038
-0.501528860300984
-0.523710150846771
-0.680285728954313
-0.417424305490357
-0.602044270027462
-0.628133488905918
-0.542862208883494
-0.411630240287929
-0.476345221944192
-0.460378941244214
-0.561466307312338
-0.554621668640978
-0.600360776024331
-0.437341932941554
-0.533251960031772
-0.571646751214298
-0.438151437709999
-0.490291908072825
-0.504868602880935
-0.428387196368502
-0.468411413379522
-0.402389180198058
-0.472119726492398
-0.469334802792646
-0.569582278552915
-0.45228481867011
-0.543245492859941
-0.408487158320349
-0.397903042744604
-0.472946689766672
-0.391896075010056
-0.521966728330076
-0.512766204067144
-0.479634896868362
-0.454442163057341
-0.37050301149207
-0.443122013022489
-0.493423321412483
-0.408131114377824
-0.346996155473547
-0.532958245882712
-0.530561283664522
-0.276219416207921
-0.493752527887745
-0.379511635353473
-0.463896562325293
-0.41189124153577
-0.42401148505873
-0.458700740903224
-0.399268990983121
-0.477243442688633
-0.310624322053835
-0.426667108103702
-0.431121949130795
-0.46539299971713
-0.331499173031839
-0.349006222986317
-0.282570119255978
-0.296783386639209
-0.43007854332256
-0.265467240672371
-0.451411801227092
-0.488975528443582
-0.425219294436049
-0.340625328330369
-0.352393600205388
-0.323795810472473
-0.427608845537353
-0.502853761750294
-0.405077491140588
-0.319228229376687
-0.350111488673335
-0.34951878940248
-0.43933968919447
-0.411249321737402
-0.2974106095234
-0.293933689252277
-0.430880238378084
-0.290622830086505
-0.209377499367507
-0.275848561026781
-0.299845775204114
-0.289697703887911
-0.395465233521112
-0.51977681377361
-0.334183743323865
-0.300433526124735
-0.183417525530651
-0.30696648079943
-0.359006477468202
-0.330204525799526
-0.270255398199981
-0.374159062987962
-0.190631852545606
-0.395658867228241
-0.315867507561752
-0.412093481616742
-0.353819834424126
-0.314144206246884
-0.395414429761277
-0.272191809918513
-0.252668065683578
-0.387028452772477
-0.429875387815319
-0.30313378778695
-0.503074902555598
-0.305375531725361
-0.282827386111403
-0.175279679103537
-0.250426678550487
-0.346906088705312
-0.411662976832978
-0.284866240157098
-0.281837111060399
-0.34714898140443
-0.174211284393553
-0.196411738307686
-0.354155719197338
-0.409733998158965
-0.291582710158506
-0.256514742173504
-0.297925398949757
-0.294526395590696
-0.21744402225125
-0.297538223011727
-0.306027127832995
-0.268265786726267
-0.262988545775042
-0.225696572559581
-0.386618710674528
-0.291697923795075
-0.434889186970017
-0.193970924759809
-0.351513458530602
0.0398600531756527
-0.2190702349786
-0.308505768190174
-0.215823720767487
-0.240765450994146
-0.221788348872863
-0.175744964634873
-0.0437935864365152
-0.240820257790426
-0.177547046543796
-0.239699253681807
-0.141046352020377
-0.259966747007311
-0.115752333746529
-0.391318912600137
-0.21312246999087
-0.274214319867575
-0.241922045972975
-0.168195302268645
-0.305147873326715
-0.210530406396022
-0.154076162882808
-0.147583347307368
-0.18822342304005
-0.208490392884199
-0.138925825249852
-0.15337971639823
-0.21339361773039
-0.150534928842822
-0.195044568372725
-0.198640266464904
-0.0674478743844296
-0.327640559194315
-0.265854308278602
-0.160738912660383
-0.0748937224868604
-0.192341512783392
-0.0332290167390824
-0.210652209161334
-0.233950101466163
-0.0425979748082327
-0.217015184299242
-0.205414451545247
-0.155662012604812
-0.104336261177411
-0.221353734190961
-0.0446610741579937
-0.108190033627832
-0.0846764220851967
-0.272778314115871
-0.0715287654380139
-0.0419200741769654
-0.18642865707555
-0.197204551659363
-0.0369567588856851
-0.170546520951394
-0.269448393530597
-0.286780968936265
-0.0568452370983938
-0.150134931585451
-0.0859259613971153
-0.238550073958739
-0.125412483603848
-0.13498739927043
-0.127908867832688
-0.000456912590383822
-0.0676494300315043
-0.119454033184519
0.0304429770118851
-0.105290648345613
0.05629648130941
-0.23097687448715
-0.116371875415318
-0.0170873394844552
-0.0364550830186762
-0.0742706629387132
0.0287266703177447
-0.194021235381394
-0.0415976515872722
-0.1126447149459
0.0205888916486154
-0.149963538916342
-0.0844623062230905
-0.00591422596445034
0.00870244697694391
0.134356652421469
-0.0638477417956955
-0.0762833537309316
-0.0970567321614589
-0.0527150517238367
-0.0224802962373055
0.0238693674471633
0.0157393013752968
0.04519896864358
-0.0670026402518857
-0.0428065151307058
0.0274780675671381
-0.125321397490142
-0.148635763571691
-0.0882817790034066
0.0756140969806964
-0.0495059506124772
0.00411775864366266
-0.0084278674708204
-0.159870665703637
-0.233230424953881
-0.0444106385432479
-0.0318824240291196
0.159558742141884
-0.0026719391088779
-0.0140150186953857
0.0361077563876737
-0.132968707021795
-0.133830303210231
0.0801500162677375
0.164088616733145
0.0454351686057049
0.308401848635801
-0.0106202105660702
0.0189831439224852
0.0256719524050791
-0.123523681113462
0.180333246405086
0.0121331427070501
-0.0979231421937452
0.0523989792682369
0.00669627848045129
0.136426710182108
-0.0913956283612877
-0.0779989799415421
0.0617477717853834
0.0234775054752703
-0.0273291421264652
0.00457103591013638
-0.0360480569834893
-0.149849279171997
0.0198366745131034
-0.116922688829212
-0.115898150989379
0.0133565474324104
0.142746088260494
0.0686111557109934
0.0704316654687973
0.177962881213805
0.0780856106711968
0.107499557772725
-0.064006148460059
0.177396032431474
0.0936974354125756
0.109595423139156
0.044118165773813
0.225761476115303
-0.041114875247426
0.122402539589569
0.062787350600374
0.041881147113711
-0.0182648045394733
0.0655577381469269
0.118093212030831
0.00271908112035885
0.0842775171304058
0.000630985098279475
-0.0163133928885161
0.168897527378367
0.129982258830605
0.0583239751267762
0.0936874068342265
0.187250071280199
-0.0169816839473711
0.027857933253382
0.163415374528629
-0.0302181515357012
0.191455148250481
0.0308430251151345
0.0782436177467694
0.1029765181676
0.177739379896819
0.00132854570160279
0.0454693803603091
0.171602945950197
0.146140043782338
0.111554716319935
0.189949462380991
0.152807817006381
0.156440905531753
0.116224024896771
0.08792741240503
0.145411687812489
0.0126359400098427
0.0871593466572977
0.111884921771415
0.178950112405047
0.228481695244446
0.189443279506842
0.195497467060237
0.123977498726614
0.0448504914491274
0.206290041633858
0.0594320832689116
0.134932519604635
0.0266906404429448
0.273520316901825
0.00619281920380779
0.190214586774343
0.0641103717762597
0.350453499923864
0.0333242791956517
0.119872922290205
0.214369963945144
0.284741428206651
0.173433599362001
0.157025823494037
0.230358852658736
0.23289619976387
0.210330100813896
0.197410078084583
0.0607043527562786
0.232707337368816
0.212672884050782
0.101043830059439
0.226095267646338
0.0601063421461574
0.188819754255354
0.147807999648701
0.360090971556183
0.324384696565051
0.213969476812631
0.169705386978704
0.279941854384089
0.0323183582406747
0.102598004880738
0.166668377600255
0.170034347226914
0.0386658088830965
0.19239921875468
0.21879834691139
0.0463843639003057
0.157024950497588
0.300226223731295
0.282322152952776
0.357626075411242
0.186409385353638
0.245358608764872
0.286472359202974
0.365428941784911
0.220398222897973
0.162837754006086
0.239384650257711
0.337982242174284
0.31756479997399
0.159787842875585
0.275446587022064
0.283333583782443
0.0869990220783887
0.348180767854022
0.364957998768908
0.285177013025702
0.293753978542722
0.184349723758916
0.232772731158632
0.204405544167925
0.18225364302783
0.323224598429329
0.309529909120566
0.295542354421031
0.242808894479251
0.378922478382128
0.140169420221408
0.268054842439935
0.395372586209386
0.32663763224373
0.295418659086195
0.429479398016719
0.281187148565271
0.25795408778077
0.372571232119593
0.348121768492242
0.363493232506004
0.226543884225492
0.356675563480919
0.340215554999934
0.260415461355866
0.369138545129293
0.312662012802668
0.321612923120481
0.279268704619111
0.280762428731131
0.323319695726752
0.300968613763985
0.393163389048169
0.371303896335965
0.299899848844366
0.294358584120788
0.385261805644246
0.395015454949081
0.33951669877451
0.199563304551956
0.352944588382824
0.359180479851125
0.261014806451974
0.339774744812088
0.338281758049075
0.276681965284774
0.422445609799593
0.394916280092755
0.429437735594419
0.411723002392785
0.267075063061918
0.261179301737593
0.352664237495315
0.32913820786387
0.315403646193389
0.34527576924162
0.380996540653772
0.33008629123282
0.527973388980955
0.566614048461004
0.415196243149351
0.485099489469713
0.374981608223673
0.410718824565766
0.553427266871646
0.471570178190672
0.488061968643515
0.417547929945189
0.351234560108099
0.473928848585436
0.191356733985532
0.257301442895183
0.421757316270429
0.279302851238897
0.447108161248903
0.522823414994356
0.530609906524227
0.258242809963238
0.536821737821921
0.454277024435645
0.373627977301964
0.435147450659689
0.377504315435215
0.403488263924907
0.306852379133847
0.643125425643413
0.39363082274392
0.639619331830874
0.544420943280038
0.382574066534879
0.414094515267532
0.280851641749589
0.420229544718211
0.477763403808804
0.565433118252002
0.423033726384461
0.549848381493039
0.396134423313259
0.43345635603185
0.475005984619086
0.403743076523259
0.471754147066529
0.305264101229293
0.397353753441154
0.446607281329765
0.46339362135236
0.392784361600406
0.410461932111819
0.585798722251698
0.369789341559694
0.543191847568636
0.546054967979097
0.488906663777541
0.668730197509159
0.472923253127671
0.580434132004611
0.522319845085106
0.584116194980453
0.418303200175217
0.525385062524857
0.468924450432678
0.525496879865817
0.561529495144117
0.557538199584089
0.533687357685429
0.475727503823575
0.561462390997332
0.532403060073749
0.562754781492746
0.464238931210976
0.624759789393261
0.384236048492655
0.513942847077081
0.399000206887208
0.56328995992022
0.549360471575331
0.490176983804202
0.549055874870775
0.674320784171775
0.601762868893228
0.477176483054847
0.421443435140751
0.520172749529897
0.54943116306548
0.64138585801501
0.526346574851964
0.573883891754638
0.684347389140236
0.528004298381996
0.50222629421906
0.706398006073258
0.531548463870183
0.545505514212618
0.663953613831113
0.632740345802151
0.348388854796693
0.544695090945819
0.625479595065828
0.529158057965886
0.684420713876152
0.695509627584085
0.442244213540108
0.581531740593404
0.619227892332859
0.593930781789374
0.498673655135682
0.544816318431789
0.550162561706495
0.714233679237317
0.575489205061858
0.426796328171808
0.666910504582798
0.493019904947525
0.738386940240869
0.698602757460507
0.653894525156473
0.562829715543608
0.670146774465922
0.593585852488713
0.716371378170541
0.643858361408191
0.543059569394264
0.665331192018783
0.718053125953879
0.596525182182469
0.710160524307286
0.646066171543659
0.656797742168283
0.622341950993025
0.749479985254494
0.666288528843683
0.680685008366217
0.670001198124537
0.684270871085757
0.611130809689794
0.754880001719964
0.755036815716342
0.745603656336543
0.782350726131642
0.598879569937631
0.704838849608256
0.648361629270804
0.689543964009704
0.703669217855842
0.78180759377391
0.822552453857253
0.722845502489286
0.448037389019428
0.654957032943641
0.641928843687415
0.695098987402563
0.617730668680495
0.698509998307619
0.674234245514058
0.71791182093786
0.696346940509668
0.724926581138685
0.783338759831122
0.714765461442395
0.82210146673381
0.822933918721483
0.734170809859152
0.698808419428371
0.877962895663498
0.646194565516698
0.633420951369828
0.778970795186088
0.727625665697986
0.586925142226145
0.621239738327756
0.575388424274841
0.652078350530599
0.74624129982896
0.673167682251489
0.743480623036606
0.694298433194314
0.598835120026742
0.725088034847165
0.819587357603305
0.647204619877108
0.755524004427616
0.676394512100791
0.721495474199552
0.814485468120432
0.770770917681095
0.840939834026149
0.734112480518338
0.871571723060756
0.72432667902615
0.81728189477213
0.730055011298553
0.833300191055351
0.932884356896273
0.750576810521743
0.783739161586155
0.941362474801574
0.881560243823379
0.700652518207425
0.841736518635624
0.832211486011951
0.746207896588393
0.824295306507602
0.79509407114224
0.831157125125148
0.717112952745932
0.690780911526669
0.89366289455662
0.75541048578962
0.689146648353687
0.665682131129298
0.791502363193431
0.982542901400374
0.830186823382439
0.834196965885659
0.852532542259582
0.967273546100902
0.764824913634321
0.759313358480116
0.832815211271801
0.749862960367579
0.841210398213316
0.953438538484587
0.951615538875121
0.838117472464756
0.912980749302523
0.819819454752869
0.751917257874159
0.825107244728338
0.811631359619581
0.779739031558347
0.777211869401825
0.765958463157446
0.892012612235462
1.00119326994309
0.979369690147565
0.931031848490303
0.80280206344321
0.822949257828658
0.889994234963824
0.967194277399558
0.755343695386478
0.912403432208131
0.824658997745611
1.0331429967743
0.900120114260849
1.1005890852406
0.823242289603505
0.939547969632857
0.899502857904703
0.929567844572003
0.869280212363056
0.795487408808889
0.914811363171681
0.950364656207304
0.9322730828654
0.810846578862211
1.15737085683012
0.979214105026123
0.828800498202618
0.813494798921384
0.914171131276477
0.934799280725947
0.683459374458668
0.939446267448184
0.844165174695861
1.00078514323473
0.901170570544302
0.939670817140309
1.06235700429093
1.01823740971118
0.948008806227477
0.999342936927756
0.909180881971195
0.978542188743973
1.02035186507654
0.921800408115677
0.910985725689482
1.02700733916282
0.885497113581974
0.975589272800792
1.03603223172995
1.00390425051029
1.10994161413933
0.925290213312487
1.15316473594757
1.01060619902233
0.925632017504627
1.06177201005402
0.892235689104522
1.07883527650621
0.893537232795926
0.888219948502234
0.952898960655857
1.07798054368151
0.968092018978767
1.06704825930744
0.938891566074149
0.886784387832186
0.958540146780834
1.04662246167113
1.07923980459195
0.98534204165564
1.03434373285957
1.11077733309406
