-0.0657487596091345
-1.06488262579065
-0.938126735775695
-0.903806764159385
-1.00516704102754
-1.10908584318699
-0.922973430224562
-1.02107600906296
-0.958816993347795
-0.975751890318616
-0.926440032159074
-0.870659489220357
-0.96461173323083
-1.00709703470199
-0.980667256776796
-0.966341692819568
-1.04821892134276
-1.07582112235469
-0.982659551006616
-0.975471186747942
-0.889810698482133
-0.9380125076871
-1.16347911763506
-0.922566371631578
-0.884475550395639
-0.882595322811827
-0.949524114308082
-0.965230748586248
-1.01926872475137
-1.1034450037827
-0.953167127485863
-0.842467288252262
-0.907743761616519
-0.910941124101652
-0.905674020916191
-0.8907311966667
-0.864591733523432
-0.950873382678668
-0.837424558314012
-0.837864456633667
-0.838003971429376
-0.897911433383224
-0.882207869489321
-0.950790356713276
-0.949489199718061
-0.814588943431834
-0.891505168740718
-0.913385267191453
-0.89753139080663
-0.903837817112459
-0.938986616586095
-0.877279123755363
-0.867661121669403
-0.899610886415254
-1.00338160670425
-0.837545596150632
-1.02566562570983
-0.868803318071507
-0.942218960825996
-0.948004253585789
-1.01593825129332
-0.789292023753608
-0.900675673802025
-0.841077994085511
-0.734581831220356
-0.739629144945904
-0.8603082809287
-0.831746462815923
-0.849917886142887
-0.64308950007009
-0.936222346999347
-0.81866061897574
-0.811835130968566
-0.942479893527004
-0.896269896506054
-1.01390884583683
-0.865205851195601
-0.815881676320346
-0.887053544425032
-0.844529339984508
-0.775456230184828
-0.836575145396715
-0.783884055203681
-1.04646891458358
-0.739348304019302
-0.798637712775191
-0.841578190384039
-0.806147756085165
-0.978327385278047
-0.787505066986425
-0.743804293594088
-0.784214118557605
-0.902888672650101
-0.635630686311923
-0.833946701383799
-0.829027254191277
-0.731613569703049
-0.866456852110391
-0.857580218290281
-0.810755753210145
-0.8027806074013
-0.945434657876944
-0.874660779560379
-0.956781657134583
-0.781975258352701
-0.85958106003074
-0.637156521999112
-0.869397166377379
-1.03619625953212
-0.827167669084907
-0.822864421346029
-0.892903860707835
-0.754176422312145
-0.710240854141419
-0.817196344956117
-0.868390433507328
-0.742084931059166
-0.804379311639434
-0.66444097685112
-0.720467152059696
-0.753986852778136
-0.648939763929687
-0.75577105830483
-0.652151618866396
-0.649630937513488
-0.76801778215771
-0.594715795513907
-0.832012697515409
-0.746754309303473
-0.649351516609684
-0.85257385776795
-0.69010961152219
-0.920300888961046
-0.702003257280042
-0.742574788503129
-0.717608870881665
-0.797373113917964
-0.847192851027298
-0.705557021142701
-0.745988210655156
-0.56311654936887
-0.616704752770819
-0.724576598671322
-0.701135927407393
-0.587119265800531
-0.578285036400376
-0.587135447424919
-0.763972178517252
-0.661130353793711
-0.826266208803196
-0.71308153105123
-0.657157136199107
-0.752811206110731
-0.826779586652158
-0.667791777595254
-0.657315440749676
-0.716674134029823
-0.751906692570519
-0.681288305731717
-0.577106372684948
-0.830098963119081
-0.578001969977533
-0.692266380529457
-0.483088954640976
-0.712123502029351
-0.726204060744411
-0.691283377467166
-0.575285516395045
-0.553600426996636
-0.687583274998529
-0.672062961471426
-0.784842778991479
-0.611791114397395
-0.645032849171472
-0.637952346703911
-0.70883399582012
-0.772015244781517
-0.67950240093231
-0.862184794622518
-0.626865751962326
-0.591683595380403
-0.81383539934471
-0.651398704083143
-0.60717129176753
-0.54375507499554
-0.618730459029766
-0.664599722900062
-0.616483939714093
-0.608346710815829
-0.565963131724255
-0.790354034582759
-0.645088413784
-0.624808475136104
-0.679894216271714
-0.542772300109796
-0.56094997020827
-0.387545214091388
-0.605281066940244
-0.757033385233469
-0.725786246611925
-0.596288971289753
-0.771539452952584
-0.497199134426443
-0.629896597526362
-0.586465467222863
-0.51610239889291
-0.556966093974001
-0.774699503454793
-0.656422219526839
-0.483687529546304
-0.678390404710139
-0.481244956029408
-0.731557982541621
-0.510695659919953
-0.591781935570257
-0.545830574808551
-0.525670623021268
-0.493119632776766
-0.558654349480141
-0.498427505421259
-0.667003160494654
-0.537623592549928
-0.636578606138718
-0.562435708732193
-0.62838972556159
-0.536965770740412
-0.560155932748599
-0.463457844081062
-0.685830137635573
-0.76822924219029
-0.614780824897434
-0.610194658929753
-0.579216487700829
-0.468688472836032
-0.662182454438575
-0.528495272727782
-0.466125055050938
-0.450588922884548
-0.585363794275657
-0.522763569786759
-0.613646063523825
-0.359595653392255
-0.508568526403508
-0.47956178187321
-0.548536059185557
-0.584785612666339
-0.525274769297792
-0.508398973002363
-0.343775548126184
-0.320545661677284
-0.476766446566217
-0.481224625497611
-0.492657129830085
-0.5052996927444
-0.417124288091572
-0.543348852965532
-0.423892851718178
-0.5608240598781
-0.418482675388838
-0.566553328404694
-0.40993484435036
-0.49121972583793
-0.31201881968646
-0.519251014597797
-0.403685057998278
-0.612092323799556
-0.62087832824781
-0.524496788258933
-0.594747251987305
-0.443799098324176
-0.412842254012574
-0.442480131802729
-0.377097012996688
-0.556404874646139
-0.47680534643159
-0.498968677758531
-0.547997613714215
-0.374551882993911
-0.447691048581255
-0.321667816976466
-0.506356530235515
-0.572148532448526
-0.406473357828063
-0.498063901943113
-0.487624794452613
-0.408653597756906
-0.433306668459443
-0.407486868026119
-0.402750849207193
-0.333467871849543
-0.370084016531336
-0.625198682868632
-0.44718323526905
-0.50852000455375
-0.425144662297219
-0.396955284078114
-0.413645451310674
-0.364533050079064
-0.486916429335212
-0.417437415521181
-0.39878225876649
-0.338226213746502
-0.409507091442895
-0.524505194701096
-0.47507655385721
-0.391612673709866
-0.264297071993718
-0.381373983473813
-0.326244066941266
-0.296493348076794
-0.42727676241567
-0.340524041925271
-0.29984448426222
-0.43214738074805
-0.491231702370022
-0.477934786698745
-0.226606211760434
-0.285060219362665
-0.275617373156902
-0.401069409316795
-0.425977014502187
-0.269878574084468
-0.34020295026771
-0.430333044566737
-0.460440594655191
-0.447484814903806
-0.421604872998576
-0.422586557787454
-0.414798380206105
-0.408612588325261
-0.176447340246427
-0.411311113341716
-0.321305925182685
-0.297176386467402
-0.434614174211642
-0.302315394296925
-0.445376545986976
-0.27135543875121
-0.183890718357907
-0.320314908506274
-0.389852643162069
-0.492405454184708
-0.366016605387306
-0.331196699087864
-0.376804027004943
-0.215331387593768
-0.260500342014221
-0.371705463068701
-0.151255312908791
-0.197860704743094
-0.362427745040188
-0.260532518515017
-0.208602941580058
-0.153894201791817
-0.434728268673233
-0.378061078463557
-0.160122536334744
-0.258994381541126
-0.272488786905972
-0.361805174507816
-0.333784356897637
-0.245229829048115
-0.367158883264073
-0.178467782308057
-0.209932654469986
-0.271611812695802
-0.207269979182394
-0.294488618544969
-0.146068923587395
-0.165792380491671
-0.232815737561177
-0.072356230854424
-0.361191712303502
-0.23638536916787
-0.145989043700201
-0.186950391702123
-0.225561428147577
-0.340065516926141
-0.232506301429444
-0.349011968388618
-0.12380200244704
-0.216444783117774
-0.209071695417427
-0.322766943826112
-0.261583867924777
-0.211954888929845
-0.276641884832732
-0.167057328717067
-0.353084316955346
-0.120564232380715
-0.247708307116702
-0.162976562256156
-0.144398945271486
-0.139281702917539
-0.284160431112272
-0.151041986898789
-0.391912887316423
-0.248540037666985
-0.255704471376042
-0.238461646019344
-0.00304156236896189
-0.357733438929676
0.0669820560755297
-0.226844534792649
-0.178298833621908
-0.152748718543084
-0.110070528879813
-0.100402634911775
-0.0359513727124616
-0.0616193302426186
-0.0994269743379644
-0.241941472164231
-0.144871829729333
-0.090431114559593
-0.192659141493108
-0.0691939431119333
-0.25250543579074
-0.0850156915844807
-0.0726365914828525
-0.129013028406649
-0.0594404173353858
-0.101278750000955
0.0209270457582756
0.00772872882270283
-0.130233241086657
-0.087940799350375
-0.250088480112798
-0.0643895120370484
-0.0828740089595573
-0.0354656646392881
-0.171738246618407
-0.230096763007038
-0.10165498447725
-0.0997651972898999
-0.107523659345545
-0.0753346653441023
-0.257282661516766
-0.167080943728414
-0.0765724042461311
-0.23908247370257
-0.0412737862011516
-0.297394614779342
-0.152819637605339
-0.0994880447188028
-0.101853853177175
-0.238570014220261
-0.12855686887094
-0.0121760372081149
-0.0944336101068558
-0.0264190695634863
-0.169461905143373
-0.0823783037264107
0.034084803368729
-0.155285139181404
-0.163390275259248
-0.0116593615737459
0.0052844581969866
-0.08588434903195
-0.0318680161896727
-0.0272196683550226
-0.121770628285753
-0.0842319501326324
-0.131984468142332
-0.211206187733161
-0.109181496944489
-0.127987787336672
0.0946721598452599
-0.237999624539962
-0.0578011008211338
-0.0724597533144763
-0.139360738063934
-0.084630489372493
0.0727129019693128
0.0526579879327145
0.0543899231619187
-0.0965043979955828
-0.0164449430209261
0.0379697797641824
-0.17672763953744
0.116491704316768
-0.0440488909297183
-0.072200466530638
-0.0988172208984417
0.0567269907878631
-0.028791176322101
-0.132184073113701
0.0984307592373416
-0.0839877406188907
0.0369565649100194
-0.0827447217925846
-0.0221191676617885
0.109300664242942
-0.113111623438948
-0.102320049074676
0.0515463619740602
-0.03887942739716
-0.0555169455295674
0.184582391710129
0.0385586043756111
-0.105356141925495
0.0848330837924799
0.00932260106829672
0.109114827849746
-0.130177506272164
0.141029708064375
0.00757957037197428
-0.0471434089382283
0.222306209745293
-0.0554462357228194
0.0166763258543766
-0.142838289362646
-0.00779068515268831
0.0542815332272415
0.0713045875896228
-0.037169014905182
0.0135673223225967
0.0754860567648975
-0.055856071527594
0.193449487213676
0.186803613366101
-0.0685722337658269
0.0608128854383581
0.136447420473465
0.0945691386295111
0.0370053931085324
0.0575665387711998
0.153556028528099
0.0563881113029348
0.284547007330631
-0.018155632389914
0.0365177907003137
0.0507446583013954
0.00718450021393442
0.0860391427675664
0.0932953272480933
-0.0195718173930793
-0.00287746440034889
0.164811868365006
0.101624537671463
-0.018093707046621
0.111001920420203
0.18021849934444
0.200709829846262
-0.0222544758355589
0.221968625388582
0.0618975851556851
-0.0171832456632215
0.0425975762123555
0.0165956892409099
0.224353651346177
0.15132854185357
-0.00124267919113244
0.223163658163207
0.0185849413915526
-0.00357826242680235
0.0787073324854406
0.0984364046838391
0.0578782502701136
0.0138696758025282
0.109780973296005
0.111995011204723
0.171129237326821
0.130943095735744
0.01055254127874
0.123879609033938
0.213605930584726
0.200181787841676
0.247556756065978
0.0522155326010075
0.211344662077432
0.140911870051823
0.218302223129471
0.132650712936555
-0.0176196490015615
0.188845871782022
0.273390060720997
0.284681503863066
0.257210495304064
0.158303551265611
0.27725993629733
0.287556049284771
0.124831478338014
0.117676639043947
0.230311894691133
0.156903003509748
0.121960953406853
0.197667042626692
0.262900711248611
0.321728301770681
0.148119382288048
0.156311171436245
0.0490300527258233
0.19327435708016
0.109476141566169
0.199114121064341
0.174094573680617
0.0217623850466006
0.13576494194214
0.204643624776227
-0.0211631222109855
0.204258268061885
0.0848324571395639
0.197806002396769
0.164641354590394
0.254335024183687
0.296560377511722
0.113368535641295
0.237647612821192
0.132090542952769
0.260794712750296
0.189722724265622
0.349778003898556
0.278553060445559
0.155272947327968
0.223572182641275
0.347075977076378
0.290094542645466
0.101617984653801
0.280254680587824
0.331683898888186
0.259584369108928
0.254522482976438
0.297177259230069
0.325849031408173
0.238021777862584
0.262858156637429
0.240299247202424
0.270818673326475
0.294014820906059
0.284236435450788
0.100750294518678
0.349746566656942
0.285894143730786
0.378468794955208
0.357555043559333
0.162468168789511
0.370867770109464
0.170186487886554
0.249032588616118
0.300209358308386
0.405530039760865
0.263228209708085
0.253584034115095
0.319287599080189
0.378393730582026
0.472605296149106
0.488261352572834
0.169695745863849
0.356047463127079
0.392593116917561
0.323071124637829
0.220895539430497
0.104498835799915
0.186740558092761
0.242794782956935
0.220642167611718
0.37504235692654
0.188637595256599
0.450821141998934
0.209995563128762
0.479868786271192
0.367730748529997
0.292872463277024
0.298658330555472
0.358492466699436
0.19166695190331
0.0706221441462582
0.384959899028639
0.381650041413207
0.325552289267504
0.41175132976525
0.342747315815176
0.311534878860419
0.483953156870324
0.183429761961027
0.44836290615281
0.421097272340766
0.170695625054297
0.445222942282905
0.401095356644555
0.329643388066558
0.263589562716826
0.393270790721288
0.502907455369983
0.316742467357914
0.360085078238026
0.42973569596488
0.409681972921656
0.327154224340229
0.384393672032363
0.522416325532138
0.279657845242831
0.350592015468318
0.354122329449846
0.525796846591328
0.319493974703978
0.448733700154949
0.340779856051427
0.407533632775369
0.349501618295154
0.33311757269486
0.441025236951317
0.462704310327441
0.474216880553993
0.44950432984887
0.320620878229257
0.367019105876476
0.41421589783182
0.47636239369845
0.378550017118638
0.510934798135018
0.455407433288357
0.323681984926259
0.382408598846386
0.33913759648346
0.486945086644986
0.41599568932395
0.301752916979108
0.596479714620899
0.327181517792409
0.461861040465868
0.465874228574153
0.39824183803301
0.400577905742888
0.457777406667805
0.338246926356584
0.481140958160491
0.467335561783119
0.438505426216343
0.451479147733998
0.54172607253554
0.47830376941246
0.553501520087314
0.380091393428793
0.488137476709232
0.509757712095084
0.565916946419317
0.288273510361757
0.472804749797246
0.397791502651112
0.607565460834543
0.58883892854787
0.504895672291766
0.513928999163206
0.485211765649071
0.504075760616182
0.524681089213086
0.518565560260636
0.506722990447427
0.540535452466398
0.515729531069478
0.409127401120199
0.525052625196542
0.424521279780801
0.532527183390083
0.497144305851931
0.345236762799112
0.571809524260233
0.441295010972215
0.491106052820933
0.335558411374069
0.393388960605242
0.567866990440759
0.673071347079129
0.505891265576909
0.493578162452981
0.503781664086721
0.481252353912431
0.594152953076177
0.502056394294527
0.631539256724864
0.466431499306559
0.789427941108729
0.436027680781296
0.530436602075775
0.518080249330584
0.514770327222629
0.681936971702078
0.514779405011096
0.41508386529435
0.572060527739642
0.565551465477255
0.559950162690856
0.490251920701446
0.599090310805764
0.568859731519631
0.730093319549251
0.683305092987728
0.513739840039328
0.44691187517115
0.68466766589324
0.532069275605907
0.601051237781996
0.649987613934762
0.529625602219432
0.479174642108252
0.643208445098717
0.562478004164802
0.559986620530822
0.688617195592318
0.640011598347864
0.656495617821073
0.58044922237508
0.760399809301764
0.781999216107116
0.608789656706126
0.710900207463045
0.655966200735967
0.472741260732581
0.71267878668179
0.546809230068487
0.568674708820767
0.67247955239928
0.672515247661822
0.640051365975529
0.569453088637015
0.846606022963092
0.558888675805971
0.675571766935463
0.698048087906855
0.685642399516698
0.648642354899025
0.603828325229594
0.498679052488158
0.728108926279966
0.672059797542577
0.659855847803139
0.582149507001236
0.743765151883814
0.590874058518049
0.801030445849993
0.66545394034033
0.730668484440035
0.564247632199468
0.463882889818442
0.693023862945522
0.791500010558681
0.552151439783595
0.734720354510767
0.637305966361746
0.579447319225489
0.720855020713825
0.531876626267415
0.740425802065989
0.789046777415874
0.74294243604886
0.609814479326507
0.804818103389413
0.830955917316696
0.527475259323717
0.712857483357519
0.56014619332644
0.692604444420323
0.778644000180295
0.778157296719238
0.825627151382299
0.795028136211843
0.546845816061615
0.698246002029904
0.535160650656594
0.73935249011045
0.859737350826086
0.883126050201621
0.71937502123126
0.776079012421327
0.707129950225491
0.625065379956023
0.827054274101367
0.767103663098262
0.602850118480512
0.919387740745039
0.833265096561942
0.743695725074161
0.732287232419809
0.745884795395185
0.767938058015782
0.7738198938376
0.701786282568023
0.77722909602828
0.767683838162735
0.816266289458062
0.873156655340055
0.813801645172872
0.725343801506695
0.741568175033017
0.720921677206405
0.699539943935857
0.76935980045971
0.757241840504716
0.709341688043669
0.777088470524568
0.826277906134518
0.928876605957326
0.682160593194647
0.969015311908305
0.704011788796328
0.870386910774298
0.708833170567462
0.729926258887421
0.895538194181639
0.928750981868559
0.831960125120617
0.793729944001269
0.820655297400677
0.65783035374729
0.736895377249599
0.700145417229086
0.700622520387088
0.7608281252279
0.84562334638437
0.767242999616443
0.828552840842981
0.818831904108104
0.77931047592513
0.787478779496065
0.723089147242973
0.711999788902468
0.903851316210351
0.649375041531155
0.700671201467955
0.902334144980455
0.929090612240794
0.75489289051764
0.792306672454414
0.944296731566313
0.967331886496271
0.904773780482114
0.779158628093887
0.823630951146657
0.918014522934739
0.986787166343503
0.958339439472302
0.901948103830657
0.765049510196142
0.853199795400571
0.751555433399075
0.93412641332035
0.918143604673086
1.13808898303101
0.815172473909536
0.848006717216597
0.93492124970509
0.885077320531095
0.875708069445068
0.990742716819912
0.889866244003882
0.742238755472657
0.84235608934914
0.742064236507853
0.992289399892724
0.775099139807854
0.892253962035728
0.986256358531338
0.765303521182307
0.867276063741045
0.954217618278343
0.902403079308002
0.829208032850538
0.955874534071284
0.795861396202141
0.961321909558855
1.18871484343836
0.987680550185008
0.990239777498947
1.02125109715032
0.880218612451395
0.880363918920515
0.881520053424473
0.915482476137138
0.870797083695057
0.934456818934308
0.867182720437117
1.01467478930841
0.961584341059508
0.955903255463521
0.983184915817627
1.01877263324198
0.771559179949615
0.919821718369506
0.959998639203125
0.892557819939125
0.908681813044734
0.98449586515798
0.993507525478679
1.05595203992868
1.06843832575148
0.860792899556938
1.00782894154569
0.893601502590792
1.02618326843802
1.03940495489774
0.948419492362767
0.988982177052651
0.848986836924969
1.00203074181715
1.13761412560611
0.900184162050611
1.01659049400952
0.939126928106909
0.94348088142401
0.968122081777256
