0.0738385585080881
-1.02267701815555
-1.04359720295163
-0.92950973815665
-1.07814366088212
-0.830813768868435
-1.02429410210871
-1.06148110917804
-1.0616887737357
-0.829614503548001
-0.867624010713691
-1.01373851398518
-1.07324707373698
-0.841497965782868
-0.848084558968272
-0.91109587881353
-0.990348903930653
-0.847315924382744
-1.10131711499174
-1.09685947875951
-0.874261027385914
-0.89544529060758
-0.941488154762679
-0.942430007585093
-0.944888245505089
-1.03592650489356
-0.859359701128768
-1.12420440648098
-0.834328884246723
-1.04951901830827
-0.860849612629184
-0.856667255222455
-0.998641551245108
-0.951081657661476
-0.872777164435463
-0.827886499193195
-0.961150099527469
-0.883310728472797
-0.876147418096165
-0.850408788355046
-0.929600643662133
-0.859650672068998
-1.05178703466069
-0.839653249057949
-0.864570664719644
-0.854905065015552
-0.880189338224911
-0.886309877459369
-0.783619697438272
-0.84421044827756
-0.785708102034252
-0.823695698174092
-0.86674020880051
-0.915842492030282
-0.883640915473116
-0.994621699160092
-1.07350857753498
-0.758306399505563
-0.905408365823842
-0.878623232351265
-0.827073277419184
-0.971334937342929
-0.886309689651157
-0.876339343290435
-0.723825913755715
-0.798069853002388
-0.682098403620702
-0.896286929885882
-0.841206371980121
-0.764424429047225
-0.823392079488687
-0.907489783967486
-0.969635496275182
-0.724869980809595
-0.871510379890694
-0.803553645492539
-0.817757253265719
-0.831325210330492
-0.744618758178232
-0.949510199102662
-0.861707598347793
-0.858026388319491
-0.94377905012543
-0.919886632658107
-0.744906115881702
-1.07772416369786
-0.777162178732608
-0.880381878177048
-0.657134884345465
-0.854647880352418
-0.899298839622696
-0.807435536982847
-0.733934192430329
-0.906570329619804
-0.778699559158064
-0.70398131552247
-0.675354224561969
-0.989137302638873
-0.782296559489579
-0.752456069462588
-0.872795949104296
-0.791958518916385
-0.889497508334091
-0.856015500229661
-0.814928726601813
-0.816479940164652
-0.785920418357417
-0.957901199718917
-0.830090334709543
-0.744761995061263
-0.66634119993732
-0.762551323457117
-0.844069686413309
-0.712479440664625
-0.720236512459659
-0.701419541791357
-0.838109637582852
-0.839614045839727
-0.768900215956445
-0.709225872289408
-0.797485994859603
-0.748322885546973
-0.808736418357563
-0.784687255342347
-0.810612156205677
-0.767380343014066
-0.602036549879197
-0.719397110716681
-0.879786756199448
-0.692114631930156
-0.639984052363002
-0.75553189830488
-0.664257813673957
-0.553950942269611
-0.71779865116503
-0.629927581422339
-0.805721935296072
-0.817053008225931
-0.715385233660513
-0.646991557769389
-0.782072217187375
-0.780614616494466
-0.871163377208349
-0.731351797241471
-0.692487715102377
-0.612756572893056
-0.708422339437646
-0.62345966126543
-0.77476629940563
-0.702509852073704
-0.674807425131837
-0.711898822397104
-0.67566812931849
-0.660733998306365
-0.822233375049893
-0.676158155712371
-0.689378964790868
-0.647799705577964
-0.689866455839089
-0.637897855947846
-0.580440883938834
-0.487196248925682
-0.61123595184832
-0.763361585904232
-0.653622843919503
-0.732847474937642
-0.659552331809523
-0.778710876035463
-0.800451544391603
-0.520893339235072
-0.638810010795842
-0.606273394419937
-0.764886104741543
-0.65306799036508
-0.547610982035041
-0.73143886167121
-0.588841840422905
-0.502873055540555
-0.813384746283166
-0.59581309151509
-0.548598123187929
-0.596109817245499
-0.784996689995857
-0.714814042414505
-0.612239323656098
-0.571279686693701
-0.493252312528832
-0.683834494025592
-0.590803671503066
-0.670076183636994
-0.704747764826963
-0.653550055567318
-0.767636684889698
-0.624768623820342
-0.606240790812511
-0.747966294747346
-0.585134332642482
-0.557714299424745
-0.603488984826833
-0.46994237879363
-0.39223962685482
-0.629487574590212
-0.59330153770184
-0.701592810589797
-0.641030181693634
-0.639092388533968
-0.561853200433741
-0.640673176836819
-0.652615411213476
-0.643434452585362
-0.623817317243415
-0.495775689928553
-0.662214901372666
-0.622806947648351
-0.477714990692085
-0.50508429031907
-0.526486663419517
-0.51474251472963
-0.600982720887467
-0.662431941095152
-0.430614213565977
-0.623807177343706
-0.596839862100992
-0.471686450560579
-0.448573058597175
-0.505711156153443
-0.505551164586898
-0.681101091090782
-0.500379392623429
-0.456056698101658
-0.578196907962319
-0.496612203873641
-0.604264464463227
-0.464505310790898
-0.532170728037524
-0.434236813890756
-0.524275930623398
-0.331460239966023
-0.485666924295172
-0.533034390312817
-0.539237342576364
-0.601292531022659
-0.605129929491244
-0.620207919601334
-0.388784568289783
-0.652886946880845
-0.493558515904145
-0.496410540985746
-0.460875022180689
-0.479189548720775
-0.493432112572126
-0.475823557050414
-0.535193748187892
-0.499698390346666
-0.407782804746105
-0.540188321739221
-0.536437381870308
-0.588785955453119
-0.450223215676182
-0.554480151859625
-0.432096791407442
-0.53810075175208
-0.600145708028467
-0.37998274057518
-0.483044801428429
-0.523461259991674
-0.441240500441203
-0.541606070161995
-0.470567238255767
-0.444659110368245
-0.553879121247996
-0.399631468343562
-0.461008680517485
-0.422884349905458
-0.487799228018684
-0.491641900376837
-0.505938169615747
-0.504783944711428
-0.461327144103088
-0.390366546307619
-0.416713186277672
-0.563144735618361
-0.45947049835102
-0.422160881197259
-0.346946137692606
-0.454406751737541
-0.50258484196045
-0.349163581967511
-0.454936886246535
-0.565593940699348
-0.400092595135658
-0.399192390446953
-0.436828870485479
-0.269774668279066
-0.371424301122985
-0.494590652389136
-0.320310796803271
-0.411674382735117
-0.355604811812939
-0.432356459179298
-0.370278134984639
-0.59953090925822
-0.406202496229492
-0.356004203776729
-0.34875938825953
-0.483344215614432
-0.264456189575149
-0.488240788234581
-0.475941431792304
-0.426052619193408
-0.47444647343937
-0.229132600465732
-0.371547304276171
-0.396585164503341
-0.244555685338651
-0.29129964279559
-0.522219631476465
-0.332188777879919
-0.242111138098462
-0.381727347940653
-0.0934179321264277
-0.320079443457509
-0.287104808874682
-0.30623924304466
-0.347977591978513
-0.434923965622227
-0.397593389736602
-0.414855724390916
-0.339601620379944
-0.414259334774734
-0.309537494354744
-0.371503852731917
-0.270569075086149
-0.309997317418437
-0.354294637176758
-0.365121310420026
-0.450470658981812
-0.378163793613124
-0.331958567557032
-0.209003818506252
-0.275410812379891
-0.393124515817216
-0.318601504175902
-0.352323352306199
-0.333817055840546
-0.369541410898986
-0.319383387453991
-0.213699650270097
-0.23783241987685
-0.237600022440135
-0.35678590495364
-0.365885902124141
-0.314700036378764
-0.260592794724833
-0.18013951759969
-0.312644563109141
-0.232072734017894
-0.387939176608886
-0.163842985867481
-0.186857060091292
-0.342573319907174
-0.274191150151053
-0.156486615336948
-0.262401367618721
-0.301872517464957
-0.248576896365743
-0.259066848941041
-0.163256816985539
-0.189641167656733
-0.151237279866698
-0.282940271234071
-0.414241330304497
-0.203981438077929
-0.154908884278696
-0.191021522133916
-0.355828465626647
-0.259863998720659
-0.0880164570718428
-0.336492250451893
-0.0446167103396342
-0.212817532599153
-0.246508399184857
-0.225040062037674
-0.252541290601293
-0.337304985405133
-0.239707113423301
-0.30227782923542
-0.298069424077981
-0.184557626489158
-0.107708780745006
-0.275309216742703
-0.280075683068693
-0.20015388819557
-0.25156459451569
-0.0487593915326199
-0.230829153429759
-0.148971350371046
-0.445431789475829
-0.103006894721835
-0.132655058414462
-0.193509190144832
-0.271379868172995
-0.189798684435456
-0.183664138435468
-0.276125631716761
-0.127065271222489
-0.121266111067042
-0.199433589260404
-0.279430032193549
-0.203528855056312
-0.0942671871691434
-0.203713390495845
-0.186606343033676
-0.138494714239108
-0.157794414455632
-0.26177072686363
-0.0809036293870508
0.0531242571182281
-0.285948437907816
-0.164402087830867
-0.127996178136816
-0.0879063093144651
-0.222453519268992
-0.193894854213136
-0.101652585358839
-0.249523861026875
-0.0842638414788286
-0.0939543741064577
-0.208645221434196
-0.214197268524732
-0.0697355007601543
-0.154767219147536
-0.184182683939995
-0.126218709740399
-0.150289181779648
-0.1891532135431
-0.0354505626219915
-0.0477932489768327
-0.134949219966698
-0.00527190026050709
-0.0611748831836566
-0.191777444580452
-0.222165832898376
-0.0820503176951793
-0.177631495913684
-0.133194367915754
-0.143896110689619
-0.0873573663231423
-0.143574581418209
-0.0226577491847328
-0.155337818146309
-0.281518095676615
-0.203314579817712
-0.119284428203625
0.0585545568244297
-0.0593450151233407
0.00941304107003703
-0.253364011480104
-0.183199332126874
-0.197079605994379
-0.104813872335695
-0.0197358824367567
-0.0719583583236325
-0.281597855627146
-0.138840935099746
0.0944858249831037
0.025563714776017
0.0414800108960412
-0.0815158550358179
-0.0594585821773345
0.106150278997471
-0.0294547432047254
-0.152318605185896
-0.00724333354488297
-0.0541266821072471
-0.115965084727187
-0.0897524292855157
-0.125042190899032
-0.056759389888757
-0.140077427180115
-0.0882470642733865
-0.105038746088948
-0.00748129246000952
-0.0159015612619979
-0.0959950466705376
0.051518861118994
0.0344865615347795
-0.232770312430208
0.116114599812602
-0.0679044470320003
-0.0918280112132435
-0.0733128417251658
-0.0822725233697972
0.0125167878817144
0.0179410200902497
0.0558636248060136
-0.0971464011770139
-0.00972509649749683
-0.112565437877434
0.0231403136415613
-0.070847288803152
-0.0487150942434581
-0.0516475183485424
0.0474222418209863
0.118433266750181
-0.0941177192567672
0.0127144509616373
-0.0319115755588039
0.0545616536122284
0.0479424703764724
-0.0370411094871552
0.0878410595424766
-0.0479010012849322
-0.119707010856341
0.0827843212434028
0.146162946409412
0.0987654220132402
0.0343413871911945
-0.0360780989318773
0.138584752197345
0.010475034725698
-0.0370247410484484
0.0261180579803714
-0.00410757514728598
0.0996911737834066
0.0657025213472611
-0.00123121612189531
-0.0360813127242988
0.130526747276033
0.0140871946964306
0.13465818590004
-0.143393323756386
-0.0537014346983151
0.087609122329039
-0.0294984587341141
0.0257381252927718
0.0817715332897061
0.021830107766967
0.114285795207504
0.137375571834562
0.179506299029493
0.271228016238554
0.0959899483435544
0.0637906128478519
0.104800945366483
0.0417595551201424
-0.0403339108584078
0.0470645503034356
0.0784418868066924
0.100085451138028
0.0659341224718979
0.14331438422345
0.0701516620130592
0.0477603362305922
0.19272976185222
0.0375370138239239
0.0313533452114796
0.0776484904734208
0.133031434523809
0.126833271285601
0.200567079120164
0.299050640219264
0.219727781248903
0.148833816140242
0.180878132704587
0.121412345141311
0.15373290690866
0.313816635657662
0.133790621102212
0.00707824869494172
0.244593554570242
0.00280476934526254
0.152754347270341
0.101528674011636
0.1768078498008
0.198119775727341
0.0785927665242816
0.223786533861239
0.0764199931200655
0.0933602650811203
0.221540401941156
0.0450289074502224
0.125650436296553
0.16700210888988
-0.118404488317693
0.0315796480265392
0.0910948793125151
0.224822936693801
0.216207989961727
0.182237223513698
0.10280999482737
0.156917682083512
0.306755174220241
0.144059264744973
0.114118103509771
0.220430227605167
0.109621148326839
0.131760663186654
0.0770887052125309
0.130400076598777
0.233900223658682
0.159061355646695
0.0466966074406072
0.158699759929949
0.132553184641944
0.0468398364791492
0.327121275929004
0.270600495585237
0.173488552844369
0.0276957807538554
0.255921213044564
0.255877330890941
0.271039441749196
0.208364525396085
0.302508082979973
0.194306183482311
0.219017026471308
0.148299315343799
0.221405054760247
0.373954980388329
0.240938284649314
0.201011079963737
0.322377997912552
0.205561906955061
0.174206063993222
0.2109051188164
0.0224857721347338
0.149512557635218
0.247793901806912
0.304817557338533
0.266037068602929
0.350261837823224
0.225802027876986
0.414175994912482
0.32425456419914
0.340359955706183
0.32778096033082
0.193565894843086
0.279372246600185
0.304282702311664
0.236307132362797
0.372166434564517
0.246835890742404
0.225010707621041
0.313755885914593
0.1284914725007
0.235117977208723
0.393168367497836
0.277635249284275
0.224696129345629
0.30857019949724
0.312242531523959
0.39268866146836
0.355852515215905
0.12870141274662
0.453810687921488
0.311988791956565
0.422977757524332
0.30823542956106
0.278661375620572
0.288972870258616
0.276117802273261
0.295961137886241
0.47788435648032
0.277013178540112
0.430187251116042
0.445173088354332
0.179193798336881
0.283433426409093
0.196005636968654
0.233077454246124
0.38016611712325
0.236105968038923
0.255315900521851
0.350492600085883
0.326023307664616
0.37828747300646
0.351028990798906
0.446341732718425
0.525696504728537
0.31729758365048
0.351193954884189
0.398351215654609
0.519283893220058
0.33177178837664
0.440385698875388
0.25859028340414
0.120064634558231
0.44151088793721
0.429505434243264
0.31575372284056
0.236855547898905
0.452894266162986
0.303798627104433
0.429040947716299
0.239936020671521
0.321441226240953
0.396764207637834
0.507897293835501
0.431228536591134
0.349681608488465
0.331426080054356
0.314044066310377
0.330860770237389
0.426469857989565
0.470447607527855
0.485385526136761
0.283468739123973
0.454992133733273
0.402456429936205
0.272364953895691
0.51441741886319
0.534819754794976
0.413048988487415
0.355957045491644
0.44927208038694
0.475632749557562
0.357801764440851
0.437250882103569
0.367387644430371
0.537773385331008
0.540591373159243
0.566317593211416
0.521558737778548
0.385604542296106
0.470271914861345
0.566605174407761
0.560342127858779
0.452268454871046
0.341844874526509
0.444373898818024
0.516161868441106
0.461497337490807
0.50761817254336
0.521315270514122
0.49202729988895
0.340591518665336
0.48013768553752
0.329354416714204
0.538240671216375
0.438502822722424
0.470082578613641
0.469546826979363
0.456839912342127
0.485431831168673
0.498565761518142
0.46915057512916
0.436413977277699
0.54843940602794
0.428567018405791
0.547018111242786
0.489748020184359
0.460675043596168
0.437494171303436
0.368167834527641
0.58212608164655
0.621771402242797
0.460150828844018
0.451342189541871
0.458666560389914
0.533318880609941
0.494729938899177
0.544441329202728
0.529265874434205
0.450390929913098
0.587056252138012
0.597569566963499
0.493942890013785
0.658728836803365
0.369604729200124
0.471362115352451
0.619984762631944
0.593394461060926
0.434780437436283
0.517514286987743
0.584245085499388
0.481600520865792
0.559113575389656
0.335195383020991
0.54676095274618
0.509074306960834
0.566130366846033
0.496515648589884
0.667612176969903
0.67097976721071
0.585299139199773
0.494599933957232
0.488739778170388
0.635686289785583
0.397697686484043
0.467599736779323
0.571885838805173
0.587336715028409
0.57808493186431
0.603145583310966
0.583923513656735
0.40852057083002
0.601054363329268
0.561069104104232
0.642604624455959
0.587482086918083
0.651219645644453
0.630250775261264
0.689745940544319
0.670337633990689
0.647690358365847
0.709578007914697
0.681685274555069
0.514406949750383
0.769612902623776
0.609367435807145
0.702288317522225
0.688220206112435
0.627643676890091
0.639100275735346
0.731646439254096
0.83686367189448
0.466779575867199
0.62318770890382
0.701930905475287
0.530106096748733
0.604614102828731
0.81538292133454
0.578593649684587
0.616428825407966
0.710264198901341
0.721675541216703
0.749961637227575
0.627014515388417
0.634000333170371
0.568352013393049
0.707998262297852
0.696690511698443
0.649392563265956
0.678881600548104
0.7036126884168
0.548343940374245
0.637874840132778
0.849582990795729
0.653224078797163
0.574829870162895
0.665444297278909
0.759906605395664
0.548087395336235
0.792385015342797
0.714761167532222
0.736310909023914
0.700383447632272
0.763143435109624
0.785959576813932
0.753332786364041
0.674140338173062
0.695788651515477
0.726657261436109
0.662344530016934
0.693882398955517
0.739104431709677
0.597917815829764
0.791940300436506
0.799528159721418
0.803081114055583
0.781701924251756
0.829937935253719
0.796248361302315
0.80181951796465
0.786402724168491
0.805925351180571
0.677398916938645
0.707927510472057
0.725735289836158
0.681982445589807
0.729157122095282
0.800485173850249
0.842385119855246
0.73006120664443
0.799814401427079
0.593493928669172
0.767564500984822
0.78012564311279
0.816722487205518
0.705382950752883
0.799156682330261
0.760257582546257
0.760973752881918
0.849285071714025
0.777655622404011
0.768293150211289
0.670531020421013
0.785950039567201
0.554022417978304
0.788152846957788
0.766218877947565
0.743055774964206
0.777081193645357
0.788925791643887
0.825336204645583
0.814980967061266
0.510896811876915
0.921159379448455
0.724901569671565
0.708020971194868
0.882104694213429
0.758789015952218
0.604369417540927
0.594868866167282
0.829810800486101
0.83452148330132
0.858340910229255
0.680842662890916
0.72014034944622
0.811821582244873
0.833302581190868
0.759351203898463
0.719474250545229
0.878422852437342
0.899165531072788
0.765582731498641
0.933310608150863
0.815640127603327
0.732683540263445
0.922301371143174
0.916523184332604
0.779184274887261
0.974243703643068
0.780579634466857
0.647433885060188
0.910691863273545
0.966083936962982
0.861595536171848
0.834788635583578
0.857263863272241
0.82204205529597
0.925257244223894
0.845050142321994
0.766627759962816
0.906479219599291
0.901710748279511
0.863296363869212
0.906338562729975
0.890739171270457
0.924191966495849
0.866655908001408
1.00236116833622
0.816658937579235
0.981886216219833
0.89402635198843
0.892555779977385
0.842268245346953
0.873588466455865
1.04012049916225
0.940806854417398
0.905076694444929
0.871859121571257
0.946868079220441
0.972667675375326
0.830055180301479
0.960301779108313
0.79674234958919
0.916184396145166
0.970336544269082
0.9466813370058
0.790359157998026
0.949402816640532
0.935361977987382
0.884633234730389
1.02080801595554
1.00321530036618
0.693383473384234
0.992920518481091
0.844799998564453
0.778271138724681
1.08548786952194
0.921076590715632
1.04055543490251
0.944626947905885
0.781034970724925
0.772018542369636
0.981937425595789
0.995483704893301
1.02376419992285
0.948861390127238
0.855984270410371
0.964038885925112
0.953153221053807
1.04605971443409
0.941676576880467
1.14059097341152
0.955916058151697
0.978130158547385
1.09459809301963
0.901172691534664
1.11446921659137
1.07142169431774
0.857762001620505
1.00123235384771
0.935311968971621
0.990633661284999
1.03224688567408
0.96279398428703
1.02235520097094
1.07122306945718
