0.15400409665241
-1.10529262768326
-0.919583591702702
-0.954212466556184
-0.958561575336027
-1.05994562406384
-0.936479124097555
-0.951296321139431
-1.02198514880525
-1.00437030483577
-0.883289562765012
-1.01035607432224
-1.0281390376808
-0.89465262891762
-1.00321367641982
-0.96055239034504
-1.02714227229103
-0.964899275592818
-1.07275450958445
-0.934370776445997
-0.949252334885285
-1.05181444477981
-0.860958310875033
-0.925904591981331
-0.841151034784537
-1.03671945090826
-1.01028402178428
-0.956493419505276
-0.862240186693823
-0.95474638850681
-1.04336810224349
-0.929338879280477
-1.08720652882001
-0.889853677315257
-0.973903371249479
-0.864667838535462
-0.832475305719065
-0.953181068460482
-0.836282500552054
-0.792803364760653
-0.984773304147251
-1.02945029080821
-0.654699298930726
-0.928055134359781
-0.938711946955273
-0.825627160641129
-0.896812707493348
-0.940263416491546
-1.1025115572378
-0.983677294118565
-0.809675974683552
-0.83815682952784
-0.876413336092329
-0.784955474111381
-0.792249706799966
-0.965301314260773
-1.0003135683982
-0.769827513920142
-0.998856358349271
-0.878784939284661
-0.920410434513434
-1.00354024647727
-0.887078519908853
-0.806777128701778
-0.992787182276941
-0.915634067845569
-0.926659663327778
-0.795874672844468
-0.907978913918643
-0.970684550495538
-0.897151258823473
-0.964998546819126
-0.718862355902643
-1.00098285758844
-0.87704766260319
-0.831600433877195
-0.807824673509699
-0.742564086038893
-0.843902920708754
-0.757501968441395
-0.819818281324466
-0.915460647012924
-0.821515660968584
-0.949529544605582
-0.721328544219071
-0.941216557783918
-0.826959748903779
-0.975066453547177
-0.834773122741612
-0.843225915997152
-0.762875654894641
-0.81759626198685
-0.828059318072393
-0.777562338090224
-0.76642041544425
-0.880339090550356
-0.686581521696329
-0.836422564509553
-0.848984326101221
-0.880568458319823
-0.780465928077967
-0.901102245869358
-0.829406062300466
-0.741070154694871
-0.804028138882526
-0.772475851679688
-0.793799422781062
-0.870198490248493
-0.847997639871982
-0.987458931465755
-0.738422355834937
-0.790579540321166
-0.743345574967452
-0.811974940933592
-0.790064899841018
-0.765762066679521
-0.705757557911301
-0.88112927158422
-0.758077479974549
-0.703974223587673
-0.758880575742287
-0.79625076058265
-0.786369670314905
-0.800032277890649
-0.770090626186839
-0.72292424190981
-0.667650587307423
-0.765990957007464
-0.746229094452479
-0.814057214373059
-0.773508650804014
-0.815932368912046
-0.781546309116519
-0.828862478333305
-0.705341365106288
-0.541297394255431
-0.744364275771558
-0.61812693303697
-0.726785828735451
-0.681571225696088
-0.726903792729207
-0.605560246782445
-0.83991133450029
-0.672986002426615
-0.773777973753749
-0.79005023121397
-0.729249306917448
-0.710944739247263
-0.662114559089736
-0.746469201756156
-0.669312849576937
-0.639837169326466
-0.671157860386372
-0.635563381536581
-0.741682432816749
-0.699953467955096
-0.638258433994635
-0.569564990883354
-0.663592159393133
-0.664816641355252
-0.679330946340646
-0.662950249133087
-0.546964659791065
-0.715624991880474
-0.680292928462075
-0.809072722541335
-0.664300139642479
-0.700563564401855
-0.457913607392326
-0.71233337567558
-0.73694444205307
-0.674681776542375
-0.597625036190836
-0.722888322740314
-0.646520406950593
-0.699757260148763
-0.644186415748532
-0.680294110609043
-0.61982373615948
-0.820690021708873
-0.660383376163269
-0.678568294399606
-0.674813165483171
-0.725892418236218
-0.720157990046368
-0.641612420187489
-0.547931835523437
-0.715767394398547
-0.628847033025462
-0.72889987079259
-0.625094199816416
-0.706675160913136
-0.77185835208778
-0.643598870506551
-0.557707491338209
-0.38220724754265
-0.624061165602585
-0.565361497145803
-0.736483655788027
-0.621983920842823
-0.537957031712864
-0.58765998291527
-0.581793161362426
-0.608691982010545
-0.609593738646156
-0.564465775591922
-0.661871529568461
-0.451942590591736
-0.667426718326969
-0.534320978640894
-0.495875943779456
-0.619402967163211
-0.621101306397892
-0.534471845268551
-0.631736280556874
-0.627052056412929
-0.646895184257136
-0.467014033474273
-0.494542056864209
-0.498108624799945
-0.526358681909068
-0.645005969845183
-0.581376162006201
-0.590989795461279
-0.543458705830743
-0.536732172620977
-0.536764507474181
-0.616655011244231
-0.42324815204456
-0.535108898274615
-0.523835097562006
-0.411281361098232
-0.499136390463862
-0.52362682014751
-0.467841591214971
-0.494610979988157
-0.684428510576225
-0.412514391605516
-0.44336022869798
-0.660664028967802
-0.530097606375344
-0.546069606176958
-0.478978016595115
-0.470420925349553
-0.545373906718365
-0.534093200110231
-0.59136854825999
-0.534620866517267
-0.386451837025318
-0.575850033526348
-0.483808339042145
-0.61618195211427
-0.479364282335208
-0.399556377448838
-0.4362933600963
-0.564652600118347
-0.540472755249268
-0.31884424428005
-0.458548864655226
-0.474378943592447
-0.554994069534248
-0.468131410226005
-0.495424076594184
-0.337585257446061
-0.597968360036664
-0.476591170411703
-0.540743008163992
-0.411055823971451
-0.449369564975336
-0.512134740482809
-0.652979024665623
-0.390002332071434
-0.642406225025285
-0.477168452906493
-0.393626055812829
-0.474860986853811
-0.504244554696752
-0.453346000465016
-0.437799032186996
-0.489048990781449
-0.415273817585183
-0.471496962625863
-0.485716619626013
-0.570395026119784
-0.485723034910403
-0.392252855573184
-0.546959946691517
-0.44867526673667
-0.370846904061876
-0.422592421710694
-0.422533792503464
-0.429971352389143
-0.358756494560352
-0.594925638801759
-0.472856201792021
-0.348892506337314
-0.373915053677265
-0.453296240269995
-0.384259302144645
-0.34651170241071
-0.490479171914219
-0.551408922660214
-0.377508119550081
-0.367786559950518
-0.545937009525258
-0.42167760941494
-0.37987939633365
-0.30482327625172
-0.369256081398421
-0.361664296404242
-0.26260323569577
-0.4373205686663
-0.325373472256776
-0.561613689480449
-0.432319339867768
-0.319210047037782
-0.38280825192457
-0.315502542744087
-0.410591252296806
-0.388042254788785
-0.422453572870462
-0.272856382722604
-0.439016340533517
-0.336259183337657
-0.366971644538917
-0.369498585658282
-0.342787976006814
-0.346972276137206
-0.364320164612888
-0.328635742823637
-0.430053252387979
-0.260996113865104
-0.37858760949359
-0.292293606308648
-0.226398924140374
-0.2810192574323
-0.282149715329934
-0.489005573248212
-0.229684836519502
-0.156428540091234
-0.329723300745435
-0.411609733908255
-0.22823140123725
-0.259804421482408
-0.350810208255593
-0.378366301710246
-0.341596147191877
-0.55240335993368
-0.326213533025481
-0.326058067207116
-0.322221917329715
-0.237623510734116
-0.383773353733457
-0.178411267431853
-0.205048226215303
-0.311812988533815
-0.266613258502583
-0.24325252969627
-0.344628751309666
-0.281091176179966
-0.438622961027036
-0.209648976430825
-0.172567523720087
-0.398781740564883
-0.342130123774713
-0.363061620360805
-0.334780942063155
-0.255143764593602
-0.247917502212845
-0.357135360480806
-0.185025435847477
-0.22980971082582
-0.0156431010416293
-0.21778284017008
-0.345717795526002
-0.199529358321731
-0.252912050673659
-0.268007279781304
-0.240218602564374
-0.215610818504617
-0.431420683185038
-0.247214706889326
-0.252726800479528
-0.203609546690461
-0.22981102553022
-0.309510624836943
-0.00442435287006498
-0.0893497618984641
-0.210258358834526
-0.373281112770525
-0.390211731333417
-0.233118049898753
-0.261226581616363
-0.307486509052937
-0.268950305340206
-0.396124861617929
-0.147918761185389
-0.250350586314514
-0.00519769986832986
-0.196274986789127
-0.275289410022109
-0.13657127322594
-0.150451613889343
-0.190014789551139
-0.128427847918639
-0.153762699302608
-0.211180821087461
-0.193112101405756
-0.285223447810828
-0.0929092481802586
-0.10359190812806
-0.26789308242934
-0.174219778536246
-0.190916730870053
-0.155843740897076
-0.200263152325847
-0.206165984462133
-0.139964723371963
-0.363712023640155
-0.109421588700151
-0.0980422446471028
-0.152749214236895
-0.235089850925701
-0.0681156222147429
-0.337018697316991
-0.279152350610092
-0.173415491793027
-0.255165887403668
-0.203656172675693
-0.17187413670915
-0.115215312183934
-0.192106383262015
-0.137132166003287
-0.128221334763671
-0.0478169584016122
-0.185893009756197
0.0121074387767849
-0.134411419718808
0.0255502245054333
-0.00410425131986986
-0.0453151016990548
-0.0872712276525171
-0.172178912429178
-0.172787190197834
-0.0474696888292854
-0.0648680347270712
-0.183942965776144
-0.12803068845255
-0.0632163962294068
-0.148233821414683
-0.0803283934132185
-0.247581094122094
-0.0700624629435803
-0.190272023722152
-0.0396732117231706
-0.0899828618349403
0.0568588291828896
-0.107027565025394
-0.00322097761381086
-0.0595805444969523
-0.12135251690448
-0.107325145563582
0.0549622566176776
-0.0217856068303763
-0.142590608405506
-0.0178057083960772
-0.0389645044226857
-0.0792241458453591
-0.061643226874854
-0.0267498652014461
-0.00287468599330313
-0.149662074754904
-0.0212521175769065
0.0926271535289714
0.0240758287420656
-0.19034039788841
-0.0567599642537355
-0.0537187756260817
-0.0912379005798073
0.172666163508246
-0.162036864236347
-0.0913236922635948
-0.0189651360107951
-0.0792511298237197
-0.0959722191714232
-0.074752950677648
-0.155003688954508
0.0390278194198546
-0.0856181815538324
-0.0373042556299788
0.0164092252811486
-0.203804964491771
-0.077483906622364
-0.115855402187163
0.00606362288445875
-0.0762417850595736
-0.062000192783751
-0.0145752709438613
-0.0633775238947586
-0.181658422289333
-0.0508655894293777
0.038966333911489
0.0800960679568115
0.033776717921063
0.078997767590458
0.0305259311885895
0.00658057053003321
-0.0100864966682926
-0.0390664341399087
0.0689882987456448
0.0520418825936231
-0.000905498013118615
0.111731217012073
0.130032725301369
0.0390399221222875
0.0116579374662564
-0.112776922909442
0.112372572557942
-0.0605234387666
0.0686796255489561
-0.00010038203661194
0.0586095683971833
0.211844911678224
0.0822007377076268
0.109470543278398
0.0674858575114201
-0.0183310080914837
0.132902454001119
-0.0205913917869418
-0.0207896436379818
-0.010065399212587
0.0371575325220027
0.0956839653827438
0.149482708708074
0.108186204579935
0.058287064481085
0.0545619658455318
0.0412121076684313
-0.0227267771562175
0.077781060743602
-0.0780086098082418
0.132390324965443
0.185758636328335
0.0937189418784501
0.213308880542553
0.0826820768601221
0.0246497021836409
0.0939841236470454
0.117910620379411
0.109053736533732
0.102972015599431
0.0575498683595627
0.0688561040654592
0.1431358622238
0.0424524551318237
0.116972684816855
0.28533291286753
0.134164684991135
0.236560388193543
0.10690232199807
0.0685534818355113
0.141144000676079
0.245642668745549
0.10289631453898
0.131453169920855
0.310751781923669
0.0399552989665144
0.252242465228814
0.295124952987342
0.0676023472302391
0.12014391122534
0.245807475649227
0.0887982729438158
0.277333228349563
0.0935633117679093
0.333120216117748
-0.0120062034644388
0.128626960619307
0.0819409323534353
0.183776200917727
0.0294192977218285
0.0428270358931068
0.163770724771225
0.1362966789498
0.290398024478326
0.213103688496777
0.142397001247598
0.254207049143567
0.158660723411619
0.347814938775242
0.201386944258434
0.321341028214685
0.036424265283681
0.24692403237871
0.336160205300777
0.159916347314475
0.00259460144673654
0.0828832424305216
0.173356549355384
0.207352250343645
0.1836592003111
0.217089394779387
0.0319303049957089
0.103900734867779
0.0514062221690441
0.18923015361638
0.155373091176765
0.297091968056884
0.0864470953642221
0.195775884991269
0.334947824481863
0.222067410271853
0.104484339409747
0.313414304940859
0.193948255496165
0.124059962691186
0.188190560015386
0.175460254411823
0.294975521781119
0.2242596130008
0.193958649927653
0.166711177270863
0.463235491700374
0.400249578646446
0.192900157893649
0.20233094108527
0.20772866707207
0.138608492481303
0.2104931069871
0.268951601966319
0.261999224931935
0.28529161626626
0.165665422718874
0.394519746715888
0.285657542043039
0.277499799116041
0.303881953820586
0.229992980382091
0.319323360899927
0.339786921073111
0.237483271853122
0.346599913871634
0.338792583787554
0.255200447197724
0.279655073001794
0.350841825761679
0.272423590569476
0.400204366880727
0.231671974238494
0.34282558161112
0.181785274267109
0.336772305578129
0.48182939459904
0.344592766422422
0.268517141013157
0.363202370456077
0.318359064263535
0.375018449412263
0.416536715071206
0.165297807833582
0.530324839131769
0.275637884954148
0.286906246390115
0.256585067809251
0.454447176020611
0.304675994955833
0.527880154190713
0.225399538317533
0.249557522740909
0.310567189231506
0.435537476678057
0.240710386344878
0.315461781424276
0.221301259227442
0.134403038877029
0.425278233527951
0.324516984867319
0.343643179927723
0.272687578242312
0.276059340134295
0.247246228287443
0.290971825124853
0.357867046477582
0.239115765205348
0.200681842079268
0.313008136043626
0.556534604248506
0.36036040756221
0.445508395918379
0.399346537479084
0.425160305819616
0.294024677849883
0.426201032058211
0.360943354087176
0.571591401504274
0.439545659957947
0.389393927625133
0.476978905627379
0.362793504607575
0.44729742674548
0.40991546496201
0.466864732459936
0.323639421151981
0.414760380669072
0.239487144364488
0.452568076975905
0.248158946085102
0.374706735433838
0.329847212564376
0.431056120470728
0.554069854445113
0.382079626605696
0.489140577922672
0.389347355067298
0.305834338055991
0.446824731614961
0.472746779839843
0.381211780624072
0.260773867932014
0.391783019457064
0.524733758355234
0.435243385850401
0.533780576588519
0.459480553838842
0.413233289615958
0.60229207582084
0.451317130648119
0.243424972578314
0.413633626068458
0.531352342253192
0.533650110255723
0.501923293045009
0.440798782386399
0.533246880823403
0.433619049941794
0.485061572481028
0.367774259923895
0.506695551435333
0.482632460078482
0.439980132172911
0.559235397937662
0.426476652417328
0.474684193461853
0.483305679414707
0.389185905066549
0.540488409350793
0.377225989387672
0.387728573649387
0.441433276926566
0.504041980653736
0.43670184417356
0.489676888240742
0.446476637845967
0.466404559626733
0.504483286107164
0.558185246567416
0.617457716120504
0.496413325632229
0.422745496401801
0.500316700235134
0.415386901565231
0.445717531804383
0.491831245224911
0.699110456733225
0.445265148385849
0.436814918521713
0.490721950445365
0.487808121405718
0.66866799991968
0.400444948582306
0.520698013218391
0.503727251042806
0.45381453629406
0.523514561228793
0.638399166666865
0.564799654908262
0.3627681481369
0.531332654026143
0.567566699381983
0.486373626771961
0.657643982584881
0.626403618517514
0.648524506574344
0.629412736345353
0.578237064310182
0.53829755154573
0.499231628599357
0.557921381249845
0.665318913044469
0.60553779889338
0.547896346492405
0.658970037254255
0.647853925827144
0.558468145922078
0.561007301145084
0.735894274162888
0.496950216714975
0.655596155618815
0.614872831361283
0.814107153515645
0.528684993330342
0.471134070531406
0.528346299406873
0.67215715665622
0.612722441677038
0.674048291032188
0.592021463567394
0.675921842852123
0.750917545085506
0.685832131564834
0.627497143068236
0.620849101245858
0.633360079589284
0.734330947552468
0.626989750195626
0.592756010881739
0.636700450116565
0.459943876889351
0.588196940233069
0.536038161268441
0.652722378087815
0.423294505253835
0.735673645250279
0.543072548704919
0.601740337211058
0.513634196272889
0.570159622454814
0.6649165776521
0.734945565446376
0.709462622377017
0.557378808292495
0.670583757697729
0.659189719704139
0.664321292095695
0.772384634640166
0.630784023654579
0.609021050646668
0.597114045612709
0.718501022153327
0.713577052024054
0.812567898218749
0.565639294533853
0.674621272067926
0.783563267771128
0.738487209986708
0.685778232996994
0.63095833820549
0.852475996029675
0.623004052383816
0.786319029715098
0.809806010947191
0.674171232314405
0.767250281033891
0.782471943004767
0.723489713705168
0.777365002859993
0.815668796278332
0.594652555556177
0.806817206831526
0.76115324541274
0.702269868088946
0.719339758385936
0.792670219404633
0.763268585078103
0.792723304490741
0.85492203036203
0.666543980271542
0.668736842967979
0.586588500820393
0.754565092975378
0.737726301445662
0.637558272704601
0.764936579280375
0.706599857564631
0.648724505217556
0.964465634884796
0.784292310763584
0.695305665032232
0.921936652165726
0.715536721398221
0.80202884517436
0.551489240963832
0.702697319576197
0.722085766720431
0.744276379816719
0.754541698693718
0.763337366981562
0.797924655722786
0.863294888190276
0.739538654847993
0.8059719208262
0.783372408171318
0.65338669233376
0.744916012254774
0.730415317606037
0.741562594311607
0.793713303068514
0.751880566317542
0.782215990294504
0.898769444908343
0.77788946197074
0.680196631352599
0.769345981621325
0.742139119298726
0.764485984920337
0.783071244371274
0.862979877828215
0.82363961805083
0.907821477928452
0.846027969621053
0.727523825289667
0.965304443593675
0.733164126721761
0.888501661845957
0.819503542240421
0.910776925574797
0.800369450891321
0.693132843027879
0.845565199012758
0.873702248269426
0.814680333275691
0.675857512294485
0.875282236129807
0.881591733107673
0.902835400246913
0.920085945077206
0.865480186881776
0.880278857926666
0.681097105427293
0.951888060408733
0.923858732116353
0.832375769575798
0.797044090930733
0.81777813163503
1.03040216557393
0.884334056026503
0.934015861419165
0.856777252736725
0.878147053429491
0.86262516276286
0.904994823868709
0.956830897235912
1.00532411762237
0.86742247908992
0.940598497814584
0.951132663923658
0.989276509475052
0.760133806213285
1.04906208964649
0.829458426140697
0.8378414835815
0.80045409209412
0.829014434351325
0.917886797643681
1.03899273614732
0.938229982956125
0.843961936291075
1.01426123810144
0.951698913826475
0.927068400554009
0.90048312008657
0.94263736106364
0.965356557289334
0.88315154349861
0.800905306309692
0.88758761905472
0.94883646597824
0.825790996093305
0.99495466378684
1.03244291906621
0.839411777159469
0.820905620557861
0.922730069802356
0.865436322677327
1.09264023380051
0.86587900130169
0.971076140140047
1.14405633205725
1.09972446932322
0.855463959107079
0.90856798699839
1.10332931816036
0.848610061490417
0.9230538169258
0.859713212161906
0.819755170717997
1.03681136475255
1.04568532368923
0.961462087648292
1.04265258644993
0.872943708830184
0.862799404933075
0.985681804524566
1.07945692415005
1.19263204010624
1.12951873528757
1.11154903799327
0.987529044096159
1.05787635463887
1.10996292249912
1.03278063592506
