0.026797606168197
-1.00371126207466
-1.0624377078383
-1.12493213133398
-0.98308893520544
-0.865867580698329
-0.949118027166301
-0.982558868029664
-0.88980221873026
-0.936176527630731
-1.0666284122779
-1.0420732316378
-0.94280253810477
-0.979091868467896
-0.920895024939681
-0.892115330266312
-1.16521957067134
-1.10280806906473
-0.948754536832997
-0.958107080149177
-1.02059475876629
-0.967050481037117
-0.931126955535146
-0.975590075777588
-0.88581161289359
-0.903533260385539
-0.979361970977358
-0.95727208596798
-1.05226714390393
-0.818241219686402
-0.995743500152984
-1.00756734277281
-0.984225206996821
-0.916551791679571
-0.953712547771909
-0.91986511339992
-0.926414791305249
-1.02836102883507
-0.911982567140351
-0.824731418596433
-0.82532939351604
-0.864690505841828
-1.07043939056984
-0.95649102714391
-1.03984484409559
-1.02549861242723
-1.01491993785058
-0.798158714194776
-0.892255596365509
-0.866067325275448
-0.916141461962205
-0.994331346867904
-0.729456527927455
-0.929436282952705
-0.816542258995385
-0.854809916800953
-0.956934024112839
-1.00968872591009
-0.89702733650754
-0.824236996923628
-0.962815006327773
-0.81989922428591
-0.724751700545165
-0.849979254025011
-0.958867064711227
-0.70801092356373
-0.814813536664068
-0.862909519576614
-0.728239874792598
-0.743241347691557
-0.789378704055425
-0.785316314794975
-0.909638150564505
-0.846481478790054
-0.797624430823176
-0.711051292200354
-0.909483672970552
-0.885452025190564
-0.883166231478933
-0.97884657682327
-0.887149188266052
-0.879431067914131
-0.871153038968715
-0.710345503564625
-0.78340578323532
-0.819454767633878
-0.832369477675797
-0.696451130284681
-0.694034591553582
-0.897506135752154
-0.730842938884245
-0.8299913240389
-0.7283821386957
-0.983297027145561
-0.840355186503086
-0.819565744089945
-0.795516735933862
-0.702213040229605
-0.786986876478508
-0.68639724139466
-0.844766613058779
-0.757459446898746
-0.839768336325863
-0.806791330864843
-0.843597610046976
-0.756828014512774
-0.713830483691888
-0.71985535781299
-0.925065262789799
-0.811949985551657
-0.945949560960734
-0.708503749473371
-0.777155452609283
-0.729747204586472
-0.821977367301854
-0.819826723476637
-0.775843387086472
-0.834329967486723
-0.948281383604222
-0.648979052529666
-0.815965241887117
-0.846124122906534
-0.843624707363775
-0.725093272417114
-0.745657851474534
-0.681517208668306
-0.781930082582156
-0.706683884508613
-0.737325960595779
-0.938785360226494
-0.688484303795334
-0.815378560832085
-0.629018739803358
-0.702763625981704
-0.693350371887906
-0.74087471429132
-0.801959882516061
-0.76299766241617
-0.720845687009221
-0.674915401293723
-0.63292301303148
-0.853151176430967
-0.687143436710825
-0.784474836449074
-0.772906060540238
-0.750199892001193
-0.678377418878728
-0.761060587968441
-0.753914949962765
-0.791062610238551
-0.696482170006081
-0.748761495801915
-0.770124910130265
-0.645096423001952
-0.81264776214896
-0.645311979004864
-0.640777699875309
-0.672735340562204
-0.713591012160734
-0.660698903816646
-0.786026929720196
-0.612720008500143
-0.61620440344439
-0.705153717314291
-0.669178695438853
-0.815021526824696
-0.437273122794007
-0.577298615846407
-0.652069650790241
-0.645137757938671
-0.71709847649799
-0.663663804097143
-0.59439098458065
-0.705860999606013
-0.64500745393846
-0.59325776894245
-0.610773513505109
-0.509677429807575
-0.649103828013613
-0.726646012805607
-0.701621554679655
-0.528567715707738
-0.480101996536384
-0.631532574140105
-0.664761004661478
-0.643086475020878
-0.578841023267293
-0.532995070105698
-0.499752470033663
-0.638359092758481
-0.707914856299508
-0.623961890057043
-0.650412975861757
-0.613418361665353
-0.559429755076476
-0.61502961073912
-0.681554669304732
-0.772020245297204
-0.672694403102469
-0.568405906269224
-0.663333851292181
-0.653681880436422
-0.640478855507549
-0.443315415235931
-0.508525661755011
-0.637305323568063
-0.55889207082736
-0.647260318861667
-0.710870960367547
-0.480568531855505
-0.374391261199508
-0.567847632899908
-0.66993771678297
-0.510546704103792
-0.704923096471269
-0.709467517697876
-0.518973225485553
-0.686084551213228
-0.557089790237738
-0.618138505122995
-0.609176796787509
-0.659367466662061
-0.420491416171512
-0.518588952016565
-0.575410352739747
-0.538093728957342
-0.33176694687899
-0.442297293415821
-0.675848645278222
-0.598617329840763
-0.390145666409714
-0.54618678485104
-0.540337486057856
-0.645907966090454
-0.520487769420728
-0.407521752344089
-0.589595272599956
-0.500146959333807
-0.620032552728485
-0.639093709212046
-0.591520495743434
-0.51748807973844
-0.46214727352533
-0.485364917091294
-0.34611184826155
-0.563295138166347
-0.495075662299624
-0.493697082841982
-0.694734844602256
-0.447270654660938
-0.600612161435236
-0.618292585151154
-0.522962474694394
-0.392767870812581
-0.482086849630963
-0.4643697842873
-0.57616268140263
-0.569638761419759
-0.616127403671675
-0.443335158742575
-0.54706028028364
-0.572838506921995
-0.46745390288872
-0.486606643851083
-0.491194640535688
-0.413358872627464
-0.467371623972057
-0.388705215128841
-0.465144482461287
-0.445956677558012
-0.580028253747337
-0.462651057612688
-0.565494783262615
-0.405813723070818
-0.407149100026627
-0.494386783988979
-0.363296454411765
-0.515580205423507
-0.48740605369719
-0.485048786865001
-0.425898483836541
-0.381771599105977
-0.430700970869563
-0.504028699465751
-0.399656746132317
-0.364954594207542
-0.550635835313296
-0.53478361679804
-0.261765346632088
-0.501604286577815
-0.375685506748974
-0.492369664233951
-0.423681042888153
-0.444778519532
-0.455057200831796
-0.39229786648635
-0.467914256297127
-0.318264196314177
-0.422168229871625
-0.450289176583334
-0.469173365156561
-0.319209903587236
-0.337169000300662
-0.270638332777471
-0.293730275964769
-0.433847195103711
-0.260545095157154
-0.443253027293402
-0.490131632644683
-0.433519710540476
-0.351275425238671
-0.360112713870739
-0.329421049876511
-0.450579299935919
-0.497486657669
-0.364740673912276
-0.323104519105548
-0.370897637746788
-0.358302755491869
-0.452958885026084
-0.413738474024714
-0.277273675640188
-0.293304306754956
-0.402090634394317
-0.27874978691537
-0.213091287261816
-0.276941510751919
-0.284567434045883
-0.299270016731306
-0.416625472427669
-0.534206107729331
-0.340603495593583
-0.317489927659491
-0.184327372484334
-0.302647303364879
-0.343784716038224
-0.324584537202548
-0.279668017088724
-0.34572355631825
-0.188321927982668
-0.389961558722917
-0.323292533596798
-0.400205471729316
-0.33453397644447
-0.318148550767347
-0.411090562748764
-0.282838716587067
-0.278266468626059
-0.392544177557995
-0.423444382685246
-0.325233886609984
-0.500127761836637
-0.298891777480548
-0.279716149106736
-0.17478781142135
-0.24272689714099
-0.334993892237859
-0.401666867923215
-0.268471466578859
-0.303742848847394
-0.337384646017753
-0.16911298055549
-0.201167078535455
-0.380088451239334
-0.406075606034037
-0.309592210991864
-0.243416953468415
-0.300358345057304
-0.286412226639487
-0.201697307291574
-0.279648008338175
-0.277182790683921
-0.259520128627949
-0.250297305966017
-0.224767322365031
-0.37247949404265
-0.297006925975897
-0.429272238795039
-0.187140900544772
-0.343307930684224
0.0717960968544013
-0.200940359981579
-0.334055736581762
-0.214729966360305
-0.255309014111107
-0.225008302725616
-0.183469994254626
-0.0292648128830785
-0.231236608313084
-0.193182394659704
-0.237391051021635
-0.140226319249503
-0.282891273626646
-0.135420589977051
-0.396979815014237
-0.202909974570521
-0.246516683614969
-0.242293518244376
-0.155377092405482
-0.288753778457317
-0.195825324863448
-0.144376106668149
-0.121886123066609
-0.193991977056175
-0.182201726378706
-0.173093674856377
-0.161742399741829
-0.210445434377892
-0.165579732200784
-0.193532912466241
-0.184586798595889
-0.0552546284413838
-0.335980416004376
-0.28902484523615
-0.152026441350588
-0.0901924875430841
-0.191248495062454
-0.0435308002262089
-0.206218877140948
-0.235173648865559
-0.0563848698430105
-0.23324053029179
-0.209905466523229
-0.13778299712846
-0.119490570198357
-0.191607686926381
-0.0550107148576793
-0.120774749296897
-0.108283605837475
-0.276025660217303
-0.0775316710632268
-0.0315159938293133
-0.199541227885322
-0.208307451998514
-0.0378672090947685
-0.1888133783474
-0.264759885041726
-0.285245218217476
-0.044986559386723
-0.128614546022293
-0.0805107139186509
-0.258675339562517
-0.121620622290546
-0.116911657880583
-0.132778113926486
-0.0138974321491641
-0.0697502979246997
-0.117247282212952
0.0337532735820182
-0.106163366826751
0.0644983152600054
-0.229281631406154
-0.135163522667922
-0.0309733716209429
-0.0218112881103545
-0.0681621154184396
0.0194208058015744
-0.18846127340328
-0.0499269028479443
-0.108889562683245
0.0302671554651321
-0.163884519849198
-0.0814592354779488
-0.0243919225887128
0.032121730410603
0.121714181565081
-0.0539202132177439
-0.0884058184239229
-0.103827209056481
-0.0404325161046777
-0.021384321989208
0.048395994128215
0.014340989355303
0.0633361852834137
-0.0688563814209635
-0.0531985478416792
0.0431798721789293
-0.14421589524871
-0.144022051195106
-0.104529578507374
0.0932376330203407
-0.0411641336275922
0.0173696448582742
-0.0240151865244986
-0.160041788324777
-0.220821426042699
-0.0325286441665427
-0.0134497630367624
0.149152064103378
-0.0498915184683747
-0.00205455142799951
0.0600911289904073
-0.136495636027028
-0.134180875813398
0.0691528985196489
0.161363890851369
0.0410070302885901
0.309703843646592
-0.0242870557526567
0.0381714196249784
0.00410531273806045
-0.136857388333613
0.168477305655217
-0.00941354513695587
-0.10303378114674
0.0671715932906409
-0.00483523154499758
0.138817055800708
-0.0822550672255357
-0.0760231105232493
0.0541662087476354
0.00347137029071262
-0.0273310263807511
-0.0066019542617109
-0.0544018136611625
-0.172363813108307
0.0103002456326029
-0.116258449775244
-0.113713968979817
0.034271353280828
0.151816754396285
0.0724452585637551
0.0790734527534865
0.190705326417646
0.0837026189175112
0.101391894670843
-0.0666749906339409
0.186462665594829
0.0916120140371277
0.0906674079145582
0.0526754030508383
0.232181472081888
-0.0495182682982011
0.133751980996987
0.0703264205868325
0.0472499836338891
0.00665925359096708
0.0921796858414234
0.0966981918121206
-0.0181872595766843
0.0949994496291374
0.00403955688944574
-0.0163671922140555
0.163114744782334
0.119195130933561
0.0502298454028127
0.0908486428338818
0.177938259148891
-0.0293267781704552
0.0330332359941383
0.179951530947485
-0.0145455101999654
0.158832213710186
-0.00698338334915206
0.0917992254852222
0.0723617128273991
0.15718769539823
0.00849781389543437
0.0395283891572016
0.172286454811065
0.149396845616699
0.122310022117871
0.197092005459884
0.156058054816882
0.170605581598956
0.101601483851025
0.0986020011537175
0.169896549839031
0.0144133404711387
0.101263293385431
0.10078667771639
0.185466524016363
0.225863923468072
0.177256913921028
0.191377884552954
0.133706969449726
0.0418412798912481
0.188283530470784
0.0526341079097191
0.131075486017946
0.0202113100369285
0.278729456542224
0.0161803611579824
0.196201336412597
0.0875125457789748
0.360135295506226
0.0289717373804913
0.129740647751597
0.225589128342649
0.266721969425955
0.181685846033016
0.157413971369945
0.222399697072811
0.212663255388965
0.211487388627766
0.160941901511909
0.0890088182748772
0.234737568765548
0.217564666111223
0.0937716087076304
0.209964316179154
0.0516479118615653
0.172103026174591
0.141675871928836
0.373554889899712
0.29864971215667
0.221579461942219
0.165963678744037
0.253261707715784
0.0376221154366997
0.121556667549409
0.174183440656938
0.17958355670018
0.064575444471115
0.192191429120733
0.206545900803052
0.0375308621714517
0.175437188012067
0.284774303332584
0.298181598039729
0.365366313295234
0.180477473720925
0.251307354316827
0.269733600226057
0.390432159000999
0.19599305202617
0.142647163492508
0.220991096126254
0.359057993279178
0.338654673454813
0.160614540814485
0.273667545350225
0.288982044732953
0.0968521119387246
0.363477345766045
0.33800211336384
0.304063633239523
0.291067136198443
0.188179942827488
0.254228883888768
0.198317990537756
0.182236986799265
0.292272327497559
0.285785486353748
0.307736346677817
0.259038503319788
0.385545920819903
0.144019162034197
0.275070549019782
0.391730815371876
0.338298703474756
0.29161825054194
0.436797636841082
0.30341675740415
0.261173265052127
0.352434429222481
0.363961001999732
0.367720756992993
0.241983170634223
0.367536428330254
0.36448246929403
0.271739634402093
0.368772707050127
0.298114658489841
0.335471460307601
0.285883040965702
0.26916475569285
0.32968124198302
0.320385154359931
0.384846079421008
0.37810930235275
0.315261429396634
0.291393229022259
0.405163273553708
0.409880793801681
0.346345089632952
0.207847428038082
0.338293670767218
0.382811474265731
0.246954146288693
0.345282937421224
0.32490756995294
0.279720471363266
0.393503998217156
0.406565649888104
0.429350231047328
0.399328919860948
0.283594945895578
0.250306698929176
0.365415329192552
0.311648378281484
0.296072903519703
0.349986416368498
0.388819943821494
0.350920945870922
0.528638588655495
0.553039672803737
0.409567854158897
0.468333310114094
0.362235892748906
0.404949362759526
0.542769704150721
0.450822739391813
0.464572479465804
0.399538281791347
0.376288045189102
0.451002302673079
0.188725604596261
0.261915230802836
0.405239921249816
0.297244964851671
0.455375937071825
0.508897589632055
0.529111735873247
0.266513819780976
0.541038405530352
0.431055709701425
0.383477182051614
0.424895336723711
0.370209235741984
0.387550192308153
0.310358222431433
0.640853932825301
0.372917042265141
0.63935621628731
0.546187724109845
0.386778124447633
0.411606480128628
0.284942340513622
0.414768396923493
0.476007568782039
0.575972177362499
0.436269826998478
0.528198693776726
0.422457576368781
0.434359794531436
0.463364723820218
0.403476787723872
0.472691385743917
0.307292234460783
0.412020077804075
0.438215205659582
0.460769304768713
0.394345560442431
0.414460815531342
0.584765070710319
0.384776171540203
0.537690229211814
0.539731235412988
0.473603153382757
0.660154353252884
0.464448277012675
0.579502215792089
0.550438808488265
0.581605207790325
0.443503211546867
0.522003097565583
0.45841765210074
0.515726560191769
0.543553839190218
0.546610668325616
0.502374843458128
0.500560329672354
0.560244524005712
0.539707897736457
0.570880333805694
0.45847732356669
0.623161672932856
0.40976065010154
0.51376563372964
0.404463352433876
0.565941330064364
0.54281923030561
0.505550237599213
0.545131293276366
0.658686653633903
0.594156663327143
0.46867025216222
0.411099010751917
0.500842668825481
0.548629814499259
0.646522392374713
0.520042426238603
0.575420779659166
0.674115233560508
0.556634543300395
0.512061432055652
0.705743950732059
0.553201370784594
0.551786560861443
0.673014431993595
0.617504235068327
0.34076490652834
0.542335698862305
0.621474917113718
0.520814422837544
0.698724851974117
0.680994703783487
0.450709607293088
0.599494046388287
0.615769424759611
0.573133301183726
0.509359729651443
0.543214058349942
0.553310977678523
0.721759515721569
0.549903020665676
0.454723516113417
0.665849866262815
0.491479723935224
0.732713966689757
0.70860707931102
0.63540591324802
0.584182560381754
0.680015264147734
0.596899604063932
0.705576801713969
0.659613912419315
0.517567938824813
0.664817821417811
0.736492063153664
0.596489103619108
0.733614439181153
0.625201062938679
0.648655232125544
0.588812020614997
0.752372868036924
0.683536724711478
0.702717673008649
0.678917130819023
0.694886811213176
0.597271954610399
0.728038374176483
0.76481574140333
0.733437816613569
0.758666377486116
0.574527502790779
0.695498924199997
0.64342272372698
0.690107621669248
0.70064179774849
0.797763191283644
0.851538088830547
0.728109885599166
0.46653985238126
0.654135941804348
0.649748659132958
0.674680945575698
0.633301237747626
0.687081587755485
0.679940969885651
0.707930478385091
0.721284150274403
0.726057484190249
0.782366639843143
0.730296754931024
0.801705361190011
0.793654742644846
0.720393642950957
0.675200722792289
0.855756989795967
0.649661133325058
0.643960001318153
0.76614061043279
0.71855790533333
0.565797496313403
0.630697510980211
0.590074081040219
0.666301186383524
0.751321318520322
0.6944026161356
0.732110772641681
0.686772233763641
0.611490035077201
0.723244181999659
0.841014007692658
0.66007669289528
0.743200681934012
0.666463615967261
0.732556266966718
0.818726266005148
0.774067497451958
0.842616335908378
0.727271289094609
0.86782224672344
0.730189402170485
0.812806578652328
0.735013141515485
0.816695606829054
0.922763532678014
0.73392467523327
0.768949503060275
0.944520733675457
0.909918583255427
0.692383185578821
0.861586617980257
0.840509860539946
0.753971803899926
0.839784764853564
0.81552384577199
0.85112757599769
0.731621185012853
0.677852683030026
0.908937613605111
0.777905788962786
0.672592438834417
0.688103835253207
0.790779915734819
0.98420838677138
0.84900760946891
0.853429672650258
0.867742760325761
0.974161936281393
0.766038560089607
0.743724133079012
0.844204926392889
0.75677013905269
0.849707951392186
0.923481098571281
0.950189705623778
0.857356257455322
0.893209799856993
0.811704543085332
0.744262374043529
0.81760478906522
0.798678878420283
0.768291942697615
0.790588124750625
0.783354597917223
0.882077908496047
1.00743695503927
0.997032455144327
0.954597604334169
0.774749302773032
0.826493913941258
0.90244690469453
0.972323318898059
0.756318945025941
0.90407109019108
0.830496242240727
1.02731787768058
0.874155282077508
1.11233143306365
0.831386777262991
0.930651952873342
0.872409463657729
0.9310393795861
0.88733550245108
0.815892611495683
0.931979153066693
0.967103962354561
0.911673180881922
0.815077753003248
1.14275382617237
0.945386759421274
0.821817149544443
0.776450008354005
0.911009256169109
0.938324456802555
0.685883681371289
0.96313435085107
0.841971845775579
1.00483714321765
0.889516014763598
0.956850890383131
1.07431719728272
1.01320218209587
0.963510803762056
0.990868801646757
0.903578462605818
0.979948115507485
1.02964189631338
0.9154895629716
0.895956140182371
1.01287359334272
0.892714070803171
0.994793968003309
1.0487747621822
0.976501484814122
1.13102936673827
0.929810113708758
1.13266949715041
1.02074681310061
0.916059973088867
1.06200313032245
0.878031562641299
1.0779256863336
0.905658246069067
0.865152514089122
0.966470511465486
1.07764106168632
0.977296659715195
1.06344555034537
0.940246674247488
0.875930012578485
0.946750942423233
1.0391741872665
1.07315558557922
0.980953645321174
1.04288665628821
1.11013945619528
