-0.0654306750271368
-1.06377352420041
-0.950671498642479
-0.894018815486678
-1.02091577635066
-1.1152257516697
-0.920080321710659
-1.01203714663502
-0.950477367945251
-0.954111053176302
-0.928241838812307
-0.870429592877967
-0.964750212527936
-1.01956071907066
-0.972911138199663
-0.961666028286454
-1.04449919428146
-1.07239967589831
-0.963594963106553
-0.99563736606027
-0.880015010610844
-0.9505909735982
-1.16869838372264
-0.94518973939755
-0.894347482671251
-0.893138613018106
-0.941512053315824
-0.980686816856392
-1.01202361585373
-1.10746435936751
-0.959167339347991
-0.830348873239095
-0.905542596296157
-0.92266230590933
-0.911510083758715
-0.891200852231995
-0.836770904249321
-0.95176954823603
-0.861268918917058
-0.848581592173051
-0.834916109967671
-0.897781049012927
-0.868380260444087
-0.954967317535949
-0.941931672107639
-0.793006607969273
-0.898889928380714
-0.932152781413925
-0.908006210773335
-0.911600582472198
-0.944744348540172
-0.886795386125377
-0.86458953395915
-0.899810102857359
-0.978932047665036
-0.858814202876785
-1.04956233323622
-0.882402242346894
-0.939743503943645
-0.962242933226385
-1.02842775917468
-0.79140612036019
-0.919168070126122
-0.859793500199591
-0.740891200969396
-0.735925732294937
-0.863921963290231
-0.852498161490063
-0.863229878389886
-0.644112345598423
-0.9313642199603
-0.814886411076345
-0.799170180867283
-0.938248748515512
-0.888358825914478
-1.00606286300665
-0.89018459504393
-0.806946821374355
-0.899349337396062
-0.81083017243084
-0.776469838949662
-0.814408612686668
-0.802533739934599
-1.08663349395214
-0.766510848114346
-0.815669493687399
-0.849793287268606
-0.770871219167739
-1.00710441269519
-0.792635330840458
-0.785587984256439
-0.768722917128587
-0.907054040454536
-0.627676698665903
-0.831530295096718
-0.820272704331875
-0.738940589977476
-0.874630196201203
-0.845521159917659
-0.812645803586237
-0.77891695503428
-0.94883708599944
-0.879220660810739
-0.954724871332799
-0.775616119872703
-0.847110611074446
-0.662514781710273
-0.865111749413207
-1.02672928110167
-0.82299978862787
-0.839148309328656
-0.879635087303868
-0.792705519799279
-0.693676241867837
-0.806159450846798
-0.855150775871419
-0.738011391993586
-0.791517786109684
-0.660667826781406
-0.708063405820418
-0.746587908111824
-0.636358932581967
-0.7776481132757
-0.645574310072096
-0.647606853064777
-0.771785678803278
-0.612988734359945
-0.834991060422959
-0.759887063275226
-0.634386628066923
-0.84252553378211
-0.690714836066932
-0.925875372743774
-0.690320419501343
-0.73380160451325
-0.719866792587044
-0.809958399988826
-0.821206881088739
-0.707521421854605
-0.75798083319342
-0.566069893933518
-0.6188564965244
-0.73261794073246
-0.701458572730105
-0.58373883754771
-0.586429215039972
-0.584503965504851
-0.774097307258033
-0.654592305978411
-0.835730737545944
-0.714810694158105
-0.637407037526519
-0.769932619173528
-0.828708315850742
-0.668040706432538
-0.652126251742885
-0.711911809198906
-0.767901854110413
-0.679437261848696
-0.589436756421794
-0.825561954613659
-0.572656867093661
-0.691712494041591
-0.503634743721226
-0.706135580503881
-0.754832344924457
-0.675640500765946
-0.576312451972018
-0.562184649701947
-0.694898464017916
-0.646950465115947
-0.767441861793092
-0.615830182565355
-0.6457974083096
-0.637761593141494
-0.701123611099688
-0.759225460466654
-0.676757572052046
-0.879470774864759
-0.648968244338198
-0.557809642859191
-0.812719142456458
-0.661421539418315
-0.609201656566722
-0.54609424469739
-0.604901784514586
-0.663981649488328
-0.606193062569873
-0.620850157147738
-0.559774032081372
-0.778623332930347
-0.622350670232906
-0.618724990950381
-0.668993955250816
-0.566695773780478
-0.563672632436755
-0.396598627435077
-0.612217910638929
-0.742622203060697
-0.733324438870461
-0.585558161254583
-0.763536363608451
-0.476609530797283
-0.626239085661028
-0.58935899773891
-0.519454903025926
-0.555926153856379
-0.767724733403729
-0.630864787241868
-0.468204114909042
-0.666681302524429
-0.494292540273655
-0.735428572327158
-0.53390070686126
-0.603384207517175
-0.524715660958791
-0.515749203773074
-0.495576675490413
-0.556558262887675
-0.489857924024076
-0.654345462015533
-0.533428764489635
-0.639844873287713
-0.561328403893328
-0.655221630706106
-0.540986456212359
-0.57381275319965
-0.469431264500028
-0.702583984809783
-0.762055037803271
-0.588558847025427
-0.602949843055642
-0.576215112530228
-0.483339791863524
-0.646803361205944
-0.529576894364533
-0.478936127970452
-0.431150987665565
-0.6088720920684
-0.518514339300527
-0.595635985188414
-0.345184823085301
-0.483008865700098
-0.460426309010071
-0.597293477559519
-0.581342678320013
-0.502225772788865
-0.496588743523896
-0.332520560319303
-0.340210767338074
-0.489874275641449
-0.494188553745711
-0.489303501961645
-0.525996148809996
-0.411570842871232
-0.545203058482317
-0.435194542073924
-0.583066871975796
-0.426050559397783
-0.543164009154712
-0.426180499806621
-0.484126001425853
-0.327573682398574
-0.520918027891149
-0.414629443670969
-0.616914988252273
-0.617096175319455
-0.508871266530661
-0.569503015076026
-0.431525559912034
-0.416546896362853
-0.456541465502337
-0.396430702479009
-0.534095304894995
-0.495084307364467
-0.492359390247944
-0.552384872396559
-0.37340125114603
-0.450539427779153
-0.330076537901614
-0.497738186914277
-0.564831567371601
-0.389456930047129
-0.49822923954195
-0.502424256390378
-0.421012980611658
-0.42222562925176
-0.400102419230485
-0.4130612251484
-0.328772086078018
-0.384635395657063
-0.610600947741434
-0.431284435480083
-0.524564469145165
-0.425079227351819
-0.380549284953347
-0.391419696917757
-0.373125859953456
-0.461868228194689
-0.441681137872032
-0.410024059142829
-0.341704512627844
-0.423062886354713
-0.520619047034196
-0.475358277105817
-0.407786304586877
-0.256899500264969
-0.371218900645012
-0.317634346806176
-0.269397578370005
-0.4125065117381
-0.334560477812428
-0.299760614175551
-0.435380548994952
-0.482796493571136
-0.471887010112217
-0.213455539773777
-0.287888485008069
-0.258199580432465
-0.406631847362407
-0.424804974275467
-0.266953624116792
-0.330023600954474
-0.402255883697478
-0.452877688889847
-0.440728899222585
-0.403846873376235
-0.427026856054133
-0.393963972163849
-0.406006028013251
-0.1806083516009
-0.396392303322235
-0.312034480548167
-0.301583436270961
-0.414574245450933
-0.305628478526101
-0.425097633479839
-0.274457364160125
-0.17873210566314
-0.319574755049793
-0.384402213420567
-0.476757253696122
-0.355216930561719
-0.328262870124442
-0.383029075937171
-0.20189643674372
-0.25176251519002
-0.377903693545064
-0.144109799003583
-0.19621947783866
-0.371529518115515
-0.271282196041203
-0.194064698514218
-0.158877518848322
-0.403650759166731
-0.370165302894695
-0.148332471081293
-0.247029527623895
-0.25140692189687
-0.359625344426324
-0.342579273986969
-0.244457668656417
-0.350082673165565
-0.185898013373502
-0.24369907108663
-0.284188529647977
-0.209782692598384
-0.277844972541862
-0.154763184272024
-0.174571664712649
-0.239823576940812
-0.0595324053494138
-0.356374362948889
-0.22810633231592
-0.13707123300037
-0.2162007754718
-0.244752598286352
-0.352144758076458
-0.242258577715093
-0.343589865422734
-0.0925543617333299
-0.231231909353528
-0.227445325618274
-0.321789463166298
-0.265372934155133
-0.174181349298417
-0.263484309803388
-0.150609708740479
-0.328013215358375
-0.114202819336933
-0.240187488348178
-0.151028752988865
-0.143373736234866
-0.12218014073454
-0.303238671736891
-0.189092578706606
-0.384166920701895
-0.277875825429555
-0.273516157115623
-0.23513547391499
-0.0240518203139201
-0.347332141976365
0.0842788792991257
-0.237169239270384
-0.148306890452979
-0.14505911917526
-0.142634060373856
-0.101632485144477
-0.0519626394128582
-0.0811970579331684
-0.092824485773575
-0.230620801760078
-0.154746475172594
-0.0788591056069042
-0.222483042394208
-0.0787805176517274
-0.256695615150181
-0.0987773110939136
-0.0855815190526589
-0.129628381977337
-0.046292223639586
-0.0794742007001936
0.0204195143119206
0.00489382880980007
-0.116387205595821
-0.0943363993392201
-0.253402897219772
-0.0636796283923472
-0.0518885870892788
-0.0636515299303469
-0.163765338744948
-0.228583917959893
-0.111706977471106
-0.109162090132771
-0.104960899209232
-0.0817720769895423
-0.272123667035888
-0.17222220728105
-0.0636746966721887
-0.263650297103067
-0.0368126106449983
-0.2792276880171
-0.149379238882996
-0.098241298002345
-0.101205664881982
-0.208888327521551
-0.139142374975231
-0.0174855951719928
-0.0916299784582291
-0.0283736754436532
-0.171174654365105
-0.0894050991785621
0.0519822036127519
-0.152678364263989
-0.184946917092425
-0.0213557681791635
-0.0106513151604279
-0.0781381526856186
-0.0292435985278619
-0.0190797978732724
-0.0965083443741839
-0.0971604755082899
-0.139169921194351
-0.256616029232799
-0.101730567446317
-0.130548109149225
0.0846444764195061
-0.248129728638623
-0.0465680665944477
-0.0550327632256738
-0.14474251486831
-0.0773947839880183
0.0910528013810716
0.054618053783332
0.0358904830491903
-0.113506584094163
-0.00512596983743277
0.0368668993918222
-0.184859312532979
0.0973939056036115
-0.0338868614230198
-0.0742341370291201
-0.151238484606726
0.0593085851470253
-0.0339163360135505
-0.126078043251074
0.105275189517188
-0.0761504065352725
0.0411314667026253
-0.0763941417746507
-0.0328941627564437
0.125881624925181
-0.108673598938789
-0.0920768861299305
0.0538057344451454
-0.034972267042597
-0.0427958797573763
0.161285088145579
0.0658067847385971
-0.100082728175582
0.0588882490052313
0.0164844704570357
0.0965641950784688
-0.159143734199739
0.121844055989724
-0.00137538455170121
-0.0422175375200228
0.231361557248192
-0.0612917030729774
0.0222304935897361
-0.142635654858352
-0.0143677652143019
0.0233273892196412
0.0766632392050289
0.00237195770331786
0.0179368820510611
0.0613759964193494
-0.0841978946559269
0.171314938583483
0.191181754089038
-0.0516001796113665
0.0569934763725481
0.155982182722107
0.0923577561142447
0.0217465240652511
0.0316672596209791
0.157838090354822
0.0698258337291083
0.277229156907971
-0.0304892737953188
0.0127174335977969
0.0813085816891736
0.0159819733820182
0.107900985161138
0.107123960584751
-0.0324534966944077
-0.0288774354342816
0.174613505698566
0.105522934781268
-0.0570651597842371
0.104594002443753
0.195919827415203
0.171770191437116
-0.0427163272237161
0.230455963477397
0.0566892949926181
-0.026882485806408
0.0192885931087816
-0.0111951752276713
0.211471706529149
0.148810731357844
0.00505845922049382
0.228708306701081
0.0150772522091317
0.00419384088983382
0.0764276999766822
0.0841255982873977
0.0675015126329425
0.0254138553747426
0.113438973061859
0.109681904224422
0.160232252556406
0.144166510548815
0.0301228278187081
0.121310887051993
0.212653519765129
0.215291234882675
0.268689210089024
0.0624957643116051
0.214018409862153
0.125652392103543
0.227921756094742
0.114452305308821
-0.0314547945129763
0.151383722456416
0.233605433772672
0.28146860727318
0.249198389825288
0.132915252813988
0.278069888459981
0.27015967049834
0.127018964321271
0.116504055099533
0.207934985679128
0.162493604267898
0.11127229225549
0.187690600429831
0.255302951814931
0.337493466016888
0.127006829728216
0.136515383788969
0.0683376561709649
0.195048847202091
0.109086801898182
0.202492354183088
0.204751572577695
0.0237687365763082
0.139364098824081
0.200245380795999
-0.0407442785899631
0.219340718377996
0.0671163476835823
0.216592218485239
0.161577704210961
0.2523007165192
0.319548987163984
0.104508752293516
0.249010314162015
0.14414865611243
0.256126336218905
0.185435036903728
0.351194956028184
0.27164078184909
0.155119043933982
0.204486401673987
0.351875242414248
0.295998019358608
0.100387275771398
0.288420533439162
0.325892211690402
0.262542495985374
0.269247450527575
0.279815024928436
0.341807363187175
0.231735859286485
0.286822118216054
0.231973272267018
0.264892085506511
0.273879731650364
0.286862622119398
0.11685425976297
0.324478845377761
0.266783978713959
0.39460746516129
0.348940515385478
0.179995951058851
0.339598912248173
0.173018243408988
0.263758947042982
0.287696487238324
0.370351313244395
0.24897678869468
0.24323017827128
0.307458223697048
0.378720945458129
0.472864657711342
0.493198768357313
0.16205610043104
0.362642714299155
0.418275180485649
0.325633696065375
0.211512607017147
0.121830703816859
0.207425634007658
0.248403434267343
0.238560962099362
0.390737780590245
0.221119269339221
0.458650044178842
0.187554805158879
0.487985228122465
0.366130292166693
0.30374635188194
0.319686132235516
0.32050966539907
0.195090015149336
0.091339068525488
0.397943559791491
0.366252706461296
0.328591186488366
0.411821795853019
0.347276512117103
0.289881596522817
0.478155678335381
0.1895742368543
0.443555911091026
0.42450948353958
0.17237213911881
0.421559992783791
0.398327979665074
0.33933733680816
0.25217812983337
0.385690001351679
0.489735206661872
0.303180648304036
0.360916074860503
0.423397191565036
0.398851448109607
0.312572619237005
0.388093584133275
0.50438539318027
0.269883490188746
0.349269639645726
0.355364356917328
0.541583898821548
0.297865013077917
0.463279047533342
0.362291053460587
0.3996783685603
0.350286789347687
0.301802210454765
0.449762421394221
0.467053233865192
0.489144433427931
0.437066282611195
0.309048461446902
0.353753824600713
0.429435993812377
0.473981475540173
0.377981659779474
0.489351674420148
0.442587910967128
0.36205862138106
0.383921585003451
0.331091752631124
0.481090716853642
0.44022357398888
0.292485197874149
0.61496513414518
0.332699363848363
0.48523179503205
0.473365014847044
0.394035255730902
0.409154484227282
0.470757489954978
0.349568340797821
0.46877631437404
0.473231395640102
0.440046706593382
0.468239672701508
0.532578090176919
0.488023809150598
0.536701171103659
0.375541597193532
0.492532370062157
0.478507762015676
0.551123240355662
0.277230610843552
0.50536014040948
0.385802143505604
0.570462727247185
0.606763519450209
0.506739147074279
0.513460666739331
0.480966014911916
0.503047532978065
0.499774737291202
0.530470042303821
0.495069217028558
0.543018847139607
0.505982716749357
0.410236781025696
0.545038548153606
0.438595563161295
0.533274424461218
0.506283166760515
0.361272672178009
0.582605535090387
0.411033932195129
0.454488936973913
0.338886458512397
0.39642372671001
0.560627452391621
0.67821903428908
0.501074241588616
0.503380620772693
0.469529459350347
0.496934230380227
0.608160742525649
0.521187954199079
0.634378456472184
0.453623871479005
0.782383831871702
0.453327097124471
0.539803052555115
0.537370809225385
0.509816454630925
0.699577722349531
0.532556825851767
0.401952051273553
0.586745110573229
0.561967834714275
0.560637437244355
0.501372202132822
0.593333907893127
0.539479856197226
0.719746784686279
0.635049469827292
0.511917069249257
0.456308120828136
0.695177705515827
0.513145361628782
0.617621787569112
0.668947330920176
0.544586142068209
0.471948407021256
0.636215187582905
0.55918559792762
0.578955025245077
0.708331651012802
0.624987065432422
0.660802999869393
0.597318671130169
0.748544171301236
0.775726502465146
0.608054140884468
0.696509533346181
0.666803561187236
0.479425202787598
0.718131787698185
0.548773712323714
0.572282034818014
0.663575629186005
0.700870824882018
0.622437207579424
0.570357286400502
0.82624946003264
0.537943853235875
0.671669307761445
0.70906209557975
0.696372824578495
0.652298408309737
0.609055106882462
0.498695190998599
0.718827667161036
0.663704680716908
0.640966564306583
0.575842838850481
0.738201801422667
0.596142758280854
0.830522341207671
0.64964601637788
0.710490837859882
0.558999453641205
0.464345787520051
0.692347392544812
0.817226666622486
0.553894308971528
0.746466114795068
0.63448857621594
0.566339351644708
0.735728224672673
0.509941892187739
0.737683358750126
0.809406082464964
0.726820875006342
0.61597122223793
0.808054984147163
0.84803867681668
0.547576025866392
0.712463442934867
0.561445963246283
0.701373885846135
0.781225230758842
0.797566326385122
0.802818175261965
0.799252592539636
0.528359838360181
0.720668549941667
0.544662293754382
0.726816507459859
0.849137121575823
0.884073787200057
0.740375635093813
0.777609383164379
0.716529211047587
0.629623203655928
0.848961599439816
0.746853671745329
0.581949011085906
0.921865310896192
0.843552540281253
0.745436030366824
0.728943668607567
0.737775234993277
0.760815304224154
0.739161780455596
0.721880355160211
0.765686463687153
0.741960619855746
0.805772585684489
0.871880985946317
0.815727999377218
0.739276101015687
0.762804414004458
0.693661417105673
0.695412860766565
0.773589838756126
0.74950487967719
0.703772631651166
0.800202958395848
0.826870885662813
0.925646580292115
0.694432451499484
0.951730785126105
0.737257262773759
0.870781673955513
0.687205538505219
0.750395448014712
0.884947373356114
0.962568999767492
0.814869632770939
0.793552005920098
0.835913056082809
0.648792067812382
0.754468629414637
0.685605938618332
0.681030548401814
0.762092776103759
0.85402244664335
0.777650078631865
0.825313714527814
0.813216945981662
0.775502619713681
0.794930609391051
0.726109378546852
0.730207843274766
0.934640842351458
0.658151589642764
0.715588743348949
0.879781091424206
0.925708268613348
0.772033938456093
0.815174676521346
0.94969746786328
0.957844717588727
0.899604564603329
0.802637038473493
0.790560550429261
0.897912375191094
0.95783768067618
0.952955902771734
0.918966348445346
0.784951704025469
0.864428863456047
0.765091569167774
0.921014739996139
0.929225319690782
1.12546625579398
0.799867535231177
0.842887209354376
0.914002950712783
0.876449419288103
0.876419103781385
0.977596977887459
0.885682528242903
0.731092444402384
0.852282163710418
0.734822296335255
0.981423323651423
0.779742220316675
0.90825322914956
1.00221248641814
0.755393079940752
0.864396432042673
0.954457703536363
0.911002260928521
0.825809756649636
0.969545693133256
0.802666762952353
0.995839130277109
1.17503221873947
1.0285880421999
0.983557473131261
1.01537627915789
0.876412472809831
0.883792702832102
0.902213528569337
0.915425465929565
0.872630892188723
0.916204784851269
0.897183308009312
1.01622440471912
0.963871351977365
0.96552229305767
0.984839245238777
1.04091843225585
0.800645399337339
0.907044539333214
0.972867918719736
0.880916929936624
0.933908788720827
0.988977282816682
0.984602595487322
1.05706841404431
1.04622781948479
0.879205349804177
1.00436223562326
0.903827206936742
1.02780101279514
1.0427454296692
0.958937923542549
1.01528096354586
0.859144191287106
1.00686183695075
1.14316988611158
0.894563119468729
1.02476704946601
0.955704000777503
0.945278674602962
0.991870610461098
