0.161680852313391
-1.10830647739772
-0.921508712677911
-0.953687847683117
-0.975752694007418
-1.06075646634782
-0.950864765611534
-0.937708294421359
-0.998096003645672
-1.02668019935996
-0.893450875037598
-0.979133208468869
-1.03777257135378
-0.922785926548912
-1.03001312051208
-0.965968413226289
-1.0103723439215
-0.961939752964522
-1.05372077398063
-0.935389204372638
-0.951387945740033
-1.08564037295488
-0.882907867435227
-0.899893065939874
-0.831621784242663
-1.0516888268909
-1.02542496272716
-0.941375999346669
-0.853082539274394
-0.966252187179141
-1.0243580334881
-0.94497756804432
-1.07417975650654
-0.890903246304342
-0.974393310345028
-0.88280102525123
-0.860142464399404
-0.945468313263422
-0.843396217358611
-0.773475017473548
-0.998210327162207
-1.02819347991417
-0.655814545002975
-0.916790412429033
-0.935298603961785
-0.824454185624083
-0.897617042296305
-0.928744232904309
-1.13755695917037
-0.963620752116875
-0.80509897707441
-0.845381681018784
-0.856618666491992
-0.803998625970541
-0.813080261473668
-0.967964501482685
-0.998249582984546
-0.762902518794456
-1.00074864928309
-0.89402315168775
-0.911015692070274
-1.00257188383276
-0.886433962571642
-0.842676127598909
-0.966334575874633
-0.938051517709549
-0.908816415711154
-0.776430725731898
-0.92752308198851
-0.972315258099104
-0.898801329124215
-0.96304974757758
-0.724007406101311
-1.0003385833208
-0.889827090464603
-0.842773021119003
-0.808158713910193
-0.74753604617622
-0.856461049088333
-0.775634328292384
-0.81825929509421
-0.911649164426235
-0.818817510228559
-0.948560589260717
-0.703023148168218
-0.935973872759673
-0.82168326954785
-0.989685805476858
-0.818393850415057
-0.83121787086878
-0.731151315130371
-0.819548446444864
-0.820299864774926
-0.79128331643025
-0.774637564608477
-0.877289955590708
-0.681741800082396
-0.837180177454414
-0.862567107193535
-0.894581812536198
-0.792180791122796
-0.893268544964743
-0.821044451450327
-0.762955923652229
-0.787902504756119
-0.77659822936506
-0.803937314302388
-0.865281399442563
-0.865176741652063
-0.973998708893615
-0.739797868180788
-0.793906495063202
-0.753587471469983
-0.81392354888861
-0.783078694159783
-0.76201715399764
-0.717060748380543
-0.875983445390722
-0.762443011081134
-0.70475416900659
-0.773419323151258
-0.790561018236326
-0.799703872462271
-0.791375117448564
-0.780664321095643
-0.734341202130171
-0.644932343159577
-0.760864645675785
-0.73609476233106
-0.81698936789019
-0.792989813940377
-0.810395241149753
-0.791033431043524
-0.830029196048309
-0.689875545132616
-0.544497733337417
-0.767655544206146
-0.629604639014827
-0.747287918579517
-0.664551374615313
-0.718936867160668
-0.610061297416337
-0.859377233645656
-0.671734675886561
-0.77776967019483
-0.817189180459037
-0.748864440849478
-0.698218587927436
-0.650205045121681
-0.746021713274095
-0.671840249737646
-0.621070892109653
-0.650218645814938
-0.656593391189235
-0.729546843480806
-0.716360430207054
-0.649597770503154
-0.567565438489449
-0.661931944720019
-0.653668956719551
-0.689410400788824
-0.691429799259414
-0.556787808021194
-0.713994376679107
-0.708164952968384
-0.80449436050118
-0.65269819147739
-0.68135896417539
-0.463274072164894
-0.710272933346059
-0.727319380122695
-0.673991497911195
-0.607866836133506
-0.724150569763229
-0.647314081537782
-0.689702079426969
-0.639772587125673
-0.671849105629067
-0.614234093371379
-0.808491306649737
-0.669966047149709
-0.691807028303181
-0.675997363582345
-0.720009993537552
-0.725195301519108
-0.638196813114771
-0.572624046758892
-0.709002150635934
-0.609711209812117
-0.738423795812294
-0.628828374053934
-0.699983450790522
-0.779428010820225
-0.66144810667179
-0.569949033156601
-0.389732362779855
-0.624674252859895
-0.576757383294982
-0.726229006285519
-0.617300984399757
-0.535268808025629
-0.602827001279685
-0.577278606901733
-0.608823515307991
-0.617329375529365
-0.555158347220487
-0.660338287506227
-0.458557881768827
-0.673956360797042
-0.541567656084948
-0.501525629847119
-0.623232685228092
-0.593238424797263
-0.560993583082617
-0.632351741167433
-0.639761838114106
-0.656052221259348
-0.446979016313153
-0.501689967236962
-0.486411813659692
-0.534275622616013
-0.649251154607533
-0.565816043281368
-0.590576529106644
-0.535545966552643
-0.541282156688652
-0.539900939518338
-0.595528853567809
-0.432132794924972
-0.522266119414813
-0.505425639920301
-0.416075382114348
-0.499159867659726
-0.538249809505122
-0.471557889847702
-0.486469571812718
-0.677920473876851
-0.405993499636706
-0.455544323422973
-0.661145435974051
-0.537225360653432
-0.55051047595835
-0.477845655021609
-0.47356083977563
-0.564445569683016
-0.540010004654634
-0.582797676335049
-0.529636786762052
-0.383911337810595
-0.560219163669438
-0.480937389667393
-0.618023253320476
-0.475267467691517
-0.382820159432849
-0.451505799740068
-0.575712002968582
-0.547200312951389
-0.314926703821246
-0.453790417779873
-0.485104271459897
-0.540814256006127
-0.455946120464737
-0.474492608878576
-0.339989909234231
-0.601161827988484
-0.46259066561291
-0.527380297275098
-0.398956560319117
-0.447280762295786
-0.505813680355903
-0.636242982830131
-0.417930462153161
-0.64981037833856
-0.48458895406925
-0.391444064811052
-0.485620547739264
-0.51032513310654
-0.452335153776177
-0.444261436400291
-0.48627888768527
-0.407294580397299
-0.480716391817708
-0.487920233135769
-0.549704214673507
-0.485183448811929
-0.381148468043721
-0.542887956990792
-0.471043560999006
-0.380820748587252
-0.437938099402748
-0.438615041537221
-0.403754129655126
-0.374026835186377
-0.596026565780123
-0.48033039144421
-0.357429377038045
-0.366834003260971
-0.446472962848404
-0.408162790038058
-0.336710433013412
-0.467890058248361
-0.554752850079523
-0.377054942129074
-0.374455345690079
-0.545228730112387
-0.419684160272464
-0.378218320144509
-0.324889305946937
-0.367808668637485
-0.32524800762595
-0.2460351185247
-0.452569768587966
-0.31784038246494
-0.565736193912441
-0.432216270498351
-0.31338418986335
-0.377932716357778
-0.305670563997582
-0.413514095513556
-0.362261146270948
-0.428993709897501
-0.274382857814824
-0.427789439237757
-0.333631443545852
-0.371690802959103
-0.384624646478309
-0.334701775434283
-0.298168234083256
-0.36209880316621
-0.352988125761821
-0.437448732722155
-0.242869898734957
-0.386726987896039
-0.309991371988424
-0.226346826699329
-0.294523566291777
-0.286805036913423
-0.487602451395962
-0.244545144799985
-0.164829388089905
-0.327037819449169
-0.380560230716721
-0.220146656638491
-0.248550368121513
-0.333728325107627
-0.393068196432143
-0.333177592766464
-0.574728415051897
-0.344537274219778
-0.309823858022865
-0.310011339640417
-0.238819943175935
-0.394290927215833
-0.179908893760897
-0.196630305158082
-0.296657090389709
-0.263111296694167
-0.247810876083064
-0.346439286098865
-0.316527673520987
-0.433013157819509
-0.216143244683379
-0.169755843055014
-0.403013231935959
-0.350283490450927
-0.361676552496611
-0.326848668242964
-0.24842431611716
-0.254773457397497
-0.363057644162816
-0.207456739809311
-0.21090722973237
-0.0286936620328894
-0.207146295918746
-0.359678242016941
-0.195738761143257
-0.256924071882022
-0.269807710530421
-0.232136440677087
-0.24649256378708
-0.418820083606808
-0.238815380622756
-0.24512805357179
-0.21427832367407
-0.219279154262605
-0.315317325245845
-0.0337974393937585
-0.0791028149036416
-0.200082321546162
-0.385299141970793
-0.399524470897744
-0.227325508367389
-0.267366260241957
-0.313821977080789
-0.24379635217951
-0.402429101595906
-0.159118201904581
-0.246529324494076
0.0272789971996423
-0.182842798671269
-0.287737951432118
-0.11821788052983
-0.160986439915465
-0.196921235521283
-0.126616361999978
-0.159547942156131
-0.201216587151297
-0.201844777821692
-0.288866572011111
-0.0849228048660969
-0.090167613178653
-0.279560070968215
-0.145096820633688
-0.201511103669129
-0.183183944354265
-0.174129351106957
-0.201070767186211
-0.142550528819355
-0.367602355571061
-0.101579817045356
-0.10517637742191
-0.146089175087943
-0.211989545783408
-0.075448502728845
-0.336731050404938
-0.303266761031451
-0.147562597682256
-0.263756104446317
-0.231034459693528
-0.157158423375632
-0.123989542607967
-0.203999910812973
-0.151518828070276
-0.140743261611789
-0.066005990314595
-0.17774817264525
-0.00895827302856752
-0.143939827540931
0.0302939043104801
0.00881322448084721
-0.0532345334735921
-0.0897681767550479
-0.169280343852194
-0.183619112243996
-0.0504572037966154
-0.05765435508232
-0.18398214304742
-0.125075726819813
-0.0508317359027665
-0.155035493215994
-0.0783487733352577
-0.252004666003879
-0.0515517577842117
-0.184837945424002
-0.0287100539729505
-0.0902609630891163
0.0648691642847256
-0.0995526675417894
-0.0123298533712306
-0.0697864683704905
-0.13920245765569
-0.131691806906397
0.0566405413432203
-0.0380605380703373
-0.15177956872122
-0.00311648164308206
-0.0327528102005706
-0.0683111309760272
-0.0689356647026644
-0.0435443539359684
0.00028791674123132
-0.144249028631045
-0.0144666785060116
0.109391978579345
0.0266109119194072
-0.205317790231772
-0.0581082871561483
-0.0601032385762696
-0.103459602875338
0.130685190301193
-0.176523022869977
-0.0866631037961077
-0.0232470800269438
-0.0533089533441275
-0.0800132604982193
-0.072662791522457
-0.143310646279579
0.0477958392466379
-0.090385004175061
-0.0417520626675693
-0.00120792254599446
-0.217307395407434
-0.0794413533124462
-0.119400291242101
-0.00435674459843195
-0.0627636813040752
-0.0718349268474486
-0.00991402124458269
-0.0728876639332302
-0.184705231354076
-0.0501421238987295
0.0533637915738337
0.103791573791703
0.0413333820890694
0.0857531646653167
0.0440645848507373
0.0159393290285361
-0.0122618679898169
-0.0457328684581208
0.0669156268774663
0.0779428006478511
-0.00264167149093637
0.0983769193083106
0.143332998479182
0.029755802480518
0.0263667973030216
-0.102649108345111
0.107303004285046
-0.0845205222206035
0.0393094930524193
-0.00227761202606605
0.0770990706433057
0.225406649130993
0.0803729472954055
0.115348804596139
0.053865026732697
-0.0278152954229461
0.129801826330794
-0.033081891675103
-0.028926918020943
-0.0295777530573089
0.0552653051748333
0.097069426902928
0.142223915376704
0.119840186075334
0.0598907696815303
0.0669429307216425
0.0397712011328949
-0.031708165207852
0.0716345260629492
-0.0959055687884472
0.149608840668195
0.186466214950777
0.0848240222037629
0.202653269842787
0.0950482287954813
0.0301470213604361
0.103131711827363
0.0867030874883248
0.115879665696911
0.11083243779427
0.0564992494458706
0.0461996095319758
0.137685539658121
0.0154736504882913
0.110630524064153
0.289508651568041
0.115130567497803
0.2443666515769
0.0955754093718044
0.0634649061474135
0.135922704644866
0.230505542900009
0.094745656603361
0.118658748021497
0.309825972713984
0.0495784001829049
0.279305904713181
0.300455351763336
0.0748902407107457
0.122177398172156
0.228414562845961
0.083393863562029
0.262950471258626
0.0910629873249712
0.347118492979089
-0.00768090242265208
0.155685162507169
0.0903909465808213
0.177888761464353
0.0205266750473325
0.0391452108173159
0.143678557704252
0.148449977446701
0.287320026776426
0.209968476735815
0.134386341389669
0.240096426360437
0.19191783704311
0.3397466981799
0.212725667715569
0.302107847411106
0.0268532813043514
0.257883651618843
0.330822581114946
0.148989188453229
0.0208550163937935
0.076250358628959
0.181415287256506
0.207549263670788
0.199282962532937
0.234317000940941
0.0139637883444603
0.110421612357031
0.050060234449107
0.191010293921135
0.141622775085282
0.285127429727398
0.108716682804216
0.196357274296368
0.314536298753122
0.205697245112742
0.114100014005554
0.289874934891647
0.184637219393597
0.128079189174811
0.187452149829821
0.182375462365059
0.293919132700626
0.229076085574486
0.179711528143929
0.168718225815289
0.449917904025119
0.396970928503969
0.164783200664511
0.180021487545664
0.201434430429161
0.148303406997773
0.201382043415299
0.264991626698379
0.249801974139418
0.293378627982503
0.17720871556875
0.404520155771851
0.281511737571042
0.299597080922762
0.307534813485208
0.215048866528323
0.322132934948271
0.348434894929141
0.224375621779217
0.346912082850646
0.324925279018822
0.272206806759464
0.25894827780523
0.360523155084257
0.259165799748517
0.403807606729933
0.226967823466403
0.350753353773758
0.153158661646473
0.300638970755214
0.483642212125851
0.348455162697559
0.265478561365972
0.364544908955581
0.309802314245752
0.366895733531914
0.419239341550159
0.185142105477866
0.52448141759112
0.284418353007128
0.270534963906959
0.230410151241363
0.450901846184422
0.313392733304097
0.531189944125911
0.207706661427809
0.232427466273043
0.314451059328452
0.448332532148601
0.226375230022522
0.320995836524403
0.229636719343469
0.156142413476101
0.422696103243985
0.336931720142887
0.352179733151724
0.284803688740153
0.265156366713454
0.258105952787933
0.287353864437991
0.368944241383446
0.233793140581685
0.22108825160141
0.323060383311997
0.567497824560213
0.365542114067568
0.440652782135714
0.409684428703916
0.420301193468702
0.30002688099623
0.399370790842077
0.359851034561672
0.576781657524761
0.45981478340625
0.365679353173868
0.456288419050896
0.348472958639222
0.453564237155675
0.417524458345329
0.475178102696745
0.321888273616175
0.420938625303109
0.233302109405017
0.430959829059412
0.251016308649169
0.362735938638001
0.299130413921608
0.427758721722761
0.551389713316043
0.39718846189113
0.489578390372977
0.354539647947942
0.288167328627763
0.435192822846647
0.462679049957068
0.353093441199326
0.277325593084163
0.399802054792199
0.522925121036441
0.453880364417835
0.540879160765923
0.464647936193995
0.41015738898402
0.626715127664413
0.447435901283404
0.237029360279977
0.413414903340784
0.515196818992494
0.549036966664594
0.513193309149493
0.443641460770626
0.538279445147835
0.429368827458516
0.501573774265027
0.369921005914317
0.51537313254254
0.486068037319062
0.434417466940107
0.548050855472023
0.434530823764731
0.470245331137237
0.467224151420854
0.390174083461673
0.551634100081922
0.385276248682417
0.389820708218508
0.459079053021503
0.511647881181348
0.426587890566081
0.486976164162989
0.479205729379267
0.45464059008779
0.52645359111812
0.54258951642494
0.614716830643574
0.501701910901417
0.431683118538561
0.485831271376819
0.39235831907163
0.43998353457275
0.497832851112767
0.702232861991586
0.440775099019482
0.423737597761186
0.512578682504581
0.457939217566751
0.676654263827715
0.411193983629211
0.517115299676165
0.497820364494511
0.45670022375737
0.545477658611868
0.637287431320448
0.567293203487553
0.350957153054028
0.528010527232215
0.577942423410912
0.491832588967753
0.651513733118098
0.663655443118684
0.653386990010327
0.625080127101335
0.578477468613602
0.539875968455989
0.508192803890046
0.555639448116843
0.656103159207184
0.626474295932539
0.544187271737268
0.664538009858991
0.643212349275811
0.548984203994188
0.562688195498201
0.725249279364701
0.495796454194731
0.643266289376654
0.617051010607856
0.777610858658652
0.536300285637941
0.453806571896661
0.534374387847789
0.652217654183571
0.619295476008676
0.665293618554761
0.609981140433376
0.665149003159306
0.731200610095407
0.714664521359532
0.635649362347966
0.621467194401759
0.659744982066397
0.726810601872434
0.633545528811762
0.608710968890463
0.637491157078299
0.479534064999721
0.600028484888181
0.504516306055123
0.670274958263943
0.42909956142666
0.753160640874362
0.545860447341514
0.585831319426827
0.50302462117759
0.572450727209047
0.669661756490491
0.741443796360937
0.712480951744722
0.552922169304903
0.690517077112687
0.66527564682287
0.669078776514651
0.779332438957132
0.633142401776877
0.615017965382424
0.605636573259272
0.715118219855463
0.73515302457606
0.82508984300879
0.569108650147225
0.667781987922751
0.78779301394438
0.763389514119783
0.697365250648761
0.62060016798753
0.834786919975759
0.601851553020167
0.779757779245275
0.809449171977781
0.666855001766833
0.760902183561793
0.773012764384922
0.739312939091074
0.766997232576822
0.818142731328492
0.602245426733578
0.807963270001543
0.761708462767733
0.744804228237024
0.688742677881127
0.784272515452867
0.745287518868374
0.772574323086558
0.830485461348622
0.672195325770371
0.674495795670083
0.627367341275513
0.752600316936459
0.746540669384555
0.646941641739763
0.768515699125974
0.745182134146632
0.648774171477181
0.971004057395913
0.812786900831079
0.684859586751623
0.925821568956757
0.705990311205976
0.798742141762741
0.548377170722953
0.70193486735732
0.742048446855994
0.73044831227783
0.762137039640555
0.781951892258634
0.812142644867738
0.851329257865744
0.732518293891385
0.79137279208118
0.797952685890421
0.673663093676119
0.725605452632074
0.728026609325649
0.732394162673566
0.784978624177054
0.772460524596796
0.778278095644547
0.887296242445093
0.786014909539834
0.708519638003056
0.79217033606119
0.759293708513028
0.754504365782695
0.791016811755304
0.848254327362487
0.833329193182433
0.931797132088626
0.837439512031403
0.737586072302343
0.982705591169043
0.758187531547201
0.882805046583204
0.79624044616555
0.931483533730579
0.776258443915947
0.695926492954048
0.833601348785742
0.882036952832516
0.824690183848853
0.678613574633868
0.871640992496417
0.902698190181198
0.892982002612705
0.929524748571703
0.86399175069104
0.891495591041311
0.683936652556581
0.935907398221957
0.931108717459729
0.824888873471337
0.808927008446006
0.797520766458076
1.03727178086818
0.884502048686543
0.929032051585619
0.836593929079329
0.913010493022924
0.86946463887583
0.937645020911876
0.950885891911224
1.0229403114371
0.863742744210485
0.912390694075556
0.964719198224539
0.986336289490726
0.75032597447133
1.04927394387219
0.836514157235644
0.861760323003141
0.794973180686727
0.818597689470397
0.921944230447359
1.03703923204375
0.930671330354244
0.843351597326253
1.0068497861815
0.957130327126283
0.939011996707382
0.902721084776981
0.951317673880593
0.987986880783217
0.874864861721854
0.814302870254385
0.8892177848943
0.980875115063348
0.848833230258931
1.00439808556691
1.06456034715774
0.849273723561668
0.83518464299585
0.93165825662994
0.82229294021353
1.09794657862053
0.871673704960089
0.983040250415543
1.15292818626612
1.10838337917619
0.839769919597523
0.917007217053744
1.11769241300169
0.853210331489879
0.930711131486521
0.860933297640908
0.829009226723565
1.03573570839667
1.02317956818298
0.946944835392531
0.996890192137122
0.883806983674189
0.879545863187662
0.98120451793126
1.074661737254
1.18999263852828
1.14214328109161
1.12108501651316
0.981265380184255
1.05951139323154
1.11775487853198
1.0317117571646
