0.0760256933784269
-1.03192812525348
-1.02573301462716
-0.922662021227114
-1.04967489070273
-0.821719543588702
-1.02200650840693
-1.07276315189638
-1.03959250782291
-0.836153801609558
-0.839319729106565
-0.987643658862985
-1.05571414103663
-0.821016072096201
-0.851662782501505
-0.915623223259024
-0.979176701517148
-0.854540621358648
-1.10131331372409
-1.10367769821866
-0.872547644774352
-0.884044820146695
-0.921106391942782
-0.94408001226071
-0.932599316350146
-1.02610648952774
-0.843847394375989
-1.13255767794503
-0.845637694331506
-1.04556542511352
-0.868024841669022
-0.858328428582241
-0.991368970746563
-0.960220535052112
-0.879110553237481
-0.82035986736706
-0.948577553754796
-0.877226413712759
-0.876759546259113
-0.864758399722922
-0.902215952197307
-0.844855047614962
-1.05098614724664
-0.838559007976382
-0.862109437401434
-0.863154297119336
-0.87704001343049
-0.880358950544335
-0.786074339324644
-0.836014224521495
-0.815796023535504
-0.819377629922111
-0.90743321526445
-0.930376877068711
-0.882522146480336
-0.989407230166215
-1.06496131802719
-0.76970948637808
-0.885695544975
-0.86290643633286
-0.833387714433386
-0.961240540996705
-0.884833143706744
-0.877215295731228
-0.748760148843657
-0.798580965377503
-0.691165073333219
-0.893973093510431
-0.838608255371893
-0.77492297554864
-0.812731119042673
-0.902629077098391
-0.962832848460156
-0.720132693346384
-0.88115736579831
-0.78007310796495
-0.81274295243964
-0.815475181113256
-0.750408735136003
-0.950154103161842
-0.845197249876896
-0.900424120283789
-0.941896463382
-0.891015734094603
-0.737742571348973
-1.06683915860018
-0.782393598341139
-0.857210874853501
-0.678860087777101
-0.855389956433792
-0.90424719645962
-0.829925528729085
-0.735851637125075
-0.895349651691114
-0.765594103207452
-0.7039457407807
-0.724146397140007
-0.962950745289367
-0.762290824580695
-0.748525096661646
-0.854746732615319
-0.78233025016902
-0.895324075082099
-0.833945296321404
-0.832338106490801
-0.786476287375044
-0.777859045816283
-0.929324371595709
-0.835393191812124
-0.740743202117011
-0.653514490057295
-0.74183366668106
-0.833567497786583
-0.710419223056322
-0.72628473266767
-0.734346107728444
-0.838901683940322
-0.831983573718994
-0.731027092366081
-0.733140432769912
-0.778738008241785
-0.761570996550341
-0.815876780614002
-0.799132489603573
-0.792912178542311
-0.774241317926377
-0.601405302516259
-0.721223389335269
-0.880165458272819
-0.68681944283628
-0.619186141506079
-0.75660435605029
-0.666774142048113
-0.56452321246672
-0.727405947756937
-0.642364935675312
-0.789093193704136
-0.801871588919431
-0.699255106829579
-0.660381064239063
-0.801510966091638
-0.781268068646932
-0.874924525376508
-0.725580925866645
-0.682135303159396
-0.618475608389932
-0.666147028411906
-0.626284650124445
-0.778518365533953
-0.711822120007052
-0.665683008004716
-0.706851353062674
-0.676457511697963
-0.656861511342364
-0.806689453628252
-0.679450347568361
-0.670462018765657
-0.6566111258035
-0.673916532837564
-0.63195616920668
-0.585069271579219
-0.487938317510036
-0.591054568038059
-0.775983114305338
-0.644632193088767
-0.742621583170864
-0.666834891476137
-0.806661586426537
-0.805445609125965
-0.51626257762175
-0.643970497576218
-0.613565462371377
-0.760684506209787
-0.717387070296755
-0.534548028876196
-0.762324682989093
-0.584963792943761
-0.494896998774408
-0.826824191420585
-0.568443511308196
-0.509553011072707
-0.610670031662735
-0.783500665429015
-0.742326715065102
-0.603597412455347
-0.607951815061724
-0.495594386283728
-0.676947250793645
-0.609449028913118
-0.706069451386637
-0.715226693969846
-0.668734877310736
-0.765895992000529
-0.598576185695485
-0.58275515030328
-0.741246587310351
-0.581200813903119
-0.572008689079551
-0.582330550850968
-0.427468224801856
-0.408019485695473
-0.610682519163287
-0.578427752915074
-0.70453757136637
-0.648400494840718
-0.647051833429189
-0.53190740203113
-0.653156793958902
-0.661541333590004
-0.647957807818756
-0.634916121583802
-0.502854876039916
-0.668907447428188
-0.605974607595848
-0.471512315928142
-0.491954114730156
-0.538487112561152
-0.523881493515738
-0.607166622885005
-0.692069966667477
-0.442567310424618
-0.612110105457663
-0.605985373731591
-0.463140281952229
-0.444881272759016
-0.508808157439471
-0.494892364707156
-0.692808333788934
-0.4897726892911
-0.457776273345887
-0.581461876058299
-0.496289062358114
-0.603102068526419
-0.458583739710929
-0.523850824085906
-0.428968856047662
-0.489312377136569
-0.284971765988042
-0.474180698877001
-0.533175664764681
-0.557409870574277
-0.620918759908441
-0.610220227002153
-0.604106672090158
-0.375115329549569
-0.658696008381397
-0.492236429227935
-0.513575269183994
-0.474705087266384
-0.479736215786501
-0.49138169708489
-0.474190905948593
-0.522484342443564
-0.49561411098627
-0.404761614305085
-0.541279396289484
-0.541496465275062
-0.602354853009213
-0.445966034479545
-0.55880239827483
-0.425338357700914
-0.554670118665967
-0.600615387169034
-0.35518142272565
-0.472997552838152
-0.527202759735138
-0.457974454589877
-0.525839956793436
-0.463798684610005
-0.440575816319969
-0.542714346940046
-0.380311731716093
-0.482118901636209
-0.411052596224956
-0.50418902287094
-0.490437182282792
-0.521184282759228
-0.49997313940505
-0.496404768090948
-0.387744642337025
-0.432352877224232
-0.561632704212412
-0.480294647214422
-0.422450564411898
-0.359933383030005
-0.432838634562602
-0.497892659831124
-0.362855867138747
-0.45375237904536
-0.576739979033501
-0.401791429091835
-0.411536536402997
-0.437298499777124
-0.277378215331831
-0.383008386779723
-0.502197854212072
-0.328998786066097
-0.402895915357743
-0.353826223554695
-0.412822571903603
-0.403060143465135
-0.590239263050729
-0.390528084915553
-0.345705564602057
-0.349115372027247
-0.455669768324276
-0.277490387226202
-0.484078285718644
-0.471176272275895
-0.428315085434964
-0.453542323136714
-0.221774498568242
-0.375045297840565
-0.387715593346059
-0.246556836362024
-0.305814081903906
-0.543734167313992
-0.336678151618625
-0.252066388253654
-0.36437681641246
-0.0970594343102926
-0.311452388811121
-0.293680503364446
-0.283176139378316
-0.33400280599269
-0.433249297833106
-0.393769608933654
-0.430457164552539
-0.336016529917472
-0.419801488815867
-0.275667393463488
-0.378298324269295
-0.271418817296084
-0.298059806967919
-0.331747755264878
-0.374111082987966
-0.466374973092029
-0.380455315164199
-0.308573842726171
-0.203992862116426
-0.25809185226521
-0.372654265123701
-0.302441221647745
-0.35442339999862
-0.333005834228714
-0.364679339290389
-0.350581006612793
-0.234999859227861
-0.231787388019768
-0.235202738334669
-0.362311119669368
-0.365887262189111
-0.304681410028086
-0.263371054946794
-0.15595887498281
-0.321556083935341
-0.227109187931809
-0.385532769266091
-0.17402730934608
-0.182713165245873
-0.34304822419023
-0.259679921799298
-0.156301700608978
-0.240858508619096
-0.302525388222759
-0.225428074378144
-0.252265485147951
-0.155118717715073
-0.187762388562979
-0.106252044387301
-0.287076473067029
-0.410249115662151
-0.192069987976933
-0.155322544065308
-0.197013452019049
-0.3654966332175
-0.269727394768127
-0.0889884726080089
-0.330401784041616
-0.0373638000312796
-0.210970797564506
-0.233003706957509
-0.225560866413674
-0.258219675976474
-0.319549539071912
-0.232043223412498
-0.292007238534872
-0.309903671131378
-0.174410134995047
-0.131081126726603
-0.280409741519823
-0.275216568193648
-0.198818326495234
-0.252470061278558
-0.0637612724008917
-0.23023873381684
-0.146980203588659
-0.440438776612412
-0.115168289044067
-0.133681381018983
-0.182556823903052
-0.252458883059494
-0.199872353592673
-0.17992443968338
-0.30562878312171
-0.133990151263156
-0.120171600908223
-0.198070421829987
-0.270657477337482
-0.206551811296179
-0.0847561815772038
-0.211077643375722
-0.164497808421475
-0.150315576662745
-0.164249216415186
-0.25042089574748
-0.0944658640479751
0.057036225151608
-0.285566138883298
-0.153616842239326
-0.100741721620748
-0.0971002715791064
-0.224710690413299
-0.211917381390824
-0.105884372959155
-0.245030606736615
-0.0917122666173176
-0.113081518398355
-0.206082650499176
-0.224749000423269
-0.0430917581529764
-0.154779704447083
-0.183324068480995
-0.125137123399701
-0.124247233524076
-0.210857939066262
-0.0345426284343303
-0.0465328641508727
-0.170260581471943
0.00892220656273727
-0.0568804634237385
-0.167416403773011
-0.214579432300475
-0.0984478909085198
-0.191985319643464
-0.119418091413259
-0.155915554396018
-0.0867440608744277
-0.133308033701982
-0.0332388223587188
-0.1603344580377
-0.305706976492985
-0.195097022944687
-0.123561576679327
0.055248948090221
-0.0582048834550335
0.0120775472745571
-0.241059886767998
-0.155571675730461
-0.184825434987731
-0.0918023333577583
-0.00923301174189315
-0.0714142226269309
-0.267080053937182
-0.111255484717046
0.104617090722716
0.0179060087338192
0.0610836294387888
-0.0737022409578068
-0.0727129083396948
0.111528079921695
-0.021810861267912
-0.168259956956859
-0.0195948612978475
-0.0603872213102934
-0.140010314540967
-0.0892969552834068
-0.13489067363207
-0.0408084808221778
-0.147655805389669
-0.0757328205021995
-0.104558182741182
-0.019211777315673
0.00418062583394442
-0.0771520217897449
0.0732758658682625
0.0064148093746163
-0.229414306838777
0.105694423949443
-0.0466953729235504
-0.095459474160185
-0.059562752912167
-0.0645354209450213
0.0221702154835992
0.0121162178236223
0.0466979347489441
-0.075730891601712
-0.016929784646307
-0.115653547308057
0.0231551569350118
-0.0764879476354713
-0.0326286522910216
-0.046536541426851
0.0512796644540886
0.121352078620291
-0.0968230838980627
-0.00582131255443092
-0.0485084829923121
0.0898767865247983
0.0360262002138547
-0.0203311300399662
0.0847492292735595
-0.0567732960338659
-0.1257134243614
0.0504945659637968
0.158127506642835
0.0962669303305934
0.0221386970341448
-0.0411448296510188
0.148206786893315
0.021681918230426
-0.0297292536818078
0.00243382839364013
0.00379830664395313
0.0898519006282175
0.0724438621453493
0.0122813445165767
-0.0460499202490678
0.145888109818736
0.0272937783305835
0.1376212133622
-0.138818366686894
-0.0707974359235385
0.069954902195118
0.0054191810287053
0.0198324369252216
0.0960703918394547
0.00590808294063119
0.103638473229035
0.146124381905303
0.19822819932428
0.282655993575731
0.1042006003334
0.0644217778300233
0.0770677396170999
0.0304311644019133
-0.0256276006550746
0.074001047085897
0.0748662463230022
0.0925798774162954
0.0919040578370439
0.131835975713651
0.0955505732478418
0.0402866346873709
0.182807886476377
0.0301086123199758
0.0451249915520002
0.099894379523694
0.109945154433379
0.142488223644728
0.202388366533758
0.333624599225031
0.206976583015806
0.129018114062939
0.180931604154016
0.109879494097521
0.154037131140621
0.327664883658744
0.11613305869205
0.0413031580598452
0.239052036867419
-0.00244574727627089
0.160761076037146
0.104696354401682
0.167396497940588
0.172300303672667
0.0533978768426595
0.223890330186614
0.0755089015502584
0.0926347675430185
0.193727792932156
0.0321854084090699
0.135476307817449
0.150919937165661
-0.0990454493088605
0.021262045541076
0.108855019815709
0.23845774944038
0.223407226428693
0.173779094262379
0.10938919297626
0.157421704783726
0.320294355225345
0.119585020426399
0.131005010262812
0.189439774093921
0.110112451105684
0.138463092271799
0.107502872148879
0.144007214588719
0.226394031964445
0.172778796018732
0.0915702202675125
0.164773637727939
0.117524445504582
0.0322884989615244
0.322636445337069
0.2785688526656
0.176648997025171
-0.0103221966995813
0.26787025409614
0.258175056151062
0.273843094426446
0.236954032463591
0.284924541177851
0.200298264068484
0.217133147879389
0.147144342052462
0.222483133663834
0.382647986209195
0.255050619108613
0.194061710706585
0.316089986291894
0.201150818589352
0.159985534047972
0.200648814484096
0.0167913779095864
0.174301466067397
0.242192868680276
0.270501038201949
0.271358060987545
0.351171395334751
0.242392556550187
0.396578516245499
0.314515355968503
0.341392822779423
0.337709389105115
0.195269931277431
0.288232221299331
0.299640500041316
0.216932279704048
0.380569233587995
0.263554388121452
0.205888703895646
0.328594568810666
0.144348864213163
0.240692512329698
0.401161771591289
0.261427739665136
0.215595960233101
0.308708467336373
0.297124944093324
0.359925220393667
0.359110602437906
0.132701503075481
0.45470173747495
0.317624054853794
0.441854524040704
0.312911856867641
0.277539303081538
0.296787811251321
0.265506285084823
0.275738270147038
0.492371555681778
0.278442233357741
0.439461358569444
0.448354965929044
0.176610502056742
0.286575697888945
0.197958330978555
0.246358239560672
0.35620717105233
0.243385004466208
0.244120055352887
0.353595453623106
0.312427753575488
0.375069507449005
0.355303116976125
0.459563228184545
0.520331125522959
0.325898072780734
0.357778383734846
0.374324068303586
0.525507589828065
0.313362065962029
0.44898491753965
0.263437440885696
0.132270039592175
0.444300667298201
0.425443359184996
0.311704665579326
0.236251505310507
0.443239501622744
0.319473178611615
0.459501347565502
0.25609296850614
0.295355419263052
0.401803465924754
0.498471118814103
0.440103418593333
0.341532745085676
0.344419537094446
0.313170675612358
0.332596959667581
0.434408375213779
0.43490293310079
0.49092260400421
0.268846632299862
0.467781712409325
0.408445280615225
0.301547042698769
0.514064867416472
0.531499983989689
0.411642761712848
0.359235790390429
0.455335355266842
0.455548809909311
0.368528612035576
0.424616739570713
0.379807412249004
0.535051358401774
0.554344161216911
0.556323045991738
0.535489553487001
0.389251932110862
0.487700338910728
0.581013455108099
0.553260076462939
0.43718363880264
0.358019391460407
0.410707916320952
0.529600818616973
0.484069045715659
0.507648901895721
0.501454994065132
0.48685192626314
0.322798375499047
0.45543125156906
0.35308070415227
0.528447213355123
0.453490796238873
0.455863508811341
0.479559187993844
0.451970518065749
0.48205662906818
0.490561373919668
0.488355719360004
0.44446351607496
0.543466805541216
0.417838907174106
0.527681766432609
0.497213802605929
0.449614479540746
0.451939884974328
0.377887749803765
0.573707398067737
0.595376132291155
0.436575500611013
0.441096297160589
0.458993396264041
0.539551192431878
0.506788435051898
0.530346497152638
0.542881227296096
0.445365204689245
0.57341336792258
0.59045056544544
0.477308722155387
0.638554670384022
0.36402144406196
0.474824957086185
0.628697770855467
0.594554340901032
0.441162887769822
0.510463254379216
0.570804962458642
0.479650434073841
0.562130981928663
0.341102066071873
0.54365935080644
0.523412875213339
0.55389641457233
0.524127473992308
0.697627949707036
0.660821544747163
0.598402078188946
0.495080669805447
0.503400360920908
0.64402299996713
0.403016738291572
0.451321469236329
0.56815839312072
0.590891876272379
0.585564213834515
0.622503289583514
0.587129208550807
0.421525452838468
0.582658047658119
0.530498500559502
0.629482199898702
0.595233220673051
0.680899918196104
0.642853443725744
0.685729098593497
0.665280925209661
0.634274795583983
0.688619972411783
0.67576783144221
0.522336812246133
0.779344292200382
0.606813625683536
0.713318868303293
0.713162743727323
0.638773338801616
0.65660753847918
0.748887105160006
0.843319348490142
0.477087228115538
0.615774230860961
0.706463937419702
0.56559297421536
0.595410280944739
0.803988252740215
0.585133839197799
0.63434172745509
0.715871449545184
0.71609346703034
0.766462832104655
0.626788953839696
0.643472293216431
0.578682336594537
0.682963940329216
0.714213756708111
0.642285661067013
0.688870450526688
0.72527425604669
0.563592946332759
0.618728278177696
0.843243815972412
0.626520137306035
0.580521892722088
0.662521784224355
0.741998530007124
0.562020771869053
0.786148029835971
0.713793938533387
0.715348515644589
0.72597612335999
0.755489601615566
0.776826529484596
0.763801380784069
0.662789279004269
0.696121661383648
0.726990924822617
0.687843312414152
0.666210614766018
0.741746836082971
0.587937357467806
0.807336345349484
0.795635224986765
0.79765526232934
0.786070537682286
0.81634389157544
0.79301052107716
0.805966012458531
0.781666165987551
0.800914604303068
0.684843331212415
0.699059196531162
0.732291688167181
0.703536828328197
0.705824130067331
0.801165480656826
0.829216193010686
0.728846214273903
0.797992654235728
0.617567923374671
0.773678250495224
0.790651662978057
0.824343312054857
0.716305642943457
0.805747059334642
0.759025839246292
0.740457095778775
0.863437742218883
0.765820712730214
0.768115275882178
0.646264285563361
0.774490132157542
0.585799448020172
0.801771695812344
0.757268877148739
0.765066710793172
0.765221156602164
0.782787374311239
0.830616688453281
0.781529438246175
0.519386251564847
0.915528631612641
0.712628924657061
0.692614256275543
0.868468522276245
0.751506009710464
0.599792523649225
0.594555219703841
0.850872129822157
0.833227708937247
0.839838794582493
0.693041595271075
0.720296126302824
0.808755982247558
0.82796984141406
0.769147102910732
0.717287694506654
0.87482895444723
0.898749902474349
0.78123330368375
0.946152428155576
0.822090246401722
0.740898554157169
0.916622449212668
0.91987560903736
0.762003206096483
0.969599071985773
0.779658726819324
0.643668170872172
0.924274233654691
0.975965135442271
0.891573027779113
0.849370516313536
0.875632322983568
0.834487744627572
0.925255346628636
0.852033766589323
0.775901873184192
0.895593365099557
0.896127092399291
0.861699735891694
0.909627753024451
0.903854358698375
0.941365338258263
0.872816341832748
0.996960172900774
0.781812253460126
0.996285758604278
0.895215771455341
0.877718798068227
0.847036248489376
0.892372700946469
1.04169134829095
0.936009189389361
0.90271581207799
0.892909747770382
0.968156493956407
0.950895718005008
0.847458701111385
0.946421643774753
0.802771982151925
0.931907401826045
0.962134350681772
0.959951375718963
0.80895948518148
0.963689847392202
0.942229394491248
0.866859103647787
1.02091752515125
0.998371986964199
0.689042126440542
1.00789659129218
0.846484507503448
0.816611524098936
1.0966689206946
0.923009846278243
1.04155849426204
0.947845522085423
0.796804114009797
0.778192382407569
0.96051691576256
1.01240146114042
1.00929247588135
0.977609421388163
0.863579342229181
0.968240242433517
0.959487933728043
1.0366162256836
0.970853764027338
1.13483335219831
0.951793718030918
0.993411458763786
1.07927178415003
0.903311515764018
1.10194265103272
1.07024167584302
0.866525015066704
1.03286207343241
0.946464172739054
0.995976499127431
1.03379800511581
0.952814974442714
0.989370968824221
1.0980010914973
