0.120646538919473
-0.98709276777316
-0.931765903868578
-0.929666410500403
-0.954521775832402
-1.044603587079
-1.06804969496602
-1.01224985327814
-0.878711885318633
-0.87656052344684
-1.05880702185494
-1.05089385086071
-0.955143311237027
-1.01137149235866
-1.00646713073727
-0.984395104455092
-0.924773221168814
-1.01152932918223
-0.822851281731372
-1.01345263132177
-0.840368243817514
-0.771877193718831
-0.814285735715675
-1.06103785428105
-0.987919148170459
-1.01360069434616
-0.906303757984804
-0.890132614205815
-1.05389987915453
-0.831342659080406
-1.06515997243803
-0.972144117886532
-0.994585556246219
-0.980511296088518
-1.1567263731245
-0.85921747069524
-0.938087932150272
-0.934322728191462
-1.12126771032963
-1.00174294374553
-0.99916511837065
-0.837212959035595
-0.830934566865377
-0.745163955125418
-0.815144205113462
-0.856171818405682
-0.864109424310234
-0.986465215242983
-0.872387371088592
-0.921319683433682
-0.894570328464972
-0.921780750144054
-0.908642324647331
-0.753120531318619
-1.07297724135858
-0.706709532064617
-0.909729022406378
-1.01300425669225
-0.817532319360215
-0.813206577138662
-0.899748909044925
-0.806230580271911
-0.832583731240678
-0.841934149549449
-0.811614314785662
-0.92310577598126
-0.794381842988178
-0.724649081224699
-0.913754108603472
-0.759861496654682
-0.847313877142067
-0.898597947486068
-0.73884330761569
-0.778138478252638
-0.672180660932495
-0.953309300711062
-0.79959873323717
-0.789137812382535
-0.874921859835558
-0.85663297319038
-0.741234641824086
-0.810591726073026
-0.895967789687019
-0.782720598749288
-0.656263165763775
-0.819056732094561
-0.892635827861624
-0.735763107434955
-0.902891228538955
-0.810744864871044
-0.777951196560759
-0.79958698209414
-0.8690793983163
-0.924387930875258
-0.776595830437911
-0.756882894674301
-0.695944733918355
-0.834808757147522
-0.66328957255227
-0.815041984095274
-0.834273594580835
-0.82129397674163
-0.851360203325609
-0.866958248804107
-0.913422853423495
-0.769320255158328
-0.946003396596278
-0.724741137455154
-0.728642708884163
-0.748907731112667
-0.814380336106505
-0.736739596077899
-0.668952304179527
-0.675768657455385
-0.795047373664113
-0.702670833745135
-0.811887803393571
-0.852106897944852
-0.717192692902797
-0.812707607266329
-0.708597330027058
-0.830493496945574
-0.834082049935491
-0.594059479287407
-0.745242979816312
-0.754739076835217
-0.703159456689625
-0.779444288294871
-0.733998263263995
-0.719591249605212
-0.594333312956857
-0.795774633889818
-0.848473201010739
-0.755524016013143
-0.713406557775079
-0.748278447379183
-0.752800919066865
-0.63024082768157
-0.84966621268139
-0.639805748336442
-0.513970042840289
-0.695532587013411
-0.70586536846315
-0.727416457413217
-0.802152796474437
-0.654610438694082
-0.822721846349135
-0.596012670171268
-0.636510220278028
-0.682328563300202
-0.668245523759808
-0.630798965025252
-0.65447095619867
-0.724810352931406
-0.644869691792213
-0.75342198531983
-0.718372836222625
-0.683838122747652
-0.570038006879242
-0.523258610729833
-0.618640885594503
-0.556178805243847
-0.698982724838791
-0.646047841889907
-0.518368173231007
-0.633895085581327
-0.666404837868619
-0.58019971703619
-0.752047266135019
-0.558779507503108
-0.566361653113036
-0.6459594617985
-0.708809894405187
-0.605407984710752
-0.647491823587191
-0.655803232295489
-0.601329717396762
-0.730901300004498
-0.668834021872693
-0.509577541665779
-0.754748135614177
-0.479132271463646
-0.621810385415091
-0.698347601337061
-0.802759362151994
-0.558158844725439
-0.667529507634024
-0.669768726171086
-0.679989671515242
-0.555984949797321
-0.774430021427775
-0.743646648903776
-0.588283047808966
-0.529570575396827
-0.577612534699891
-0.553715327832299
-0.549305538389987
-0.725404647113792
-0.574196898629667
-0.66997502681545
-0.593163751937005
-0.61625123431959
-0.575929588066675
-0.521830261711613
-0.644441008780166
-0.559987912059907
-0.587141690735206
-0.570154185415892
-0.517812993524374
-0.482007146778242
-0.610351065961247
-0.599710371842022
-0.518740103070871
-0.457081366489707
-0.61471448192883
-0.507005199784715
-0.574135241379086
-0.495208350393981
-0.556957730454399
-0.528182126828216
-0.4633961928201
-0.606555047026625
-0.60276999780177
-0.659995332132109
-0.58866961735522
-0.584438203398953
-0.572350265010657
-0.501489933026392
-0.632891611026601
-0.467255875424529
-0.613604161942221
-0.536068210610996
-0.396125660399707
-0.536811209004893
-0.465390766442409
-0.615642268985765
-0.402619406145906
-0.416429608233868
-0.54736997157698
-0.466528972246881
-0.606651471981527
-0.55135505086202
-0.476971314818492
-0.536687407429067
-0.61387828337207
-0.659118342714411
-0.515068781281395
-0.475328626131711
-0.493872784233433
-0.320319752580894
-0.414751433421449
-0.463515870097238
-0.450483068207632
-0.553401903304317
-0.542113296199136
-0.537289050945362
-0.477115809334132
-0.492931335769192
-0.541656948693092
-0.479287764370177
-0.619030090280869
-0.34248077152035
-0.469907799180016
-0.374688344786522
-0.641127012219704
-0.517561390219492
-0.584643837233536
-0.505449687396895
-0.275421492140116
-0.553404822181941
-0.416202959905565
-0.446893027350514
-0.403535277137369
-0.667325336007509
-0.476016471743396
-0.483866456524935
-0.572929143086684
-0.619606866126458
-0.643844683733382
-0.600195560890509
-0.385971309362319
-0.335064963590708
-0.499925229031621
-0.416129878890446
-0.353574646099533
-0.434397592561033
-0.269039422882764
-0.444928461060618
-0.47710690357528
-0.48375969097338
-0.416880440759898
-0.383755910119315
-0.47050630903264
-0.407437846479843
-0.303224492522847
-0.471605571515354
-0.481211238118965
-0.4801753330693
-0.314661751329915
-0.276863386043411
-0.398111425853333
-0.421316605662366
-0.429003725379384
-0.401446742296689
-0.289172704097515
-0.368905132057581
-0.420233228000155
-0.602435984529774
-0.481002965257917
-0.321981216736818
-0.38568969568457
-0.288317015368432
-0.205570638561373
-0.434762141407803
-0.514494438916487
-0.429490696997558
-0.361376067076275
-0.35933739950554
-0.29248319913173
-0.440726292617735
-0.389971591598652
-0.452440208303547
-0.324245919209673
-0.251888486450875
-0.339965458944766
-0.337794519171774
-0.420239354945422
-0.118720214404537
-0.355739747799747
-0.47626093695759
-0.255468395654122
-0.39352853728903
-0.314402657282412
-0.198698153892234
-0.527189585111381
-0.235765129901962
-0.4327583309727
-0.281337332097284
-0.342239195393733
-0.344757042944698
-0.31532160059085
-0.333739423371829
-0.397729775562505
-0.327901180133279
-0.206349828805201
-0.310966324024374
-0.329886969294813
-0.315373331305982
-0.311492705726893
-0.330141375891462
-0.39187175769726
-0.375769999421957
-0.179705623854788
-0.216383859329847
-0.185329284401433
-0.264285144447596
-0.303833223208876
-0.239377442506751
-0.229480298970098
-0.282108562627817
-0.300020793066159
-0.299079475613148
-0.338406372720382
-0.270420392729863
-0.210865591776459
-0.238505163063223
-0.308174417068246
-0.215024896006955
-0.356266458799541
-0.314221532949211
-0.136230802946234
-0.229303351984356
-0.107974547551589
-0.363363255660816
-0.182138075437464
-0.279675753764536
-0.242357947144317
-0.151421694078803
-0.178460313960004
-0.2518362489057
-0.23652358151627
-0.310555558797383
-0.374266800628557
-0.176153105283258
-0.289884611213676
-0.171276181182778
-0.130572560200854
-0.268922120974541
-0.102547665127439
-0.219361067004756
-0.224708553290573
-0.221095215823436
-0.226396522000144
-0.213040172433057
-0.20816011964958
-0.176665618292827
-0.221581187739631
-0.0616684160323331
-0.184021420075426
-0.181710951600634
-0.136814617802304
-0.137515976434248
-0.152523140082217
-0.231966281254683
-0.114737454458507
-0.311540903256713
-0.190803430955444
-0.264018833775535
-0.185156172659505
-0.141227595293793
-0.132283825260325
-0.260155296910839
-0.204412685174718
-0.157813768503114
-0.230523907927598
-0.0768159407288221
-0.129143811486064
-0.161732286451705
-0.264364784522533
-0.228823213898731
-0.0749697161238335
-0.0481940598240998
-0.271004802942228
-0.0927487142868089
-0.310671551268425
-0.0856222999526937
-0.152571294888074
-0.0362197942689561
-0.039652141602981
-0.141000198296778
-0.191645222655128
-0.1792878146264
-0.0556331750186251
-0.148863359190424
-0.0180004878175339
0.113005955124161
-0.0597242825361724
-0.202608382280417
-0.172358576171984
-0.107530299293869
-0.129829016632876
-0.20101312240784
-0.171575103208151
-0.0872639788033181
-0.041979519746287
-0.0451437783674233
-0.140642508154349
-0.137638823085131
-0.0239120954182172
-0.182443899845524
-0.127606742078024
-0.0171729090420368
-0.155007767271133
-0.0973411445266657
-0.0991385863015377
-0.0725552126856166
-0.0857634700711887
-0.0812838789769545
0.0647429541681888
-0.0616816304563018
-0.105674461254676
-0.072120449243455
-0.135066287238621
-0.015225990549185
-0.107835584221617
-0.0146661771279866
-0.0186079810860705
-0.0551076053322377
-0.0869900193047945
-0.191819174761443
0.15174924714616
-0.0480536508348454
-0.0509910385574366
-0.102321709513745
0.0509536698387091
-0.0650860002531559
0.00592339466692975
-0.173060900706206
0.0339228716771916
0.119376799056551
-0.0814981516447101
-0.113541456050415
-0.0470857093929634
0.0759182350183836
0.056762077034867
-0.122334047373131
-0.0170286237032852
-0.042552612875881
-0.0275178158658482
-0.0582708240278256
-0.068510751733964
-0.0383541513181262
0.112498266458998
-0.0880218017520376
-0.020392959432229
-0.0232928989649486
-0.0191563210359159
0.0223604908986907
0.0563255475401915
-0.182597676575217
0.0109493106289952
-0.0529208826852152
0.0350383073093172
-0.0483441472265507
-0.100043391275729
0.0741623548699568
-0.0576137136434242
0.116244186094278
-0.00851400819613487
0.0791817201472706
0.159844567076937
-0.038877951117125
0.170940696905363
0.0324205822665292
0.0735320331195503
-0.00850110855176094
0.0527275515988082
0.0988611110752994
-0.157103975404204
-0.00270341902763696
0.0184885222849285
0.0817003616221303
-0.056529811730593
0.251407791773806
0.0316796361189678
0.0729794014181881
0.16903482844432
0.126985927297815
0.0679872234473025
0.0578901122891029
0.0465283648205333
0.0970514585420128
0.018301873284235
0.0551549187142136
0.0642273007528135
0.0661859429087933
-0.0320225557340128
0.079331822964825
-0.029621908178113
0.00557299722264891
0.123810214081146
0.0883801572638161
-0.0570027570086525
-0.00565476812688441
0.0628971404263304
-0.00519047726020978
0.0521453454688354
0.0645511504039713
0.0569522379507115
0.170685015689346
-0.0373003363366144
0.125899902716839
0.0195419972165969
0.182859015617691
0.120036021875411
0.0559296439725648
0.185389568490934
0.331192885802099
0.0975942469756753
0.130627287293442
0.18158915651233
-0.0250812433342276
0.0887513957884977
0.0583039539344035
0.188085405504926
0.232978087634508
0.155619175507513
0.160087809012005
0.0331888669955511
0.106395166731874
0.182672972013012
0.223223115374726
0.136390784862183
0.0277905480977571
0.0907000782681135
0.206545864096281
0.194013333456341
0.109729760683805
0.217373564832484
0.115031024805856
0.330804843374551
0.045394432529895
0.138151442395542
0.158549271161116
0.285740050448086
0.189259969970249
0.0685601714997291
0.183674680428547
0.240913993448747
0.235706471620094
0.270291020230359
0.188653975451643
0.181174800843696
0.119923722531276
0.0229300826786624
0.19728630730134
0.124208369494816
0.088847353983356
0.279761000909907
0.153071699596154
0.218389726319241
0.183726115380106
0.193958941909206
0.194683933482057
0.0994085647858679
0.221232410904763
0.307430034969267
0.189320631058803
0.252929337253737
0.146270854729836
0.165044353204993
0.218254283722937
0.126058979567222
0.205331556142743
0.332563111084614
0.145828927261789
0.26443743666237
0.24236779682203
0.278546499360517
0.252627899120415
0.254634614108254
0.390206440538071
0.22152173718123
0.25731636881457
0.220382954202322
0.302120666536172
0.312074061876872
0.256029117621934
0.174949330079326
0.173989927485952
0.041485247496994
0.198386297936669
0.290571153415203
0.326760058117452
0.159038046075561
0.175175025499972
0.390271907695557
0.37105197915169
0.313080650118635
0.179822857647645
0.359401971265806
0.271123818466387
0.172289908339589
0.447674224450443
0.226940623569613
0.228971257610381
0.246362797920351
0.213287824527784
0.253885245013149
0.228889911181049
0.276797225335704
0.320402989978361
0.332319181085852
0.222704079974535
0.338064102900328
0.337999111177478
0.260280396585785
0.404128452441189
0.22905567992864
0.219237100138421
0.518423196286415
0.373951282270253
0.392141821811808
0.339502553778132
0.222703857207955
0.206172441685249
0.325655798036041
0.310259343543456
0.38890788730485
0.363352393587225
0.297680313845608
0.420112345203147
0.372517015765036
0.393610713067854
0.399190771981996
0.41362355376471
0.306708839612092
0.322907946824065
0.275433949399817
0.263398837187278
0.489266134126794
0.332875675719071
0.363303929115682
0.192991383115891
0.186960606710802
0.357925840270711
0.355481463731819
0.285302172482313
0.251504712681394
0.336320637882634
0.386129307325671
0.381089938744768
0.291017182571266
0.408064051723059
0.329701269889494
0.338325196422432
0.507324957065046
0.532321265930117
0.391117202854758
0.513827874721745
0.227084973808597
0.452837289632591
0.43475466317222
0.479326393771939
0.437009641691784
0.288124857569561
0.503595411525469
0.393199112520063
0.604419149182717
0.432132232731699
0.500697040102757
0.587660495448136
0.420960786371837
0.444565492357388
0.387702062798301
0.384276125467741
0.358439656171169
0.302130113761668
0.541953708721214
0.373078634957532
0.449623340501046
0.420878107785102
0.418994109792187
0.394095416120746
0.310606392774033
0.244330805073175
0.398835762191346
0.241330522948542
0.418082555185756
0.401526757880292
0.431378599970373
0.394993933239625
0.43566511476864
0.489391196081742
0.37197560176204
0.336122011217933
0.531258631722024
0.480123187057391
0.56852352850336
0.577417295194927
0.56276437495769
0.584272215639823
0.418199536496213
0.610670141801473
0.372749460368654
0.568630659888811
0.470937373583203
0.451879184672213
0.496306515677594
0.431845781272263
0.421169354472851
0.556502404619127
0.527349089322717
0.579658127821437
0.381644196813557
0.453481339924756
0.415216884251027
0.355826187571265
0.668591576905932
0.447284519498974
0.57507684961525
0.598088257113666
0.569710501888649
0.454728718038699
0.58553880090385
0.474217519788012
0.563703396956385
0.696717692600479
0.569766540663813
0.653631373561878
0.539077433251315
0.358403654997086
0.598273878524594
0.52744260136506
0.621211866929502
0.538653399056777
0.410072652752494
0.487858424664649
0.618279614352829
0.506882442838463
0.52238827833124
0.593342164610764
0.506281606442132
0.382546371748271
0.475313684553534
0.582981521569679
0.573137323769124
0.513937476374638
0.556309488704345
0.608143855012348
0.734293821777269
0.753859803602095
0.568015317486444
0.546612652624191
0.388152004860341
0.488684648751635
0.618331398609213
0.646398573735823
0.643801071255445
0.496086994940161
0.579282274295568
0.680135678263564
0.666262185831914
0.515374053162699
0.607765838666087
0.548510184770448
0.653554219587732
0.582407960239865
0.520740457527361
0.6262993803739
0.617944041345382
0.614836514138935
0.502103077259374
0.699060269296329
0.648080612806138
0.684405481528418
0.668471580461173
0.657133367395683
0.530619228945614
0.721629971429297
0.540569664720949
0.651237871988075
0.678355730526265
0.60658166694261
0.719169520865574
0.60505357688008
0.644513920374486
0.539763786099744
0.696727333100036
0.649308676377007
0.65555204759866
0.65052935607013
0.717903414351606
0.804715201429518
0.709853352808689
0.707317012035219
0.756580414397643
0.649918214014433
0.658567128122528
0.423895887576305
0.652275004820941
0.779943219193561
0.733503657490794
0.616499102640348
0.7809453021625
0.557434327152498
0.747372079866257
0.608656220730483
0.648525786787728
0.620640401805516
0.654609403512189
0.671510653524625
0.685959750324794
0.820187497351536
0.792285481763982
0.761222258558572
0.81646898394968
0.674791383098748
0.732370651327979
0.676718162616367
0.688473331801201
0.742995077952077
0.727261265339906
0.660498808107907
0.913255853858862
0.678694192477978
0.67261777349861
0.81835178772468
0.869758625092942
0.742078098095609
0.571524913423053
0.593991467349518
0.631991985116168
0.82753077599649
0.783987332093006
0.645803727240865
0.675731376037612
0.673477496557773
0.848294189794913
0.820088513367884
0.725927095188872
0.724856239196126
0.822151341986627
0.837699249441712
0.71774709326968
0.817859846261347
0.851991386244027
0.572821771718455
0.688348305958677
1.02424541897243
0.54980251005861
0.758979808638885
0.87257636372273
0.735410273174993
0.936335442925878
0.740801608492446
0.725540436648445
0.857132463270967
0.711600097791146
0.61361355753178
0.785479652240074
0.815352755280754
0.763646512733102
0.887301473400604
0.727262785684664
0.909841048710973
0.953382364968468
0.902456338468099
0.898041057819805
0.722837835937831
0.861015260683473
0.711263005237512
0.845854138245933
0.867278370277803
0.906479424368416
0.802394770608616
0.74537483165044
0.902027912044077
0.768022847957424
0.946915945373953
0.858018739351149
0.879223588466639
0.823246212254663
0.82547499395186
0.761395452646178
0.854773351288219
0.81623346639209
0.798974474916808
0.781363072493475
0.790578496207806
0.817026466874138
0.780862349183298
0.771378646321201
0.895192180738897
0.864739365829915
0.854090417040854
0.921117321495784
0.903521857552628
1.04827111813904
0.897512460170264
0.785529646310117
0.761956414336788
0.934424732238184
0.856128219980905
0.903612984678842
0.773869524068221
0.867455517343827
1.02030831313594
0.999257401855279
1.0222501188218
0.953881211070454
0.818437231325541
0.825850470229177
1.02707756644177
0.822210768700572
0.943750527045507
0.935733076036361
0.933923222112947
1.0341390706616
0.84685199443916
0.822500939762436
0.792514344984113
0.958128763469174
0.935348213483195
0.915696870751413
0.861151826368374
0.865584102199834
0.951322938529363
0.909119601934786
0.942432359023281
1.00378532731611
1.0399271094461
1.13903281162753
1.10665332207441
0.87564193361161
0.877980104612907
1.06112704416829
0.882655845168663
0.9411203213273
0.81467697242981
0.904937084452385
1.06035874412198
1.04540060551071
1.01678638546015
0.867224773781445
0.951168517012665
0.891551391413623
0.88916387547174
0.947856291804214
0.988738619346805
0.936523891360064
0.97148288535929
1.01175738180502
0.856110054267454
1.06530287957951
1.02933645923081
0.858241320442585
0.948878867363146
0.932102906698442
0.997036240055201
1.12915209360753
