0.0534261995304987
-0.998119420774144
-1.0429868908995
-1.09499780977053
-1.01707823798187
-0.846386715757061
-0.905667603464633
-0.995417861592773
-0.908436407992457
-0.934085605419225
-1.08461252051974
-1.0607045927086
-0.949297567248533
-0.967215442094388
-0.932361767932886
-0.876903766821742
-1.14786869681783
-1.10910898564839
-0.930139904101873
-0.943835688823635
-1.03740609820615
-0.936211634391794
-0.900401486235654
-0.983226368480008
-0.888203479362557
-0.903468570393687
-0.972132053381851
-0.959475393341865
-1.06979506296878
-0.816015471638926
-0.994591635253681
-1.02209506154746
-0.975965907169101
-0.923424818773509
-0.953792799545179
-0.896002677016975
-0.943285551784524
-0.99738162225344
-0.898847707176398
-0.828413234258595
-0.867511399381649
-0.872822319442703
-1.06149435809676
-0.933332191436955
-1.02249373602027
-0.993924280754789
-1.01595247155204
-0.820561842043438
-0.885359502665351
-0.88796870411278
-0.941669418123535
-0.99924292570418
-0.7523754961523
-0.909840632013947
-0.807803235389924
-0.861846784263267
-0.941570242279442
-1.01298137089323
-0.908155399350923
-0.849833832421062
-0.960807481338801
-0.812984518722373
-0.729773437290846
-0.8400902826661
-0.954270576312747
-0.697874313955418
-0.81353626909469
-0.855403616203258
-0.742230911281398
-0.751391612787516
-0.796257384433939
-0.796131149595782
-0.908951968319757
-0.842359301592033
-0.81102547661473
-0.709245934003372
-0.904581610404264
-0.861249264060989
-0.881978653797904
-0.968673819039307
-0.901837782289459
-0.858077147421281
-0.882935335387703
-0.717745250801545
-0.756005602599688
-0.807536555743993
-0.829239819629456
-0.675507536168146
-0.695436313138211
-0.900952444297082
-0.740476711543053
-0.83169546292741
-0.707724621596907
-0.996980900163799
-0.843988193029021
-0.814860247443214
-0.815765048805139
-0.674534743136448
-0.791277372771575
-0.703647533395724
-0.845544733745832
-0.745482789189546
-0.850897734689341
-0.80031016510466
-0.830363715321833
-0.731564202857471
-0.711995138407427
-0.694371697816635
-0.916058585354187
-0.81730959342298
-0.948831458758381
-0.691869486070914
-0.770708859858319
-0.714899685787412
-0.826719793815809
-0.827182388807086
-0.757280244376505
-0.847720195222168
-0.945084284336864
-0.662998843176502
-0.808054265566557
-0.841168321018331
-0.833232295417529
-0.710437053201963
-0.766465692354305
-0.691442855408275
-0.766936975741732
-0.711620350306695
-0.729868101412018
-0.961890379945296
-0.692258150538506
-0.827422204301003
-0.640063868906203
-0.709478581501288
-0.683419473172676
-0.75003473682686
-0.78885717722842
-0.762982449642875
-0.704813588229078
-0.689841439568852
-0.616341800426524
-0.840875317579204
-0.683283464225735
-0.79148211291789
-0.791998652534182
-0.727244256070386
-0.670309048245338
-0.747677673610967
-0.763787802765256
-0.788179352363985
-0.692214866467629
-0.762268234610102
-0.790864662675167
-0.635745566832003
-0.812554182296877
-0.665636081537327
-0.644761178936401
-0.651416568682402
-0.746613805965623
-0.633370223374372
-0.79795659356979
-0.636222151320062
-0.617763593963342
-0.674789203509251
-0.66845452615821
-0.809073774657224
-0.428567001774582
-0.564611093081489
-0.679006964811343
-0.642462939641818
-0.735730771265641
-0.67015133271956
-0.572153234765672
-0.694494341082125
-0.667430014079286
-0.584254438885295
-0.609912255167465
-0.513416045499444
-0.638072339423958
-0.724369672591418
-0.676677332051471
-0.512320868900615
-0.498266070761383
-0.627134434065953
-0.641171697480433
-0.652948141943308
-0.571657697455179
-0.551186229823794
-0.501976644916689
-0.649136200404605
-0.702711335744283
-0.620599018351692
-0.646875412670319
-0.618296190408429
-0.553494360186172
-0.58843935835798
-0.662258149836318
-0.775561277277659
-0.689346552784665
-0.563387974325229
-0.669080694262984
-0.67195545804996
-0.642798835962169
-0.44064364304242
-0.508894577800453
-0.660727388445929
-0.568214134432145
-0.626280907660491
-0.709752646054541
-0.498318950168456
-0.38052251500739
-0.559996213686734
-0.676682263950168
-0.503671434456453
-0.712387047340498
-0.732966746471972
-0.495695242717993
-0.70574176954258
-0.53464822253975
-0.633619788302281
-0.599866479956422
-0.653952305022127
-0.438388969577315
-0.536277426382194
-0.602750741548904
-0.517661477387283
-0.358586335735586
-0.425030246506471
-0.67665636015617
-0.619321295233986
-0.386654503589045
-0.567492693117427
-0.532880215174005
-0.641769002731907
-0.537764506988381
-0.395989792474504
-0.583489720159832
-0.523427924011093
-0.61424818302836
-0.632786490357521
-0.59716328874508
-0.495127167621413
-0.47788043918039
-0.460376254350205
-0.340511544409746
-0.551014382315688
-0.494737923368087
-0.512305339084065
-0.67802760558177
-0.415264753606336
-0.590268216751862
-0.631691565015982
-0.51723083462075
-0.393168991115212
-0.487188628999837
-0.472720806724269
-0.57571283406139
-0.556083067082133
-0.59963992469772
-0.433631561123746
-0.566099934259098
-0.587058165812038
-0.474169402472291
-0.493895786370682
-0.497570293244502
-0.4143790172621
-0.457533256816975
-0.384366745420611
-0.474373126058468
-0.429739549128626
-0.560390599692853
-0.438182429911267
-0.577813755108863
-0.396908706434488
-0.386680479194261
-0.48496946108909
-0.366371281424764
-0.521228970932044
-0.482758970085898
-0.464594961796154
-0.425871791047648
-0.374327224871112
-0.422887807424488
-0.503474872160689
-0.408503689981292
-0.374444267057847
-0.546392654319161
-0.524764315849024
-0.290731566921092
-0.479587998633809
-0.360098379260064
-0.487756855022652
-0.398856982627469
-0.419605945246219
-0.461355491718229
-0.407325006450386
-0.444849942335279
-0.310768748864585
-0.446543820687379
-0.434740321973091
-0.444101948577254
-0.33875106493172
-0.358374407845959
-0.284195790821248
-0.291831548065379
-0.441981835980659
-0.269127305604276
-0.453760898878178
-0.478258959460622
-0.415780261876188
-0.362804199321023
-0.389584718128262
-0.319452694842433
-0.453213016274605
-0.482773007031163
-0.390516233989235
-0.324733772214149
-0.350571183737686
-0.353052363279804
-0.442977746834041
-0.394168692032762
-0.290634197240617
-0.29574708956328
-0.421849214728226
-0.28757245596573
-0.234366775440417
-0.272802105089089
-0.30141347038894
-0.308779518117735
-0.403001481978309
-0.542348166488121
-0.354637396969683
-0.302988407977013
-0.179042433915318
-0.325886802558268
-0.35988468457626
-0.315320695331263
-0.272380685235627
-0.345259449115523
-0.17605285813583
-0.382791664202859
-0.305969122276743
-0.39886066501203
-0.336450498101496
-0.303683578611182
-0.411809845871862
-0.277753893930105
-0.270066092181058
-0.3859396528461
-0.391109190050896
-0.311889316572778
-0.505926041103157
-0.300723308357043
-0.285762496573385
-0.181454778687024
-0.251789569459937
-0.332186691420575
-0.412549389307191
-0.264278917371577
-0.283531335234888
-0.323328402586424
-0.167142011521292
-0.208627822804669
-0.363458570799884
-0.401622411211629
-0.297966561226458
-0.234416480171402
-0.300379771368472
-0.290068903311143
-0.198187031390825
-0.274870546531205
-0.296870902492646
-0.276671613022793
-0.2334079200848
-0.234957387874511
-0.352248847929356
-0.295417787297997
-0.444956662027197
-0.179670099870418
-0.341074120453696
0.0449332715186926
-0.204092382464513
-0.320096556847968
-0.217061179017574
-0.25428616530943
-0.213603680225948
-0.182604234296532
-0.0239341940737244
-0.23751176940645
-0.171961469351728
-0.278138722484216
-0.129426189087596
-0.26089107562965
-0.142538102639298
-0.407380580352207
-0.20267169065676
-0.256515304154752
-0.23620036773624
-0.148277080569676
-0.297002964485245
-0.211657558291472
-0.154084052404471
-0.125806256290104
-0.200794617056871
-0.20099492922401
-0.185299982275535
-0.16403934373848
-0.22283805103143
-0.157002616592384
-0.210526478130645
-0.193613686880147
-0.0607335682234488
-0.329944395339581
-0.277877854600557
-0.14181270009081
-0.112494873708194
-0.157606226778632
-0.044717227743107
-0.202286607056319
-0.209164187923032
-0.0632754074380046
-0.230611313492763
-0.212636781779656
-0.134698124937497
-0.127757579797082
-0.197156459850373
-0.0716326362942639
-0.119341386434094
-0.0811922120785694
-0.265358649170559
-0.0894618740027395
-0.0575721397522657
-0.174536434033067
-0.202934204863526
-0.0258632873063144
-0.171054703720661
-0.263729282576285
-0.269370840715633
-0.0508980963975166
-0.149968098249234
-0.0865277458045193
-0.247532884282486
-0.126831499490654
-0.117515388699537
-0.140047057454243
-0.00828013982313308
-0.0691272593731257
-0.138387426698613
0.0500562523611833
-0.118995176683347
0.0518214240223776
-0.235702941565508
-0.111521560407355
-0.0515628936930703
-0.0356542219774195
-0.0520461259193431
0.0325964654836561
-0.167347611874637
-0.0354404723305118
-0.124995548218747
0.0274225453588294
-0.151925005634367
-0.0806018016990744
0.00582522004263475
0.0206106261473345
0.11771575288733
-0.0630834051100759
-0.0848370104921566
-0.0817981289079198
-0.0439083609775178
-0.0105119826174908
0.0550328843751482
0.0140820568197529
0.0518618715075899
-0.0707919053843266
-0.0441910110804428
0.0321967018634937
-0.130773065310615
-0.16518251676274
-0.105166604033462
0.0788115508595028
-0.0618892213674757
-0.00498680034537903
-0.0200468084768424
-0.157724050450495
-0.224297581425306
-0.0154288015407561
-0.0291625253991574
0.143683452567069
-0.0304964629848
-0.0125012516084665
0.0424458999381049
-0.110670782266485
-0.121000459435627
0.0776072177725484
0.1685146039637
0.0559812409002805
0.314179447232979
-0.0146414542218525
0.0504572583837835
0.0191093710316163
-0.147969985992129
0.192219575448837
0.0123569313925116
-0.125042096811266
0.0598079022477541
-0.00207348827296751
0.146641668353197
-0.112220269058226
-0.0771046044855857
0.0691268165185166
0.030822973702207
-0.0533416475874077
0.00796721081006598
-0.0450236305076405
-0.170387523194246
0.0132569034290004
-0.101353842607092
-0.124186180453199
0.00234565662114426
0.163417909775145
0.0514358648615449
0.069498068674746
0.204726745387296
0.0777135998880564
0.0935398082823528
-0.0521492220869394
0.184570653194723
0.0664858754992212
0.0919841634070207
0.0713753980559387
0.215950217957355
-0.0409001229434254
0.13536477408541
0.0889873916384579
0.0422994469903062
-0.00927585452254141
0.0791232597946429
0.104070492561796
-0.0292171724907764
0.104561718537721
0.0289015803105005
-0.0411107338339829
0.168574841080627
0.110571951911173
0.0470639910642845
0.0809384842989067
0.183883598971222
-0.0333136892471328
0.0207026089175763
0.171813507810114
-0.0141788386693567
0.141325414896411
0.0153584008501052
0.0894868336395334
0.0773639825827776
0.140525152607513
-0.0104972941636288
0.0318832978766154
0.177558138588221
0.146282266617894
0.12186822264928
0.196167064261628
0.140903122637838
0.187440149826428
0.13044950337883
0.0903224045927798
0.166176229264121
0.0055522903119
0.0944050737822662
0.108985177860881
0.190613643891877
0.221881613325837
0.190816591860753
0.205780695512556
0.118372157764916
0.0603985211525161
0.175189598131491
0.060853483774275
0.143359502218671
0.0115043719311574
0.280781876460453
0.00234293510941859
0.169037217790576
0.0902487506944935
0.339952824236846
0.0302955597474952
0.145124709291097
0.228378693081921
0.274197930427088
0.172469085098153
0.155013694723192
0.248127521607191
0.251516599951849
0.22539061958486
0.174297107122838
0.0860694061275136
0.225206264493095
0.216974935654762
0.0975420944900501
0.220370958080529
0.0667393420471849
0.176443151788862
0.154796087721441
0.368298996974404
0.287308131447253
0.220512068545471
0.184041573191234
0.26679379610311
0.0417317744814819
0.0949460750535257
0.193728148117163
0.189745149121008
0.0803778949478216
0.198881830786179
0.217689449031661
0.0266400807620523
0.165043865917034
0.289520247398142
0.268094207993579
0.35767101041879
0.165238230800598
0.24066847980129
0.268170077118127
0.37731284947196
0.206470493682266
0.158571190112751
0.221790624264025
0.360464475567715
0.317836889246705
0.157587820298642
0.24478350585992
0.288823147426161
0.0991463747354843
0.363979599660444
0.36702914776079
0.301183328466535
0.263017616724218
0.176776473827738
0.242415990911309
0.190172996282249
0.199653202158564
0.330885262689182
0.292593400299705
0.292745785937539
0.239963872585688
0.390440036834458
0.149471316997588
0.279412174012123
0.371376184104081
0.332687482956659
0.294787813472005
0.433837773693462
0.296146659453118
0.260910992948086
0.374720794691406
0.349958260754131
0.366902427956538
0.224000625280731
0.364903018540588
0.358434264603082
0.260591243005955
0.358861662845877
0.312216623977175
0.312676763872587
0.28567132091697
0.30894356609094
0.35688464990802
0.32373154834888
0.381153461920345
0.350534861676986
0.306728268368257
0.27324196400055
0.410447261509906
0.400519956442542
0.332529282488828
0.203161540074943
0.379078402371888
0.361704762010269
0.258890888173186
0.352328348006988
0.333532520453901
0.278324632027345
0.405826974542479
0.403663491554944
0.43208301773715
0.393909278322767
0.267098086212288
0.256304408709971
0.344198853278864
0.303806661084616
0.339918614570589
0.345578775853493
0.410105183903025
0.335390440909309
0.52643941423065
0.533884723259786
0.436866489901923
0.507875686285408
0.36116416127152
0.417298641508311
0.528053819290162
0.438009115488786
0.483070794932207
0.411316899923011
0.34761730521568
0.453136463748509
0.189514441861234
0.252384143942368
0.427269751511811
0.284244370668043
0.436209652737076
0.503164553281886
0.549066403044267
0.282870541014215
0.531156953488879
0.408241648056378
0.377490564927965
0.441111300261758
0.353943627869452
0.39439212303457
0.326876744164885
0.642192151918084
0.37615597032094
0.621130780777193
0.549169034781661
0.378965920617661
0.420774949059943
0.286666329705502
0.411957875656315
0.478068605754494
0.578084532139302
0.441552607111601
0.517576500816807
0.412333224574426
0.43656379086442
0.453551646863098
0.428994472703164
0.473884365486107
0.333763942346678
0.403705192593901
0.414631612155142
0.439912913301394
0.391370546700358
0.41229139628638
0.586778419428191
0.388767978573402
0.539089903610042
0.547181373986153
0.483595994982266
0.656301593364911
0.444633621567014
0.579973161368193
0.547773126707074
0.5877785623662
0.422625821605858
0.525375691370968
0.482765399590598
0.517310268832954
0.558324950938623
0.544189727861761
0.537666536124478
0.475985763790012
0.565183822844096
0.533257822015703
0.570701111452035
0.480373817030205
0.623063388290366
0.423910396627191
0.504514795603123
0.401408002698808
0.578299456479237
0.549303173330972
0.509486357184431
0.537498108517144
0.660058076685825
0.591947539158608
0.446843330144245
0.418458569736434
0.519661626118176
0.569916838329326
0.660092682559366
0.541419935098468
0.576722620093884
0.690249368087909
0.566293036651796
0.49596667053654
0.70261976358742
0.522360498664634
0.563630200459688
0.679959086713504
0.643299009098719
0.357417089417907
0.541273276976319
0.628654041719459
0.537831563421268
0.684717352360066
0.680400256066509
0.448499099565075
0.567728432677917
0.596171321926441
0.596973543613862
0.50563102760854
0.562050936051162
0.549692572241203
0.722308951254765
0.546733738621024
0.454153081456545
0.679940403876015
0.489958632202639
0.714413388442703
0.700008945042589
0.646075462441652
0.588285063891648
0.689928276919524
0.637549310207037
0.712286184874326
0.649498803703078
0.549030713956768
0.640170840741183
0.738116233223499
0.586732951125398
0.722953527377366
0.656406845091003
0.661491877616311
0.616962198363501
0.777701025967375
0.67051857483294
0.674408412092366
0.678562849304856
0.69480362574373
0.607940262561132
0.740457165346003
0.76211202445936
0.76601573876042
0.768996863587848
0.579053732787943
0.696984801902136
0.639448779953438
0.680145963013179
0.72283238685686
0.792605353578933
0.818484609629583
0.724796863786295
0.477750734202408
0.680088129028041
0.638604818155522
0.688947715873222
0.635997210227936
0.690438760712011
0.688934833313133
0.704590226186048
0.718201028293155
0.745771446430451
0.792792410017072
0.708199327877141
0.806024208681018
0.78668452961149
0.719714926228274
0.68372454923986
0.864220925130868
0.647881439115202
0.641248605506449
0.780256025419857
0.71005501971695
0.554440852201316
0.619803518802658
0.612092562151422
0.662647019120621
0.743180436229843
0.705468466548621
0.74209814232056
0.694240858162862
0.602274350669485
0.723843461652435
0.845443833974394
0.656903763499256
0.752682500694349
0.655227010376627
0.724891803962639
0.83273160110927
0.779091494327045
0.842634552250534
0.709177073116774
0.874127983473798
0.724422171992883
0.802525545040902
0.726111018899928
0.81171089732086
0.927603912421643
0.734779434557783
0.789218060809888
0.944630404261918
0.922324663803033
0.67450459796719
0.85356622205308
0.83880569894334
0.758225219194235
0.852784804259638
0.819468217946848
0.807814379388108
0.73347460026385
0.684938257645936
0.89592877457034
0.783659099694247
0.691606997050117
0.671263189024225
0.790979940776623
0.969772078901678
0.843631185331644
0.847554775736885
0.855532172131711
0.986646787592453
0.767879093882051
0.734998947939846
0.853843661310777
0.758272089752243
0.846941103196365
0.926899641662361
0.914028457363526
0.827131564401262
0.910417702448504
0.827029322019489
0.740149136825963
0.815486652567265
0.799586356184379
0.759188862237618
0.785165562181083
0.772094815742826
0.873945594205749
0.987538292703825
0.983420971256161
0.952436005933564
0.793540561350931
0.817479968811811
0.897491230585727
0.974506339157493
0.762873049205246
0.906285288274123
0.805468050377367
1.02841876463974
0.877215509782972
1.11559023391538
0.811082682383393
0.943037315988574
0.872399823903932
0.942054258245627
0.864487629458103
0.799751802112868
0.932420481704579
0.962870417147012
0.935136976738424
0.803725948371723
1.16971859551211
0.950534423502216
0.849888134649992
0.786845706797198
0.891110132170864
0.940800440095164
0.692365544475355
0.945042935531834
0.852688737774187
1.02274598001194
0.900475495034714
0.946158340468493
1.07268692613913
1.00543074428023
0.94838931387036
0.98326803170951
0.909097891560081
0.972702420528601
1.02288779365994
0.920034467601537
0.910011438712836
1.00982535526046
0.896691422348699
0.966779560998791
1.04283804309193
0.976662337822202
1.1183697467445
0.954569064967718
1.12426367787162
1.0005973730565
0.909385484242463
1.05541458441055
0.872941846951085
1.0874615787239
0.913781651810475
0.865227677693503
0.959068853600978
1.0833010174875
0.967149769829835
1.06558854540459
0.928713446889327
0.899700904591766
0.94957728880647
1.02425263249807
1.06509599777942
0.995188150026416
1.04565059301525
1.12149787209322
