0.177913031865472
-1.08602789285133
-0.921825898904016
-0.961145659649784
-0.968416760359975
-1.05132030565244
-0.936393343168235
-0.944151210676871
-1.01409470581869
-1.00932708661574
-0.888016932364784
-0.975108642525987
-1.02281117112692
-0.923279873251788
-1.04148413101161
-0.976469603677197
-1.01420393249921
-0.961601721560567
-1.06491073839676
-0.94117839090674
-0.94502709700517
-1.05588710264448
-0.877220372451029
-0.897901518947434
-0.831592979614122
-1.03991708348583
-1.02369806067158
-0.964732808894999
-0.864676849843034
-0.946622370235199
-1.02051863569708
-0.952686165011209
-1.07839133036844
-0.871574679014063
-0.979666890968138
-0.857303116983322
-0.861780795999984
-0.952997370325356
-0.842200441628005
-0.791374480727906
-0.974822354695439
-1.03366659221429
-0.668415855916198
-0.922310922701022
-0.930289816324476
-0.808803951322624
-0.875078526597058
-0.918621204566836
-1.11923818915158
-0.964741503656059
-0.819259101986888
-0.817506790333765
-0.862556632757326
-0.791047237074767
-0.794609951161191
-0.977626772002714
-0.984804610440027
-0.786090775657805
-1.00222791405102
-0.866042027329711
-0.901357913351258
-0.994757270610391
-0.888370191318265
-0.800061000907252
-0.991209143533022
-0.902536043219047
-0.949429323696877
-0.772040948287798
-0.924017578566131
-0.976802510448408
-0.945004473443211
-0.958645786738411
-0.710438851458937
-0.995604139932646
-0.88103225046798
-0.839721645953172
-0.809856211087316
-0.739789015834584
-0.839382644290495
-0.76846043047454
-0.789831736431791
-0.890114845812051
-0.814153492299278
-0.942654709192928
-0.723512303086838
-0.930756468961798
-0.817744737059776
-0.991118396107903
-0.825748040542408
-0.816066650740806
-0.753072026419353
-0.823786583619338
-0.821142104423447
-0.795055660010533
-0.767619320226837
-0.877637463004712
-0.67668629297652
-0.862717720703098
-0.852546661459751
-0.887605338066023
-0.793475949968074
-0.894580906611957
-0.805282749416945
-0.766357919339154
-0.794190535595746
-0.766777665658549
-0.795019227788009
-0.849191828352592
-0.850357925106004
-0.974060278931511
-0.731499045518542
-0.806070061884296
-0.758176463836209
-0.809286818776009
-0.757985891144213
-0.749739875534022
-0.713884220091134
-0.866665789045699
-0.730661438735673
-0.705322404854825
-0.786877212461934
-0.771159511472871
-0.796527567653066
-0.790972853181962
-0.777046890168344
-0.72700024748941
-0.643932889839687
-0.750214431326504
-0.744797345025148
-0.830086553380241
-0.786063464211286
-0.834019234281942
-0.801672389820911
-0.820935580678737
-0.700902560312599
-0.538241175212364
-0.76138364383624
-0.64366593469928
-0.702091045448481
-0.672434973542216
-0.688068533832114
-0.615221810062007
-0.841236810554308
-0.671768355882697
-0.766785345880568
-0.801311325760975
-0.718170431458749
-0.689474419799506
-0.664593522655843
-0.748830289857325
-0.688533497294104
-0.645418948181085
-0.652546168431444
-0.638933508210755
-0.715773212206539
-0.702921012541937
-0.643021984905844
-0.55826589444199
-0.638580982549581
-0.673254302205665
-0.718677656418373
-0.671589984784425
-0.549704071112856
-0.714408566062871
-0.680311901533037
-0.809540001334839
-0.656681642519608
-0.691000668853264
-0.465037063131047
-0.697397985326354
-0.741620840825406
-0.691926755784269
-0.602853151028276
-0.738291712912438
-0.636204155727531
-0.696310720963287
-0.628202111759594
-0.698158425251681
-0.605299641429983
-0.826778288791766
-0.668804301384338
-0.684152510472904
-0.683792567590998
-0.722048591010912
-0.719663904698691
-0.641770182528192
-0.569831417057736
-0.685523156785555
-0.630593014152051
-0.72208584267822
-0.638211633404778
-0.71098899510882
-0.765465877090041
-0.652344154809872
-0.576700377323618
-0.377821714473335
-0.632978913892848
-0.558531359197708
-0.724694299693965
-0.623163638855615
-0.519496260665339
-0.569302692240473
-0.561721647753516
-0.594779857209625
-0.595020140120042
-0.548536372198889
-0.667793020849714
-0.47779222826073
-0.680221975057433
-0.540919497962669
-0.508849117111443
-0.600533699811087
-0.622684399634138
-0.551550286893567
-0.633642052569844
-0.654062567534793
-0.643955736760031
-0.443793475196769
-0.512088674923212
-0.498615723995342
-0.519586840966718
-0.653759730928753
-0.577915839207309
-0.587673463455964
-0.544899508699717
-0.516968486833135
-0.541410551854556
-0.598578195150312
-0.413150929175132
-0.552618003275712
-0.520790949366733
-0.415527246174443
-0.505228754646397
-0.546513686282561
-0.472266929428282
-0.512300440072171
-0.685618838804329
-0.404907209572369
-0.456176178883297
-0.650584480980275
-0.539887555555945
-0.52369832599936
-0.475856399925521
-0.442834384984912
-0.568201726465887
-0.517876070980177
-0.552563262137196
-0.521249990077859
-0.399978602852322
-0.564708287548149
-0.5063686521694
-0.607023360559158
-0.460449785042439
-0.385884134434575
-0.442623246775193
-0.574967594772471
-0.542760081522984
-0.32671008833487
-0.468009180537648
-0.474126534034733
-0.542978428686344
-0.475826124440029
-0.485477055003061
-0.3597358869173
-0.608669413749684
-0.475905476240642
-0.528310100309945
-0.393156165150252
-0.457662905563098
-0.520642513343428
-0.636012055636624
-0.385582965037086
-0.664204988817663
-0.491596500190526
-0.374861648386443
-0.475764872278614
-0.513316050827094
-0.435098389571191
-0.431205156802453
-0.483293140938752
-0.41708055872386
-0.462916592944065
-0.506286333599803
-0.552300349016711
-0.496254550580953
-0.356888548724665
-0.549384261597121
-0.439351431607128
-0.369777594933821
-0.433984684689063
-0.451722238992222
-0.417285374908792
-0.378930055735208
-0.581780545424769
-0.481799132879282
-0.349654004444
-0.354229155196794
-0.444916110261732
-0.388542567512335
-0.331107514725816
-0.489707086732473
-0.575737610059955
-0.374760198995792
-0.357992614877589
-0.534119353745186
-0.398649619064729
-0.370238596755287
-0.29167641142024
-0.380729085120453
-0.34052390899343
-0.255609631908708
-0.458512277103177
-0.320175371629203
-0.581830608464232
-0.444713528531152
-0.326094681980869
-0.404531549929983
-0.330386368830139
-0.389219160862286
-0.375200823748251
-0.428464843521243
-0.271177899997565
-0.404518714494944
-0.337901381100017
-0.386017389588307
-0.366107487522829
-0.330437534073142
-0.340566234203297
-0.363215953406488
-0.317317298685339
-0.439075733970674
-0.237322934185055
-0.382978808810811
-0.330543157077701
-0.218283565303853
-0.283670479598034
-0.276336287989676
-0.478656965066564
-0.236858440323202
-0.163464842320152
-0.338823698385472
-0.403865701074501
-0.223291052092356
-0.242689392399491
-0.350448452391404
-0.388585399366645
-0.348719793570638
-0.568033060714324
-0.330364653715631
-0.310457186049693
-0.308647523928219
-0.269807424268523
-0.364633798282895
-0.164211136933815
-0.216016462005866
-0.307614256709764
-0.272952108270683
-0.266206328830926
-0.326821651401324
-0.31120710973885
-0.43118413950201
-0.223515225838519
-0.174135563166033
-0.395223202883191
-0.363039770363652
-0.344495200926821
-0.326873511943772
-0.256308874197904
-0.228893343786955
-0.378814488607011
-0.199241763760257
-0.225812441762006
-0.0363679720771778
-0.219916179174408
-0.360934034550263
-0.201913852801711
-0.275976651817904
-0.300517576713346
-0.226392149327142
-0.228769385509151
-0.441811615964704
-0.232163611757025
-0.247618283909709
-0.205066880298186
-0.22321417590338
-0.307552772276803
-0.0217537865787314
-0.102650165313529
-0.213831333389795
-0.373603249538854
-0.392231845003776
-0.243921034648279
-0.262275685130968
-0.319936218906328
-0.252977609142426
-0.409478406645744
-0.174548194830971
-0.247237647723552
0.00997166899207025
-0.19007959074615
-0.270230417049506
-0.12866176689143
-0.159107473625606
-0.223938361555304
-0.145308654742965
-0.17163594875954
-0.221179496815381
-0.176953805024959
-0.307384125261705
-0.0996962663096342
-0.0961481667766623
-0.266197346883506
-0.170671113436503
-0.189547678012329
-0.164748584931018
-0.19255746905986
-0.203103199900548
-0.135721078561299
-0.374640227197909
-0.107751456588698
-0.103431079919011
-0.169291042216897
-0.235256512608414
-0.0559294642251072
-0.332824000457635
-0.278845705932957
-0.164410743317256
-0.241765505253091
-0.247676888685449
-0.183777591153191
-0.10811393190781
-0.189342610891367
-0.137348606103191
-0.134347843333512
-0.0673730272865027
-0.183875177005179
0.000186756427244456
-0.139785179490375
0.0238871899981122
0.0131049582798932
-0.0523093420144213
-0.0757214182117529
-0.179320400789315
-0.17616258356773
-0.0589794559226403
-0.0728851837326662
-0.182241698758665
-0.128257782294113
-0.0600725554244259
-0.15200897558633
-0.0640236768893221
-0.241819266885148
-0.0561616763579183
-0.175514388797613
-0.031660098025619
-0.0717009098521857
0.0924874315489663
-0.0963706605595791
-0.00873828403891201
-0.0665196207844784
-0.146992272225535
-0.1300271613626
0.0712844825347669
-0.023502580606901
-0.166901295753422
-0.0286046162020447
-0.0352347915708665
-0.0837279596501519
-0.0597104618558745
-0.0367511297760456
-0.0123607088487279
-0.13892242208865
-0.0326322549797572
0.0984614125394115
0.0394663842307174
-0.220830517110754
-0.0634699246400542
-0.0605250857297437
-0.0921868518807664
0.132855630365204
-0.161565546784274
-0.101326327037163
-0.0223709980622013
-0.0890935302066909
-0.092790728709644
-0.0675349471708464
-0.134776154064621
0.0544057575968947
-0.0839883025986947
-0.03282101853645
0.0251236189887103
-0.200132974078658
-0.072485575406091
-0.12101838475192
-0.000478914113497208
-0.0723816367103039
-0.0641003243313548
-0.0194015662977144
-0.0754278953807167
-0.198936990508975
-0.0473920864574181
0.0540324251487645
0.087467406933799
0.0389391036537761
0.0832450474596749
0.0354296018857071
0.0163183922758074
-0.00462738118764817
-0.0473014396356117
0.0549203730301824
0.0631825309973356
0.00460137313215283
0.101873400790361
0.140616650076975
0.0386200713251185
0.00517359254780706
-0.12198882132823
0.0836398238000273
-0.0716009274328241
0.0486727355253179
0.00172988335182717
0.0702316290714945
0.193143882026733
0.0987825781148159
0.0936464275152501
0.0593122265118906
-0.0240435566484791
0.117628757201572
-0.00899385348676334
-0.0241295696867709
-0.0206907749672608
0.0550903870840402
0.085699328313587
0.140875443174039
0.114556965314772
0.0544246702350725
0.0413901293768991
0.0517432114045179
-0.0100436577915917
0.0861176187720375
-0.0837700705193647
0.136993133135101
0.202768469905981
0.093097039875405
0.205632517974412
0.106077700585175
0.0624609466590368
0.102647255308109
0.0896844398569639
0.132929818875897
0.0893145436950855
0.0695787267682553
0.0425123604218875
0.142673771316331
0.0427565674272362
0.114691680145312
0.295119321656757
0.120584297380386
0.231676295332225
0.106921638186848
0.0721565505771224
0.144232903818243
0.241466897176208
0.105521766874299
0.139076265625787
0.308832970966926
0.0458990837886398
0.273195239236958
0.317284985954665
0.0841897537063571
0.114328882108353
0.246184194453369
0.0927376373518839
0.259994802553606
0.0823200377851412
0.339060170152804
0.000815592968687688
0.12145683781506
0.0874696479760712
0.189611385625076
0.0326906202830011
0.0384298701008106
0.141054824720907
0.146979618120037
0.27319163544929
0.182535822551839
0.144373231756219
0.249248038430164
0.185738867196934
0.32887613502725
0.209888895894739
0.306848513366176
0.0108746132825455
0.242168969652657
0.319181504330089
0.172533098907884
-0.0159121129635028
0.0908234249320494
0.173132305339078
0.231985117440517
0.21289715094777
0.223158356049608
0.0332341072393863
0.101833663287442
0.0427882327274413
0.183821838813965
0.167934882855348
0.301981329555161
0.109334226606079
0.194866503594674
0.329341909720845
0.218578547112308
0.114348030905119
0.315027422023987
0.179369694953087
0.128009727004155
0.189838005807535
0.167155008422406
0.293855369749285
0.224396101410297
0.17759045895131
0.158573676431331
0.452963622930173
0.403367687341287
0.193397739899821
0.185926165921774
0.201447247438105
0.155021262874718
0.198267449959284
0.277794524047718
0.250268933649692
0.306605773494993
0.156575092528144
0.40903554341504
0.285061138847411
0.29730608133984
0.322893509369153
0.217012232190013
0.308128564867339
0.348447687153439
0.226566741986072
0.329332918778553
0.347305287299041
0.266353769739584
0.281000613487972
0.355992152543999
0.259230603132665
0.389279921717674
0.233537679304235
0.351135433493571
0.171579359504331
0.307628978230494
0.465696664673752
0.349118493156446
0.259776405950671
0.35914313501504
0.316221489181389
0.391374442168335
0.421044139395602
0.192056321948215
0.548387438259808
0.266057014736276
0.268808003455198
0.261514011697523
0.444867165402891
0.316651338596687
0.517742987847315
0.222126872914764
0.232537284103766
0.302770771533644
0.447566821603277
0.234688570499355
0.303705712218169
0.233808878537926
0.139253897562338
0.41954253699567
0.339634514310397
0.35071461004062
0.279958855623538
0.286715095828005
0.246677099953496
0.278169848592664
0.352183758355923
0.224610868137638
0.213481697604722
0.315759171572151
0.565922863066093
0.361973505791803
0.428491228834908
0.41108667620581
0.425496525675493
0.310446197555755
0.415371687331833
0.353155118084949
0.589408192170895
0.457970877912748
0.389949099020882
0.445505101523956
0.366780318591265
0.464210294175994
0.424171558491283
0.458924991205393
0.332181092522399
0.423004754159314
0.233061493145838
0.434842920611233
0.243820792559469
0.362779795952614
0.304114238383652
0.441488930412379
0.549462608042538
0.404282338249556
0.48092163534942
0.386842820492746
0.326282737030603
0.464441943511179
0.470054102675918
0.351647075729487
0.272894718651296
0.390693177769482
0.519351489381046
0.446540363397665
0.553746222509541
0.465971605210564
0.415264982089284
0.60435646371592
0.449915657461851
0.233067822379501
0.398983272895837
0.535645348465963
0.531928876728159
0.500688401394973
0.458006815052347
0.536268616605656
0.427434337727526
0.496784452401943
0.371389358899961
0.51038855576819
0.464587178163633
0.455096596692472
0.55135300586132
0.428011017065946
0.461088779859384
0.482261713527992
0.406285138968576
0.564701073190717
0.368649235113501
0.405765156843886
0.437809228694217
0.51305303411138
0.414817969021735
0.507456428213654
0.480592909295343
0.476574299652085
0.517373305721328
0.557264738692141
0.611329201099144
0.49414392516348
0.443605912812739
0.47952072000163
0.385577265943457
0.448066625168322
0.488142514965117
0.712892675562557
0.456362387308631
0.415100865517607
0.511352802028896
0.502548548644062
0.684555017160159
0.420663176945654
0.494776357259054
0.49643394184393
0.46544805167282
0.519432963912028
0.647888085871219
0.554079616911404
0.377441113616228
0.523789536261059
0.577101423166808
0.492675849116239
0.647311276297783
0.631351570660352
0.651768923109159
0.640276127986701
0.574614383974966
0.53858380215107
0.505219570836941
0.550498265517767
0.647342850152771
0.622933975120638
0.546805024700114
0.654331535183512
0.64056308824608
0.544726349529383
0.567162435648375
0.71727323947931
0.498249780592264
0.654356023347884
0.593957827068019
0.794301371913204
0.512208427565086
0.444342275253597
0.56644856805726
0.660826869237861
0.635958111196795
0.664508759684891
0.599057397980113
0.666803205573057
0.758611367950085
0.679694989530125
0.634107803940988
0.623914750350392
0.658553376493718
0.745208318318892
0.636989242613127
0.603963562083144
0.633169841587611
0.463059974768005
0.602465973104503
0.531718911292961
0.628764509780215
0.445860248364446
0.732555515689858
0.550396579521151
0.58948348934931
0.510070904377113
0.54123962285102
0.662596757102117
0.747225910619701
0.715450854384977
0.551961469452874
0.684930552547578
0.638879132540237
0.675605861123627
0.771247234299509
0.647668523459384
0.615878177495919
0.604842641334952
0.719409354518771
0.729346948871527
0.814200862747234
0.554986716447369
0.65952174386174
0.791350850590415
0.732760333300012
0.674087320383807
0.609086661389945
0.834875046614847
0.644891948409652
0.787324088092989
0.803153043367253
0.676112046719035
0.754668799279818
0.781464530149066
0.726104911973827
0.734475800877726
0.801683921013619
0.605540190180106
0.796369708340809
0.741988080901776
0.714338256690118
0.721314567775044
0.775305428339999
0.757136183091491
0.799865048228253
0.841630720976415
0.66320737350688
0.66008079179426
0.607558413383453
0.764937350822859
0.7482641455893
0.634857648056229
0.776922891442395
0.723900035448679
0.656383879985408
0.993382527387829
0.791591345140679
0.705897260861261
0.937610761643224
0.698888054327082
0.778881706551154
0.531879711045683
0.7118570039605
0.722558884659578
0.747987483309642
0.761917118899395
0.765499229036113
0.795059765678398
0.833898421413389
0.754495518974034
0.79901118172883
0.788037736011069
0.669113081936856
0.732136978624686
0.713245966415202
0.737110422050315
0.799958895314538
0.750194233974344
0.778379653038777
0.883073125755354
0.779682182565515
0.703037940961678
0.759285255814908
0.753454032135983
0.76281863450462
0.786309887150477
0.865460568825071
0.81319890174497
0.920940523725439
0.829947775561791
0.717871669492436
0.96141525424725
0.761411118550078
0.869268185914368
0.801550545622556
0.908139489998481
0.783617023088689
0.691291081175165
0.844901983898437
0.880464444706461
0.818336622840695
0.669292120290562
0.872966490389607
0.893216078862116
0.908229832164481
0.920630985927119
0.8657134201686
0.890931343702539
0.664946435512835
0.949692000787744
0.906573241525757
0.825884827847485
0.800240472414625
0.803675167661581
1.02304336177164
0.901921839014776
0.943899979305074
0.848899780053162
0.906227541112845
0.881803300628692
0.932349798356746
0.957912875026916
1.02092460617986
0.873453934886299
0.928807613454058
0.970481004108551
0.982039819666774
0.772426527769217
1.04334504299623
0.831879508630956
0.856128501985265
0.797596291391801
0.835885990004021
0.913251026293259
1.04596272482896
0.919620362527346
0.845065322776674
1.00281976549138
0.949491754906979
0.932354502265408
0.901023932391664
0.963263787828192
1.00204824285182
0.869866392426996
0.812940424494615
0.911855126391702
0.952075736316001
0.841013619838088
0.99426900422865
1.04652445156783
0.853208354664996
0.844271214447627
0.939949582233122
0.828895745528915
1.08586951071208
0.863609901778277
0.971714673467762
1.12597358306352
1.10710327298077
0.866555544396036
0.913357618753557
1.08935683231333
0.859695317783304
0.926280151083103
0.857675790770808
0.831513998235123
1.06641774073964
1.0318123868613
0.947493187605375
1.0170438622029
0.888027603214059
0.868360270166936
1.01981846613041
1.07277745190239
1.17276952151071
1.13844129706274
1.11058610648217
0.983937707154501
1.04295005291996
1.09668780220272
1.03822934041704
