0.055356107242896
-1.04118415860951
-1.01683091809033
-0.926142526760704
-1.06983772260421
-0.822144702615928
-0.99721155390595
-1.06331626921698
-1.05395139883575
-0.830438568429088
-0.852402042508931
-0.980217835700341
-1.06301922965035
-0.835137719526253
-0.83641648936097
-0.913505903351074
-0.988254857340224
-0.855976024775609
-1.08431487684637
-1.08291521801799
-0.849500114935977
-0.885580826210403
-0.941110965399358
-0.938900038881054
-0.949421801806875
-1.04426021210347
-0.867135742865012
-1.14588398727791
-0.851418326698213
-1.03776753089881
-0.849292472805258
-0.856817169529051
-1.01496680697274
-0.976514394652383
-0.89902613801542
-0.835880685728367
-0.949368484380846
-0.884341174662549
-0.878659858479702
-0.866102992741434
-0.93606139433153
-0.841400665134564
-1.05260551404304
-0.856440828670896
-0.84748923683221
-0.891491555183367
-0.886892204923477
-0.870826318229953
-0.800593956501176
-0.854644587339036
-0.808420291599792
-0.841793461606298
-0.860853286996541
-0.908850250930215
-0.878079551901861
-0.996976813138358
-1.08539868819358
-0.740675236987171
-0.88706247269756
-0.875938898598369
-0.821276380064787
-0.969131358822428
-0.886196690923624
-0.864609008148863
-0.757198206667146
-0.795228810278019
-0.681167178390404
-0.917253740330961
-0.818409594486743
-0.776411053752743
-0.833914388418797
-0.903899578110017
-0.948955227241626
-0.733852260506351
-0.873925540219493
-0.794697135191371
-0.820027295066494
-0.843545529228173
-0.752517554865535
-0.935085266521183
-0.873238734542642
-0.874452349424658
-0.954394983752439
-0.901616945302302
-0.714403419054013
-1.06751444160132
-0.786986878657381
-0.892981764423631
-0.6648194758979
-0.870424751181185
-0.896338256789213
-0.820296546300138
-0.732990873494138
-0.900148717326252
-0.765717299985843
-0.685151403438371
-0.692884812994396
-0.973315280288626
-0.763680948832456
-0.734036060690638
-0.849015253131642
-0.775402001689085
-0.89371279061318
-0.846630133563798
-0.832634768008219
-0.801581528478949
-0.793547820128269
-0.940994416763136
-0.827157263075646
-0.748043832100351
-0.667653112785166
-0.747876468226438
-0.835804900372316
-0.728188329965092
-0.74028857741278
-0.71210382235432
-0.852107696805123
-0.837395089488782
-0.740589779903454
-0.712502443338444
-0.780296754306623
-0.753297262485261
-0.791086573069795
-0.804275443687152
-0.796512523927072
-0.774543367725962
-0.603540110213312
-0.743229686644357
-0.881422115148536
-0.725370549515653
-0.624337882346504
-0.761914714131341
-0.69571598293665
-0.564415199253522
-0.742844474381174
-0.631581373556379
-0.799824528557059
-0.795293301048631
-0.679690726255874
-0.648673671860204
-0.783186664335547
-0.779968318897263
-0.847896462795636
-0.734415238351194
-0.675743853746317
-0.633557310204106
-0.694745164057053
-0.62369961247522
-0.780131007979336
-0.696198694667408
-0.662595019464303
-0.712944789318293
-0.683749309539932
-0.656991489423481
-0.81348502459817
-0.685946546814126
-0.685829743804005
-0.656301165177418
-0.663731175956956
-0.643256986565717
-0.602276896163997
-0.491281127021712
-0.618038441585904
-0.777792225844499
-0.660998728847204
-0.736399034003954
-0.672019785648694
-0.784822378722941
-0.784500139050226
-0.542415592069592
-0.625282648357165
-0.606123859331573
-0.756474589246873
-0.673705627694563
-0.534627832047742
-0.760929687601347
-0.592364513244123
-0.493992684277079
-0.836440948162006
-0.600879403448998
-0.529783254616798
-0.618192848726532
-0.789130112613353
-0.714985489922445
-0.593787457482929
-0.583432395878486
-0.485610003659003
-0.684551663195591
-0.593089895865697
-0.699664661536186
-0.693635834495317
-0.664699885318483
-0.75205165113554
-0.608138118384284
-0.578892307537128
-0.753181237212017
-0.586362240690542
-0.567321331013161
-0.605855561137704
-0.420959991200883
-0.395020460944658
-0.631063682443292
-0.582491156219164
-0.684579774534614
-0.657930842516612
-0.636512229019461
-0.558907665130814
-0.651466042446683
-0.640266813069702
-0.63715197998929
-0.62963885138922
-0.511779409983501
-0.663206674718724
-0.631787462241578
-0.483641365513515
-0.51783075083763
-0.539619952934166
-0.513385183666724
-0.611830485625976
-0.669563435736213
-0.430154353418331
-0.622658209785317
-0.607885107391328
-0.467200688189475
-0.463749071357889
-0.50496031011483
-0.502512309231137
-0.67357575862134
-0.495386396143907
-0.448472183804515
-0.588662294369452
-0.501983836746181
-0.623218106263594
-0.454314154859449
-0.511934591503007
-0.421909569496615
-0.500476979053258
-0.301074301791723
-0.486945781577042
-0.518405738699854
-0.552272339831058
-0.608239996435823
-0.627607660889474
-0.613766473379209
-0.390330239535901
-0.634796482460936
-0.50025609214031
-0.506121053897883
-0.477403553418797
-0.490161132431282
-0.506655771239415
-0.464713619812613
-0.53387721725706
-0.487883523568866
-0.404432185021842
-0.529609922944689
-0.548475167076857
-0.613410432443108
-0.431854467165672
-0.54357903602069
-0.399529274701207
-0.544718363879123
-0.626345278608881
-0.364160172759153
-0.470607722545173
-0.534613824601508
-0.442556051216077
-0.548423186608128
-0.473380691081416
-0.443237495100251
-0.566600308442072
-0.395689395828673
-0.459794580067438
-0.425129119666911
-0.493803821440807
-0.462552960802541
-0.523273397609337
-0.482392829128142
-0.462116788332316
-0.364232922106011
-0.428547865762836
-0.566832174449767
-0.470171106551796
-0.408224997491311
-0.351674986463929
-0.451074964282889
-0.486028724312637
-0.354292937249726
-0.435395224680626
-0.567221947422378
-0.416714498979789
-0.402238448532712
-0.435922623144629
-0.266728880721774
-0.370318859738105
-0.496249209499265
-0.342154893049749
-0.405577538593913
-0.367449335671197
-0.425410587761246
-0.375412475556579
-0.593954488131893
-0.393890298379064
-0.357772416428658
-0.351999968097448
-0.471760814244412
-0.27755223695357
-0.469322099924459
-0.481416107636317
-0.420353790495388
-0.465158702145467
-0.21337042643524
-0.380714983931557
-0.412494213196273
-0.256077006741712
-0.293236353628885
-0.498638600858497
-0.348128667904323
-0.255466229825012
-0.378935778318418
-0.108932235564775
-0.315835111429447
-0.26313332900129
-0.291485381946556
-0.362728296081402
-0.42849464036759
-0.409314705961608
-0.412218783593153
-0.34219861536523
-0.427568306464493
-0.282278197707394
-0.367937795702993
-0.268026400377828
-0.300794106518023
-0.363880533512089
-0.369970251858921
-0.464341731742572
-0.382442861431055
-0.317927400484909
-0.211677753292212
-0.266456733979228
-0.404465295009375
-0.291855904823168
-0.331329243425438
-0.352565730520982
-0.381132875373005
-0.347833887684324
-0.229682616736307
-0.232102217108672
-0.215573001433926
-0.359899669970281
-0.357858652527995
-0.3144441076379
-0.294304708062648
-0.149095388755901
-0.321463451718934
-0.219101784327839
-0.414671210647097
-0.148280916464617
-0.193256818645564
-0.328374996551635
-0.261471519111525
-0.135482905485557
-0.252480027270554
-0.303231296358415
-0.218894929089097
-0.266629675313395
-0.166908744433499
-0.206330061753923
-0.117348218871382
-0.273220873895064
-0.397568368738685
-0.210662003119626
-0.170389516887192
-0.201922863240992
-0.365168205394426
-0.265600850220812
-0.0817719891853602
-0.325555417181935
-0.0267479823228462
-0.211687709355146
-0.239844440078798
-0.229437142833715
-0.256076276799093
-0.343067951239325
-0.234725242425922
-0.276124167079174
-0.323407270198379
-0.184775075335711
-0.0993379945546881
-0.286694989444929
-0.278033110277239
-0.204727824808159
-0.260091221821994
-0.0610401478112898
-0.23517765192815
-0.151958609537171
-0.448550475367049
-0.116506019215466
-0.11954301968539
-0.17883245589002
-0.259411211320357
-0.185488133055863
-0.16547781192389
-0.269704206223318
-0.123283695604281
-0.142561058133545
-0.20333147072308
-0.276157466919936
-0.205022079465078
-0.0964595220871373
-0.209675313161755
-0.178845497455624
-0.141593649701026
-0.173245285234132
-0.240301254657098
-0.100940247967482
0.0504002964605907
-0.285961466367983
-0.162198623961941
-0.100828110701506
-0.0908221240870792
-0.236409039611515
-0.191194339597764
-0.108856927178681
-0.251257658844623
-0.0842901353909393
-0.0829644039700882
-0.206676114560075
-0.231095866629432
-0.0744661664875081
-0.166558078462422
-0.195858878768081
-0.123594717440326
-0.140230241875879
-0.223298649380684
-0.0457269056024361
-0.0476031418070957
-0.176913922147658
-0.0154613234177916
-0.065015543039934
-0.173849011301615
-0.208335097122598
-0.109150730283997
-0.173574421259647
-0.114049336282331
-0.134903550511141
-0.0903865546087806
-0.126632866529437
-0.035528330626178
-0.13389217238591
-0.292434425239237
-0.208525970479636
-0.123468611545029
0.0411713629993357
-0.0598443993235339
0.00297187221134762
-0.228649217267096
-0.181902544768384
-0.179501711567861
-0.10519945362017
-0.0309738012018022
-0.0540730682871401
-0.269524357054976
-0.11746461051109
0.110375465180676
0.00820150837296146
0.0554405982763936
-0.0835585822901881
-0.0573958281290105
0.0997774147520417
-0.028614671800252
-0.160499616884062
0.0122886052099883
-0.0446487526341586
-0.132624166155282
-0.0838599347201976
-0.113137567104657
-0.0303634569817546
-0.146742891663551
-0.0728823461412086
-0.101265864867807
-0.00266616111656681
-0.011345088802114
-0.0861279601096759
0.0716507303859084
0.00736061346706052
-0.210970346508048
0.120218894256592
-0.0443107729490208
-0.0872900599493695
-0.0620894414522431
-0.0708187773809222
0.0198396282302839
0.0317911505869762
0.0502177215266004
-0.0711127266129275
-0.0107065315124099
-0.0989158113458571
0.00235012583738102
-0.0756270741693469
-0.060683721440773
-0.0393695707252567
0.0677104060006756
0.0957374615312336
-0.0968894959736946
0.0131145510540271
-0.0281443284444049
0.0711455542254016
0.0495175589663162
-0.0125019143540726
0.0720523598970365
-0.0603604545167079
-0.150817606863387
0.0565595353820174
0.165397802724724
0.0999390657674811
0.0146285952640193
-0.0377475185704357
0.144674646454444
0.0209474268426091
-0.0151616675742343
0.0169003781789399
0.00146521187399451
0.0926293574730322
0.101800843628133
0.0119919561607329
-0.0491922488398874
0.150176609815553
0.0214281658287779
0.130378586296095
-0.152308387453266
-0.0575826722300288
0.0895115300192395
-0.017449439505033
0.0558004935471211
0.0837575276786933
0.0226358629926522
0.115433843338782
0.132718152155787
0.173018340966793
0.271566545002228
0.10637090051229
0.0525652119006073
0.0996429642661416
0.0277459142164653
-0.0351596940390036
0.040323471797155
0.0747786985634827
0.0996226134267095
0.0839163482320704
0.148245855910823
0.100884719662879
0.0442670070720819
0.204433869899786
0.0613317082442965
0.0342660178757372
0.0970873699722542
0.111892820721965
0.142538146358005
0.207218944158664
0.310258717420481
0.213846835469763
0.125312312343677
0.167730017941481
0.143518801205218
0.16843650279782
0.337674328983674
0.133532108909411
0.0195010457430303
0.243765464993068
0.00826262764420669
0.144322205421833
0.077139741986657
0.177845764168076
0.191964126581913
0.0710742807719448
0.224036046424834
0.0639901926282332
0.08688139869862
0.212958478168674
0.0286968164867144
0.127991833197446
0.137224074611305
-0.0708597044080427
0.0200780240635787
0.0966916021357128
0.236044612032653
0.221303292298
0.1679392558153
0.106261244167301
0.171651022481191
0.301609620687654
0.130538940268624
0.0994512797353514
0.207095035134726
0.117869230635551
0.147670481206413
0.0900199716589026
0.128355168966602
0.228540822940466
0.170405255321224
0.0913056365820337
0.157869271909965
0.126441949187418
0.0308028328254675
0.349525070896953
0.267542539062684
0.194187425660734
-0.00642419187389206
0.263343816309661
0.249867834906911
0.276854384341547
0.217423158081489
0.298482819142835
0.195565297104642
0.215797703790758
0.123922319987024
0.223505791841548
0.383184714473037
0.237877806593596
0.197016246077208
0.325232341636326
0.21433654180012
0.165647551090548
0.200243289441972
0.0250741465900816
0.183079740198258
0.246274369850254
0.291514455451729
0.244760966475497
0.333563198583595
0.223660924581068
0.400573280362413
0.326882625871589
0.338824514794422
0.332653141144987
0.185559730297342
0.270949829963166
0.295341081947725
0.239674646167466
0.348246017438044
0.238814566407141
0.224216869037061
0.323703847552221
0.124977637206523
0.250392722586019
0.395873978179699
0.259219027343969
0.20998951935808
0.294281383067705
0.313822879653181
0.361046722354472
0.349256046292639
0.138758261177439
0.442439509950076
0.29089930484567
0.432268506679261
0.324938892696472
0.278205534611187
0.312007039670939
0.278482557164976
0.291148972493801
0.501269550899193
0.290180597005756
0.412752833677863
0.444138062438905
0.202356048630045
0.271463567428457
0.205591342174255
0.218330274082183
0.34577442210234
0.244060598384246
0.258605193570405
0.351387687833106
0.342866630322802
0.385164672641199
0.357213668947482
0.459174855951388
0.510589607147064
0.312739206308237
0.351300953157063
0.396504697387051
0.495938630415291
0.306445026205931
0.451932100322088
0.243148445608575
0.12067999103833
0.427406672549823
0.431976082498164
0.281812432283932
0.232638613755516
0.468222772564731
0.305963903352749
0.445532281428183
0.248075854772247
0.321562703250539
0.41783189226136
0.493073563985759
0.41287731331697
0.345622723481294
0.311074663551669
0.322575345628008
0.317528661011282
0.448096549226764
0.464142614850999
0.486774122218552
0.295311424612398
0.478465281769353
0.382104523980757
0.286953588124946
0.511233920253003
0.53842854440521
0.422307467891377
0.387606934693808
0.466274640422731
0.47023713968152
0.355409258393678
0.430217042275856
0.369279374365484
0.522574867358186
0.539193553358658
0.578432137239933
0.510029837689304
0.388877122350155
0.467897218148095
0.571400853379542
0.551458575084913
0.442525907573742
0.352543125040046
0.425605343141298
0.541007210879843
0.46717000465785
0.525423446782958
0.501565091884488
0.474397166682338
0.347153170856051
0.469283206381744
0.341673412670392
0.551495226216026
0.448734948257375
0.447822227759045
0.497479327896721
0.477999849574338
0.477552897972888
0.510240170750126
0.468206459378791
0.435511568466581
0.552070913836388
0.422058560241629
0.532082629274449
0.483384188840046
0.453590546990566
0.436269825677641
0.362574264663505
0.584972333188999
0.629479705046932
0.441951898252087
0.434045775237733
0.459719262844644
0.540804396909545
0.497012213510848
0.53779477903513
0.516016402884992
0.420766475631328
0.597559312259624
0.609532819752221
0.474407969905312
0.633405939847758
0.373311254276996
0.470436494006189
0.623506963373148
0.594491205660289
0.445218076324133
0.486915324988829
0.551761881637353
0.485926947261445
0.563328692813506
0.330533489580031
0.534175214716154
0.51131748654846
0.572492270040715
0.502302378409665
0.676131353657809
0.66746012154419
0.612958510062517
0.5016115786628
0.508432051235839
0.616164952200405
0.383180109212705
0.460818665212002
0.571182984424071
0.594324010002361
0.577160230259762
0.595374767123724
0.580990698929361
0.414903293939122
0.571775400869687
0.541684893752179
0.623157158605199
0.570935050382447
0.65263104638749
0.617273648136343
0.674576934278471
0.668123197493161
0.644849395185612
0.689391048361194
0.702530107453014
0.5344384979343
0.773263445190141
0.600734158744464
0.718701198574464
0.706451409991866
0.619500983753449
0.635242015658233
0.736822357372337
0.840093463087321
0.468748515086146
0.644746996620783
0.70326631518011
0.556054897898471
0.606170263073858
0.796525860200824
0.582081003917595
0.643656131272111
0.69091666610115
0.716368077472969
0.746972842820253
0.61730385842228
0.626522615963448
0.568227064084627
0.686751321313343
0.720358577996825
0.629751843837772
0.686650808550523
0.743044199128755
0.543045411254994
0.64256841844012
0.83139689632172
0.635989883560973
0.574338361589591
0.667163666692746
0.763519293595839
0.566860097455387
0.771221040554886
0.716924716044367
0.733615265919773
0.716182744826202
0.778175648505779
0.803286001938041
0.773578538165416
0.655230388135173
0.698261583090097
0.722544496956215
0.666229169135203
0.680600904841403
0.712049194177788
0.597372059467125
0.795808900908985
0.817916308603424
0.776482593034404
0.76916495357132
0.836322237479668
0.801334801544404
0.795080066011284
0.780372662372771
0.80558112179801
0.693720094224306
0.699196684592281
0.734860842330727
0.692924487266108
0.693299137377037
0.821444879276026
0.819159594199716
0.73717530661491
0.802942771484026
0.625062871752742
0.774754993575843
0.788119790431229
0.818955444906171
0.721953644561018
0.80931569122983
0.749273393984666
0.742362182022948
0.841144572708444
0.746415472111554
0.758076915623645
0.659794916176859
0.7805435136057
0.571033195380032
0.778854479127602
0.743497506778057
0.738826049463182
0.767814984307392
0.807747710087637
0.82224433470283
0.790882710663309
0.51955264877511
0.91564681041527
0.747451869912732
0.708779302463175
0.868865544276754
0.756267700942518
0.603607849180455
0.571627849097707
0.840558624791335
0.82654337816635
0.860098940959953
0.660965726924494
0.736957460627102
0.799911064440934
0.817220380827563
0.743304583384807
0.709180464887594
0.860804270721628
0.894188828734774
0.765144335442883
0.939265667538758
0.816877435582746
0.738238893651315
0.924780799386948
0.919005590043668
0.77105889707827
0.965770199991814
0.798883928361659
0.643668612613745
0.920712821008534
0.973798810388207
0.861598033745063
0.848206196549815
0.881642107038047
0.82795326071621
0.931236181682965
0.82542085076037
0.780722880462296
0.926942894741503
0.921622511321176
0.858399256895518
0.908659694720933
0.895029464152801
0.932846915864251
0.885968408654464
1.00052573859352
0.791612115287936
0.991913951065547
0.875711785144509
0.870903911872774
0.831371419150278
0.886133490343251
1.04162928861675
0.952253316766453
0.885509096583262
0.865428056357251
0.947333707497968
0.966497714629472
0.816688407101206
0.93157394264188
0.78256656735972
0.931684702799494
0.966021157299864
0.967206581722203
0.773985549601991
0.943564849238392
0.943626478128617
0.875924184917616
1.01860058826523
0.999680244574156
0.684765126090604
1.01790687265656
0.839178854623668
0.802951222991527
1.08539226857619
0.916755644758077
1.04300228988273
0.93566165518449
0.797785227141855
0.774698550384868
0.988205142673679
0.995512370407515
1.00801128158594
0.955408629601111
0.864758220104579
0.928473098122973
0.972280240885622
1.02337013303348
0.982972750574475
1.13947239239753
0.947382162370103
0.995293085706833
1.06289836646507
0.908473057876669
1.10653410267336
1.05388394974889
0.846203071065753
1.03292391656822
0.960285032814478
0.979389145916344
1.0528697294681
0.96285136251349
1.02078921402971
1.08683829659715
