0.119064313141745
-0.98446839623082
-0.923880646557232
-0.940356602438395
-0.969481982359876
-1.03874599265218
-1.05511909691019
-1.02491980549531
-0.873224391253769
-0.888293784423568
-1.07301416247342
-1.0465392598182
-0.959598022997908
-1.00205285208123
-0.990497824874118
-0.981710112645293
-0.926457133454145
-1.02611561767514
-0.79949804469268
-1.0351918244969
-0.840379117390343
-0.780394867345713
-0.831189504620955
-1.04086648489819
-0.998206319057094
-1.01123933564663
-0.904365015205162
-0.872916354021475
-1.06103464822278
-0.831345727701322
-1.06044220133908
-0.954073794219952
-0.988089448092131
-0.97166500660322
-1.16457381827192
-0.855088937363399
-0.956224320154917
-0.954633005529269
-1.11168799832831
-0.998642068939318
-0.98746754836589
-0.821440984253097
-0.807734959316143
-0.742590529408123
-0.820757429388979
-0.838864796539779
-0.868981261024435
-0.957375243270659
-0.896805606676667
-0.932304078662607
-0.895608718548544
-0.892182371336183
-0.889838544226558
-0.757709518385224
-1.06327857505913
-0.697402048735724
-0.910525878590736
-1.00047715057553
-0.832427314307542
-0.826744992546783
-0.904224042710209
-0.817763863749867
-0.827550582155154
-0.858627168250021
-0.816708487818723
-0.950557881287529
-0.811845771961763
-0.722010001748063
-0.927110802323529
-0.765719861057605
-0.865525372943932
-0.896167171866652
-0.725555553328033
-0.775680680985781
-0.675838852393319
-0.95360639334731
-0.806784988224899
-0.795671685716588
-0.858272336971432
-0.870609656010417
-0.732551017775564
-0.811134025931327
-0.927726858625061
-0.796811052645092
-0.66110406353026
-0.824881433114004
-0.903117359428953
-0.75372326442333
-0.898846545648581
-0.826272579616153
-0.777221342506026
-0.794462602515008
-0.839834291640211
-0.918911963632035
-0.779709702450456
-0.726876193590783
-0.693989071410972
-0.82853522700189
-0.664211207960698
-0.797989642215546
-0.827709358008465
-0.843506677411131
-0.848861294437597
-0.871843546563484
-0.868755933096452
-0.779252411919673
-0.941952896031575
-0.715472928827804
-0.711967377605089
-0.710079592379676
-0.80222161665357
-0.74529222971992
-0.6753805099324
-0.679692823248279
-0.799215978450797
-0.712995540579847
-0.812545378336162
-0.850099534568762
-0.71926132721504
-0.796208481654702
-0.699244153720968
-0.838001111284026
-0.824343404889726
-0.61212230640648
-0.754012496381514
-0.747580913730893
-0.703573663602498
-0.771862698966724
-0.727944692747865
-0.728291004059317
-0.609133116810276
-0.780966200556414
-0.83088765656279
-0.751961807690816
-0.733224257264403
-0.725627399065
-0.763105898091398
-0.634633677062968
-0.85326582739858
-0.623571322780548
-0.516882186930301
-0.674922621201055
-0.706647024887226
-0.745271705384346
-0.807091618192494
-0.658222762648475
-0.824666650980832
-0.583785492133086
-0.626701704774357
-0.673050110917464
-0.673918254799567
-0.631472310194999
-0.628365202117044
-0.768346754227473
-0.642299037035133
-0.723167972554834
-0.731085710649883
-0.678232558873951
-0.575414051049518
-0.523380463219498
-0.624950353995144
-0.545646447795912
-0.699906246817492
-0.662431830926862
-0.540900665007227
-0.617224457509493
-0.662890019268122
-0.574135998542427
-0.751247085268486
-0.543346939170394
-0.557704086671694
-0.633443037785273
-0.689357254112345
-0.596358336838619
-0.632464682098065
-0.677326641485429
-0.609455486809814
-0.722796633473407
-0.685913625315454
-0.497549002376012
-0.750237996806236
-0.483296146247213
-0.622918288112185
-0.713999089168522
-0.770464927305005
-0.55475676057258
-0.670920961765784
-0.697337071958613
-0.667429636091085
-0.56972895588309
-0.777718545985209
-0.740768568120145
-0.577597451172208
-0.550607785208546
-0.591050278534328
-0.533581048819607
-0.547937775842421
-0.689804024002454
-0.573677246267892
-0.680307901558687
-0.572098081918794
-0.600323915990903
-0.571476035061848
-0.529717519104953
-0.642670477201761
-0.533169496310524
-0.553782796164847
-0.572634742194125
-0.526601451498619
-0.483199754121696
-0.595636651788478
-0.585845116016289
-0.502610746000259
-0.457830629774803
-0.611670288010741
-0.511131629872336
-0.556358493529853
-0.476796688020197
-0.564521994141993
-0.518622881619216
-0.471832243533085
-0.606938872757423
-0.605248834237706
-0.645469362923504
-0.584532484290806
-0.604902598989392
-0.570659478055699
-0.485767841902214
-0.627637494663051
-0.468384680824257
-0.628651677197294
-0.533956238420351
-0.39323876109965
-0.546378720251603
-0.485691901883655
-0.609651760585532
-0.407249479970133
-0.41530504327591
-0.556861068997263
-0.459088810007483
-0.622272183727625
-0.556515355101877
-0.479524217713366
-0.545631427118721
-0.620115972528093
-0.665997308744075
-0.497832769198961
-0.491054677661221
-0.497659771331607
-0.307235698056211
-0.432229228486085
-0.484111907789027
-0.447299757505967
-0.53958031154169
-0.544046172673495
-0.522998606776589
-0.49529458583029
-0.486620473659592
-0.561037823966417
-0.492387347243682
-0.644988493122992
-0.340152376276004
-0.456234577324527
-0.384204951649453
-0.653169907391042
-0.506322808234502
-0.604523714423091
-0.503556258937541
-0.302191247258435
-0.558742717595743
-0.440484504292377
-0.463846372491693
-0.425814977421921
-0.644282172464215
-0.49031609151744
-0.482517448575448
-0.568553355362308
-0.615063938323963
-0.637435378365604
-0.584979068336484
-0.370957718117861
-0.343851839146366
-0.529856281884595
-0.411498799037285
-0.34089765398463
-0.439557257678115
-0.269586949569959
-0.462892932138653
-0.45795755135346
-0.464797031482171
-0.412534032784769
-0.398011725913854
-0.488735486394311
-0.402893476569123
-0.299602173851688
-0.478277564017234
-0.481159015010727
-0.491734343668679
-0.302893631499217
-0.283737013390724
-0.391143838891465
-0.409849856801686
-0.439899543472627
-0.418809981096204
-0.291742809096482
-0.359566097181026
-0.418894575102384
-0.610563063614826
-0.485397389707807
-0.307941090752167
-0.380403687605566
-0.288896654446176
-0.206386423130385
-0.437628881017718
-0.509608363885414
-0.451285795822844
-0.350939414647639
-0.375803278533645
-0.306317938797224
-0.437342349472945
-0.387629032313718
-0.416554345507633
-0.331051153173245
-0.265675834504079
-0.322234880346625
-0.333356885663406
-0.424210648035457
-0.128022780467661
-0.34948470245215
-0.469900067031026
-0.270526747872025
-0.399914013275873
-0.302552099255859
-0.177849455461971
-0.531792119201502
-0.201827416680869
-0.408562560800102
-0.281547506393763
-0.332525147297265
-0.341519439445635
-0.311683133017648
-0.353686478163828
-0.383422774698377
-0.33095797479206
-0.247475626292985
-0.292637269715678
-0.31343007200642
-0.299127859205455
-0.286496516662725
-0.328420184780829
-0.379380734447129
-0.377409242455494
-0.180828665587618
-0.225380922807904
-0.211460437338046
-0.262691098649043
-0.312540313891028
-0.267189248750471
-0.243883705596356
-0.27895841997186
-0.284073751968092
-0.280341828616461
-0.328880907875747
-0.262396299298511
-0.210406513849443
-0.237415806508874
-0.315622206677648
-0.190814713836413
-0.353011805385248
-0.31296977161265
-0.13015748278571
-0.219492053683251
-0.098312564611714
-0.336254553884969
-0.175858775723705
-0.300099584112003
-0.226826597435678
-0.14043563307468
-0.180967673799096
-0.284876402840568
-0.235146138242725
-0.299414623277641
-0.402462204555303
-0.173145617085436
-0.293674395623863
-0.181144395570333
-0.13903859318716
-0.273439506374609
-0.0927879124020348
-0.206407464683903
-0.215569681542123
-0.226888957497238
-0.239890942821394
-0.228875053975502
-0.218374522523565
-0.189878349864488
-0.230781146601554
-0.0398542007140205
-0.185286346701781
-0.190867955092885
-0.14225403745113
-0.137535450983874
-0.144613205060135
-0.218442413435592
-0.123944822921264
-0.315379086185193
-0.185236212565882
-0.253603054048253
-0.18212642071199
-0.163148309085117
-0.12984489794448
-0.275240419395189
-0.224652457928192
-0.167701311377015
-0.234272763635716
-0.0912422650467603
-0.117605645382599
-0.183623634897103
-0.283136115799789
-0.232683863508821
-0.0826757859432393
-0.0540278833542251
-0.294444032758687
-0.0830247472196428
-0.317758279979017
-0.108207147107744
-0.15550238615104
-0.0496949739812712
-0.0239894235289692
-0.140733949509967
-0.161563069696287
-0.166819912971589
-0.0600366944378959
-0.151961668088259
-0.0371633442171112
0.111520693184689
-0.0627011699634374
-0.216624963843797
-0.180163737352231
-0.129212460525371
-0.136501664313674
-0.202240423194937
-0.186043545512961
-0.0810610527714504
-0.0501223758317032
-0.0457494290131756
-0.134587991952837
-0.169596437795891
-0.00715326690057967
-0.187849499256282
-0.154580470555434
-0.0293628929778049
-0.161595766397743
-0.0739408936762082
-0.0982482219938228
-0.0650062693948425
-0.0757231032167558
-0.0672020783588114
0.0430664643403629
-0.0560776332107797
-0.106228917921941
-0.0713286899892262
-0.0966001553837589
-0.021840240527794
-0.11008788001968
0.00109851048446352
-0.00703409607942941
-0.0567307859503599
-0.0911621474481012
-0.183672918613935
0.134765855497975
-0.0245927893279585
-0.0352531095197723
-0.101094197122575
0.0492343858021895
-0.0663549150065898
0.00938144803628717
-0.176349650757599
0.033023577444294
0.125740407742955
-0.0870039383932119
-0.130273604197943
-0.0555323631328258
0.0790452163824732
0.0376850702201142
-0.161380024032194
0.0040407897124078
-0.0452527812797281
-0.00977885521437465
-0.0438520689639677
-0.0479682629646858
-0.0261344080624621
0.101627872691724
-0.0942994502597265
-0.0187807607469253
-0.0331193281776236
-0.0226924924506505
0.0292282573696187
0.0473769737734235
-0.180958822570218
-0.00382840387673411
-0.0829385370536805
0.0250110310954658
-0.0431687987019
-0.106715073832813
0.0766459491815469
-0.0428069176096574
0.0969945270225661
-0.00973443222865938
0.0841678809944361
0.148210783356344
-0.0151230834744808
0.168759038579686
0.0434573044087362
0.0602582831674416
0.00442887359208128
0.045927158075157
0.0945678972991559
-0.156653126337307
0.0139701004274056
0.0325954720614681
0.0705605863285627
-0.0420681250262207
0.261704366082069
0.0488016497687797
0.0724871341647258
0.173258614140965
0.121115918537032
0.0597224695524931
0.0674285314570775
0.037794567909763
0.0951920570486137
0.0117046940815642
0.063465376067948
0.0914995207930616
0.0865933781883215
-0.0250825706068197
0.058530793831589
-0.0114592537643966
-0.00446004196909205
0.134721894437291
0.100069008998314
-0.0453445165995465
0.0147648152087119
0.0560186980786409
-0.0217642944318186
0.0577764830248262
0.0528050020215542
0.0417195159843061
0.153965548610261
-0.0477796456888497
0.112043911732881
0.0276591609738377
0.177576392302026
0.107029538380579
0.0668490557499001
0.159959509610517
0.32335257543547
0.124563538296383
0.127112727265052
0.176671015330275
-0.0294660872907123
0.0907489638206978
0.0855583379111203
0.199181844655037
0.245564428083253
0.172797920004554
0.17480713117634
0.0508562412202019
0.117603185434578
0.184093338873739
0.211689171862809
0.136546025979681
0.0194675293670784
0.114917097088481
0.201916845491449
0.193754981754528
0.109022167413874
0.203573016990996
0.0912946430048639
0.364626984867115
0.058252168127184
0.163299219941892
0.174866109018611
0.256646668067407
0.20046799281232
0.0496516862276244
0.157586315621063
0.260436139814107
0.215752826196052
0.243563905492803
0.20265985563887
0.162023907858479
0.135701755700155
0.0197814824386723
0.200377457435456
0.126669653064953
0.0658023696127516
0.292409953653958
0.151617717934173
0.200699110798032
0.190685324404265
0.183391561885518
0.165598436149039
0.0949801122131584
0.221234435864911
0.329310823418177
0.218475450171998
0.248153784912938
0.175947165374014
0.163957280292914
0.229856108467976
0.113305172757721
0.187830629001488
0.331613157272703
0.141509819755226
0.287937879897523
0.25230348362459
0.273181441583483
0.256680271126752
0.231481526765771
0.388094828619342
0.221961271462104
0.258080443596578
0.21047112451699
0.290898303624814
0.319149009395414
0.241014769148362
0.167795206205743
0.17340686341487
0.015540533959591
0.187667363692265
0.293444058103565
0.344537975146948
0.159290383015141
0.175183059177742
0.394899200618136
0.371896579010163
0.302310895728226
0.183758153298441
0.368736272473926
0.263586100903376
0.150040345639444
0.451141234810309
0.207766759333194
0.223401007900643
0.266108242353855
0.213077419636456
0.24349744337553
0.2173736133108
0.260330137586061
0.339339180341123
0.293303280646495
0.218116234751206
0.334517725797309
0.358923745907269
0.271101139744224
0.373058833329918
0.211032172657684
0.201383098854756
0.500790371070998
0.390739097326328
0.393848027742247
0.335408102459371
0.237388132645789
0.20974566369421
0.318742900040348
0.314816420644052
0.390602422070918
0.360735013974725
0.285739341228125
0.416800539158257
0.364757736211413
0.40665822870684
0.403414662307653
0.441208788849976
0.300934548720026
0.319418869906329
0.253632458493471
0.25265707424616
0.494672389352323
0.339924751485386
0.368142805569138
0.195376005346579
0.186629704880144
0.357243892102703
0.362494401104647
0.300918882355862
0.233203125822118
0.33628016300184
0.395159612251821
0.369471565064484
0.295106883157099
0.395213655262278
0.32384747249442
0.347235114179755
0.4912431935619
0.522228660460726
0.371229270899151
0.542096999310043
0.227238329524678
0.459230531768637
0.427549695368374
0.48166259628573
0.421537314858138
0.303983644513558
0.499370072443321
0.396404447223608
0.567102154885313
0.423379724570172
0.51454416587233
0.585674873844139
0.402035291834033
0.439438032647641
0.365662818085454
0.389180256236732
0.349579812339908
0.320285001601126
0.543758590682658
0.376355110417488
0.461032711395383
0.416860981064172
0.401588282731331
0.387417104963257
0.326554554003196
0.249265300803572
0.393774528217305
0.274047518233995
0.412977120772033
0.385759765755682
0.418127475365506
0.38581684551698
0.439199466814918
0.514903330997766
0.369607583622165
0.325170086938572
0.534896890368964
0.472361177487082
0.574924355111803
0.584874919306488
0.584555179022448
0.599432976776273
0.431929269704885
0.628654697152668
0.338428305709396
0.547722004221646
0.461809713211602
0.432681328775201
0.49269057493719
0.409482659089422
0.406411254164956
0.571271165236305
0.52402663012097
0.587905273548117
0.398986968551933
0.457153185520015
0.429278312631291
0.362335164011064
0.652501599506381
0.454054252102287
0.602549466888269
0.614836911942724
0.574608452324234
0.458000779791701
0.601568709042616
0.471157088625126
0.566660660046428
0.708241710031592
0.573560611755888
0.643657607325798
0.548361843163705
0.371685104228653
0.5869954918699
0.531313519286817
0.611822668312514
0.537888469108867
0.407650541964803
0.476290363941759
0.64297026972025
0.496095126442024
0.519316352044922
0.594917252270321
0.494749561755208
0.383315704511815
0.490323744308296
0.595662235487129
0.572092562063888
0.501701993813276
0.535221919266849
0.611713661243664
0.733453306936869
0.729918505199408
0.565361438517506
0.527871355924235
0.425598593196502
0.486856315470659
0.620923037711646
0.641264405435341
0.6492999547157
0.520638857021561
0.577332542824529
0.667711257309048
0.660601485929612
0.502768587330262
0.607394187373414
0.555456855699203
0.665796598073771
0.57987624269557
0.527216978534389
0.620277602248492
0.649377554334255
0.623956534828844
0.524403332620707
0.693497187613512
0.657187146362839
0.682673095094781
0.660312366546192
0.639021299028311
0.530363123688261
0.719707490215009
0.550180031478908
0.656044491910615
0.676518873905294
0.583495566364393
0.707136223354527
0.618132666924234
0.644179918818346
0.546079086093116
0.704539099109796
0.644419205456511
0.647818892836381
0.636253639582459
0.710572575383053
0.779325894806134
0.729632712251985
0.726442447055436
0.739391187212428
0.667762106559831
0.698570314663299
0.420520869030995
0.655060718085444
0.780235796281055
0.718880903428403
0.621175617958185
0.786912467882523
0.571154089178325
0.761716204858566
0.633377197327492
0.653311023074192
0.641698459862748
0.64823135155975
0.676035499491861
0.686947779677817
0.798626481163638
0.797572289831546
0.773574141191801
0.796825798220929
0.663827232791156
0.737431195198583
0.686350523510406
0.672706353826532
0.760728140899545
0.721396094592555
0.666804046235822
0.89897500778353
0.714453721470618
0.679116947474145
0.811289686136338
0.844583482625157
0.736649454374807
0.581959014428199
0.592404473670213
0.674029940666248
0.810768972626522
0.775085792113836
0.638249619435597
0.669401122031869
0.678274784625705
0.822847118267183
0.841230464809792
0.749562675031306
0.717397514200684
0.809560088085522
0.834392867341715
0.715875938546161
0.805981276173584
0.842384004531138
0.594820167360356
0.663986021876166
1.02324669867515
0.574983075442901
0.738732856158034
0.882979901287241
0.727250764946028
0.954179205148052
0.740564075300659
0.723448429282609
0.857819721007003
0.723659761986573
0.609811480168093
0.791193979236676
0.806955051563942
0.781127443064202
0.888172839613521
0.724263849164042
0.904229641694977
0.947730914159476
0.887942736130405
0.887169565664433
0.709548156166741
0.878114085169754
0.70038437062953
0.834373495439319
0.867232307242138
0.915888177442186
0.803920165656762
0.742254626183944
0.920806865793637
0.754016580159171
0.953825291114883
0.856449799982492
0.893459123143541
0.828496672497235
0.827090066071828
0.75960803958877
0.885394497379217
0.810486226933637
0.805193880066243
0.782819875760649
0.796817139905004
0.832667649629598
0.757420586695564
0.755359114860559
0.904880201099636
0.865445129490695
0.832389442089914
0.899801728851363
0.919166111756189
1.02573321013278
0.892213612076394
0.773210381369088
0.73696407232164
0.9268837494182
0.866513247268213
0.881061002273216
0.807683388529525
0.853428536279224
1.01434081333934
1.00470722851883
1.0022993672008
0.954366094997596
0.792300466170344
0.829560575700891
1.00082853683149
0.823491648713376
0.939259500380194
0.960983932455321
0.922218668494279
1.03075767366712
0.870598003004795
0.822350869552681
0.800334729303354
0.963943067906558
0.900037349155493
0.913161861131502
0.861698666833828
0.880946521259196
0.958056414188698
0.900435214851026
0.927316810569687
1.00166515761925
1.03258169030931
1.11446591943207
1.08373995393994
0.889047705065904
0.897022657502997
1.05703984854719
0.880470856580816
0.932336050374429
0.818175626062028
0.91011646386406
1.06124459055195
1.02939354425218
1.02132875632527
0.874804472503187
0.955315604653407
0.888565994861043
0.897923507819414
0.945633636308301
1.00680644631295
0.921116731703066
0.953612089047841
1.00584012534501
0.858966858384731
1.05897885755465
1.00997680865629
0.852983518181687
0.970505553885765
0.927368788033113
0.981170002849866
1.13589651059116
