0.0327812930588797
-1.00330822659839
-1.04991913708136
-1.13229671215073
-1.00249922647711
-0.836936150155413
-0.934909386415382
-0.971196299441904
-0.924104206195705
-0.949573205266842
-1.07489713851108
-1.03363701709161
-0.920272249929506
-0.966387173543226
-0.933974347467809
-0.891188832465864
-1.12392126156833
-1.10579459579618
-0.932759522797862
-0.944228344717567
-1.01881806707221
-0.946271324100867
-0.900273900584603
-0.983106614704087
-0.907589836307192
-0.870244023856302
-0.961764681089947
-0.963351526387546
-1.06670146702997
-0.841723072500005
-0.997562947391178
-0.991767806435123
-1.00136296880251
-0.91925394328195
-0.968766510171975
-0.907946037980259
-0.929012894771395
-1.02941865963697
-0.896882260412786
-0.808986877042266
-0.845013068408129
-0.875824792701328
-1.06805015253845
-0.950418053488891
-1.00467925478792
-0.997444125542891
-1.01061901868292
-0.817999345865954
-0.887604217943471
-0.879944573161428
-0.929429425877207
-1.00207075503371
-0.755828237695548
-0.901894428634562
-0.832987766745109
-0.881496112045814
-0.946235909839336
-0.995798395598859
-0.896968822983187
-0.831237038506318
-0.952890509648398
-0.829825076038919
-0.72551373060647
-0.841071280410133
-0.955369021650493
-0.69487076668467
-0.813164209605689
-0.849284023860674
-0.738792297790638
-0.761037690051043
-0.792190333657784
-0.794535937270512
-0.916602193769511
-0.854136710908091
-0.813439121095917
-0.708420521851992
-0.937839825323565
-0.869268180381309
-0.895870317492952
-0.97715348550984
-0.89228681789354
-0.853707003968135
-0.877469014072826
-0.708141633803205
-0.772573717978246
-0.825788801639658
-0.833380476164505
-0.68560849139739
-0.717134884392008
-0.89263247444966
-0.741279084377404
-0.818950336778704
-0.715731477775723
-0.987107824965316
-0.853880025786072
-0.833661717986412
-0.81694914420056
-0.681413916968518
-0.802939947812913
-0.697983135677827
-0.850527309401777
-0.753484451755111
-0.84217392433938
-0.798188013116235
-0.84155974548867
-0.746599994994576
-0.71382015797249
-0.688156090531305
-0.935633853384189
-0.799843759399774
-0.91334904517844
-0.716814265315045
-0.784580482182801
-0.735619614848698
-0.837980867421925
-0.821772238820065
-0.755197959376538
-0.831546398908044
-0.94814602592141
-0.673319084952709
-0.812307512353811
-0.843879295179303
-0.817596965341608
-0.686715582474068
-0.746976930469198
-0.697414188209834
-0.780655753471514
-0.695143090789726
-0.745345902710682
-0.937022052147109
-0.68319482341936
-0.826288125458112
-0.653499773266468
-0.709365398994989
-0.688307224018401
-0.740294029052811
-0.780660158355467
-0.772584496353943
-0.723790924267584
-0.668930962906456
-0.639963789498829
-0.852458958950419
-0.696973964446512
-0.787862306873308
-0.761612989723225
-0.737953757770154
-0.665021368597584
-0.748341609281916
-0.758561842494457
-0.810108651859466
-0.698934740840061
-0.760684360864428
-0.771161836758345
-0.631686707471433
-0.801361909668175
-0.666915881809436
-0.638870345953294
-0.663776661636645
-0.709628270357961
-0.641632646886604
-0.801851768949086
-0.634132499604774
-0.612045168755906
-0.695952863364445
-0.688632552457631
-0.812065404604661
-0.431753085532889
-0.561856912094588
-0.663595122902154
-0.63578773678073
-0.737705216892642
-0.675936887757867
-0.556454676750274
-0.68983759177569
-0.640875004907227
-0.582019078822976
-0.602700030463256
-0.52004519171857
-0.639267343867792
-0.740425185213751
-0.688732961234969
-0.516245369981998
-0.4828005388342
-0.633988357519627
-0.640007035523132
-0.650074042541833
-0.561031115647033
-0.537935224826366
-0.513526994856193
-0.650849394449396
-0.705880955158968
-0.612021121002249
-0.647644704059085
-0.596761808809371
-0.547494694966273
-0.608043384314771
-0.634669479441618
-0.777685396115736
-0.693052584048151
-0.563204811404946
-0.669386282490283
-0.66397894920317
-0.627973840951481
-0.422324184828103
-0.525864653011053
-0.661441725218568
-0.557343047419855
-0.659833474290055
-0.718285421055881
-0.515265528164817
-0.38041367683059
-0.549424445703775
-0.665730321155555
-0.527737418854933
-0.720199555514394
-0.737439523378911
-0.524856640594271
-0.685299607372534
-0.514534806359527
-0.616080279311093
-0.618708883114381
-0.637351221195616
-0.411954198371016
-0.531818217095771
-0.589897336371689
-0.532585871052131
-0.335106633865926
-0.449298144416086
-0.661694813962074
-0.618498129217294
-0.39613608804879
-0.553582372902592
-0.534191917447556
-0.654258056984264
-0.528928001560412
-0.394267944254817
-0.579741759741318
-0.524962709769478
-0.602185920638787
-0.636282115961776
-0.58570911700838
-0.490096091973992
-0.455936057248305
-0.477143823509574
-0.354529454493009
-0.542478211293119
-0.498610871649286
-0.504631610203421
-0.696551122713295
-0.440155356226727
-0.614591298996279
-0.614360528007685
-0.525148240771943
-0.380907455787982
-0.484565266182202
-0.475414762644542
-0.56103058615804
-0.560195451865138
-0.605186986312325
-0.419576895663514
-0.557107213808663
-0.583137335242609
-0.47505175096108
-0.489720585247027
-0.48813883590016
-0.415255135666943
-0.455136210389768
-0.369527890953763
-0.469240817501148
-0.445005852318105
-0.572107844106527
-0.447791975813189
-0.576134404413583
-0.401810754641093
-0.389755470663308
-0.472037590207446
-0.382462496934581
-0.511282522608539
-0.488728654599981
-0.470701110140738
-0.437433599497161
-0.3673293688954
-0.422575548113072
-0.503679031301387
-0.395298824846446
-0.370450690384456
-0.53987758770194
-0.522321858154305
-0.294854845837816
-0.498767580134622
-0.388328622527988
-0.463666526325968
-0.40736117935265
-0.425726225782392
-0.456205085748093
-0.410206174350033
-0.464625191929991
-0.320768683012624
-0.457231204249046
-0.419667543476455
-0.447329544396314
-0.325563511843339
-0.355872784911586
-0.270658102135977
-0.288667685751903
-0.446620959852009
-0.262295180015407
-0.429076425633265
-0.485710909388813
-0.418252694390083
-0.357316723003637
-0.360436341019824
-0.333771572000724
-0.445649830115391
-0.505616360785862
-0.397434236513902
-0.313396195841932
-0.331336450611119
-0.351028177513851
-0.434470760384519
-0.386649619139428
-0.276602791148721
-0.29013108777463
-0.422853518113182
-0.295154793880739
-0.21623289461896
-0.257916337034334
-0.280791886794867
-0.304410578595425
-0.418044318970938
-0.540433813888981
-0.354944802535553
-0.303533931595644
-0.189670121026822
-0.292676469454452
-0.35980589865886
-0.33206389106214
-0.266789705938651
-0.370319679883059
-0.171432794347372
-0.402897252586072
-0.323690982627413
-0.398565617523584
-0.342033021836626
-0.309593852588386
-0.411819542575819
-0.274424730199285
-0.267799886086961
-0.368309218741229
-0.434376653285262
-0.303355875228759
-0.508940437216066
-0.303175484223968
-0.287107869897213
-0.192362942954368
-0.258556194469216
-0.338469618716398
-0.397818095537896
-0.273817495396822
-0.285504710590057
-0.331862789008756
-0.151412521848463
-0.221987429030173
-0.363896880929854
-0.427680330382109
-0.285238791535332
-0.232707275034286
-0.299355857216873
-0.281724414094165
-0.210073243805801
-0.278577254185332
-0.273652377343943
-0.285238211436334
-0.252865607116339
-0.220565064629184
-0.380802646176165
-0.303038812768827
-0.440072197695882
-0.192116746894948
-0.342716992953504
0.0576541776573282
-0.207429055884488
-0.307621646298675
-0.200696904860875
-0.243877264435228
-0.22938064096391
-0.167295942780314
-0.0217097950710416
-0.22217825367658
-0.199585652077042
-0.231090989708291
-0.130994796347278
-0.258015250204299
-0.120756983721235
-0.39895935123067
-0.201492824829545
-0.261140474154461
-0.22745479401399
-0.157113747026175
-0.287693712207415
-0.196474784104192
-0.154454638728789
-0.139223319109675
-0.18397534792772
-0.18190785184274
-0.167535917496297
-0.154245237425531
-0.204679313448797
-0.14790784057442
-0.215452025824755
-0.1914279626108
-0.0484885238794046
-0.323137023789924
-0.262192962537106
-0.160863235950836
-0.0802779614481463
-0.178262990900613
-0.0202473568446814
-0.215308494801537
-0.238112959845307
-0.0453586621164224
-0.230075432723298
-0.215867943986697
-0.128371418395437
-0.124031038491287
-0.223664291451702
-0.0503788944565146
-0.112624761226072
-0.0786745540366632
-0.247817594666771
-0.0825799652113336
-0.0163581412797124
-0.188064424492089
-0.228117717769257
-0.0354385369434301
-0.167028532852377
-0.276195132635384
-0.295103228576724
-0.0517565956629051
-0.130905018163026
-0.0957500060100761
-0.232973145005976
-0.11494603256045
-0.124669672057854
-0.110641992437232
-0.0125244338661506
-0.067067960483571
-0.126215666861693
0.0384827146353084
-0.100144767923888
0.0663301456264164
-0.216052387450892
-0.110980996015846
-0.0544885727109313
-0.0154278194329471
-0.0709993107620737
0.0115871410850867
-0.178277033365646
-0.0497203832385568
-0.13063219457561
0.0240081379410014
-0.164994772648583
-0.0719097569831912
0.0187694751279834
0.0222360432562861
0.111126630912215
-0.0722731221335388
-0.0903458019598391
-0.0973276033598358
-0.0555160986681686
-0.00483160364127211
0.0360916992574483
0.00824590504016677
0.0489487815441572
-0.0693139257977059
-0.0454614401546378
0.0202485348062157
-0.12316270759449
-0.158362224773166
-0.0927712160903332
0.0804426864660351
-0.0625518229483757
0.0185199465405304
-0.0221697833229968
-0.17187443186719
-0.228353728735349
-0.0369918817212435
-0.0124457504789052
0.173030265545718
-0.0351225864252133
-0.0109928027271794
0.0210548508557821
-0.134197213470341
-0.131322287943546
0.0511254492955486
0.144084651705001
0.0633761116520009
0.306171016519688
-0.027406740635434
0.0256026598277052
0.017212250783807
-0.140138729258796
0.188149857692863
0.00312635607024506
-0.0945882787287224
0.0491386994130952
-0.00871244733226792
0.142914477894166
-0.0939167227684516
-0.0804823690043099
0.0561926421345628
0.0175742771377034
-0.0376435934938687
-0.0180953576488288
-0.0483490529458362
-0.172977339564843
0.0150947563718184
-0.134985259459875
-0.112144987564767
0.0211877914290641
0.161828105284203
0.0709219444619456
0.0756201373020548
0.200215868071688
0.0801719341019528
0.103125679650925
-0.0597478622779579
0.163255201699942
0.0945461982497435
0.086531660533519
0.0689883594849261
0.219332372762892
-0.0335860522675372
0.134405579132388
0.0773300865306673
0.0402113494301314
-0.0160426029365837
0.0791806876928516
0.126987230123091
-0.0122373106021091
0.0861079974366234
0.0167232993914269
-0.0057027867701696
0.142930066665782
0.110409605561675
0.068901299874089
0.105173050366396
0.16912102094074
-0.0287014687130852
0.0236417445011385
0.18211148636035
-0.00469594752317527
0.157836280362994
0.00784141404356577
0.0869028746547016
0.0653759570380383
0.179731591793029
0.0108483940124104
0.0438294181393614
0.144625180753667
0.158414761414646
0.0922079383229172
0.184333859815747
0.131422864872034
0.174432780638891
0.0862397695230858
0.0852242274303248
0.161538443203006
-0.00194151777891071
0.0747152049310764
0.114044660543698
0.207437309896792
0.239371657620511
0.177654567276265
0.193821074609123
0.148204745672311
0.0574618159105071
0.185298859645455
0.0569685387062793
0.125043531272196
0.0333379910862447
0.255958152190512
-0.0118190451526028
0.185719947811469
0.0838699798399817
0.356938993368572
0.0184401207612316
0.110085972668399
0.222871109697875
0.28165242761838
0.179117170372807
0.147268312751741
0.238610207694444
0.23611205195955
0.202852855622027
0.188306837280862
0.0940033106452772
0.22502537191281
0.229206913950843
0.0918754434154701
0.202832676775593
0.047457592809944
0.169018753445935
0.158638004288751
0.378161883573755
0.310977052648164
0.213051462830318
0.169608098478958
0.255652861341754
0.036948361761449
0.109876087526594
0.197251049760811
0.158882885584661
0.0563455060885953
0.216056335000255
0.224580971878221
0.0194363614821085
0.177317206946224
0.253911510616904
0.264383167632141
0.358856267946537
0.192605951300038
0.227768640361349
0.265748435172126
0.38258941343228
0.217353602646062
0.14910318208947
0.224171764881299
0.36584258894405
0.299881274798108
0.152791907102944
0.273755170350331
0.281316366915343
0.0851968143037277
0.344439491383041
0.361937350600691
0.289588549900523
0.273686851010866
0.177230293955052
0.24235040683989
0.209003044886773
0.18388852758532
0.313359942815274
0.293870981510119
0.309204462201868
0.261559955201995
0.38210407853629
0.138438527522745
0.281267378117482
0.383770624868837
0.346420552866055
0.294276906393056
0.434919977099065
0.295090328546274
0.262136044551348
0.363175700411603
0.376251060513214
0.361970664642013
0.234872336145307
0.361158950892868
0.345658689457055
0.256581694157523
0.372437530238816
0.337160065354273
0.32756911981061
0.269826038957282
0.27254448804834
0.344542484202805
0.334055588197367
0.34979840817654
0.356795049914044
0.311329177962329
0.296743171508044
0.39815749563034
0.395199692613324
0.329597614628425
0.192533889181654
0.34300794433277
0.363314678763759
0.241962272907127
0.342036951647895
0.328712267343909
0.30939798727665
0.408457792482923
0.387280993367027
0.431817590554001
0.400843759976691
0.285334429211277
0.256154310413167
0.347939327176299
0.298524724805845
0.313463421202811
0.353837067549732
0.392868093847923
0.351804614995593
0.54456839350977
0.541273079814251
0.434703541116192
0.475882004532475
0.365831951498443
0.426611527359783
0.535779242355451
0.45527119883518
0.454558474717594
0.414185472258544
0.376311836271563
0.447122369927691
0.19122741312629
0.233848616946587
0.401312544526257
0.276586025687365
0.4510893786753
0.505445337451131
0.540121550741651
0.247513857223243
0.532927393425346
0.411356876210899
0.377918032475325
0.438081813399385
0.358593640806807
0.393771152398613
0.306874030638611
0.624381047081035
0.381213437693782
0.636610972074383
0.567888079171155
0.376810912547817
0.410300048806846
0.268458953962623
0.41263965454905
0.479917177847228
0.586651244939358
0.428331150334857
0.526924381217625
0.424608648084832
0.415342993249753
0.481577594811404
0.403432443233584
0.477028213336985
0.306578880533631
0.415016099366176
0.422412660134892
0.461238121676447
0.39716713522668
0.432029579981292
0.581520839173598
0.38697801398787
0.536358142752091
0.548148790597722
0.488515241995808
0.648611724523506
0.465324790304906
0.601263419283522
0.535305850653579
0.589961736001954
0.428087596213251
0.538686738272771
0.4776814031893
0.521289767976446
0.55851912230222
0.552998496981942
0.514958471051335
0.493906101271519
0.558720186405368
0.548090287301528
0.557018789691663
0.462731631266802
0.649791072530841
0.419003312402831
0.487907984677472
0.393526790776818
0.580494404262492
0.541013757400336
0.509067742884765
0.547118287114688
0.678997230518366
0.580648575196852
0.455161457665245
0.404243565196031
0.507302899470195
0.557111421280381
0.63437799073167
0.532823355112905
0.587165457928636
0.672011522711327
0.5539817275823
0.512277513613038
0.692494673092784
0.537779138830116
0.576683148539038
0.673691662946947
0.625862614193268
0.331189650631022
0.556199350753967
0.634159386247801
0.513422906544686
0.684524989216578
0.662670134204299
0.459754012550971
0.577426511191643
0.603673139328925
0.604297506535244
0.483069359864393
0.523966151925616
0.546748945403389
0.702146851819089
0.538923195119001
0.439866281621308
0.686146919248284
0.508475193945179
0.72861564310648
0.700226797237027
0.643239185894928
0.56451953912396
0.685038641660952
0.60132035328957
0.707806132852209
0.656213738831346
0.544626896363557
0.668014198917248
0.742862635506081
0.57242456281887
0.714241150143202
0.64573048504026
0.665065016256603
0.622497073295998
0.764244737422741
0.668258574190035
0.677790933502019
0.685129901158807
0.678026775006217
0.630146933750096
0.71932882804319
0.754714384817294
0.744406399212471
0.778394122711701
0.591447164232134
0.671757627325068
0.621115179481161
0.697585873550434
0.691313770444144
0.797952815507423
0.807374122438345
0.746585816699959
0.445534363278375
0.663747848284602
0.631630324228162
0.683351143687158
0.630733652129773
0.688342213331273
0.689029861129485
0.714615889337404
0.703700975571743
0.721975612020611
0.788171590395092
0.719034164228955
0.813624695654649
0.796150462206567
0.748070940872686
0.69554451387758
0.859278885074597
0.638413521807153
0.644259373280996
0.779038817169344
0.696782095591387
0.574030857662729
0.612531442098284
0.587692762297289
0.668254563284314
0.747259335053397
0.696823040148537
0.72575223553157
0.679849044022094
0.592191084091549
0.717431240048738
0.827892380514594
0.665464988563923
0.743987927717671
0.659978076281013
0.714339135348894
0.804404678851513
0.796833367800751
0.841402591292378
0.718619580673993
0.881246404957432
0.737292629811836
0.816135419439092
0.73469722678819
0.82615347958137
0.90753699880628
0.729917683121898
0.792046818415875
0.931383215671992
0.913324724704922
0.695121453900371
0.855829407127025
0.854371814757779
0.758593952993378
0.866287352045729
0.797292397232604
0.840067584010559
0.708523891686744
0.690554103647434
0.90138748756587
0.74984417301523
0.687404163932098
0.662386878343367
0.775063201966464
0.965312478778278
0.842267601092663
0.854625092858438
0.857669614913796
0.9694476522928
0.758859845442079
0.736793369649202
0.853158173147884
0.754912644805394
0.850222899839172
0.953005457119257
0.926566982104039
0.807653441503493
0.904096376232631
0.816348935997441
0.745612168649228
0.841119601569281
0.792104072931341
0.764717792920263
0.800654213732974
0.783373897031402
0.868103617728348
0.988459638467074
0.989542552706835
0.937885876637463
0.795589796946339
0.813134700147582
0.900251378710838
0.97243905394884
0.758494040764194
0.893019858768068
0.808010157888529
1.0392190127494
0.879933953742821
1.08990200495463
0.83950230149981
0.952796626976836
0.900793415590475
0.95241389839946
0.87759861693964
0.814849105330108
0.916526896972706
0.962735397148808
0.905431399859487
0.830549766874362
1.18447719884801
0.958573852502985
0.827433082954195
0.799206959945326
0.909928485500621
0.94230918184894
0.696508731411667
0.950379315393946
0.863710411957396
1.00998762428259
0.910421641678987
0.943577675066936
1.05622256163808
1.0110095668395
0.968011157099741
0.975725222497167
0.903377768179996
0.989527700287274
1.04979909726955
0.927669493659304
0.900413372219388
1.01608928599662
0.889691886055182
0.969296138046154
1.03803191974259
0.977754747465342
1.13390920537621
0.942629418845467
1.14830286834831
1.01042279064415
0.951140804379193
1.0594784074602
0.880861447420254
1.09895378891336
0.906428917614705
0.850179446893221
0.960665945797532
1.0843898937578
0.961626864051649
1.06222967297788
0.945197238617623
0.894138699241497
0.958013549280556
1.04201999557598
1.05723010733512
1.00280451625935
1.01489999170097
1.13379941051494
