0.025923491750166
-0.989776378697836
-1.05599104586929
-1.13440534903505
-0.99670019156661
-0.871600287840756
-0.91571441355427
-0.991097789637207
-0.905332092212304
-0.926150138814339
-1.06810746449924
-1.03892184448209
-0.914957952684094
-0.961024247559214
-0.928130221149826
-0.859205782610765
-1.15722702814278
-1.12128384701118
-0.939716283460786
-0.948094435271263
-1.01387109582577
-0.94541263358543
-0.918486754697743
-0.973284720752524
-0.892580499686204
-0.881402486644607
-0.973602427927927
-0.97645954184287
-1.06803664464737
-0.836235561503141
-1.00686410388121
-1.01481095972971
-0.988194512317825
-0.915247690681992
-0.940394058328277
-0.916886368848215
-0.917531000080556
-0.996424497250565
-0.923141714042563
-0.822471260883503
-0.837370044821859
-0.880646561110416
-1.06474726259213
-0.951557574236145
-1.02457812981641
-1.00618846032913
-1.02226075430522
-0.81290440590571
-0.892279285925848
-0.844006933943886
-0.921940159997098
-0.986153015934542
-0.751692338012233
-0.892077111143194
-0.818663507599024
-0.853011188717766
-0.958104212620599
-1.02608400722687
-0.90516096636057
-0.860369244287939
-0.965321809191623
-0.838212254161615
-0.732906942555155
-0.837207145645086
-0.944515477871774
-0.697887882735911
-0.833532862468142
-0.861187229801625
-0.733561805462808
-0.758098701049741
-0.818655846305569
-0.788342926497273
-0.930683642572292
-0.831027935581317
-0.829608301600162
-0.706396662889655
-0.920365765492118
-0.863893741622028
-0.872383069856199
-0.99904858563098
-0.899878793266038
-0.875500745758721
-0.883797776633218
-0.729630679333027
-0.772248195333021
-0.835550177268482
-0.819646146898991
-0.690390187284901
-0.699740414806073
-0.908838376358412
-0.728728449571099
-0.825528917286592
-0.74654951178812
-0.994420051379475
-0.844627831717071
-0.842598445471475
-0.819738292361182
-0.678036097730827
-0.792159500847403
-0.690126370963558
-0.830701321231818
-0.763524546241131
-0.828957695147291
-0.799637867584583
-0.857114581835633
-0.738702937057323
-0.707554420768603
-0.701163916534199
-0.923280972431698
-0.805337038588486
-0.934884244315236
-0.708479644309564
-0.786581170409346
-0.709921561203534
-0.837005674339761
-0.81832668905747
-0.752853298727554
-0.836893646614805
-0.933365875122635
-0.679517163993674
-0.807472182674186
-0.846856888581526
-0.828268991218063
-0.709882552304202
-0.743856242943402
-0.681494277328213
-0.767367416634685
-0.704565808716981
-0.717886041396149
-0.949760235720184
-0.696511033497703
-0.825830970651252
-0.63383439693896
-0.689039227891498
-0.669340764446701
-0.742104243354466
-0.784820448072436
-0.788653146294794
-0.735636067181248
-0.675083698003179
-0.638380031777508
-0.866134440363965
-0.696228643432894
-0.79056534518314
-0.783104092946336
-0.745117496501064
-0.690592097888518
-0.75626202627152
-0.749123782640078
-0.796915413174064
-0.692275211254616
-0.738785864768502
-0.769590751102701
-0.617614930128958
-0.817675110818676
-0.643521074172194
-0.64772749182709
-0.664624263127262
-0.734350136690461
-0.654115657677134
-0.803582327406429
-0.619614964734298
-0.625352650225835
-0.692933687844397
-0.687407340218524
-0.81388725878875
-0.430958872270325
-0.581326773187
-0.66199567539415
-0.652371184059817
-0.727604781571102
-0.652990731622303
-0.566090438381361
-0.684890553167493
-0.645116524925391
-0.587180573296899
-0.613437692237183
-0.522582316751244
-0.662762259818764
-0.753609605448323
-0.683113588900256
-0.530610104097914
-0.495396437548918
-0.625614972928147
-0.632529326464299
-0.631453010681575
-0.583975360048519
-0.524558203432428
-0.501971083875224
-0.629754511136244
-0.710256985125636
-0.638189617756332
-0.653651075605529
-0.609255047636217
-0.574870319561363
-0.59862801036808
-0.650824494029021
-0.75768441365674
-0.661508339151829
-0.575821221936016
-0.674520088285033
-0.655449303322418
-0.636067678922324
-0.418556259515069
-0.519584327764346
-0.663223879437461
-0.570796228245303
-0.650891587710743
-0.712229230314633
-0.486388371420113
-0.399773084524732
-0.566175399118051
-0.677888616526778
-0.516395298325102
-0.703712669284297
-0.724361683219766
-0.521551181294967
-0.696971567460276
-0.529201396201026
-0.619590943206388
-0.624984320271226
-0.647716067615368
-0.434432644944984
-0.536891467743783
-0.595000500621839
-0.52480571452763
-0.344512461844179
-0.435047372132799
-0.668415609064597
-0.615023767327846
-0.379824062214301
-0.557486046025648
-0.533106281178874
-0.641133802265818
-0.524973919677124
-0.391908347882043
-0.586600446453727
-0.518587799858134
-0.611742361020482
-0.638409975537387
-0.587771191670373
-0.505234472851082
-0.482348158582853
-0.456000241517773
-0.343838233499795
-0.555347676088603
-0.497587143049139
-0.523016658025998
-0.686210525874444
-0.439794670365545
-0.593456451464724
-0.606632035852413
-0.519396076143805
-0.395449077694824
-0.489300879732041
-0.459801085765867
-0.575190302460962
-0.552420574847109
-0.613530214063738
-0.432276036357048
-0.533157804148147
-0.574615446719489
-0.472677868323559
-0.497061112556176
-0.483418916612493
-0.413836884111852
-0.468353597411552
-0.390883879389273
-0.467052763222327
-0.438178589167981
-0.557123876326736
-0.45249609723381
-0.57149179863883
-0.398876546705621
-0.39444531461964
-0.485476382259011
-0.372847483684375
-0.500750088804308
-0.514069859533841
-0.495962374936818
-0.427437667189848
-0.382623628804396
-0.430158265578099
-0.497692743725436
-0.405648268809244
-0.366248640393659
-0.523489844013106
-0.522469673854468
-0.274451370007454
-0.496323924236579
-0.35882381017437
-0.470725732459188
-0.396704788508355
-0.428866446986102
-0.450609491043288
-0.405674292868774
-0.474672334958939
-0.312897176302265
-0.444068087300257
-0.423216149142065
-0.434003909561062
-0.319555569338544
-0.367339475424408
-0.303730421544683
-0.30400947386402
-0.418066053219062
-0.253061430937159
-0.450871243249389
-0.495482917244305
-0.446382653454437
-0.342946603858293
-0.333954909872249
-0.329409114495997
-0.45488261365722
-0.521508385428693
-0.405066689825265
-0.315310033363509
-0.345788524742689
-0.333648135227583
-0.45868675908536
-0.408292756082898
-0.270887201842649
-0.318559969048998
-0.42110389479632
-0.294178656122072
-0.223052344601121
-0.277804594752647
-0.278411165230124
-0.301355104746263
-0.404796476384691
-0.529417246035543
-0.3538415826097
-0.324703812221686
-0.1832360058336
-0.312114643977976
-0.353478768666849
-0.328920122773744
-0.275224144926522
-0.347973310704667
-0.188412683329915
-0.395733979574387
-0.317793608888773
-0.405891830429221
-0.330097356222585
-0.298294309839851
-0.39734656367513
-0.27876499659726
-0.269991601464836
-0.381772416578783
-0.417957980042146
-0.305808361288875
-0.502258487446382
-0.307311388494593
-0.282783897408123
-0.200290530836738
-0.266899894437569
-0.340256601656988
-0.41035916306664
-0.282297285384746
-0.290315062865719
-0.33033347692913
-0.161569235397493
-0.203186987926681
-0.365778831655571
-0.407824295840512
-0.290014423416022
-0.238089304181977
-0.279611894049169
-0.304028758325031
-0.230585660105197
-0.285402368890421
-0.279507576989931
-0.25266631259745
-0.247527328579832
-0.226807280920949
-0.3792890716028
-0.299737332190693
-0.441730661444543
-0.187186728196342
-0.343215712896801
0.0463761119342968
-0.207466184420238
-0.310846402674609
-0.200530042363387
-0.237049828133513
-0.223947633253568
-0.165332808201028
-0.0545589557601023
-0.233673212589024
-0.195061592918296
-0.259197240892582
-0.135230176902002
-0.256751060717753
-0.136888827859151
-0.40499776171734
-0.2235644604482
-0.247366648026288
-0.24379333970016
-0.150502494112368
-0.314972222486803
-0.206472982331606
-0.142720760529818
-0.133939459992464
-0.201562277830836
-0.194460250906014
-0.147896629184842
-0.161447856767679
-0.199612042334535
-0.132812382105616
-0.205317887244105
-0.184518332026507
-0.0571634809646262
-0.325457533185091
-0.26910661279275
-0.138854381724629
-0.100303007209152
-0.185454992937885
-0.036805470661155
-0.203483712740835
-0.234281553351668
-0.0381851650389908
-0.231217007095969
-0.221125277646697
-0.133526863677192
-0.112425440588127
-0.214590147468137
-0.0533465557347337
-0.100132462143035
-0.099815382558754
-0.244775050680231
-0.0522788989444548
-0.0404849777300234
-0.19919451127029
-0.185638274917695
-0.0318032674074825
-0.165196346123289
-0.267187772164798
-0.281326229449035
-0.049358063250614
-0.139265318577194
-0.105052876026066
-0.239608572064587
-0.116244944901544
-0.133153574457798
-0.116465819594738
-0.0188306766801448
-0.053744991753222
-0.133522197660462
0.0442711968945225
-0.123086502938764
0.0770709258239754
-0.222036472940381
-0.132012956887557
-0.0554686361743051
-0.0202636218820669
-0.0898694532686867
0.0209414037441596
-0.190670464680751
-0.034450224250983
-0.107512007409413
0.0166044023852139
-0.148915926260783
-0.0675823697108789
0.0101159348737439
0.0222080454077034
0.11755952142004
-0.07408398430668
-0.084357140870917
-0.0990308740858274
-0.0431086761433868
-0.00122146190652864
0.0250732476131592
0.00558763014616782
0.0397418391910496
-0.0501779363292413
-0.0569837428038454
0.0317965134318341
-0.140070237122058
-0.155420087935401
-0.10226398657388
0.0775637759767785
-0.0409553229092489
0.0240865892198312
-0.0117172736602876
-0.163905166403672
-0.23512798036354
-0.045460743704085
-0.0158210366360931
0.149559526242022
-0.0286051018122735
-0.00684072048234805
0.0360580994151451
-0.105805413273978
-0.137915840638845
0.0803063684726009
0.166073005426367
0.0567933092242762
0.300988018945352
-0.0115489558359501
0.0335775586201282
0.0159586104058436
-0.139354746619995
0.198381849948369
0.0121454349683832
-0.096956538611343
0.0812225535277896
-0.0200368842809241
0.140488350835811
-0.0883192980396538
-0.107102260202426
0.066646159973551
0.00826177332300071
-0.0466360259570978
-0.0194483018791517
-0.0457252915203685
-0.14495344156994
0.0186974595975325
-0.113276832643273
-0.137514594584803
0.00451357182677109
0.171397858911742
0.0850171101765844
0.0941029259619733
0.189832034915877
0.0771881067486685
0.104233856256169
-0.0799012220864803
0.15889125119471
0.0783068307768946
0.0973950280958903
0.0509558518939015
0.225687071953817
-0.02699231180738
0.120373527971309
0.0746039965743886
0.0383862723297662
-0.00396000780643602
0.074863977340897
0.122930093395798
-0.0115067425786244
0.0999926982865288
0.00919323904426347
-0.0258313666009217
0.163624529833108
0.114426973664283
0.0610763646303817
0.126161276157361
0.188300651951561
-0.0234968768370629
0.0383775781987935
0.180651358032295
-0.0157831439194604
0.156620553367017
0.0140655336091515
0.0873239759373235
0.104369209423731
0.159468529215445
-0.00295317349002439
0.0299221357632815
0.144762765589175
0.158503209512008
0.109740877413132
0.203898393303714
0.163803935095966
0.183240395908845
0.109577078228195
0.0979945399942981
0.156303220155923
0.00123955684343977
0.0909769653295499
0.115310740840873
0.185858925023812
0.223186140140273
0.171503343016422
0.200881329439374
0.131808217295432
0.053268254938792
0.183913517709148
0.050217328051587
0.129469534191207
0.00674953828338549
0.258912006525776
0.0208274807705067
0.168879423683244
0.0876666459748082
0.345673266551288
0.0361691719054297
0.111034370385869
0.218525924916078
0.283505611142976
0.167982683131334
0.146344314007411
0.248110241823125
0.253472891518281
0.225982000066786
0.177722557777348
0.0758054583818943
0.231208063285983
0.223001804109508
0.109757004361537
0.218764328460408
0.0522846627161753
0.182037047416555
0.187131333691994
0.379223204695048
0.313663404490884
0.218376486212951
0.149922433716889
0.263395262060714
0.0326792486360709
0.114820371344313
0.192259909472915
0.164671161465553
0.0681863972608426
0.183163995744159
0.206568690428809
0.0431497489063851
0.167169723764303
0.255722611888915
0.288913349173969
0.352654151410205
0.182501732753548
0.239542398916395
0.268609571538985
0.367198359976294
0.200643698018358
0.137594824015544
0.231612512688602
0.370685612327834
0.320672283096339
0.161449789229078
0.269674717162946
0.293484463889948
0.100717320460781
0.355910856923223
0.37007769422318
0.279714032529632
0.286430848853912
0.183145009710214
0.222994860262487
0.192305240130219
0.190708728541366
0.317631678478098
0.302084565690002
0.288318945966224
0.244819783624637
0.381892590865609
0.13005792283574
0.273216345985003
0.382921807782535
0.327281271454174
0.2999015303768
0.458108206267473
0.30077087865191
0.280979009424877
0.369109259593105
0.37235027612894
0.368757414793594
0.23273233100709
0.375980064608341
0.349421084066039
0.259979671790751
0.385276218692387
0.310746970393699
0.326528902988084
0.276933261622438
0.310224025830717
0.324298542712117
0.308243435280776
0.390014258571625
0.360962774938195
0.310188463814351
0.282762149680693
0.398836859955027
0.401679138583101
0.34838940192395
0.210619686089934
0.348712761669542
0.351447067042774
0.248988322694991
0.354400110214128
0.324727725310957
0.29546787886812
0.409191220396776
0.40765325458383
0.430991642607379
0.379893036038836
0.277811554328476
0.259254191883342
0.340651909579201
0.311057903609402
0.313817282954926
0.363914707909036
0.384787075450842
0.33678583342108
0.531294030827884
0.536514532020447
0.427298950549775
0.477596373990842
0.372691012592448
0.422891741037407
0.540250020391436
0.450283937189146
0.471491254039734
0.405945697042725
0.365475159616547
0.453856167651009
0.202648578659633
0.252685318332778
0.428021479039536
0.27746613841582
0.442063974629162
0.512885005714391
0.543520851022777
0.257401186133373
0.56198324426041
0.434784660928014
0.363282493932424
0.441746901516942
0.377489819088818
0.393789144823783
0.310382462184395
0.638764007038614
0.396328431041306
0.62880482058309
0.553922318077715
0.374027853743401
0.402496208837064
0.289520801637821
0.410345855917038
0.481649279410765
0.580459596478607
0.420092310109469
0.515357632869726
0.412591983652686
0.424966889304511
0.463233339095706
0.40609480154575
0.471560502680862
0.309159277704473
0.407649240570642
0.416892675274044
0.462717847472365
0.402849800930036
0.428185775061691
0.57403746473977
0.367038086222436
0.531555387134322
0.544872989806519
0.494049335445008
0.64980593480645
0.467288644680473
0.595792144542735
0.526536745058573
0.595839182679974
0.426186719897207
0.533106873369376
0.462058075838438
0.514273433161817
0.547322951909287
0.546373782656901
0.492280171564203
0.482543808720853
0.544972475729124
0.532800570415965
0.5507665007067
0.467932207906974
0.626011525559193
0.411506104716168
0.483413081067935
0.397872348252586
0.574396906534859
0.550435798429265
0.493730698433478
0.538455739077226
0.649779376236121
0.618208509008001
0.454749522884026
0.415605577197253
0.496264248431785
0.559438084298692
0.647357107689054
0.530186287194946
0.588837222285835
0.685114370480365
0.55160503648955
0.506905199533217
0.685876936133021
0.548516179039938
0.560366556769845
0.682694968428033
0.640270041495967
0.320473370927221
0.549377679658893
0.614147859741
0.516956080498666
0.706432721145776
0.678047440867303
0.462187023148261
0.574842598467355
0.602403782054888
0.600084211625907
0.476000237500511
0.539913964071873
0.554114881531279
0.711513716918032
0.53716469497106
0.444836580225222
0.672365220887517
0.487381255564546
0.745264986356193
0.697454098749552
0.646455985949197
0.579631633590769
0.679721157141982
0.593890594514647
0.705765477729879
0.638410923707069
0.530714211804031
0.641299942084585
0.741908844119684
0.582010127183308
0.705069515639576
0.65712429248488
0.668012223193734
0.615244182554816
0.764076898034714
0.654244379823759
0.686973934434899
0.677383672762836
0.676293696988517
0.619941366794581
0.72339643200695
0.757625171040357
0.761836769354634
0.786585042269093
0.57630242289231
0.676706542981967
0.627346998073498
0.710742096930387
0.684014464434985
0.780666265957074
0.815706952284471
0.733560560103402
0.45851799985222
0.664407389412698
0.646778466310937
0.688019557564094
0.624981981113648
0.70357932479621
0.682892598881007
0.706229506875322
0.722105091754774
0.713455012398814
0.804361513953216
0.711261268927209
0.814213333880515
0.808495667209516
0.74539237621685
0.683812582128062
0.881651621821893
0.638078931743009
0.644005893918521
0.773271004972064
0.696430432252485
0.588839115638211
0.626368705664337
0.611369675794169
0.664475725086149
0.739788284651655
0.70016940331192
0.722247121133209
0.689604103149042
0.591905585936331
0.726034013391166
0.854008102239421
0.642120977718128
0.742169579140206
0.653561566823923
0.722873273083501
0.809383014951877
0.786724598269014
0.824747371222018
0.717738729885552
0.871383293906644
0.739418966908322
0.828303647748769
0.728080881432692
0.808744212390165
0.908316978624908
0.734432401624508
0.7801823453637
0.929466392441728
0.89404784143691
0.681866791635433
0.842190905937734
0.847947489187183
0.754211628656505
0.847950867927504
0.807342600120935
0.82529839339714
0.743882091189089
0.660240465727184
0.914938102985846
0.759568663202522
0.689962877723814
0.663763950278926
0.783255124329852
0.987945977151308
0.829301336015977
0.847060264236583
0.857234288752099
0.969584185400415
0.765799268993963
0.740270519851021
0.840677775811924
0.775357948418338
0.827864520676745
0.936114812838844
0.93261038570399
0.853469473735431
0.909601639027554
0.806762773884188
0.751009363545758
0.833258984204972
0.811656131878568
0.778593979157209
0.78627487947257
0.783159932085428
0.875144226728075
1.00641317595784
0.972124997995457
0.940314492324143
0.799269281958571
0.799123168125852
0.881078521628896
0.966339099152665
0.774753437146749
0.895239412582884
0.808176583066644
1.02177205447742
0.883596121849386
1.10677983215042
0.836651439835144
0.921827890189288
0.892114980279926
0.944852184397632
0.872658182769493
0.805287750394609
0.930483762533009
0.971110367650699
0.908792981501194
0.789649495274121
1.17872059695324
0.946381202870949
0.816333000062009
0.788566317033257
0.908934967188381
0.939927668798154
0.688618717615783
0.95095166432709
0.854926626116013
1.01326582323714
0.905693365081694
0.956626859730097
1.07371932134386
1.00500908482957
0.963222761022023
0.981169941009444
0.920564770801769
0.978003604036064
1.05659819278574
0.923671253546458
0.898813868702181
1.00302338550582
0.895662160009121
0.976957909460902
1.0484869831768
0.989621766348137
1.12919479481298
0.934923551034029
1.15388552771349
0.994126631531171
0.936278680303934
1.05440093813233
0.867585288771852
1.09491490389329
0.919371742779853
0.865168632237091
0.964003489189172
1.08597025092908
0.95573099707339
1.06997069090563
0.927184058897171
0.886514045683592
0.961260840062938
1.03627514101783
1.05659598848953
1.00519619778407
1.0281354648731
1.11438285156731
