-0.0731629019683638
-1.08091475690232
-0.919931368133565
-0.901082416505295
-1.01286159513259
-1.10847138311373
-0.906747170953086
-1.01030088412925
-0.957982974759354
-0.966560677898449
-0.916802322212419
-0.883887953066837
-0.952270053624774
-1.04413008936595
-0.963426649214755
-0.950799933781103
-1.03306634804777
-1.094677127664
-0.975792310310208
-0.990455489097043
-0.885214797421184
-0.94335698643199
-1.17135907695834
-0.926887413690974
-0.890793150672662
-0.88606590536577
-0.943417365270526
-0.985318415523354
-1.01251186142821
-1.10022179406645
-0.945222442192227
-0.83833244407259
-0.891715479069442
-0.921481161048104
-0.903724025589139
-0.873401424823753
-0.84473788755114
-0.954568085823131
-0.840198131624395
-0.844782984013154
-0.836580965851191
-0.894688876868433
-0.89131775030222
-0.950890250528225
-0.953696634927208
-0.799543756829249
-0.878728878160263
-0.906227815342886
-0.892758741348434
-0.897686541264635
-0.947710808149168
-0.879922726460759
-0.874705105538538
-0.90049651847363
-0.97164392967779
-0.862937016344643
-1.02889102430542
-0.8669936757673
-0.955959789042542
-0.930620617316915
-0.99333667059784
-0.788627171771689
-0.92042149211329
-0.839628789982113
-0.737940070105169
-0.715081656165372
-0.862936602831896
-0.837313092550228
-0.857036532918182
-0.643614539951757
-0.917643907301912
-0.812981642230473
-0.796102711226788
-0.955514124414536
-0.90153957363483
-1.01829762242914
-0.891240985642171
-0.80556212018251
-0.914402566638117
-0.825823698647154
-0.774760564646824
-0.810338511935261
-0.793222501681275
-1.09782463543981
-0.758591873032749
-0.801020489253373
-0.84510949560069
-0.776721266548036
-1.00024492533319
-0.785261627558086
-0.794096830145378
-0.767426838851527
-0.918889528436986
-0.618201473430833
-0.838823520319929
-0.823289727272416
-0.733756439592681
-0.860234221201944
-0.850356618508139
-0.806577205740001
-0.795423010753131
-0.941286942147124
-0.881952869365427
-0.934761542377588
-0.790691619370391
-0.857479253411099
-0.649380340560879
-0.869432801663026
-1.03455036275931
-0.82160858758699
-0.831665117964653
-0.863911667726611
-0.766462274459354
-0.707944554555148
-0.805996573965551
-0.861404359260652
-0.735662831609243
-0.802868084381543
-0.687789040109541
-0.707205842679392
-0.739882512858899
-0.629204140576277
-0.79258289877173
-0.653513807377759
-0.658456989748097
-0.784445088616606
-0.612131122251612
-0.828987208320163
-0.74444657938223
-0.641740251496423
-0.851035048125852
-0.698656291339164
-0.91062572343463
-0.687924472940517
-0.7397466553042
-0.724090547369194
-0.796708342441001
-0.826102558328216
-0.725694901094739
-0.749095274216129
-0.572854365271926
-0.640880413097998
-0.726614765638013
-0.719861316714632
-0.600306672937095
-0.574977206309099
-0.562594828571893
-0.765918112183188
-0.658250974226425
-0.805485086277348
-0.756479827917593
-0.661454347314665
-0.775427136618693
-0.827816416076068
-0.672343136110496
-0.665342383076617
-0.703484473638089
-0.769750587080681
-0.678692194943604
-0.584310240121893
-0.809942232314133
-0.550481471531391
-0.713215013281629
-0.507267743234155
-0.694813020035934
-0.750002889299966
-0.697345214285652
-0.546511508160615
-0.560580862284417
-0.67699130607622
-0.643996714440872
-0.773767335746824
-0.625510384292114
-0.656423771177133
-0.66213634633848
-0.695266912356443
-0.759649489086911
-0.671590630990474
-0.856050959187282
-0.652365181884441
-0.571286880497808
-0.78023018191386
-0.668159735737505
-0.59534786325757
-0.57417250209315
-0.617638738558674
-0.676754571744383
-0.6102621068644
-0.641906513255714
-0.576389673051566
-0.796048353196596
-0.618931248839595
-0.636151380183607
-0.685433662301698
-0.568989171350721
-0.547047829680528
-0.401888082617712
-0.599879572761103
-0.750300261197727
-0.727767971448875
-0.608951131025483
-0.75274913971178
-0.484258738084368
-0.615699575660201
-0.57916206465256
-0.520833057571156
-0.562659458888811
-0.761494562746162
-0.649706912729367
-0.46504875213165
-0.673063624326193
-0.455252771986142
-0.73416123575283
-0.532827364648454
-0.603142632438706
-0.543158939503036
-0.515506899207558
-0.504712287071499
-0.562690443585931
-0.491570514914902
-0.670600924410258
-0.539632327853901
-0.639359642490544
-0.556943506191101
-0.662741279318735
-0.530544923853822
-0.553176585828868
-0.464920779659107
-0.678328445027965
-0.773736663086265
-0.60708758422678
-0.607993831210812
-0.587167219686307
-0.483641336524809
-0.666162296568343
-0.54191215306396
-0.484186118077719
-0.434812202636386
-0.592200167142366
-0.521005520960558
-0.607677415770173
-0.34473917262554
-0.477524287154039
-0.460925855263881
-0.569513004941921
-0.594058456230102
-0.502910017651014
-0.515863722859239
-0.355684307800941
-0.326787228086887
-0.473743037753365
-0.507279200419632
-0.509651379396431
-0.504306573045719
-0.436052551372614
-0.558893334326967
-0.414506410082566
-0.588837746491851
-0.404006362649092
-0.540118857928288
-0.417433308576888
-0.47494608561633
-0.314131544192534
-0.506685731301694
-0.406761481038499
-0.592742505540272
-0.617205432371798
-0.479513267952835
-0.587542554306419
-0.438952930901901
-0.404473980104497
-0.463425332979548
-0.382772906121906
-0.544159662720441
-0.487338983727089
-0.488976472199849
-0.551375482572994
-0.367484345351502
-0.450596237744768
-0.317412482206724
-0.51480636345625
-0.558941589944597
-0.409366072112338
-0.491811326574039
-0.483450531486298
-0.439587101623741
-0.427176830401746
-0.400803946889708
-0.40347372790703
-0.339410624080517
-0.377384474921281
-0.62822615737685
-0.43937795041492
-0.519369280219475
-0.432896935311533
-0.412499486024696
-0.397514928560768
-0.36692921002328
-0.460468721781164
-0.397075551253042
-0.405991766283507
-0.348647833100588
-0.420091477685064
-0.515686763656011
-0.459403605923848
-0.403180732731288
-0.270113465306144
-0.38913083588465
-0.315313774975038
-0.277407593613443
-0.41821700461063
-0.334399889564924
-0.320469560906573
-0.451686808576555
-0.500265514570918
-0.484942769629115
-0.232230012680848
-0.294873042789691
-0.262962202057038
-0.398928831625077
-0.422613999365229
-0.261091762860594
-0.336855750614463
-0.421420013894605
-0.471554460248032
-0.442429809006981
-0.417561070519202
-0.428321157576296
-0.399713103524459
-0.421197277790858
-0.170278366755729
-0.411026094294601
-0.325718506157419
-0.328855504632665
-0.422466295689833
-0.311978630809179
-0.439723548834589
-0.279829317748243
-0.161248481652173
-0.316955120634259
-0.404611624625754
-0.497245156764131
-0.347176333534417
-0.335744394300685
-0.386449636685596
-0.203737795410938
-0.254305584718822
-0.370112791111499
-0.170940348181515
-0.189916070224328
-0.356800502807489
-0.246619835717027
-0.195111370991694
-0.15276305399029
-0.427723652247234
-0.360903925148287
-0.16139784904044
-0.247467225980523
-0.262881507208557
-0.381433611515765
-0.353410849987773
-0.241887595033538
-0.362513576138955
-0.179963411078636
-0.233245939500827
-0.281531831305993
-0.195232443843173
-0.260669686646375
-0.157355490980792
-0.196910711794431
-0.247030645410477
-0.0698632246150778
-0.364473599182412
-0.208946516731461
-0.164381486812239
-0.204910435348005
-0.235994679225247
-0.344260763718896
-0.228098504725564
-0.349077095537813
-0.117164693629964
-0.215986356789584
-0.208893955977745
-0.318688238246012
-0.256838794319127
-0.204904462149764
-0.261216674991679
-0.159985379300591
-0.342877482450772
-0.113615923356542
-0.237396679114743
-0.17156897543241
-0.147287485102729
-0.143084720590611
-0.261030074121447
-0.151314758892989
-0.390177466390381
-0.262234065038126
-0.274804107821964
-0.203532577431409
-0.0161230486585487
-0.344190668186544
0.0851339482761045
-0.218833125073214
-0.165580708331675
-0.156657184655336
-0.129967426819759
-0.118780611334481
-0.0465542523661053
-0.0699065687981086
-0.0853699703563028
-0.230274296247028
-0.114408523577165
-0.089997375104014
-0.204815665618345
-0.0792383272310856
-0.250939801993068
-0.086319630399851
-0.0698827177020049
-0.116759149924565
-0.0692062105289652
-0.0951995564696282
0.0147514322530572
-0.000422512037205282
-0.132421805502928
-0.0878818706699424
-0.261482431423259
-0.0568067893091458
-0.0713628747782854
-0.0343633170289665
-0.163942713935876
-0.217299398139898
-0.11433962713445
-0.0954683309525631
-0.103240210604343
-0.0906202278742119
-0.284313129564508
-0.174438614721814
-0.089902099107216
-0.250615739158144
-0.0515314275992394
-0.28635007456543
-0.149538282699318
-0.103155054488662
-0.108810221609834
-0.218259335251358
-0.129482276917298
0.00704566017993804
-0.0720345874011303
-0.049751864420871
-0.164303031977542
-0.111228739908504
0.0582665967063377
-0.160432237375043
-0.19245734002436
-0.0314758408162147
0.0112533590318797
-0.077053350407698
-0.0384839615475093
-0.0347805807625572
-0.107186025830173
-0.115471912760157
-0.126378182084948
-0.217713078879001
-0.086929131512893
-0.134588616050965
0.11786560664398
-0.208492714818613
-0.0316579397107471
-0.0655443340690842
-0.140111487961053
-0.0725254488003802
0.0677305543458173
0.0617733266962955
0.0461310256098868
-0.102636176081221
-0.0507298909846327
0.0421458278237525
-0.168375234707287
0.0989089975525998
-0.0384824957353528
-0.0647894651772207
-0.10713069887985
0.056356673121874
-0.0163754441125341
-0.125507113554471
0.0872178049551122
-0.0868400878833501
0.0277395289537944
-0.0591943285098683
-0.0291835893594191
0.0994721243228616
-0.120862646475771
-0.0762146898148366
0.0350934073615008
-0.0433757769101728
-0.0303515373868008
0.192479262152329
0.0533487770670989
-0.100128278284674
0.0726695138539657
0.0125434724197858
0.108769356044443
-0.115200009325507
0.132856286527728
-0.00776828253956859
-0.0431494083092396
0.236357154400314
-0.0734630651964828
0.0190586951833304
-0.126435018188334
-0.00813752431193018
0.0571307918494453
0.0761492867547551
-0.014437580771032
0.0263075012062892
0.0660391485535293
-0.0633508242605749
0.212238296124529
0.179846872399698
-0.0409944604822983
0.0515836484095373
0.161504898355218
0.0990716925137159
0.0202912828182915
0.0353343561152009
0.169677177591324
0.052551455491594
0.292432592416937
-0.00966949692983768
0.0494597954749788
0.0577536987082515
0.00290079022616098
0.107396960017252
0.0990806543177934
-0.0292573308607956
-0.0320227738557184
0.167662524016518
0.104157891788286
-0.0228539027244747
0.115366574929637
0.178471858450911
0.182356109971549
-0.028546874843291
0.229235960944448
0.0673234937167345
-0.0338890220272134
0.0289838921379163
0.000800101713763463
0.203429927105714
0.121353161879804
-0.0040340903922057
0.239479946911315
0.0229199894561519
0.00361517774473962
0.0665969430427356
0.0915683796475239
0.0527968451820994
0.0130191079177911
0.100124832671545
0.0989987436774694
0.144521749110807
0.120034368350671
0.0338836380618607
0.145532426202541
0.226142165205216
0.196291021177271
0.262196030813791
0.063822082940372
0.205870595969474
0.151970481186315
0.210189791270529
0.129732436921652
-0.0130707806834982
0.148574583209173
0.264587746729946
0.28213648522146
0.235226814711925
0.144325146693429
0.263613154793156
0.263977181978201
0.130325928077332
0.114377415392774
0.206120404559185
0.145153916834109
0.131337630307139
0.182544127774375
0.253950512259823
0.329522059190426
0.142830945564967
0.16605443167338
0.0651240161066325
0.205505573144664
0.114837919262703
0.19576371108104
0.175367066447077
0.0166305877685263
0.135171019256389
0.198300519772015
-0.034761016612225
0.229662433189996
0.0700263438628443
0.197475501195516
0.173535424994968
0.215809925868763
0.308890457687236
0.125856683682575
0.242361730240621
0.142201224289069
0.261460625678208
0.160673017320374
0.364173438689297
0.263409632284663
0.13577403134854
0.228536926084017
0.350914490349587
0.292951227563273
0.0959183969597493
0.303089658214433
0.335318624874667
0.256513462123073
0.246952454427615
0.30900997271858
0.335863378207077
0.255412098425989
0.265410753599702
0.224950672899281
0.2448024053636
0.277856852972061
0.284289051476086
0.127209672204062
0.345546392955514
0.279187966982089
0.372868506428444
0.362420260795933
0.151175400676311
0.362934552631113
0.187135205593742
0.251258764560174
0.293242434345722
0.410333696528368
0.231528617463546
0.247749071078629
0.289856226564686
0.373920501241978
0.477721254115056
0.477988698010285
0.162080667670329
0.33721398565213
0.397492257328099
0.316728227107705
0.208477927283605
0.135716921509863
0.19422793514502
0.230143807388892
0.227261690032971
0.394607635401203
0.209146156001717
0.469926976410385
0.193271296575715
0.467359963759977
0.352379407579239
0.281184571528998
0.302290354514382
0.349959681947096
0.204523181760718
0.0909405926783828
0.388972188227478
0.395773329979077
0.334623614555693
0.410722592490013
0.337149983965423
0.297509028767716
0.491635098635052
0.190716345374241
0.423753169150664
0.424424072513031
0.182874277048749
0.436631159837444
0.3791360310238
0.349082252045246
0.26482948074047
0.370580784370848
0.500768613785384
0.302824164932689
0.364288500319907
0.412315565880168
0.402623557222488
0.307626269390925
0.36638380813665
0.524858233742263
0.281291479794597
0.359345120713233
0.36893720645883
0.530580007218655
0.321802822129394
0.443156852237013
0.353396298151031
0.437939531594772
0.339272103061188
0.334337465118559
0.441247065116316
0.463248043533516
0.507574312558039
0.440683084926277
0.313144247658133
0.366032255019637
0.432348325356404
0.461595680550344
0.386298912102972
0.494886245565435
0.430248012531536
0.323756796524396
0.396415054256813
0.336184597751086
0.475017664007797
0.437361405041228
0.308982131036435
0.602666042549459
0.313206291320757
0.452293965107476
0.477456518167283
0.392160325606183
0.413800614948235
0.455575127085976
0.356699783841089
0.481283076677632
0.46329914662742
0.431119345053133
0.459849189466936
0.536580158210571
0.482928150274942
0.541185861637177
0.383417235882218
0.475767379248765
0.498403583477919
0.544885712255951
0.297942392684155
0.484692068104958
0.39766625396402
0.584511574080924
0.602180485023989
0.502167598451909
0.5044077370381
0.498244422658455
0.504053992610486
0.509522725843704
0.521118255785264
0.498592513743653
0.535781311089075
0.502552321588452
0.418524014172599
0.531586836649506
0.462124683217965
0.546907956895457
0.516315159498824
0.372873802365701
0.579874825025907
0.415131700454329
0.484609946715948
0.337153608166096
0.40147744464966
0.551398565196214
0.667404463654431
0.491875457233492
0.5042546935486
0.486436776166146
0.490070591237397
0.604786500648993
0.506939222950162
0.61409256065935
0.448126576014687
0.802242231488049
0.470055228177863
0.534531493476767
0.530972531459726
0.509922659767435
0.688979427567754
0.528386815717438
0.395055174785382
0.569215940032626
0.564449904761159
0.551149931584621
0.493503871941849
0.616724645128146
0.576748293067033
0.725150040187545
0.664515388169182
0.52107870454266
0.447891265231503
0.677511196707672
0.502651214561081
0.601002709973432
0.667411981107896
0.546904839607006
0.471688673369216
0.643389217569563
0.572890350976991
0.557896433227668
0.681758712399235
0.633494908810461
0.67101429513946
0.590429214886666
0.757067059412294
0.788393400653547
0.600192452889784
0.685340955445893
0.661571075889961
0.4838691177004
0.719829142297306
0.518475356970799
0.57372373156616
0.66624510032735
0.669526279314252
0.648608008839503
0.563511410366997
0.826417285340556
0.555811603236399
0.689947821480175
0.710132853852076
0.709680163997825
0.646175913065022
0.59590952135693
0.500223975351287
0.738249486635125
0.674726167842073
0.647793987186526
0.562597584523197
0.772838580258003
0.575644169505025
0.829538057169655
0.654309294931198
0.716315519144119
0.565919470291405
0.459929235039915
0.696936627869557
0.796563583879123
0.562149603104752
0.753345992429292
0.640591197023965
0.579484771240841
0.723303665276041
0.536199131756308
0.753811021297422
0.787829041276558
0.713292070458323
0.612123980549425
0.827131085653521
0.842475052153372
0.533447566349262
0.703696426402349
0.571245635001842
0.705882131478474
0.773343265188889
0.787766509947105
0.810452405848031
0.810778465050878
0.54699973293059
0.69747412256341
0.548522615519229
0.730427308605033
0.873581495461059
0.889852528058761
0.751399192470499
0.774351138219497
0.724641020820467
0.640346153705855
0.846134795038264
0.761413468382376
0.572660598558717
0.924155109483075
0.819291191693567
0.733797230269996
0.717478819692622
0.741468495819108
0.75587782886913
0.771197441902153
0.698628283290615
0.769327461308642
0.76130768467698
0.812834033414064
0.872044976326629
0.802792784338086
0.769366127956721
0.751207614417793
0.718008298055288
0.711354940984016
0.745982686250871
0.745518386449554
0.704289598337566
0.78125357795335
0.818801396030412
0.920842574579885
0.689149314340318
0.955441235736663
0.722468296049994
0.888311243775202
0.688712751123931
0.730590048959367
0.876003470812157
0.959962304256869
0.805301921223784
0.773116132011587
0.818240865897804
0.654937022044373
0.730414355058942
0.672439005401582
0.666078515461112
0.735260746026055
0.863447728865289
0.769879715808934
0.822978346160303
0.815123113297149
0.777038455930417
0.793680772259123
0.731526924075683
0.716464143128541
0.924909796211202
0.637143656996966
0.702696284554278
0.878427815405062
0.918975904083624
0.762084506982529
0.818467786555571
0.938580684953186
0.960108535926625
0.893315756273186
0.772725252011532
0.827202713724365
0.905846052725996
0.971410667986545
0.954151099895048
0.917306894751196
0.781729149010275
0.850158608154346
0.777451264876167
0.920074818182618
0.934624835362881
1.11092490021301
0.802756709082831
0.86319382985177
0.946851991250395
0.886504235133502
0.86305229190459
0.970421210287163
0.90369339087815
0.739715212082815
0.848316963567414
0.724589747363146
0.973160674639363
0.787039666182162
0.889791010162214
1.00355541632444
0.738296111379405
0.856370039504535
0.963478350141414
0.93180620153467
0.828545153290675
0.944728952048661
0.783250078747929
0.967142359188305
1.16216319986462
1.00459894821131
0.973903613331208
1.02056779703424
0.876210324497405
0.883512250985026
0.905283879001014
0.912684779110127
0.887303152739735
0.92617769941646
0.890234598459234
1.0064773086303
0.957450226782918
0.968371607985625
0.99437050471209
1.04595178060773
0.783476727705316
0.922717962813375
0.961886708810006
0.894736132115404
0.94403157195398
0.978585775195561
0.984960344984603
1.06058004998022
1.06191891343156
0.870695602116691
1.00332962935144
0.906509795627768
1.03610593953443
1.03738227783925
0.950683975866403
1.02570520279363
0.831333151784218
1.01693493972488
1.15899584970002
0.920955455140254
1.01637782457478
0.919665997996682
0.924775877278153
0.977242453722839
