0.0145165753060674
-1.0076987255935
-1.06436957276556
-1.11950643003214
-1.00618780128495
-0.846046317238563
-0.928502794428799
-0.999630422067399
-0.907027806754671
-0.92456116644411
-1.08065129772383
-1.03605036980557
-0.941585748967151
-0.974629690420905
-0.947626500863138
-0.88464730297405
-1.14593063848222
-1.10627684802387
-0.944061750671716
-0.9528165443931
-1.02028388009074
-0.937915444703826
-0.924884972364604
-0.972194368000116
-0.88992203849541
-0.903423654863858
-0.954255621664645
-0.963728631723618
-1.05852721985177
-0.825813338726597
-1.00675289605129
-1.00920560628168
-0.985802609226676
-0.91807583499445
-0.956622721324199
-0.899433018694054
-0.920325565146321
-1.01532490582183
-0.888691907674149
-0.835339648790801
-0.847573238378125
-0.86884767276561
-1.0835874130914
-0.958065111607259
-1.01381515844432
-1.00748509856984
-1.02025709833319
-0.820536216872832
-0.898435165622717
-0.870110959792721
-0.928474433021004
-0.989783582979154
-0.757539365163172
-0.898255231053787
-0.787266362970138
-0.871893076090902
-0.948607016213768
-1.00569847876136
-0.910207991182317
-0.834859026120059
-0.947833808037305
-0.833291333722917
-0.732487831144075
-0.839243889664767
-0.957688769658146
-0.686126576413783
-0.835049929427293
-0.874310773166795
-0.733592354285144
-0.732829203112381
-0.794578982034299
-0.779698926755176
-0.913966954401862
-0.853800312736571
-0.807598193392956
-0.687386437612597
-0.924209072217286
-0.886174163384945
-0.892909520988837
-0.981472622547074
-0.892730211688284
-0.840053021458937
-0.886135246990482
-0.712552607977738
-0.779205329258635
-0.823225411258602
-0.805347197765736
-0.680628911776825
-0.706340014108645
-0.885742606288421
-0.719199101783068
-0.831214337154784
-0.728944223760147
-0.98535146718059
-0.856804352624631
-0.843053425738871
-0.804948124419524
-0.678610115724707
-0.795789968775925
-0.687015239312326
-0.84056892701131
-0.735873340600562
-0.83016594968173
-0.803465325231033
-0.841087850988243
-0.731545506697167
-0.691324176634521
-0.71697489480355
-0.943573784984218
-0.806917650582849
-0.927456753563834
-0.712607451926116
-0.775239846152847
-0.708509550979446
-0.819684461979285
-0.812097546201637
-0.758369679759903
-0.821581431025792
-0.934977978078845
-0.674281460380389
-0.800262212689459
-0.855343206609888
-0.829721733446112
-0.698595945094737
-0.751236276204236
-0.698357521122755
-0.791387360408398
-0.727953922998077
-0.720483930583619
-0.953412473827978
-0.705690801455709
-0.834519826961552
-0.636443791725551
-0.692337761607558
-0.673849298355652
-0.744409227858387
-0.80546715906409
-0.787334716735667
-0.731305000459455
-0.687241034418734
-0.625395770338105
-0.867016100583374
-0.687413645420778
-0.77518734918436
-0.783867976694859
-0.734542526120859
-0.685270425267706
-0.750642918122386
-0.753237970917207
-0.784779670126508
-0.692937627016198
-0.755240887468444
-0.765946194332908
-0.634876389560034
-0.798045826886753
-0.664078516637516
-0.624446894417314
-0.647194163671217
-0.74570935971282
-0.634930246572575
-0.777458807174366
-0.603046780203841
-0.604136017146021
-0.714547734203162
-0.666152708112565
-0.813932317428983
-0.449059592847505
-0.560978482342339
-0.643617554481876
-0.626572208994203
-0.715493254313425
-0.653198697173519
-0.591739887319281
-0.697381610801299
-0.635905394480364
-0.564918277156315
-0.60106982353386
-0.534562031743795
-0.667138174012213
-0.725154880805352
-0.686498630508158
-0.514135012356763
-0.470718918582398
-0.619895181217834
-0.6476448205531
-0.65041519238036
-0.587669096622156
-0.529358128159945
-0.52750440051764
-0.643231878073938
-0.706725087304025
-0.599060755877353
-0.665539894460843
-0.609470219445975
-0.581634812749282
-0.598012883789988
-0.674462255083424
-0.76989750077639
-0.681648792513567
-0.570390207233232
-0.678428670698276
-0.661722699880135
-0.636992347329675
-0.436688272635762
-0.505437487857338
-0.657732170798305
-0.563473329350479
-0.659435408552589
-0.723328758344264
-0.523454025749006
-0.393731598187129
-0.5525439414107
-0.663933117760253
-0.528795221432635
-0.71669588678884
-0.730765024094797
-0.519291965220352
-0.701570105241061
-0.532547532045317
-0.634216840996632
-0.611628632390343
-0.660339432800212
-0.431032918873446
-0.534387572557363
-0.600547717891839
-0.522140525878179
-0.330304705134509
-0.448245010449636
-0.684892072647572
-0.610889330055026
-0.388562536584263
-0.552459927213113
-0.551896427866741
-0.648604315886951
-0.517322390250375
-0.38703683761962
-0.588183196888097
-0.503326245615046
-0.614750356503176
-0.659312783753316
-0.603255218938212
-0.498173737071437
-0.46927216346858
-0.462154776757364
-0.347121832108961
-0.557502545037256
-0.479927091547524
-0.502571787547452
-0.692811274399171
-0.419119989719064
-0.609892924937036
-0.612472471503275
-0.520471130829676
-0.383231242178601
-0.492310764831459
-0.477978423325477
-0.566338166945105
-0.557359158653918
-0.606587523511662
-0.434553281450862
-0.546511799458802
-0.568873362027179
-0.481559682980296
-0.514317487602634
-0.475051438998014
-0.41474014350429
-0.464892182287644
-0.393315034952026
-0.48097582527636
-0.447241592309027
-0.562516408122659
-0.432330521213178
-0.586226606853367
-0.407942521987388
-0.39847873389907
-0.482431484345522
-0.371825897619116
-0.508011966517142
-0.475566561206183
-0.472785526812763
-0.446031765902026
-0.363658776528003
-0.42759148875786
-0.498189613565414
-0.397661038211062
-0.340426100890469
-0.52901991951848
-0.517276435369675
-0.291238338317452
-0.486410888942172
-0.37739422647738
-0.471297414042764
-0.395581954403273
-0.432901980689843
-0.459727177966517
-0.406532697568838
-0.491398194190659
-0.300812605559344
-0.452461587802257
-0.422722786733687
-0.46553650649464
-0.302056138607549
-0.329727259689072
-0.3010991190997
-0.285880121430425
-0.430003583147574
-0.239920844739603
-0.436402749820208
-0.503937236622239
-0.431301498892404
-0.342758520064927
-0.334560824151404
-0.339000254425788
-0.429239192726048
-0.497495022202939
-0.389393834005969
-0.300237776257019
-0.348756700965978
-0.355334832091484
-0.443980379004974
-0.403698817421051
-0.273375598036134
-0.309296670115329
-0.409798291864032
-0.293863255119603
-0.215428506689709
-0.255237133691197
-0.303935959054363
-0.293789688685227
-0.420063565004835
-0.520399262492397
-0.346673812844083
-0.317187937204315
-0.195357246850324
-0.311513664598853
-0.361309730775563
-0.316028525421904
-0.264721525035922
-0.359313950124316
-0.190520013574193
-0.390705158049798
-0.32631690171781
-0.436008522734768
-0.348615947027978
-0.301854629964214
-0.408439230670845
-0.282621147852438
-0.27018697976266
-0.372497782767179
-0.416131893563347
-0.313037719249366
-0.504373398369422
-0.292331513321695
-0.298258038331542
-0.198564162351901
-0.257297574200258
-0.350689608116577
-0.413961911805793
-0.269943186525373
-0.271286196712454
-0.319087405040955
-0.176769813294946
-0.213304288268645
-0.366399364164398
-0.39810043609896
-0.283095336999339
-0.233128685596446
-0.302723613584451
-0.293497085734098
-0.203360327531194
-0.283418851085421
-0.281762002032678
-0.261331675648665
-0.25716066416574
-0.215987116066205
-0.369820081485275
-0.285200863457279
-0.427293682012335
-0.195926268473033
-0.336007511434165
0.0523082349062872
-0.193897781412252
-0.321712553521952
-0.220848048295428
-0.236258066362482
-0.22975747692114
-0.184106872559441
-0.0394786487108627
-0.232488703559966
-0.186597678387464
-0.26030655469634
-0.117967385760321
-0.254671390106245
-0.113539026840564
-0.393192005295411
-0.190017655847613
-0.254676881941821
-0.235930577400276
-0.157975292055715
-0.308510439630406
-0.202468477778697
-0.140775443285317
-0.128673070630191
-0.180753821768929
-0.191823442591106
-0.157383474947638
-0.16019369668274
-0.22080788535488
-0.158546008632795
-0.212206181839919
-0.180172901401246
-0.0556034894407298
-0.305659518991143
-0.266629731607796
-0.14391887884019
-0.0912283398842004
-0.170973794500375
-0.028130603660924
-0.21409159550922
-0.21702739155973
-0.0625460681451454
-0.258185494129946
-0.21085845598205
-0.144461647255917
-0.0977045215470751
-0.21631751185728
-0.0655313637823897
-0.118221225984261
-0.0890940978523302
-0.252545847467714
-0.0764222480833389
-0.0278160822025362
-0.165608804534682
-0.223606745617574
-0.00976492198578499
-0.193814618107081
-0.285481832117765
-0.285613042491458
-0.0585041051852009
-0.147572099204193
-0.0848108001199082
-0.238919561967371
-0.136725724539475
-0.10803327186998
-0.119685270935109
-0.00705946273371844
-0.0667930400418846
-0.114055520374983
0.0375443794178991
-0.103892775326059
0.060353144844173
-0.222263499792662
-0.117467699639762
-0.0553349749896901
-0.020611395442871
-0.0709688888741935
0.0204862065079346
-0.167608192610548
-0.0399953234404268
-0.130434843354939
0.0358904613372216
-0.165963164214364
-0.0592646234224349
-0.00620950631889755
0.0426701179200827
0.12334190352989
-0.0645307595685911
-0.111725962354232
-0.112800111402101
-0.0559899712652889
-0.0228431445016391
0.0336031428255531
0.00289633714573609
0.0379305676800851
-0.0492333934509185
-0.0606778769814547
0.0385804789958388
-0.156092307929609
-0.144442483467182
-0.0921578592834138
0.0771474262537311
-0.0534354592714734
0.0216708440334559
-0.034945321711124
-0.153491629251472
-0.225364941857318
-0.0317083168684162
-0.0378750618000026
0.148272593929248
-0.0502361677451307
-0.0196812395919221
0.0481138332847872
-0.150805296796359
-0.121789192603902
0.0771995890799083
0.180209920498704
0.0698830362368684
0.311253022893587
-0.0115098039496956
0.0280660372045756
0.0216045923844209
-0.137810258908103
0.168030437686647
0.0209184300505706
-0.108443473354057
0.0418127052201396
0.00594704111230373
0.148537159608693
-0.0947234496812394
-0.0855660300577205
0.0674570884036591
-0.00142084359533273
-0.0431282894839435
-0.00738143274126607
-0.0486273388356062
-0.15294989180299
-0.000147240219905018
-0.115052399452415
-0.140715428476187
0.0134453703814266
0.158684315856597
0.0916188819976195
0.093554395271016
0.189999517596562
0.0833282961397659
0.103163877966067
-0.0414340168111845
0.15373284115625
0.0710363815151429
0.1009836794651
0.0537509807917047
0.211127160164952
-0.0451162946734107
0.117931276546572
0.0809832139049652
0.0460141282587304
-0.0239746647159137
0.0762594781771985
0.104746577303869
-0.00928520876299531
0.101836040883636
0.0149762116883384
-0.00521987083424283
0.160373661778865
0.103182625974172
0.0364519259394338
0.0856740374137371
0.180316326732266
-0.0250694027418897
0.0217354609362246
0.17575776884174
-0.0516743345153612
0.166033332732087
0.0109479926883936
0.101815581193256
0.0773181312398244
0.167132653924399
0.000460073139213136
0.0461942790335389
0.174559868840021
0.150329013827213
0.0904396086583137
0.195088629774423
0.132303465681549
0.160978273551341
0.139519604944572
0.0897720488983421
0.159211653261495
0.000965121998412009
0.0972311074158303
0.0954281375332051
0.218701744996563
0.223932066296475
0.178666560383018
0.199799548508954
0.124947323512824
0.0390088437773699
0.192495763371321
0.0724073989513521
0.143099042178185
0.000989959221568478
0.256283917663043
0.0036482064620877
0.176779851621892
0.0854242738259581
0.34952519111401
0.0319858773477292
0.128032407127277
0.239282978116402
0.286355903365597
0.157378834325355
0.162983370075157
0.240385738890471
0.230358601470976
0.218498686812407
0.188152186998526
0.0825913673462675
0.224733573368395
0.223162627944822
0.103522386517848
0.229104977144516
0.0710228581765242
0.18064491257001
0.148138023607902
0.365372008771087
0.31415366378896
0.216173962115355
0.180563410355106
0.258677298853768
0.0462675664146799
0.0934537020750961
0.179077122741986
0.169938612837342
0.0528756980423676
0.175383660986289
0.199935647074374
0.0218850010045367
0.177435347757175
0.264641226471609
0.251680301541462
0.373348464786232
0.182410858808624
0.24204102916201
0.259086861169622
0.39022515876109
0.191166756180524
0.147763621050493
0.253714827457278
0.368736674635839
0.316265907492587
0.175508156839121
0.285882443562672
0.285823391708037
0.102424989455794
0.332558567377994
0.370491510199574
0.293305577957623
0.280486045084405
0.171345136232851
0.246761864300925
0.19911367439188
0.179246513966133
0.317100653248521
0.282245930361525
0.303717905841843
0.238915854279871
0.38834735580465
0.129946251852592
0.280630787950772
0.375980768667008
0.322087641151468
0.297174946415479
0.443387977081532
0.293663049549103
0.280628777020177
0.363368425827004
0.372104578193381
0.371299599754021
0.226294212619341
0.368046106155345
0.354162528894017
0.275433704019981
0.377140533057825
0.285195499946187
0.315728075290561
0.265453062052183
0.290156973567095
0.3527070719092
0.322581209778426
0.376219083222112
0.380310549249198
0.318718356568664
0.274715794934546
0.38914187753712
0.394333088926777
0.335507958072735
0.196749494670918
0.36078805604475
0.362957707406069
0.254000806458869
0.349593073863171
0.304303265900193
0.281458461054842
0.430053841345694
0.412075934317676
0.415642096328731
0.396681584752018
0.303080197865271
0.236637766092322
0.342847670341155
0.314904015264228
0.303537010841132
0.363187691488234
0.390036909744834
0.346174596664575
0.543794680384764
0.538434562066998
0.427104775760623
0.492586275392145
0.354962216402943
0.422079798570542
0.536578332822404
0.443669560623818
0.470119399841746
0.380854922101518
0.379053473293315
0.442118448381697
0.172314007475537
0.249029051064565
0.41673913352759
0.315042362517355
0.422200206218229
0.499230479519352
0.534233686476236
0.252383747431347
0.517458734168196
0.442303645969605
0.372941145992891
0.411396023108403
0.362756505369447
0.403077597262218
0.301652575025332
0.617213101154876
0.389626796226201
0.63197736467938
0.522577225541815
0.363655746136102
0.421537260072483
0.292791770650807
0.408656080650012
0.488937061453028
0.570380637341867
0.428665169090323
0.542914981773417
0.424992841980675
0.437491301369324
0.475527837110247
0.415546691928512
0.459319024539628
0.311288361765492
0.395793507910752
0.432738258368608
0.449485414133617
0.404721872907618
0.420946745665811
0.592504205080569
0.392349338967586
0.529093572625443
0.538314849339734
0.484906258386404
0.646284160180527
0.475023813370116
0.580688916652038
0.544926090689584
0.584065429405285
0.421702391019694
0.517662257198123
0.469038986316301
0.52472048244186
0.57310611836387
0.559099843453151
0.504946857458157
0.480527542171199
0.568700980608114
0.55314729226072
0.561625480601008
0.476720101956191
0.620430290208192
0.417382604598156
0.516887267513375
0.417259856537706
0.57870657123519
0.527586605072934
0.507201172839984
0.538567439968742
0.639957089480533
0.606730331661094
0.4654608007975
0.414033082645182
0.516866126396179
0.566008264384759
0.641047971304111
0.513955033595973
0.589644815543041
0.701816511128443
0.548863445900691
0.515303977008819
0.692572555734754
0.539171444312863
0.548591313752328
0.67778931127882
0.648867328302692
0.347467084238377
0.554212119008828
0.646085292343252
0.498794002332672
0.690783478725308
0.678177378425706
0.459864047209048
0.577964670854191
0.614465973032316
0.591450459422487
0.512789146257227
0.541333101112391
0.556273678205004
0.714273904424164
0.554325282865399
0.449850121764627
0.701480574400974
0.504309455256156
0.734768975985404
0.691978458396089
0.663823228242967
0.584471388423089
0.683430599662732
0.59068316522587
0.717478729258307
0.658593040195616
0.553044022770274
0.668556419705666
0.752950825369663
0.576460709529282
0.736383750947386
0.636782566767313
0.645222055790494
0.58692559328096
0.765587160393373
0.649203401778659
0.675793013256154
0.693590951667303
0.707390099336877
0.617483741021869
0.729923110530419
0.758906115595962
0.728886107506365
0.770661385796764
0.597323761654503
0.680476900726393
0.613688107950884
0.678801373341772
0.712041923450465
0.789009151034369
0.815308683468908
0.734707130725169
0.4685084122112
0.656498437789823
0.628152686403279
0.680444061364514
0.643125413285378
0.689964014217899
0.67391304945999
0.734334964293856
0.703988852900559
0.719484169381819
0.778706461777402
0.72401642993678
0.820287980336433
0.811788192254201
0.737818976434169
0.686044525330035
0.880191032722572
0.66409353708963
0.635182461404579
0.754097650543052
0.693052031930697
0.572409503212715
0.620111377372335
0.582410775659421
0.653777591209349
0.737665523660618
0.695187316147923
0.722323443737631
0.683314255021604
0.616270220340556
0.738024612330179
0.827895987651865
0.657019335767548
0.754432063613392
0.663815245793357
0.718168229455573
0.800260371035112
0.775138897736019
0.834814297040007
0.725428971408388
0.878858534690042
0.735999982358865
0.814613058536272
0.726245405426911
0.827549789297445
0.911394263165736
0.751941566893888
0.771721260781723
0.95924977241106
0.913047178957055
0.704689167437374
0.844431352175297
0.824535660329902
0.751717405121154
0.838391638685934
0.805286268120415
0.837298518424312
0.743866364278885
0.682602542256554
0.89209362604481
0.751464167345806
0.691892189266958
0.670154874177398
0.782168520200104
0.972983813034863
0.840510707232286
0.839749253764566
0.876321429198745
0.986071421434175
0.753042956654041
0.746737854783306
0.835369540246172
0.75420484510588
0.854748976096948
0.953816826002361
0.9247284144061
0.829829363700032
0.91822323932853
0.828842691627067
0.75490591672392
0.819716823135522
0.800081263677508
0.767352060035492
0.780018439443501
0.772520482832535
0.859294130581035
0.99565480911141
0.971666553895602
0.927394136341619
0.797896133539181
0.824712406667449
0.898557712087644
0.961106926512978
0.760340608275254
0.903442845561795
0.815502184791786
1.01176919186271
0.876564166123082
1.12290874434846
0.83307350193855
0.944032022169515
0.890621432760619
0.955900167033678
0.901789461847362
0.792265062091553
0.930636303655534
0.966404750725581
0.899704979618575
0.810458310337729
1.16123440154386
0.952515718799039
0.812080114256936
0.799888890787622
0.889525155625363
0.93845125781755
0.674126779594337
0.93098938566214
0.846973357170384
1.00638981120021
0.895131098026584
0.938648490928934
1.06907589509372
1.01669713764528
0.952326192740011
0.974246895749048
0.907024998365898
0.972825279426799
1.00956452617459
0.925229024846795
0.9123562935736
1.00959188875832
0.882167584024928
0.983264438677602
1.03637517326819
0.981231251006458
1.1225033462939
0.931361715253007
1.16404714869458
1.00107793036485
0.941133099150928
1.06104505117754
0.866172421835896
1.09360634394305
0.909344419712369
0.865403184273425
0.944479631813544
1.07027238097637
0.96722623458042
1.07242386575398
0.919665086359124
0.898910820028776
0.966119245994238
1.05297504597441
1.06724526803106
0.994688223692828
1.03368543159909
1.12023957746154
