0.117910567253482
-0.980044834356931
-0.942990121839171
-0.931609094046915
-0.982762093193734
-1.03075154660711
-1.06162398650133
-1.02357540687063
-0.879964733420756
-0.884091705652098
-1.04921686287143
-1.05453088304701
-0.970533976424727
-0.99757340067743
-0.982166861014174
-0.993249239063747
-0.926693297462715
-1.03267058119449
-0.815633559687623
-1.03037122453176
-0.842110902010317
-0.776378366340804
-0.833876044609342
-1.03548578502281
-1.00435222062002
-1.01041371086817
-0.893697052917279
-0.891047608600652
-1.05551135075746
-0.847231939543124
-1.07222855298419
-0.960609002017579
-0.988413454928884
-0.977837959756972
-1.15170781133252
-0.853144613759533
-0.943036514725365
-0.936222918235805
-1.10153182847219
-1.00111529312329
-0.977468458172946
-0.836471848673281
-0.811105626398157
-0.7492890136731
-0.831500785418777
-0.845831809998113
-0.87694351377261
-0.97742400014997
-0.884335972599913
-0.937805286661278
-0.899252443954991
-0.916896875385345
-0.881637881677241
-0.749856810008761
-1.06640720971719
-0.695395544398085
-0.914215830854537
-1.01058175670743
-0.828432247143085
-0.834396459098293
-0.923904385813527
-0.815134928443047
-0.841071774455603
-0.860690498861411
-0.821596260405079
-0.934380531726379
-0.784491813768183
-0.719230103898896
-0.909229221630174
-0.747615625468171
-0.831865664249883
-0.904653683344413
-0.734095932433652
-0.778138380285838
-0.701654901466768
-0.953921149745574
-0.791938422513529
-0.782278060019275
-0.868946276971716
-0.868567594231263
-0.753836570990357
-0.814644203549876
-0.882514659998411
-0.797471208063735
-0.651447135530201
-0.811894071886641
-0.874978897929337
-0.765111078794233
-0.892674106445854
-0.829663463659813
-0.774785285215272
-0.770762854190368
-0.865107526090082
-0.923831248955193
-0.789459333780014
-0.743901370366612
-0.673146496647713
-0.844312615744538
-0.677885270692016
-0.819854378581054
-0.833584576431841
-0.8443143652852
-0.846123817209639
-0.871192820575476
-0.874749606910276
-0.792666131122665
-0.935990906746118
-0.704713911253174
-0.714354367961469
-0.7199439635729
-0.802720277190336
-0.746910640534872
-0.659323311708539
-0.678091374537832
-0.800429237278784
-0.720063631444707
-0.804962875903583
-0.844376926774022
-0.707630430285312
-0.814834318040195
-0.703199613052841
-0.818839412232118
-0.833289251511144
-0.605729864791443
-0.749531685720081
-0.721566728253302
-0.703296446209019
-0.764146189399942
-0.705591718594425
-0.729915948988368
-0.596841842611233
-0.779159967461674
-0.851650948163687
-0.739106051164484
-0.698642073892346
-0.761308776511798
-0.75589601996423
-0.617886026109245
-0.862034255051868
-0.628635948922438
-0.522196138915958
-0.683113008924536
-0.722248610332302
-0.708026007192173
-0.78056446366154
-0.656695879220217
-0.80462337670742
-0.58693401634226
-0.639061422714857
-0.672502728717518
-0.653696224676399
-0.634002956352118
-0.666293057972867
-0.756852807999218
-0.652075950946036
-0.752220423725723
-0.730971715930193
-0.689345357874716
-0.592521580273009
-0.519923092730236
-0.612916793559308
-0.545791503847873
-0.670444472142923
-0.629640606398831
-0.537734889459219
-0.616259011623685
-0.644535821197052
-0.561207524339502
-0.755076171279821
-0.541253456699412
-0.573776066722291
-0.650746409384198
-0.680785537053406
-0.629013353360096
-0.63379948993422
-0.671494881565618
-0.606477234261437
-0.729101323646108
-0.652849578556565
-0.523686876136051
-0.736097428183637
-0.49316417274203
-0.640581813866334
-0.713533665154341
-0.793700940249476
-0.559158043975708
-0.653440864142491
-0.68652077457647
-0.700286981640498
-0.575439313966644
-0.765637390839301
-0.737383998008197
-0.590816279074043
-0.53360367512814
-0.586293883271136
-0.529153758867778
-0.552564552228442
-0.689160611870884
-0.582366835082855
-0.657012364633381
-0.568907693500644
-0.616599900416746
-0.584723331429344
-0.529989223583696
-0.633429896821389
-0.539358459041622
-0.589033736608525
-0.559495284103786
-0.520448594371955
-0.485497784470653
-0.603003646171351
-0.573654461321568
-0.489733218807424
-0.456484179849947
-0.601663030643197
-0.519322929554465
-0.555546324199447
-0.464568338113882
-0.566641916232286
-0.530387511840575
-0.469042149611763
-0.618908725691481
-0.597267916138172
-0.635509105214806
-0.571814652743724
-0.57180392045606
-0.562545011896746
-0.48683432880099
-0.654220083134067
-0.48088093657291
-0.608020305519421
-0.538579365144459
-0.380003963318839
-0.523029237807816
-0.478419947473452
-0.631690937731377
-0.407588820466314
-0.42260880156579
-0.565093654529882
-0.464598800043804
-0.615045036595401
-0.561729347282723
-0.480478915030207
-0.547341192820624
-0.624937559975169
-0.660947304971101
-0.502372262105579
-0.460904270945174
-0.497896766987768
-0.297441003094429
-0.434841926316779
-0.457282708044648
-0.445785480233442
-0.561370455358384
-0.574892117650491
-0.525310159191834
-0.490383136182032
-0.504096386308817
-0.555586055166378
-0.491868972201348
-0.638476136409722
-0.352205185870165
-0.471140156043024
-0.368247310726756
-0.644138191678291
-0.496784968943239
-0.591027287228987
-0.51320153532614
-0.285321849200266
-0.565345358749452
-0.439957781913579
-0.467590309635314
-0.430030247460334
-0.660513904975432
-0.484429111949226
-0.507746273074288
-0.559657525302795
-0.633553226731681
-0.629109904402486
-0.604590817270831
-0.380944871323041
-0.355042478479391
-0.52038090559839
-0.382255170835199
-0.337158811965015
-0.437610850683987
-0.26812416875319
-0.460784456213224
-0.458707983638248
-0.443872185820846
-0.426714582078768
-0.389297576265769
-0.481674436827054
-0.401481041189211
-0.280183851426833
-0.478470500900396
-0.479647781988254
-0.476909753117206
-0.297733867829631
-0.258737961611676
-0.379593596893074
-0.40756044026766
-0.421900046874472
-0.399290193614856
-0.285007162246369
-0.362218476747538
-0.408724624965313
-0.602578789956142
-0.491734144418816
-0.331084949043752
-0.389569922760509
-0.292569428984258
-0.189041055013314
-0.428634210553503
-0.508978164180009
-0.450302892028744
-0.357769482521028
-0.371303169417703
-0.294389061871551
-0.431041363480888
-0.387659514754874
-0.437596327481332
-0.336104336856723
-0.284229129848306
-0.327306216152227
-0.321319804132653
-0.419903191794685
-0.136321104782735
-0.365208329944563
-0.473584893161849
-0.24945595159902
-0.408022165439194
-0.318646809028716
-0.210786355324822
-0.53139090331576
-0.215426156349293
-0.39994382540802
-0.269460532751933
-0.331878838824938
-0.365350460457427
-0.325175474352398
-0.345270958741256
-0.374757678602516
-0.317139841234117
-0.225680216687888
-0.302146122716437
-0.31647608275633
-0.334426815402001
-0.299501100611796
-0.326416172031221
-0.388702208779396
-0.380064750639085
-0.18116573372907
-0.217062730630512
-0.18948074530944
-0.252246606422482
-0.290340142885999
-0.26033928445389
-0.254008614673907
-0.275915257734904
-0.280277363266845
-0.30494727528826
-0.343700417662551
-0.296346367592941
-0.214453866826558
-0.229734175798668
-0.308917118144709
-0.213015514856616
-0.344933513414367
-0.320029619686176
-0.12798589389947
-0.222319346875065
-0.0793631092164258
-0.352090458172188
-0.174696548963893
-0.292621485995579
-0.248181344783791
-0.163332360954428
-0.182149785784881
-0.250507323744642
-0.222660532643885
-0.284236392575763
-0.359916890140252
-0.174718652032892
-0.297122820737348
-0.18749577816003
-0.133558947071319
-0.263256526181022
-0.0933954068348757
-0.212426983922974
-0.21842362041502
-0.213855628821172
-0.252652654828076
-0.234375584258503
-0.214760610965967
-0.190112434894736
-0.217024747853102
-0.0522470063670621
-0.181353062189087
-0.183783501988863
-0.126361697068788
-0.120080356285162
-0.145894540763366
-0.238922229038136
-0.0959258109111893
-0.30473234463471
-0.19738007862871
-0.287795693916363
-0.175920869664679
-0.159613599023029
-0.106030493815682
-0.273809836133394
-0.195557619540057
-0.161506516055831
-0.246850615610779
-0.0834253824040768
-0.1156234571227
-0.155310028403877
-0.264918661536738
-0.251258580079258
-0.100530850892246
-0.0674879537186773
-0.273801831515429
-0.0862239101706301
-0.31904336654941
-0.110208451680214
-0.163664977842734
-0.0277110083498347
-0.0239270671316401
-0.15663805711315
-0.1684599575641
-0.170437503835697
-0.0711097958761235
-0.170157196541467
-0.0156731654012857
0.116589015679993
-0.0456664335183946
-0.189517273722208
-0.17028714554743
-0.123852452120367
-0.132245527602849
-0.200621611523238
-0.176485199088219
-0.075910301480684
-0.0453252338634571
-0.0399470998977769
-0.140302852252035
-0.12727365520938
-0.00694550363243602
-0.18748673184447
-0.131826201004268
-0.0154540678318722
-0.165947940670933
-0.0892909976040507
-0.0887213913859117
-0.0753530445484275
-0.0860501563869023
-0.0584708197160948
0.0573515841949069
-0.0517799738610585
-0.105299607658839
-0.0646997726207801
-0.0942076027657298
-0.00808154583340921
-0.109018705945166
-0.00730685408621084
-0.0122992683399093
-0.0509248834600072
-0.0891558363667926
-0.210688769915895
0.139950875214029
-0.0228739274701259
-0.0326340825099869
-0.096211405286395
0.0731373147504214
-0.0571272026748073
-0.00190667196752091
-0.162195417767776
0.0285551223406309
0.146695285624066
-0.0747985294717718
-0.14302219199686
-0.0498523053381296
0.073771783931505
0.0457334032963643
-0.128634450314477
-0.0110217014260867
-0.0279844319631328
-0.0443791416336096
-0.0447260879188937
-0.0641980301181911
-0.0290159865446706
0.0929473207265805
-0.0753207015276702
-0.0370806567703088
-0.0328863954458883
-0.0195236372681183
0.00840893051106433
0.0567629582709521
-0.211796887781752
-0.0121631397395346
-0.0553258907221609
0.0360208797098558
-0.0666457760780541
-0.107630086182192
0.0816933373751031
-0.0475709360510594
0.0963259660894798
-0.0104698885941148
0.0549317402593493
0.165379959427408
-0.0482225440156621
0.173050657019482
0.0317036694042573
0.022874892331331
-0.00284523985762454
0.0575306313621013
0.0936087283470639
-0.195213893966451
-0.00924695704916307
0.0288340286779994
0.089702365066044
-0.0562201547008447
0.257146478973038
0.020199895940809
0.0876882410296934
0.19902209371887
0.102545362731905
0.0596344808024538
0.0534371555397291
0.0405012186917269
0.100832935963367
0.0278091665440229
0.0400067775761128
0.10057664875263
0.0739678912353223
-0.0273361886189005
0.06241425637804
-0.0256242851935774
-0.00353156360419749
0.131858913081291
0.10358327661544
-0.0529582645792335
0.0102141725592783
0.0481339447756663
-0.00835907391960628
0.0697420986138621
0.0616167631209244
0.0569920812328189
0.146421163637053
-0.0548887598641788
0.139162031805192
0.0162101356243858
0.172732346971045
0.0950761582163755
0.0578161656379301
0.161331298715253
0.320372613158141
0.0771800038204858
0.123084509618775
0.201852170132421
-0.0457479098980873
0.0805396496809936
0.0849672410308019
0.203975021769164
0.230255027638079
0.158631123013766
0.155254946912542
0.0380338583912646
0.103069996100179
0.185602199947641
0.224441097912395
0.121998946627059
0.0169683442166308
0.099945653587232
0.207018015736713
0.188697855094556
0.0999727700668809
0.223037158238419
0.107377887873766
0.329488096735809
0.0630897410487169
0.152849902525492
0.168476029614797
0.26895881725219
0.20655045376311
0.070075754471493
0.167385869757156
0.269810714353229
0.204257360636587
0.274619165563891
0.209012464919762
0.171510739137746
0.124235312789296
0.0250870248549134
0.194783120288779
0.118962583943352
0.100145466825373
0.297400891798995
0.172542626026713
0.204782478060849
0.176860305076951
0.188827107782723
0.170003947367879
0.117246394101153
0.209816927770216
0.314878747104308
0.192185882793086
0.251071993851103
0.15119069532188
0.153599963350164
0.223742867389183
0.127416173014925
0.187495123592458
0.350380649236061
0.145156458372719
0.282661769453183
0.263738427311533
0.281868110976211
0.231195991761073
0.234127757755161
0.391869009883293
0.195731240278443
0.252344007477798
0.234740240309571
0.29749913233989
0.32427267855467
0.261743144956699
0.182935231553115
0.158163679619463
0.0156493223839166
0.189684477090674
0.278077149407624
0.337504670888786
0.166562400117891
0.173185511590702
0.386506589326376
0.369806496006407
0.304418494246876
0.170974422790609
0.380204762288102
0.279808030187457
0.154074400228927
0.447220096933928
0.200859329217189
0.233129138460541
0.269315019897386
0.219305792324056
0.261004426181968
0.236779125649986
0.276692784561926
0.322032894262065
0.304524256134904
0.23126820212044
0.323264722084328
0.334999439147113
0.287092394456582
0.382923827762544
0.201041617123948
0.203266328050647
0.496025726746264
0.392324053869489
0.402515844706243
0.329600489373442
0.249855445489314
0.204529312542252
0.328336879394059
0.311770796839228
0.386279925867707
0.363251156338713
0.296178461220569
0.409297805847865
0.372458567263677
0.386961582895414
0.433616311544543
0.432509736467451
0.310241720614488
0.315482661920081
0.295933042456707
0.250662738905736
0.49095790316897
0.347286143530941
0.372139241886915
0.183700843968338
0.167195598454452
0.369117031753123
0.362692548389338
0.263193132924952
0.246452100433283
0.32001649678682
0.402904873536839
0.393810975324459
0.296958810210195
0.392220026504803
0.340680132084846
0.332033008771488
0.484166519403566
0.51864255117938
0.383178015041851
0.531326856223433
0.218468856407353
0.431362049169036
0.422218069319463
0.487244007712001
0.421918425176242
0.283996813188494
0.504727190612491
0.395283059320487
0.563245693665583
0.415382240690132
0.487521531362937
0.58870695432524
0.406116153627614
0.436975381572022
0.378494904919294
0.367520686474957
0.350323727409084
0.303479244179822
0.548650650085925
0.363112081000385
0.477915863190685
0.408645037673995
0.387209287841506
0.399335108251434
0.306844659617302
0.239696270258745
0.401100756319081
0.254352389105879
0.439475217221757
0.373196820590003
0.441464433742791
0.362685295071835
0.435949586449862
0.4974116645605
0.37056721795283
0.340540632239682
0.543478631575066
0.475416607821098
0.541936314183176
0.593830550837142
0.537558554721116
0.586719983053681
0.423127786369277
0.623931515894929
0.346292154210541
0.550622309447056
0.487846594085099
0.41251310238846
0.498739445408327
0.403572986031009
0.411534009578838
0.550327564705582
0.524938302574043
0.573082817559217
0.395254452070319
0.433904214950971
0.393996743929327
0.3538703894517
0.662236922463128
0.448481589059953
0.582733865331249
0.595960117853452
0.586035699005833
0.453495206722692
0.594002366014285
0.470415369667529
0.581004414042339
0.675755107786254
0.573852614285948
0.634940201674314
0.560139300724762
0.343462443212136
0.606767242523759
0.519338320038805
0.605326703386159
0.534629293575932
0.41525467691776
0.507080806838248
0.633449269493319
0.500238623815391
0.497004971853196
0.597996411088543
0.49504869094563
0.390560287713118
0.481242766558011
0.589320335362199
0.58174183419158
0.515373910807734
0.544956181171126
0.607235980026326
0.737923060952371
0.731066803326059
0.571197212613823
0.526589117388005
0.390452443356455
0.497688719127655
0.607066951323876
0.632024107121731
0.658025809913699
0.519898543904854
0.578701974129588
0.681316437510676
0.66998267018518
0.519805315886555
0.594962376526251
0.557326264841928
0.661163078408812
0.591671716111289
0.566861045777674
0.609331376656304
0.608296040202549
0.629051346152136
0.523454011927731
0.688427992427043
0.66588944576367
0.68571997164879
0.671878221141205
0.652525163774594
0.536423144187064
0.713085846547777
0.535279725504602
0.651894169110434
0.699394982856953
0.603859586189058
0.704131113723642
0.611049124382964
0.662180804411462
0.526895760748874
0.687486855488138
0.673325667285147
0.646302483997205
0.650837220535406
0.694274511263093
0.771470390962757
0.734713384079642
0.719628767777403
0.754261514740081
0.648483022128445
0.667855053339941
0.413244914658679
0.653873910483377
0.771822513819066
0.728645573368239
0.618782845453662
0.756772593385388
0.561616058469094
0.769737276159122
0.616504706855857
0.653314526165319
0.636334070032102
0.644835706489475
0.672365148934867
0.679429507305689
0.813623330241077
0.811240594824344
0.777694529229112
0.803365020844282
0.664749564510402
0.740526114431089
0.68989222870625
0.675220442512738
0.780945529138764
0.743137628326694
0.657674941880501
0.909215941374988
0.684306563014348
0.693700993450722
0.822566856901676
0.853235671817471
0.741566771850314
0.57971171702219
0.592833376913808
0.650991533320578
0.820650163746413
0.784918747927295
0.668730663809385
0.684860472677939
0.671691607572765
0.849074006981631
0.815262559219505
0.738053341091343
0.735798316204106
0.834983276096541
0.845959847808749
0.727885900581857
0.800854755845747
0.84684152939942
0.57882823023107
0.668780080118017
1.018600011199
0.561778869440246
0.771102716563673
0.884512006990085
0.741595457191821
0.9114892275847
0.748963137134648
0.746634919407027
0.847115412062702
0.7144393709487
0.626498968161493
0.787460644071626
0.819938319527896
0.768939061430802
0.867145971732212
0.730787007945761
0.894692716311219
0.9622657705631
0.921663202469902
0.896962494804566
0.718016712777531
0.865228222211241
0.711850038442557
0.868790107970923
0.876976630005481
0.887623408729664
0.774724681126203
0.746586373107038
0.899390549757831
0.737918359183319
0.953040507706763
0.862928918264762
0.893513893206597
0.828766096640203
0.833303609746799
0.778662915581923
0.870263681404082
0.807136163869441
0.799421678957985
0.781851841561859
0.799292409525222
0.834659621736841
0.791465453693037
0.768636356780425
0.905804033603697
0.8490770588699
0.856673402177424
0.905790912183269
0.88927775002385
1.03946295708624
0.908629904065804
0.767466432876043
0.740525362421438
0.938761804312082
0.861526691012156
0.92605142347704
0.800676413380953
0.87831799448208
1.02868156880559
0.984800825651488
1.02296138889125
0.957341887735397
0.788282787815449
0.848151826597733
1.01160338441974
0.831223988657068
0.959710941615667
0.958254582722509
0.935558860056217
1.03719028986662
0.858678774744927
0.82270498897708
0.806125956329285
0.954632983176382
0.924629557416649
0.927100585234018
0.866855171104519
0.852719160424094
0.960189847523202
0.915514797522747
0.933017974591861
1.02094204904913
1.0376745846124
1.12640597073441
1.09931119612429
0.884271022755265
0.859338255481022
1.05761882677803
0.868455722036181
0.932545919913113
0.826041501422682
0.892854641822334
1.08503971603565
1.05359505653021
1.01802263468482
0.873627787226532
0.965920933117277
0.88554113195888
0.89583151753872
0.966211724854502
1.00417719540775
0.942193233233282
0.937599637791847
1.01693538309849
0.851950245164169
1.06295127738069
1.01634115845726
0.862678594439754
0.95112998651289
0.912785997998081
0.994195802931438
1.11302582482032
