-0.0667104811024612
-1.08024657403496
-0.943738494699322
-0.911295412755976
-1.00313747153944
-1.11941633762955
-0.899883344965299
-1.00696924324715
-0.960903022580176
-0.983112359133522
-0.94841833450766
-0.86412655117741
-0.936527753966515
-1.02494568613688
-0.975348484456953
-0.95098286113854
-1.04518908890258
-1.09693831197019
-0.988174741358415
-0.985090244656933
-0.890792338583861
-0.943939565715405
-1.1503273313558
-0.932292075485682
-0.871145531460362
-0.894875214964506
-0.934873381675286
-0.990843942118967
-0.989764069203384
-1.09608243156577
-0.957893491587595
-0.832484936265155
-0.910666345141251
-0.902931108385315
-0.890757818316087
-0.89804296239258
-0.859311658407741
-0.932091271937008
-0.845066842012403
-0.820754493025656
-0.832863344484731
-0.897682906884953
-0.877008005095998
-0.953011727211264
-0.94099485293886
-0.814836723116526
-0.887791556236771
-0.922987837684765
-0.896176701881621
-0.887016716693152
-0.956622092124539
-0.872769004057408
-0.880402166533806
-0.926690799464288
-0.988560924343137
-0.868687181499777
-1.03809722215218
-0.913777554568468
-0.949338080493665
-0.938326722424404
-1.00262089214674
-0.80649339970911
-0.899200083193275
-0.849300844493001
-0.735872801633609
-0.735668153094734
-0.871140443453873
-0.841514587230909
-0.841000090214213
-0.627367669860804
-0.918488753755135
-0.834789667949783
-0.812160360542845
-0.952280795206422
-0.897406724136722
-1.00337565738779
-0.882773045451063
-0.816485838893341
-0.897587183692494
-0.828830655845683
-0.756813389111023
-0.813210644083401
-0.795004352236382
-1.08088478797436
-0.763180559354717
-0.815589503327199
-0.853490093242225
-0.801940422273359
-0.995120210983703
-0.773268162525663
-0.780448777309904
-0.774118551463446
-0.931813084777087
-0.630604376238124
-0.843250241738664
-0.835052819437681
-0.733521553517255
-0.844083462224668
-0.853368179749304
-0.817391612704069
-0.805111038575017
-0.938128744521392
-0.890567077728714
-0.957198802655677
-0.783741830464194
-0.848561536427641
-0.645904646990467
-0.865216423364431
-1.01083735189085
-0.837111381477689
-0.800855350098745
-0.865427574364958
-0.763268230766835
-0.677085909053288
-0.819811254629401
-0.882497270962849
-0.718409548154868
-0.803508407852744
-0.676930822593697
-0.721119370638028
-0.770637455431208
-0.641722145499121
-0.783360964381907
-0.655084953110839
-0.652991379200971
-0.765823546111111
-0.614687962529936
-0.831918469136483
-0.741539149704239
-0.65670258531111
-0.849873350059941
-0.670566521547079
-0.904836820157913
-0.708464380609353
-0.736431235326852
-0.706911845117909
-0.796400395033027
-0.840008400822886
-0.707484385153772
-0.732649322795523
-0.569043874861625
-0.627651994686996
-0.719012080793633
-0.704293873684485
-0.601718865057562
-0.582561940569782
-0.572801450719569
-0.752425823697913
-0.663363268413568
-0.816027361198762
-0.736075359867709
-0.644190900243
-0.777617657569068
-0.826759394470315
-0.663363370811605
-0.647559760170615
-0.703802108802739
-0.771446697145669
-0.682972561443154
-0.580270073788412
-0.820565105972701
-0.56891596282402
-0.710323637934065
-0.500927191394258
-0.693846821519144
-0.750538158588461
-0.710082686000769
-0.567620195881446
-0.56989457018326
-0.705596624278869
-0.65063499395714
-0.783324625058249
-0.613746176774035
-0.633292714678789
-0.639442589505087
-0.676800699285107
-0.750454796183347
-0.669364805860134
-0.84300337624426
-0.626368364490321
-0.569411760041285
-0.813354161342462
-0.678295450186948
-0.614992357739668
-0.552020673163054
-0.616882180406279
-0.680084875050882
-0.606926647300876
-0.626960711877415
-0.567454645285071
-0.797833903617019
-0.608912955682313
-0.609144935637494
-0.688913066326673
-0.559485744488927
-0.55388940020448
-0.386581192104479
-0.603087181869237
-0.741183409521533
-0.723282950592274
-0.583945515256467
-0.770625997459945
-0.46341554736304
-0.625198767180434
-0.57005714627065
-0.521909652940793
-0.547396746751433
-0.765756440669221
-0.668881564671137
-0.476866629077269
-0.658231401318122
-0.467913525286088
-0.754474730697635
-0.526321418468599
-0.604107193842756
-0.533335054063876
-0.507287227337043
-0.509658736648354
-0.561541943745749
-0.476765142908441
-0.666801827235093
-0.532410948579104
-0.629323207245904
-0.563648915131867
-0.655651415694496
-0.533367757349173
-0.573066753400486
-0.466712353632502
-0.685890595320551
-0.78079485601463
-0.619896767040693
-0.607887726026264
-0.564947027321374
-0.47764473490271
-0.663159727128509
-0.523289373095649
-0.470986862301332
-0.432744703745942
-0.616502573606499
-0.524973230753507
-0.601739119130062
-0.348611421329126
-0.491579397104468
-0.485909774837548
-0.573722477394162
-0.575784727935981
-0.492996319579611
-0.518589960098383
-0.341929073694717
-0.321100828474776
-0.477946250566477
-0.513097735573889
-0.510685696320376
-0.522023759721372
-0.427192822148326
-0.537904873183669
-0.415097267384356
-0.573305182678744
-0.434386636671996
-0.56245939273683
-0.415615010502637
-0.476796713250704
-0.306161694582223
-0.522808239368306
-0.401964295089365
-0.615678081725299
-0.611626636358218
-0.510009120877045
-0.589464949249588
-0.415035391115697
-0.409309358036393
-0.454118472475443
-0.371741540028718
-0.538838333141076
-0.488881503949093
-0.503222929708723
-0.55503100379071
-0.390940909895639
-0.455056331822061
-0.322285152434368
-0.504813683585796
-0.568648246708775
-0.397281349180581
-0.514558295759824
-0.486203957406242
-0.411740686930212
-0.427883190271202
-0.394928236690989
-0.399376559298938
-0.330787138229201
-0.388476865825557
-0.608939590284425
-0.43745899297931
-0.506564800728906
-0.412776704579324
-0.412682203990606
-0.397274753101902
-0.34621140237464
-0.475144137061081
-0.416300864588277
-0.392208809336785
-0.342272209406528
-0.431883224923492
-0.526228302123147
-0.471155164010201
-0.399734364367358
-0.274485071875422
-0.394900941936267
-0.317807788545998
-0.287280816026386
-0.419338923400561
-0.342868427661278
-0.317827296328149
-0.444844718475598
-0.510965316573647
-0.483416363464513
-0.217566958428545
-0.294435540052402
-0.266392532452202
-0.38508505354581
-0.439796644946214
-0.260650098630038
-0.328792970245325
-0.425015677580657
-0.482489544813932
-0.430802271234051
-0.410973245519998
-0.438362897784566
-0.395052781300974
-0.405451589774652
-0.163009451023796
-0.416657932074422
-0.330661995273335
-0.299774090903105
-0.420798785604825
-0.295605217815234
-0.446029608161377
-0.274709757820556
-0.175317614470267
-0.31327925663229
-0.399715434324801
-0.505012201688807
-0.358934565341252
-0.345630803150975
-0.357830949922841
-0.187347468752139
-0.257901087994377
-0.366283851180366
-0.150500122308734
-0.192992936288328
-0.357970355386556
-0.251869300528369
-0.196235395896308
-0.141459588506594
-0.410513314441695
-0.355364087659437
-0.142812116558658
-0.248240095404592
-0.264026105412989
-0.361335510917398
-0.344471495586079
-0.245415184998835
-0.355536070063009
-0.175292216094884
-0.227008315340721
-0.266627380783387
-0.214173593918646
-0.28433520541371
-0.132432702907423
-0.179507674785311
-0.230193698495176
-0.0536171909669202
-0.357783023996681
-0.220117514688883
-0.163568911183993
-0.200109337368342
-0.241391315928487
-0.362574032160451
-0.241989801898476
-0.325014438308667
-0.13209955750049
-0.212923810142659
-0.22227372371699
-0.320109187393999
-0.260335307729812
-0.197219598287832
-0.27163393456845
-0.173275472901658
-0.36945524792556
-0.116295178843413
-0.248557383687945
-0.165386942096833
-0.127648029002157
-0.135890555784966
-0.298867933563906
-0.150912773268276
-0.37555355155221
-0.261128348140584
-0.28093683638979
-0.218831465026198
-0.0231624081162403
-0.367319818623985
0.0914601855095765
-0.228691586294887
-0.169527622878071
-0.138893908627947
-0.115206762959133
-0.105695500481182
-0.0471797375205344
-0.06543474863227
-0.0913121414879673
-0.256538091168383
-0.106072770803077
-0.082864336670022
-0.204351120804874
-0.0860923648270604
-0.252629285579608
-0.0795694567950614
-0.0548185346850624
-0.127663414665716
-0.0526750721809841
-0.0869708375227742
0.0296412927261495
-0.0023870405802285
-0.111923614340119
-0.115104958695749
-0.241350499502291
-0.0638190825465696
-0.0457496359820238
-0.0576542220511494
-0.172011453121943
-0.225099049380254
-0.108282436249945
-0.100881257320695
-0.118400061973009
-0.0946863831965565
-0.264006227079355
-0.169699318148316
-0.0829857564117132
-0.247874299451334
-0.0449858246771868
-0.278491175746169
-0.156209876922081
-0.106770350083722
-0.101095017714936
-0.206779397445492
-0.124792144692165
0.0040806042295832
-0.067197052404553
-0.0430960446686257
-0.156840529090652
-0.121978569418344
0.0591728048390387
-0.150985338296181
-0.169281711728304
-0.0152503622797455
0.00296480018683613
-0.0874246970154603
-0.0199772260366102
-0.0201513541837767
-0.116463659255675
-0.118529806779836
-0.126733447060472
-0.205100407217378
-0.0958834481150309
-0.133116306813855
0.077001910550273
-0.220886099030569
-0.0358103632194788
-0.0624444932062197
-0.156114922205514
-0.0770971585031051
0.0593641010112238
0.0480904721301684
0.0397419613220334
-0.114484479062728
-0.00709977993321547
0.0259708033489445
-0.173637996614384
0.125071930528448
-0.0471022553463497
-0.0698433117048416
-0.113253958397728
0.0832556214841114
-0.00105619111876844
-0.114361456821684
0.0998010909685802
-0.0629231825264103
0.0194378221481788
-0.0722060109767445
-0.0177984934695838
0.104547322072967
-0.121579940615503
-0.0815196492778234
0.0474024092421402
-0.0551606701193358
-0.0433790727981666
0.177652379313505
0.0412593477715329
-0.103996185140912
0.068937033138558
-0.0213092626424702
0.0838695729349059
-0.149579027987467
0.142270960063517
0.00320255870323772
-0.0324092518899301
0.226801680280314
-0.0631446988200914
0.00565630780660548
-0.150837829344975
-0.0192388562136353
0.0390832776969289
0.0775392320804981
-0.00954208947581241
0.0207919854607402
0.0629335045530826
-0.0529355083156704
0.178937242685294
0.175687760727769
-0.0556328017637145
0.0613609818570862
0.180578347999984
0.104052456673098
0.0292225694987028
0.0277345424377102
0.161754749036605
0.0621669687537421
0.28215969077268
-0.0144336150787621
0.033385466555709
0.0595419564433436
0.0055355877812308
0.103213200495203
0.092207801176694
-0.00852642813932591
-0.0370068513383252
0.174972864064051
0.0979189026452196
-0.00296154862352799
0.125302367467214
0.181047392792277
0.177260233279527
-0.020679983744355
0.237401733279567
0.0643711516451527
-0.0608457064281516
0.0441165987110992
-0.0160660270555335
0.216708491782198
0.135257864634024
0.00416861776361523
0.266639339110229
0.00292942979525131
-0.00863153620864645
0.0629113396714114
0.0822262655429259
0.0698151576967969
0.023041419363416
0.1259649996825
0.117881427656283
0.173175901579802
0.140208218381003
0.0311521166141353
0.129161263494817
0.213899880247578
0.199914559850932
0.262224294872983
0.0675592224633376
0.192279099357132
0.15512157857848
0.229558608897394
0.135926068802776
-0.00117847170253236
0.15521622738181
0.240240086449411
0.278827075505967
0.238735109506637
0.135675141158645
0.279641670759953
0.262210883584895
0.132815251779377
0.10045904623924
0.19058119077652
0.171385453410747
0.11252792684351
0.185809331470316
0.250853383878527
0.314386647817097
0.130218425515312
0.135258084364345
0.0604558630769894
0.198560100288225
0.109869718007625
0.203628838732421
0.201574032195321
0.0242828833899642
0.120346914353662
0.188449812470756
-0.0352779547909837
0.200699606282593
0.0740381434619075
0.20369782273543
0.191364605706796
0.239321373926938
0.313557056979516
0.10732512231314
0.243133204959292
0.141082549410452
0.248192490404596
0.176381862162198
0.332761143232971
0.282406494332582
0.156070498975507
0.228691490943519
0.340748529326491
0.281735178917224
0.0962327086621039
0.304668290188222
0.338450114334655
0.245421955131211
0.254603340940573
0.303250029723869
0.321363545337111
0.225639153014882
0.254658651812242
0.208747017949649
0.264495330341164
0.269835430537419
0.282916286889033
0.108106375397587
0.339204760709919
0.267688060740436
0.374442862660736
0.351455935905733
0.160755365119512
0.368906074028093
0.166018802526829
0.231737626512567
0.286382645045071
0.383956594135626
0.246501794685625
0.24747797161442
0.299901736421899
0.362159744673204
0.467465291815832
0.492802471189656
0.149761932894402
0.357639309907142
0.395920894667707
0.322951058772495
0.179135267118968
0.127943275233685
0.1922653635494
0.23663411640949
0.233981242716875
0.370608895997938
0.194851850457605
0.443822206992715
0.206972043246415
0.467049734892454
0.354391618164055
0.279660748571899
0.330043064054067
0.347204760421845
0.190241889514568
0.0831675681491934
0.415225448318395
0.374766382484819
0.338726140663725
0.413595878115379
0.342892094252506
0.297245301962864
0.503093981518585
0.190394146412036
0.444754017186048
0.416418193790813
0.180985686705555
0.433285482545317
0.401719638037278
0.330650766279149
0.27419293207721
0.386707493478454
0.482586441280956
0.296972968885748
0.359512611454708
0.428225060185135
0.416581612008052
0.306760702933339
0.381195000722814
0.521770681453563
0.283621298958195
0.335550781293906
0.371437244489269
0.529163812665182
0.316880903891077
0.454725423849155
0.333940728458069
0.419160278832167
0.346967562184379
0.302139875028781
0.449744162164889
0.454972948744661
0.502825554728663
0.448398117987184
0.299704997029837
0.362343715544852
0.409912077757328
0.474740807024782
0.386111342486586
0.488362896191999
0.453761402206096
0.329910092814824
0.382667576171466
0.356012941393094
0.487949506836743
0.434644552760513
0.303124967771576
0.601736958986719
0.331312707574698
0.453372427999497
0.449311922116615
0.404845069967818
0.404502479207908
0.468378011735718
0.343363766658009
0.487303379723226
0.465257339094645
0.441973736320573
0.433191230708046
0.530890930124776
0.487787247823853
0.557546027553397
0.404075928721464
0.489089686880186
0.503666954267663
0.564438019097886
0.286314584460633
0.496129864131668
0.373547698174754
0.594065635308209
0.594774796429002
0.500709078245256
0.510965463236085
0.496966570056521
0.51634977222945
0.495900110024662
0.535390515425862
0.50007746506574
0.517584812214286
0.508329335446516
0.405792948724222
0.520758532766359
0.440333262071477
0.520362299103139
0.513998337703157
0.34221412954261
0.544534755919093
0.418598467859347
0.472000242850103
0.321398869725109
0.392766360119046
0.549274796852524
0.670724540724659
0.518001510646347
0.479560363729064
0.492071090736384
0.487262213160409
0.604477226617796
0.505299220196064
0.627366771286844
0.444101791881442
0.79074892194276
0.467854680700783
0.530244274701927
0.512880735594816
0.510783182276818
0.673654467370149
0.537185898031944
0.382160367955976
0.586924044862526
0.557406435569553
0.562087965133892
0.492412895443671
0.6018596679414
0.561904182780007
0.721610952929331
0.659245606410935
0.512556760841412
0.425429868757266
0.679007759608408
0.511070708835517
0.606953500911262
0.67874733397037
0.55034889918186
0.486322302504513
0.638011318834666
0.577069408514483
0.579740304749515
0.672843407990471
0.634135055008431
0.674451665022262
0.58186641816703
0.742976334944402
0.767942689584037
0.609417119635165
0.678159092393862
0.65886861259561
0.478998226359957
0.725400260373681
0.546519043316296
0.582908839204664
0.659651924974903
0.674789133173344
0.65026226933728
0.572736993690827
0.825685746315026
0.560231297018846
0.644269100134508
0.711172560950797
0.717595455228498
0.645844062144363
0.603238858124793
0.505195462603619
0.741435087958579
0.662023192271822
0.652711325860513
0.586890074209575
0.752998209958371
0.591264184098388
0.821912683909084
0.660812387639635
0.721823606373545
0.535916591192246
0.445238664908814
0.705211479573014
0.803107490277846
0.547742304480064
0.745521679111118
0.637533111019806
0.572551306792694
0.726518709771844
0.500180481074292
0.72519234137971
0.785784380088502
0.717718308956392
0.620502050925206
0.813516330351919
0.84487448502526
0.542291753427475
0.704258494066502
0.56188970615067
0.71040029959077
0.770978193680873
0.790162376700998
0.809501308092048
0.801733402701483
0.556437453433838
0.704337584628634
0.560473843999387
0.740669723267214
0.886971344744575
0.890488136394507
0.713347902222726
0.778114831557881
0.709584969540815
0.6524863502404
0.837652090563396
0.79239684274718
0.589472237719479
0.932273098454345
0.832492132592812
0.743837208556744
0.728580406141295
0.732674961999142
0.755880443065292
0.778205813709887
0.717881757959846
0.750489912827123
0.746961014092832
0.823171044190062
0.866124394717591
0.818596617900678
0.76942970619227
0.747721210366866
0.716609713941449
0.69732096998635
0.768019757778336
0.779698453043586
0.690586340408546
0.773946613151744
0.821756687876642
0.921190638755307
0.666252792416626
0.958662510434619
0.741046757519206
0.872727587291985
0.699721356294097
0.7156646324915
0.892529143662996
0.937100019339609
0.820710783056854
0.803783734995492
0.799863798667304
0.641805026844359
0.735329369956982
0.68165067563219
0.69416125356052
0.73847198063211
0.873628299929327
0.775718203768075
0.851005745311867
0.824094248098475
0.774795757350054
0.810772907764375
0.721978923910696
0.704824033157809
0.943557662803491
0.659611408206364
0.714408557975895
0.895021565703828
0.924714141193465
0.751008540711745
0.786432891420346
0.942070213062698
0.96010476203631
0.923638726539516
0.770316234019658
0.81110866947289
0.920495855847208
0.989787968653118
0.926940666997744
0.911376907342579
0.78411313961597
0.861666758895722
0.756934391260851
0.927446365342465
0.918789235790268
1.12124228400662
0.806802170955594
0.854444354579431
0.945390331910375
0.900673084981627
0.87069313196597
0.989567535661652
0.901577250757326
0.734679102925682
0.866012384133747
0.716028537142869
1.01139888212638
0.783211871950729
0.909661270900724
0.992325575104096
0.752143373427866
0.871627467335782
0.94736838970392
0.919827721058005
0.835246907068378
0.928887002364828
0.797383877973934
0.971502005301833
1.18792571260726
1.01331844759849
0.972050409876649
1.0181947474157
0.867305040243554
0.849869657577123
0.8765903687238
0.898450233336991
0.889706162479001
0.915198961353942
0.88351715175009
1.0200865548501
0.96145789263489
0.973784137873864
0.999475514160145
1.04093264813079
0.751775804671523
0.91643591095353
0.979057127598821
0.882688899699532
0.929357973276079
0.970074339227803
0.996800697592171
1.0569722403191
1.04981275886767
0.876154398505228
0.995596274052838
0.908846573331448
1.03396937492886
1.03351963232563
0.937214732641786
1.01742363312468
0.835950438326391
0.997376765084141
1.16708420567997
0.909078949552324
1.01984374227972
0.935283051739692
0.926770321715425
0.994819969835097
