-0.0637036349194942
-1.07664378470743
-0.941713994428642
-0.899350478796455
-1.00846703679944
-1.12251094414161
-0.902621905706359
-1.01911114227231
-0.967164439447023
-0.960702369936266
-0.924009046017481
-0.870398759981731
-0.951284926071188
-1.02146117308564
-0.977117870057278
-0.967551176249192
-1.04112049505667
-1.06170079256994
-0.974838935140695
-1.00542026650355
-0.88202142351578
-0.935720329550859
-1.17651021080528
-0.948466434440594
-0.888191986618863
-0.896389906538477
-0.956094300095195
-0.983264599102077
-1.0014322184371
-1.08951934178546
-0.950934442808657
-0.842611187106039
-0.942618022371891
-0.903889938834915
-0.911862793564261
-0.883606736616134
-0.853644064598532
-0.931643854230064
-0.830573033414852
-0.835382596766055
-0.821629708997506
-0.899448323507571
-0.885844169166557
-0.950758494748981
-0.965704261647593
-0.82384161014551
-0.869493804155633
-0.9107151174925
-0.900834653407943
-0.901874656415679
-0.947846909409969
-0.87741256011843
-0.888115277648051
-0.911197965434421
-0.977712714688068
-0.849385630347035
-1.03807234368128
-0.8752305149385
-0.950712794617869
-0.939638733665686
-1.00256213168711
-0.814098825204946
-0.893549269343196
-0.818477134663648
-0.745903666257285
-0.72991179571516
-0.873127918009288
-0.832175392140374
-0.843040173666713
-0.63627896491145
-0.927872433335716
-0.825808640651631
-0.809765789847098
-0.967836204523972
-0.90315075061331
-1.00626261805103
-0.877027280124846
-0.809825419674743
-0.905944924143744
-0.817479496969044
-0.782868719239884
-0.807848943099289
-0.801395672758583
-1.08063844690559
-0.758939993306029
-0.801623450034516
-0.859026219674646
-0.768596225936648
-0.987103397545275
-0.776683510497321
-0.79327465060984
-0.775465093848672
-0.924494577077705
-0.641340412465179
-0.840470933886516
-0.830825094884092
-0.733879317922478
-0.856209829871758
-0.852589521965467
-0.8093192476128
-0.815959526677751
-0.947928870432694
-0.881751800683296
-0.94516023403725
-0.75213229716246
-0.844463144981165
-0.625201313776854
-0.857389289398211
-1.03018131765721
-0.799599774615194
-0.816680101911793
-0.881243563510752
-0.746728038606394
-0.703931341637607
-0.815797330334219
-0.871590225016078
-0.735682730313798
-0.79646633767947
-0.673675629228567
-0.714385882162823
-0.749938167693488
-0.642060287589913
-0.777301098557706
-0.646121697718507
-0.662665022799444
-0.747511426587947
-0.612706695703342
-0.810199879232031
-0.745444132374427
-0.639245118082079
-0.84164186076422
-0.680480807278884
-0.935906915565394
-0.716012063220152
-0.756534001228068
-0.707227478409434
-0.792424798106905
-0.854653498423908
-0.708600726932633
-0.738957943766897
-0.567715174189228
-0.625931075605173
-0.734516610449662
-0.703511868673279
-0.56937158741182
-0.595471558357519
-0.562913730324173
-0.775847261852708
-0.669539945215464
-0.812626801904495
-0.746767291892553
-0.648375543186584
-0.755216051081792
-0.834021986365195
-0.664891670653381
-0.65770668779847
-0.708402430186551
-0.787936742364063
-0.675987719100585
-0.595436884444281
-0.82501942005333
-0.58792508678583
-0.691625063179237
-0.499861544450023
-0.68875039214115
-0.751064556117247
-0.676055403661857
-0.561711482002279
-0.568759950755824
-0.673458694757467
-0.656437774424279
-0.778492903495451
-0.605590297538611
-0.656074733219304
-0.625898393498374
-0.675808460902852
-0.756421231354382
-0.664265722866249
-0.858424749020117
-0.642594111707405
-0.577606844014233
-0.799992026525357
-0.666444794217111
-0.60092051874141
-0.541661647016123
-0.615248842356328
-0.688123901256242
-0.610814557932901
-0.610139724001359
-0.545136250983498
-0.797855126868077
-0.619972703710303
-0.609933176144178
-0.672462642351567
-0.556555668553868
-0.554355889386527
-0.371224525353317
-0.61705922545933
-0.745384928365989
-0.742302060322659
-0.592363545911198
-0.767241922335727
-0.461174581333371
-0.612411132781327
-0.579877931875564
-0.511335361445485
-0.556915646962444
-0.777565662057471
-0.648293938698388
-0.467550529556744
-0.665697300451567
-0.448917645303416
-0.719131708703309
-0.522384026118845
-0.608830250844074
-0.547566175444131
-0.511987461491784
-0.515876826095722
-0.570075955828237
-0.488236578822836
-0.676669859274405
-0.533840500472031
-0.611443571195067
-0.566817957432109
-0.651053622410523
-0.540625814392517
-0.555125124324759
-0.454070732211421
-0.677723737830451
-0.777929788439271
-0.611330766391514
-0.587796748951283
-0.589534007239547
-0.485751974881554
-0.654506766794958
-0.527707451130495
-0.476243764456946
-0.428762558244588
-0.598738812023898
-0.523544506545732
-0.612785310800659
-0.361440767077354
-0.492282334568702
-0.469859162050542
-0.5626944950613
-0.596652039259027
-0.506522851157921
-0.514565653444164
-0.3573170013074
-0.321033950700652
-0.475010673838479
-0.485168571099932
-0.493557041629482
-0.521095216084659
-0.413860287287469
-0.544645030696793
-0.423866654888251
-0.562526706308684
-0.432598241369386
-0.55782848614688
-0.432618248024321
-0.496849472665586
-0.309421903815795
-0.511534500154357
-0.417036715028593
-0.605719377208817
-0.620000393390484
-0.500525590853254
-0.577937087438509
-0.41446021916122
-0.411322873304531
-0.46599808579368
-0.358965990712082
-0.556054463733857
-0.486471235346717
-0.47326701983266
-0.531314939446291
-0.355729167974177
-0.437939130966306
-0.340659881960259
-0.493989543359101
-0.554096831703332
-0.396612712908333
-0.494754687427581
-0.487662577678187
-0.415538487002624
-0.408233524148999
-0.409301344564763
-0.410298090694137
-0.341781397361373
-0.370230887598577
-0.636768115228557
-0.431918299110403
-0.526172484123684
-0.434529220413427
-0.385656397085906
-0.399915933251701
-0.367227125340749
-0.482812169842388
-0.415342321243247
-0.400161943588145
-0.336778546504467
-0.443120896769122
-0.510987583215978
-0.466046771831223
-0.402338381685666
-0.261187185374526
-0.372049331539863
-0.302058790435193
-0.286311062605111
-0.419711620295453
-0.349920936439722
-0.302738631844215
-0.444562154330844
-0.488127798939671
-0.491009150933422
-0.233371999413175
-0.281793249231694
-0.252902332165092
-0.394633751215062
-0.457753278848855
-0.261888057542617
-0.334262028005281
-0.424002618743528
-0.49610490887109
-0.42878228358515
-0.40710919698617
-0.420454149441375
-0.409010849751656
-0.404924656947468
-0.161167295695495
-0.415193697740755
-0.331782945959711
-0.325372902683348
-0.407078040651964
-0.288750453163772
-0.437950015791227
-0.254647079625872
-0.186126577749452
-0.332706976676517
-0.40021655578359
-0.478895278524391
-0.335144965513021
-0.34201339482187
-0.383012421400511
-0.207581338241491
-0.234918881001382
-0.371688227323652
-0.129956877987117
-0.200699052784753
-0.350801333321592
-0.246323492310349
-0.201114941904823
-0.143417403549803
-0.42166553110095
-0.369850805067494
-0.137653666234254
-0.247369994732573
-0.25959562072394
-0.377826406275459
-0.325708438008681
-0.259623991933428
-0.359575239468066
-0.203153138850257
-0.247381990501927
-0.277240008551496
-0.187761955764902
-0.263488003355088
-0.140420076005495
-0.184475178647049
-0.244016144083776
-0.0584668473582961
-0.355751869211048
-0.218165267861728
-0.135170874122872
-0.203358603378513
-0.237148940700003
-0.341561203852604
-0.20901170453024
-0.368797460217309
-0.104326293581656
-0.21370802110621
-0.214580417685075
-0.315096613775412
-0.271786118859163
-0.181998464875441
-0.287539185700925
-0.165053803916732
-0.331435259120634
-0.0988521639227265
-0.228258227048631
-0.14636647189366
-0.139633539283935
-0.136480975587965
-0.295711006542899
-0.148101459481387
-0.393019721163053
-0.246833076083322
-0.277152726418911
-0.211650829395094
-0.0374607026730251
-0.356762265467585
0.0848245815401578
-0.233184528980164
-0.174385471672908
-0.148887250203636
-0.115064912465565
-0.0955931916532396
-0.0502393286249382
-0.0638667240547853
-0.086728449966585
-0.230103660357798
-0.126704921019719
-0.0853696964560142
-0.206456250706786
-0.0645712160232447
-0.250555901044719
-0.117709066013269
-0.0836869345055587
-0.108009269870987
-0.0594580171834247
-0.0868086360449153
0.022380539779215
0.0102205488286431
-0.120974385168771
-0.0827468859788189
-0.237504193655319
-0.0718662018217209
-0.0651982810850279
-0.0628776040641544
-0.180246292913264
-0.221025696471315
-0.101929516353136
-0.0912601137379903
-0.105160851992614
-0.100322972522501
-0.259106788871714
-0.143292997751402
-0.0903321472572935
-0.270993191084445
-0.0435807251419127
-0.280375979528678
-0.137465952645697
-0.0758450686386125
-0.107248787105506
-0.209039535807353
-0.122383070932026
-0.00672912367933384
-0.0950841305651951
-0.0298118936282667
-0.148094881020834
-0.0957807520457019
0.0520445842377894
-0.157475501880729
-0.168652936658545
-0.0272850850792592
0.0142438026240534
-0.0868825037845369
-0.0414678186510806
-0.0276884458847111
-0.119186650316208
-0.117041007938064
-0.150792732586368
-0.20303487734117
-0.0888069220692605
-0.11260960576165
0.0969395219460768
-0.218994682716916
-0.0201740033763223
-0.0791597548905223
-0.147175343225777
-0.0805709911692753
0.0692212622327468
0.066907861683906
0.0450429512890288
-0.091902457175092
-0.0336156912880836
0.0266789618220661
-0.155846445114614
0.106514023569573
-0.0308856391882279
-0.0816821061254817
-0.106429589357801
0.0639887925570836
-0.016946359545777
-0.125387466082079
0.0943373640746113
-0.0759077813259993
0.0366664065224407
-0.0634299808402722
-0.015716357859772
0.105969028050922
-0.108007556044681
-0.100605832465305
0.0380893796699108
-0.0437705824813598
-0.0220819219454283
0.173346188026862
0.0601502671719698
-0.0872995484097458
0.0715518292153276
-0.00294715128639027
0.1005763432375
-0.125837903903492
0.136135939168594
-0.0223767646696429
-0.0319042672526941
0.231490643066185
-0.0642291708136714
0.0184648659455177
-0.156215700318208
-0.00827143530985006
0.038794211527725
0.0700372655130412
-0.00726767006530846
0.0138609721806691
0.0577528940202562
-0.0727367351115314
0.19120414599589
0.183814682052336
-0.0517554906536342
0.0653137490263422
0.18281867798261
0.0860959821886652
0.0233026493095148
0.0344837031693936
0.162096244235593
0.067671466735689
0.285655904904371
-0.0154073865834104
0.0285178748864656
0.0683334818315103
0.0157645134817958
0.113941737978728
0.0894333216469727
-0.0408958663126858
-0.0256771941162476
0.148403797841398
0.112936885522503
-0.0147652762131633
0.114562155422397
0.179776322747414
0.189021804686505
-0.0451844593049027
0.2166500565722
0.0806147913655139
-0.0228460483188563
0.0229368707007518
0.00275779020227749
0.211059104034808
0.142082955061553
-0.02021487992286
0.250942843592754
0.0156899677871963
-0.0101295121298776
0.0718497065486856
0.092204050774836
0.0503078369170687
0.00113858983999142
0.094328458987988
0.113748659983716
0.173549427825233
0.114591945620304
0.0323847688848104
0.122896629691604
0.208984785468774
0.205945813538116
0.265484022296502
0.068736376447914
0.207702493049317
0.147303861039572
0.219408214708904
0.123576226570597
-0.0153564606085542
0.167200905532346
0.253935928661561
0.275115329959054
0.248382420619181
0.120687379499607
0.284338544824857
0.262845184753971
0.115095280836959
0.122876238285415
0.199620014474491
0.152394613613538
0.11559214750953
0.181996524774517
0.252172975353271
0.330157748284506
0.108727514794817
0.13555392281923
0.0712314485816727
0.19495031852382
0.127320298925447
0.204286772400066
0.190254667006745
0.0285650109769341
0.139140468892145
0.216508614130424
-0.0279789237585366
0.246428503316062
0.062673116513291
0.200893743569789
0.187492571971359
0.219379594413794
0.307739924710568
0.103889619488926
0.243826987905721
0.124438913795007
0.259898546750557
0.173905320444115
0.355414508048237
0.282014805108778
0.142831171108397
0.195674803703516
0.345743456562341
0.301933610889029
0.0929963573604379
0.303157737334001
0.332042491552462
0.252214599081019
0.254345945166711
0.303413915933856
0.343845635304227
0.24437255677656
0.263330579105268
0.238124004324565
0.242086207277733
0.287825614016472
0.266411932632004
0.102269872489907
0.334591524464802
0.272741882775938
0.380537662904222
0.358694590803883
0.152887349262626
0.350422305851713
0.165152844251754
0.25764339359968
0.313736850962496
0.398411814385433
0.245868954564936
0.229561950971476
0.304881948385657
0.363267135921097
0.473815057283406
0.506080840815613
0.150329967714621
0.366222640631787
0.383452258895552
0.300130014183097
0.212573361913625
0.127415677050331
0.200160082301196
0.231055711665132
0.238342014267886
0.400629113987541
0.20450795581227
0.457713154920317
0.202458128571589
0.481917955221738
0.348222594670751
0.292681739093763
0.313665867187456
0.321378702146876
0.20607946468548
0.0978150159275438
0.38727707710755
0.375696731623535
0.340956149711114
0.406091821619218
0.345606021199489
0.280268595521759
0.479187606506099
0.197712663424494
0.433904190348422
0.431799295718416
0.186856917317862
0.41748566408288
0.406844243341599
0.340453944794398
0.256376440732976
0.377506209964254
0.480861472154136
0.305575410988468
0.362728786211855
0.428022453973219
0.414363636317416
0.320068997263969
0.394749234046602
0.519532274100403
0.280241501544722
0.351498858969978
0.370034793769149
0.535190187695853
0.312515702865415
0.443793010640335
0.36287831287177
0.399548345649799
0.35011314265734
0.335672227618555
0.408928988797239
0.453510688083959
0.506970295717893
0.435797780497146
0.330211497830791
0.364071916054964
0.402098523560821
0.443698277908813
0.356249281556841
0.485342848732963
0.435152462962139
0.336528326459544
0.373651234548873
0.33808157324042
0.451549857297186
0.430170155554803
0.28586849660744
0.612290650798243
0.302213111473002
0.45174951695305
0.481564436057276
0.362823665349532
0.403817847261221
0.487495464710211
0.338245787876963
0.479265904703504
0.454736424266253
0.462049637056893
0.449006246199625
0.535924671351264
0.475557632233997
0.544675055186774
0.397841305358263
0.484316468500791
0.502634795062383
0.559871804711054
0.306358894730227
0.478664631113571
0.392173549661565
0.587457761948932
0.598404274416282
0.508853490384611
0.4949728897845
0.485344194586141
0.509606804103225
0.509607072510356
0.516771196285218
0.506156246614352
0.538666181442013
0.526622975867538
0.387564935209819
0.521236266416083
0.44221368962696
0.532715377419551
0.525415498280565
0.365697893669771
0.585756110022813
0.44274896773084
0.48042510008359
0.329342029726683
0.396862084584331
0.558461113918801
0.66513477073632
0.491207720831153
0.510920492515386
0.482636308062219
0.469558796682656
0.593490528801975
0.492773014576127
0.622585707690994
0.429399722254179
0.80135582323358
0.457740404177636
0.532350078090021
0.515849331567484
0.515296275710438
0.677853244331762
0.538401222359596
0.404571103170976
0.581609784226799
0.56397234053718
0.558841115383799
0.490241669124684
0.589994409473147
0.563787683241209
0.709840382925119
0.66540967755963
0.530211648916841
0.436916960457343
0.685480813158187
0.510904555900436
0.623071076343914
0.648545308887818
0.534671482595131
0.461126081573309
0.632695908891013
0.560591475219521
0.565933700116786
0.685791449095306
0.648308086159758
0.660868670190112
0.569210346412625
0.754267130009647
0.775948463322144
0.624870008322195
0.709403811671045
0.653567802920524
0.476878366944614
0.704708198583488
0.526342254672662
0.552921300335406
0.657920516861256
0.678145889540309
0.622057392182642
0.575300845069633
0.833422556242952
0.556903640547748
0.675312811883432
0.709587999171444
0.698145694929928
0.637587117920573
0.610373718449231
0.507640412831096
0.721025524390263
0.668787715560886
0.647520529225323
0.578394258277068
0.743644416792584
0.589001785531915
0.818752503011072
0.659540996494005
0.720594762248372
0.555287659810778
0.452793664661513
0.693304577256489
0.787182524930661
0.565777425285415
0.736454871339979
0.636258022858822
0.573622430061016
0.730815917186196
0.507006156166516
0.752320140714161
0.788844025415766
0.724190076228666
0.616390210692266
0.823642732762331
0.847809466556242
0.550594115789861
0.685121229271218
0.575939650930067
0.725092698077746
0.772441088542144
0.793073167327223
0.821141773414344
0.783944942845026
0.551647974651746
0.717954225225571
0.54448843442486
0.727323347218679
0.856005591005269
0.885659183781207
0.714596882320433
0.79550291746375
0.705955294729571
0.632544278551616
0.844800957768645
0.778495657395387
0.593256294646005
0.914070074477276
0.814523155074763
0.753300501055521
0.726226963691074
0.737492284310605
0.777417797229463
0.785036092878976
0.716888388458656
0.772175146288011
0.757623688389524
0.81757343581043
0.87477553988737
0.802258476351026
0.74932922953846
0.738156580913744
0.708240189427359
0.690789645504526
0.754817678684416
0.739407059323548
0.716171946747462
0.770794673837498
0.844221746169868
0.913423516660259
0.685063730437154
0.970378287082722
0.72613400849536
0.87387009798869
0.694970987039721
0.724700969505173
0.887678854219243
0.931970403830704
0.829495762911229
0.804330296446659
0.813369459819674
0.635402639310347
0.737043430079525
0.673119075182667
0.699672686494944
0.744939856795711
0.876494720774677
0.781586522309706
0.838096134280024
0.806568368315788
0.76752690820992
0.787358540461634
0.710612211136053
0.704363223381052
0.932364591471627
0.656666864761761
0.732901115412219
0.878122286462707
0.910348752844719
0.772292524828684
0.799764958147564
0.943939720763389
0.962117020005232
0.9080761498156
0.771991324974783
0.830605352381958
0.890775659550326
0.96789455423478
0.948716280539348
0.928893182459606
0.783583688477035
0.862291808937501
0.751998755613272
0.931798891997266
0.916199948471409
1.11536289903071
0.803109064866159
0.839386658645081
0.95116105750521
0.902917702551439
0.8628188464255
1.00027725405164
0.904220879434873
0.732248157160619
0.862093659022856
0.726416033703024
1.00336110441026
0.772872812825277
0.916416010400309
1.0014580244718
0.739243135039002
0.864607861131729
0.972518732534903
0.933838941889869
0.824120373323216
0.961891561790704
0.794141512980825
0.975934415150984
1.19630442268092
1.01791720231546
0.96401869822882
1.02108345884031
0.869260212371296
0.878314361590503
0.885837072220861
0.901961096830421
0.899674142847663
0.940658815318773
0.882354766354813
1.022874334085
0.970085574013881
0.962539089577791
0.992849421562555
1.02770241926996
0.798334108959565
0.910985610060986
0.960613738876856
0.912552535275558
0.927266728656332
0.975343929902781
1.00035058742248
1.0531253488495
1.05292525490447
0.867277749165562
0.983090519706949
0.892786420652446
1.04552643690755
1.04178892824759
0.958118721336578
1.00399277454776
0.854983248070816
1.00646916165365
1.14556380623291
0.906872811117846
1.01619576131492
0.952809491221096
0.936058374841944
0.994900782309011
