0.126894380839474
-0.984765819581284
-0.937822859481194
-0.952277583057035
-0.959196681274459
-1.01723358794819
-1.04526911694624
-1.03117678584043
-0.867184405586902
-0.901891239030202
-1.05267059024149
-1.07256133002677
-0.950472990306516
-1.00878890283792
-0.990069483738348
-0.998265769780857
-0.932029298508553
-1.02399007923591
-0.811121856635724
-1.00806886140388
-0.847781424579677
-0.788032069307228
-0.83555175097204
-1.03805339985097
-0.970979782287467
-1.02582558176522
-0.912506599291758
-0.890895953881245
-1.04959919350692
-0.826626277779649
-1.10278197052744
-0.939528514274239
-0.99076926891284
-0.967824061748655
-1.16576558701808
-0.861148595602569
-0.941843137734189
-0.944948199196779
-1.0998219605959
-0.999419881931481
-0.984854427860305
-0.852865222890992
-0.819081745189176
-0.743699467379885
-0.847043984621327
-0.834958089994215
-0.85435129663943
-0.981233453117962
-0.885198017649602
-0.962101937566975
-0.907544881720339
-0.892643521416647
-0.893841019328321
-0.765313133160422
-1.0441838144597
-0.697507449403817
-0.917784777904285
-0.988011506058222
-0.821198442692111
-0.816089804191222
-0.895010513108599
-0.827497198434322
-0.841691949583394
-0.872003965244867
-0.811850889831666
-0.950214386162534
-0.81114940035878
-0.725952007658246
-0.906151059095155
-0.759361069728086
-0.849762438284496
-0.911022817437102
-0.717995985964671
-0.77581106327583
-0.679082633844942
-0.970004035520009
-0.816660712835828
-0.780919802256683
-0.868689070520724
-0.859911822340681
-0.744518514868732
-0.821278337512585
-0.897672346480054
-0.788952725203968
-0.674492603226811
-0.816875559725716
-0.85552949978409
-0.733190893164427
-0.901954837816381
-0.820405524668246
-0.787205005498642
-0.777216853571222
-0.845092680703088
-0.905778965792339
-0.785313348050636
-0.737565182408879
-0.682234688321591
-0.842232258392764
-0.66696067975159
-0.804782656767804
-0.824167084108435
-0.839364000588525
-0.824279912884391
-0.875310793489406
-0.902471871647569
-0.784864053854109
-0.950233444038618
-0.717668345419578
-0.728573525934932
-0.726898723766647
-0.807422138140988
-0.729711768533681
-0.659911462740496
-0.669635441912114
-0.80812682050785
-0.730493940589865
-0.809806673192887
-0.834537497800507
-0.706061036028379
-0.81875555330696
-0.706496544662056
-0.842279668853013
-0.840746469732168
-0.616666506297046
-0.738546185704037
-0.752964497790234
-0.708222594919642
-0.767191190967657
-0.71662565414206
-0.709914214502572
-0.58091938922168
-0.76672701267885
-0.863915404295825
-0.750708735207954
-0.714652778972921
-0.736485682353954
-0.754284626147068
-0.628700772449501
-0.855778372920298
-0.646641492696089
-0.530086754289228
-0.696283039210069
-0.708571700339814
-0.728184721693974
-0.798424145221146
-0.664915964800642
-0.818537765437322
-0.571591907139675
-0.621353590009538
-0.670206140162995
-0.672722952154016
-0.633440799379199
-0.670044062825383
-0.750645254528431
-0.651849306829771
-0.75573208980523
-0.724458688786393
-0.698315993260917
-0.573255064407248
-0.519521276678668
-0.606764026602569
-0.547219178985091
-0.69389408150462
-0.648957008402913
-0.531219999703196
-0.638562836640242
-0.643228545625679
-0.561005318092336
-0.760548912198118
-0.558569272720592
-0.584014533738432
-0.614879787295104
-0.716479331681475
-0.580757987048866
-0.631754884359829
-0.666275614372331
-0.589978910867981
-0.714864038047862
-0.666805188693991
-0.506150422519309
-0.730628746115862
-0.488323828301803
-0.625516668758191
-0.698041207351742
-0.786236437265209
-0.590343314663268
-0.666562718117129
-0.677060308272883
-0.66898622010041
-0.571229837246776
-0.753139109699333
-0.756262631900768
-0.602573833664999
-0.53643882287691
-0.574921009240309
-0.542572628330848
-0.548026298251232
-0.70987500126151
-0.576407349459802
-0.672362127501973
-0.584173970012642
-0.616439495783149
-0.576384080179377
-0.535195834864946
-0.649025689196334
-0.530740498804417
-0.588438487299163
-0.579973670672205
-0.520165617998593
-0.483240820853321
-0.590849582932718
-0.597370865915082
-0.524934495922266
-0.456186440284559
-0.602365286880148
-0.508492937637322
-0.546185672500687
-0.484233209722922
-0.542498304030394
-0.515494746408511
-0.496231512524074
-0.602168527770732
-0.624933312191032
-0.628123620509874
-0.596287834460264
-0.579366362494735
-0.585825836507429
-0.475713704051906
-0.645054093525193
-0.472582432369582
-0.620742601123471
-0.546771242837356
-0.392870466364555
-0.545357987302182
-0.479990127318285
-0.605417146953387
-0.443108829061101
-0.443364721163132
-0.557583618311141
-0.455490604796741
-0.637331102597043
-0.548871734707626
-0.487321588066402
-0.547237341651245
-0.628258914917934
-0.644989397683904
-0.494515169288841
-0.472927197771571
-0.495816326750068
-0.324307504593985
-0.421061698774421
-0.458094308171149
-0.426833935540592
-0.544921784899904
-0.563090013069249
-0.508244960465293
-0.499831262492773
-0.475098947809507
-0.55717467397434
-0.492446072768521
-0.600406490189138
-0.340347983910729
-0.470196942740086
-0.377149879978885
-0.64837015895235
-0.51048470963388
-0.590056884892647
-0.509826933035727
-0.290891223029556
-0.550513063161413
-0.441892022935597
-0.459344732406188
-0.42017466711992
-0.66183651803743
-0.500559881933425
-0.470972617695945
-0.574188882426035
-0.650113173864366
-0.634755003088821
-0.604573615845938
-0.385410644105308
-0.339138255461876
-0.524121623093099
-0.387459755189931
-0.342506096578486
-0.444622321818616
-0.269395241456683
-0.447237728040347
-0.477047808861246
-0.456128985239207
-0.381672563571166
-0.392406917670304
-0.485109167210705
-0.395079030634232
-0.313259316603045
-0.471735597475006
-0.47866104219586
-0.499543351416857
-0.313041480813217
-0.26460997414708
-0.381692778736417
-0.434332015081726
-0.425578236651106
-0.407696126515679
-0.292670176751242
-0.360215839985183
-0.422973524781319
-0.602722173392828
-0.466763288152424
-0.322735911947691
-0.37530131297012
-0.274705969834678
-0.181065055536307
-0.432693524070802
-0.501309287215282
-0.447179074110476
-0.354442230006792
-0.374318678557383
-0.313650718639154
-0.428414510264059
-0.400151140716824
-0.434212513970529
-0.307877769362012
-0.291624688641308
-0.334904455486832
-0.339435050052338
-0.416623563363961
-0.12889176244239
-0.352004014761094
-0.473791906121445
-0.261624305431796
-0.397286295457006
-0.299028579060148
-0.191823591894503
-0.511108873360799
-0.209673130665669
-0.406866577226771
-0.265476088563697
-0.337124036948088
-0.351930422730329
-0.317769522078165
-0.379089076699204
-0.399738765065624
-0.323997441745827
-0.222158201510002
-0.305190541088364
-0.32273899430127
-0.308459185540836
-0.297916700432285
-0.324958755752666
-0.380392453985036
-0.380712611339353
-0.153608661350996
-0.198392596260718
-0.193035268734095
-0.272202490173558
-0.335727484432016
-0.244889704730864
-0.247808707985167
-0.277873849087449
-0.28370690929821
-0.308714397305459
-0.350832954534251
-0.276551146919221
-0.204691329804553
-0.23247615375577
-0.295409811402174
-0.203195251654745
-0.35479263022753
-0.327859349438701
-0.148312837453788
-0.218607182630412
-0.113105241081019
-0.355252312773405
-0.189950672754476
-0.282917372754354
-0.231115696649009
-0.14448650391987
-0.166052747754974
-0.262124303362606
-0.226128438358169
-0.290177333534883
-0.375940188984633
-0.16592986882741
-0.296137298397219
-0.178529668846068
-0.146410900020287
-0.270311199019536
-0.100619984818888
-0.223279814951025
-0.226571936031076
-0.22046246932591
-0.24356549784776
-0.253890456681235
-0.218071072816779
-0.17488133634632
-0.211974850730763
-0.0473298934990812
-0.186411940697322
-0.181515636166714
-0.149565400349233
-0.138551182938648
-0.147745343634967
-0.234729145909952
-0.113858389896151
-0.30549319013208
-0.180870300600887
-0.260007317435056
-0.182065783920364
-0.164027629336358
-0.0909127987742506
-0.271091410500629
-0.204402372472717
-0.175720458382469
-0.248913709837416
-0.0933968005828257
-0.118541143634362
-0.150505529829233
-0.291543943801308
-0.242950019305412
-0.0864853151488687
-0.0710494952907609
-0.28618677866053
-0.0756419349292775
-0.311539559446487
-0.0819145497591195
-0.152331118996329
-0.0434696005483088
-0.0371194542938083
-0.141145171829206
-0.171741213732115
-0.16994136744571
-0.0605621225368132
-0.166211137447668
-0.0365066678181631
0.111290790472922
-0.0449118416423101
-0.195760714781659
-0.17895601714869
-0.118089155233185
-0.154096121015481
-0.219366081786215
-0.168908546065411
-0.0808826934496888
-0.0606607337197317
-0.0366740937252927
-0.120588854148005
-0.139731772055774
-0.00787512318370938
-0.183767594838305
-0.127536688432397
-0.0104829443693115
-0.171066497492353
-0.0685249774591725
-0.110926702520379
-0.0483567021952697
-0.0767884425267544
-0.0460161994977585
0.057832270098581
-0.0678181537715213
-0.100022340941995
-0.0667657713896407
-0.0948913396828646
-0.024263635423096
-0.112412146018388
-0.0135422555495257
-0.00328659158614471
-0.0471219579675221
-0.0951531523411987
-0.185751768384709
0.131753271029556
-0.0290293282921394
-0.0254138347896762
-0.10523757243536
0.0578853658605614
-0.0753449002868496
0.00141066175251292
-0.153361413497925
0.0187098632242896
0.13822532282538
-0.0873382007134663
-0.119134798732447
-0.0490017636397183
0.0865187713788874
0.042779434341092
-0.138216852391888
0.00067296950086918
-0.0324584430963158
-0.0249510757855561
-0.0518636793209818
-0.0579525510064611
-0.0377767547231182
0.110473169856746
-0.094724351180914
-0.0175429483868785
-0.0527940700416473
-0.0308961908403953
0.0246002308211142
0.0410339581707174
-0.225176213597656
0.0112738203757955
-0.0586722205784839
0.0360706882163271
-0.0571562561114365
-0.123207311311809
0.0760198535913722
-0.051012197230164
0.0985617818915446
-0.0152539339022489
0.064686646323485
0.142038677766597
-0.0363243956318686
0.177531425666834
0.0334701660975999
0.0713487555082134
-0.00535763549454444
0.0700410420864315
0.0995197748400598
-0.165244815671608
0.0194347617636197
-0.0101367400042543
0.102523665613271
-0.0322246804710608
0.238042441788931
0.0642272392795777
0.0703181137242591
0.192908214201466
0.115988746516404
0.0425881653175091
0.0385482248569968
0.0351106723611633
0.104493607194717
0.0133887693298831
0.0509529184747441
0.0982402566706481
0.0790086387167466
-0.014513613955325
0.048037739665061
-0.036359380596061
-0.00266375697103289
0.142539005329846
0.0978452860335093
-0.0303713294909027
0.0126942667912101
0.0624680471839069
-0.0212283912762664
0.057675657700954
0.0613540452749772
0.0602337471389968
0.138085427785435
-0.0592487215912626
0.112066652153273
0.00371886773420271
0.158784316511066
0.115870620964777
0.063979680317709
0.173580158824325
0.306563634494755
0.0924791251373299
0.129484205096854
0.194428229808198
-0.0205734812244194
0.0671530083598589
0.0687508785364953
0.192728140665442
0.235024825019979
0.180923168644164
0.143170775673545
0.038818718383477
0.0922966474996813
0.188566911621352
0.196351187580327
0.131049805538777
0.01851083909552
0.0907447038735002
0.204959180444114
0.195647649191539
0.10550991884748
0.217538358488376
0.096258169633453
0.339373841095088
0.0508129687470851
0.147645100844381
0.160273455321973
0.26446886906345
0.194690972634478
0.0605873677255586
0.186568782788289
0.251907523141702
0.209862310536986
0.249188386315536
0.193564392698653
0.16687855921568
0.13741759506815
0.00813372554664378
0.189191531867785
0.105212048968606
0.0869238346492579
0.27736399769413
0.147694574273232
0.206368766022642
0.196369473502427
0.195814085181077
0.17440239372174
0.121641085973131
0.210654303269771
0.324795465076925
0.196188932709198
0.269250205250714
0.182375141647802
0.160005859479742
0.24034055987249
0.115657137766018
0.178643593395594
0.323992989499099
0.133158964078341
0.277127817023976
0.247435256805416
0.274945840124856
0.256566304802912
0.24175026811719
0.37208708195292
0.204615803615456
0.27010739317383
0.225950069506479
0.295041725264579
0.312363163764888
0.244746934417356
0.196557293241663
0.178732560574456
0.0243206124089517
0.193078428823899
0.295832679588797
0.336442077484944
0.17995643206008
0.204063858031224
0.378939565841784
0.361697156087029
0.306015501226575
0.156654938736315
0.362586087802035
0.271686672503991
0.151389915305385
0.43646259388802
0.204827130981108
0.224253992519281
0.263874404401637
0.230599591950418
0.264646003652207
0.220627494367948
0.26874351067883
0.342836143218152
0.304611638963729
0.213445025031117
0.327954365048733
0.329466901083399
0.276018695339894
0.382772486924222
0.232774562837748
0.21585466314884
0.503769387088996
0.38919585361699
0.406225331920555
0.348831071583415
0.240708275411859
0.206543859718118
0.310315672622191
0.304572130819273
0.391898095326882
0.348304597820439
0.268689000326278
0.423015699997159
0.365267231851888
0.389982805407641
0.41836689383794
0.424752121218126
0.301917759407287
0.323571576365209
0.288723845426343
0.24202304885487
0.502220411462989
0.319281292626394
0.364317547656345
0.201471619793345
0.174684828910145
0.346151425939528
0.348049841831738
0.257273862437576
0.237203598811692
0.346198364342346
0.392483840677566
0.368706636437613
0.296164747708442
0.383853497148001
0.330432696282537
0.337319857121556
0.477007779309639
0.520052708615085
0.406951764810199
0.535768057066984
0.216080624584804
0.448227911217492
0.409575768496501
0.472972867843038
0.437849180941607
0.281585982271712
0.490571083865453
0.378935174450893
0.582031255746012
0.423082103218454
0.502053318256114
0.585281946985353
0.416567315523487
0.445925518233964
0.383386498037237
0.412869630272895
0.344141029347418
0.321576014310492
0.528907159300375
0.348030676663397
0.454393814658556
0.418261670589738
0.405261348072751
0.394234806623685
0.291770946957762
0.227969044173267
0.387864219032235
0.256319976545311
0.419308020483204
0.400825595539756
0.419685203665584
0.382229780360311
0.461796715374669
0.483450300880996
0.356956172816572
0.337499482078113
0.538683663707406
0.482684406515505
0.561524232650847
0.579054265984573
0.567801458285304
0.564257230849258
0.438636521320321
0.618647042244754
0.361404904144441
0.57450221633907
0.469653081231964
0.439493305283351
0.497610344683621
0.415570395243051
0.413529165261394
0.544923942713652
0.53456177430707
0.582898943116874
0.386400634673154
0.470739988250942
0.420160871750622
0.354340955703745
0.658069033634057
0.448328935580416
0.604630712954205
0.597630855141232
0.586060554443128
0.460348200610289
0.593886143721053
0.473998641844694
0.556979643899488
0.718827830543476
0.59145204434801
0.632087831559579
0.566140404441035
0.338060975527999
0.596791867103508
0.527556653783897
0.630396785378161
0.527582228424041
0.423194757414333
0.496842297230014
0.625839793191852
0.504031769932974
0.512411946125433
0.607438640901482
0.513107557088274
0.367216005667236
0.471152713111257
0.591867709919525
0.572120085456955
0.524605743242849
0.546738479866752
0.61805038568452
0.738688950801878
0.730329078717695
0.553575879933738
0.524739314146359
0.411715404442792
0.498117473044148
0.609901505294408
0.643447866271859
0.655175492539921
0.520675674806951
0.594331890877219
0.679961452544163
0.648079790834724
0.50047621293893
0.603137956381901
0.550274066817508
0.659302887865498
0.578633811616
0.534743499345638
0.615611467531421
0.642957167526744
0.637039873546575
0.523926378116683
0.694804054517509
0.657097501492247
0.647375781606195
0.651867232466576
0.644604142277732
0.537261993837338
0.718409904155897
0.541646594495776
0.658924316718503
0.694671022622774
0.599110953650419
0.716800755605887
0.629219187258015
0.668221430989444
0.545390220890736
0.715511166391335
0.648168324641832
0.654531447698256
0.655697607478099
0.711617067696329
0.779836800132166
0.711677564555856
0.700230274251197
0.742587936774924
0.643623653687116
0.684374890221197
0.402030653673091
0.666533364517085
0.797171193918174
0.73237846284951
0.617403697386062
0.755412932197005
0.572561375401597
0.768413350166804
0.613082155754953
0.674182853494614
0.627309350749073
0.631903476235147
0.664269420332229
0.679599266683593
0.798633911015642
0.8025711466032
0.751286884629233
0.803554226215582
0.67807736947616
0.723908005789817
0.69314492093809
0.667836615587443
0.781573798925458
0.744711867593425
0.655696383587928
0.904118946676096
0.683421978780099
0.695942767550421
0.829666169832837
0.888986137075417
0.750195322684759
0.585862464317322
0.586594100550619
0.653972611043532
0.807285555149056
0.785172325536525
0.654053398446759
0.659096925289924
0.662583352031274
0.853826242772668
0.821032986080083
0.724333103473893
0.702215794808787
0.823223884792771
0.845413580065346
0.721068288338229
0.806338025430629
0.845863339457913
0.592116538492233
0.670229839577377
1.03059015916122
0.562591205284734
0.750351279204503
0.853869957255588
0.744321151457533
0.927102084331884
0.749174068374011
0.745855299090766
0.848443001245868
0.72113133342768
0.612496680773824
0.773219226197642
0.808758084571563
0.775102845515051
0.883312775712645
0.724113347827379
0.919673413485486
0.946166164165324
0.900962439766579
0.909456824932646
0.720901863790395
0.86168286823602
0.697539911259558
0.848270342448066
0.873091087672903
0.886049420453754
0.792812110191306
0.740751228735272
0.898205970765113
0.776875697159719
0.934453417894889
0.891982722796303
0.875562701204804
0.838648773471856
0.842167663860749
0.776975057030234
0.863744766900199
0.805709959457415
0.795281879073454
0.779395452064962
0.793632615975703
0.829010532455043
0.761817964899106
0.775621454808868
0.910056558213795
0.856216323976418
0.85917863135616
0.892763585086119
0.898398439875007
1.04074214553661
0.906829084954303
0.765720050707939
0.735011555098764
0.940659903070215
0.877808182556972
0.894161103714037
0.776440584220541
0.850585861964379
1.03108216489317
0.993280876427061
1.00429540419841
0.976140129698
0.806432044915613
0.838943071872325
1.01398489264343
0.821651775168105
0.959637277998158
0.958673241495868
0.935870638498341
1.04025849191029
0.874793313636732
0.802317466660484
0.785271804337686
0.955517379405252
0.912377880160452
0.921768795066409
0.870185616393383
0.865160163747755
0.949885591444515
0.907811174703835
0.899583342386048
1.01715575800221
1.05045524032055
1.12681205575176
1.09182491301418
0.894009330421593
0.873139940275652
1.06642658136142
0.888669701475611
0.944630638178764
0.8432321139501
0.885047149169074
1.07481834810538
1.04096166383263
1.02886358813009
0.863132532134821
0.953096450908684
0.891457351123155
0.905003966125759
0.943060271443846
0.994221645640702
0.930996500415258
0.955520678206579
1.01645830276438
0.874412831454143
1.06737417122825
1.03318589851348
0.865417591250736
0.968109210911359
0.937842364651629
1.00389754978028
1.11537873878385
