0.0380363284012668
-0.982045677565535
-1.05680743956011
-1.11550980054943
-0.985802727189422
-0.841201221300536
-0.932360587583235
-0.992441052724349
-0.908281218112478
-0.960336425214105
-1.06152527184753
-1.03711522360981
-0.933050784277745
-0.967895322628725
-0.914724992994996
-0.893006898749374
-1.15111446376075
-1.07472398537031
-0.936565177040722
-0.962681856460477
-1.03633927388478
-0.9339585339168
-0.909046775906066
-0.978752213405402
-0.868763391668601
-0.888253879723783
-0.95987778443742
-0.978396575644821
-1.072327871383
-0.830768846880578
-0.989676267800783
-1.0197175034054
-0.975029687217802
-0.914352802502324
-0.976879809688909
-0.932586223280174
-0.943356881064749
-1.01800601624423
-0.895758787091882
-0.803463754654858
-0.838981379477219
-0.872451025272391
-1.05926853968721
-0.973062866703769
-1.02301167733901
-1.01190581375528
-0.998366203169005
-0.803746965120807
-0.886273214344661
-0.882779578560184
-0.9073090515441
-0.973709183100618
-0.766932755069735
-0.908805981327772
-0.812127754425376
-0.865669783372728
-0.956290048262337
-1.02514160385825
-0.86805312490281
-0.835728169642643
-0.967691316102888
-0.812742571267783
-0.728094901632989
-0.832401265874404
-0.939422768791083
-0.691137707233994
-0.820106279502631
-0.860584699800289
-0.735597026549773
-0.758509373644635
-0.800549900328324
-0.791563865623523
-0.901129000341465
-0.84297153823191
-0.816970820677819
-0.729673798018247
-0.894541558506417
-0.8562067045575
-0.903943138691098
-1.0015962124551
-0.919189380069021
-0.867963497492645
-0.868346588794057
-0.737846052750488
-0.760710644355675
-0.825037049191578
-0.809125793958972
-0.704739556656811
-0.693628706837113
-0.892954954598389
-0.718233765243049
-0.820521995290555
-0.739642393720213
-0.998261874036498
-0.845008929290748
-0.812347152635773
-0.82258924799482
-0.693735010857438
-0.787408962501749
-0.6900666758344
-0.835558929792516
-0.730941025336659
-0.827870819149039
-0.821914093341188
-0.845435644451264
-0.739114651452321
-0.728078293358867
-0.715693140190842
-0.945696068493042
-0.803738320376736
-0.919230425957306
-0.713144847349933
-0.758503930396338
-0.714627617550085
-0.835211051818607
-0.810739819190984
-0.757627551875133
-0.829131364839177
-0.936096190766215
-0.67140962489881
-0.815309504301912
-0.853375533335386
-0.81756559314292
-0.710804366025053
-0.757289994093508
-0.694652630137259
-0.761056219008033
-0.716944360091585
-0.718822567626329
-0.964198816804072
-0.699073235994035
-0.83743938320773
-0.640814180580566
-0.727012239447464
-0.668426671923543
-0.763378972119928
-0.785687404771856
-0.775462818524699
-0.710327672731739
-0.688220686417944
-0.652656111695884
-0.857280249769684
-0.685023488774941
-0.786890511399698
-0.782919571293248
-0.739293096923744
-0.67039273180337
-0.746111383004859
-0.744380900107504
-0.807032207496082
-0.713243547705172
-0.740987400471407
-0.770842730625159
-0.637765704496624
-0.808516088092659
-0.641380716347946
-0.653288675452203
-0.660530203549309
-0.738728422906725
-0.647024555841161
-0.797067005518005
-0.610629167574424
-0.606525173346007
-0.686935126421987
-0.662965542151267
-0.808188668401266
-0.447954572377587
-0.56506082847907
-0.650139753757391
-0.635469873573776
-0.733658337025114
-0.660461281045831
-0.584140708429568
-0.681312408378265
-0.644353563878654
-0.587671035603166
-0.599792535613812
-0.507597637673368
-0.665093625898813
-0.743093231595874
-0.677423127218771
-0.520395714593861
-0.483407932153952
-0.631769037808809
-0.637466109134609
-0.629514648393223
-0.578923774471655
-0.547845445291818
-0.504363199816735
-0.65731128597419
-0.702454527620843
-0.630835689392813
-0.638310033483791
-0.598288989396684
-0.570040992938939
-0.610431318603197
-0.66662658682187
-0.761220017195768
-0.682636782817725
-0.562939236277288
-0.660428531611319
-0.671414007736256
-0.656638560380788
-0.447349391739374
-0.514727044805685
-0.640841901444871
-0.555526868034937
-0.637677138545273
-0.721183379820247
-0.502294278637395
-0.389917994270491
-0.554747143313375
-0.670451766718404
-0.53571515758682
-0.716628245999837
-0.72773343464695
-0.511033820732888
-0.700549185939785
-0.504610065697612
-0.627895203763647
-0.613064118702156
-0.654276942957491
-0.440066906252648
-0.546945129658999
-0.595786205846661
-0.546923018050464
-0.341270555970595
-0.44306807851132
-0.662375351993147
-0.606196570626383
-0.392293486605194
-0.556904619728458
-0.541268742463516
-0.643122280512267
-0.509483926243022
-0.402126104508569
-0.586449336762232
-0.512045112849989
-0.634007639713575
-0.635570279231443
-0.604175214644225
-0.508513604886195
-0.474204361296931
-0.478638930640297
-0.359747419401258
-0.546079553763257
-0.486343219217
-0.521221926043485
-0.691230485542859
-0.428567011858442
-0.610285500203584
-0.62868978182974
-0.547042936597237
-0.387730876414112
-0.487372512850235
-0.470943946071294
-0.563867950022541
-0.562508951116341
-0.605915036339439
-0.406267686106717
-0.552354943711752
-0.579796320006934
-0.466355643847806
-0.490058049624687
-0.489323842232961
-0.414985596360518
-0.466505543969606
-0.391621305815376
-0.477227597033013
-0.446171146782943
-0.535039808000481
-0.429515998274058
-0.573189865161711
-0.413809236752541
-0.390700147063916
-0.474060973125938
-0.379684358495534
-0.516845564939847
-0.476512462152413
-0.492321197800398
-0.437054992644547
-0.370061880936277
-0.417768604097585
-0.508641603932298
-0.398452627007802
-0.36246484219699
-0.554983501866652
-0.53172901406247
-0.278982181618862
-0.492868438659663
-0.362849588710869
-0.480098429382683
-0.416589393344285
-0.429843540545232
-0.45589634426559
-0.386187854419977
-0.477652506810219
-0.304044152421489
-0.432489785873913
-0.419262753564776
-0.460224152273816
-0.308006448488391
-0.365074037079036
-0.278149994072181
-0.322399943885441
-0.423448650414069
-0.256483791434682
-0.440408448380284
-0.498059923032805
-0.424688934016044
-0.343260606798556
-0.375008189837905
-0.340982575586483
-0.431723412925513
-0.491066750353384
-0.386530873249329
-0.340427749478779
-0.357453044150183
-0.349435811139395
-0.44394310172383
-0.385983977630736
-0.301762911252201
-0.304168930529247
-0.402152186956191
-0.292800825347047
-0.22345446696619
-0.264501393560493
-0.283681608409569
-0.306089788452528
-0.419878354858444
-0.53365295898881
-0.328182926113545
-0.299139894785971
-0.199087848006305
-0.308368195524738
-0.372386178688201
-0.321607521201632
-0.281158514474228
-0.349055646232035
-0.177790734623619
-0.379845446817821
-0.31455295776555
-0.395012678655694
-0.339164121675091
-0.295880522400983
-0.402464308293263
-0.26753033876521
-0.250509131633799
-0.387299389365527
-0.437656876862911
-0.30358457734216
-0.50444951777368
-0.307527098507046
-0.289552392535484
-0.178051986742252
-0.251021524992065
-0.328795663069421
-0.409192870552979
-0.28223856507169
-0.312101079265087
-0.337892857101002
-0.17417654271814
-0.219461103362847
-0.35040210581695
-0.403033249219957
-0.316436530512581
-0.231853239149118
-0.294245307822437
-0.308047178935432
-0.207367274156217
-0.264589496554238
-0.284295384781426
-0.283342054047124
-0.263845074703879
-0.223949999687617
-0.363969895312456
-0.306256587282442
-0.439767804642274
-0.178504373293183
-0.350286820932469
0.0626349979326365
-0.200937533107189
-0.304519006615067
-0.211432599002134
-0.249427397962706
-0.234412980823507
-0.166370333814481
-0.0305472699790461
-0.218234692002663
-0.194634359928644
-0.233666637966307
-0.120066788271824
-0.249960770646647
-0.118711567530603
-0.418547937707549
-0.209334055525343
-0.244278345062035
-0.240484233461037
-0.155550160558778
-0.302651013554029
-0.193741963593303
-0.152837836237338
-0.132688256555949
-0.171074573232551
-0.182043083074344
-0.166588101174516
-0.143758594961028
-0.189914893269424
-0.172008784972142
-0.20245247133842
-0.201087886249556
-0.0564938494417058
-0.331853166887653
-0.255170294560425
-0.147795649145103
-0.0907965689470811
-0.177873008968731
-0.0336247858062249
-0.201494460814867
-0.225053355976586
-0.0590961452213233
-0.247024932950539
-0.22896836855161
-0.135602525675817
-0.107978750928816
-0.230504525546504
-0.0644787948886056
-0.0895341613831627
-0.0861268981039778
-0.260426715874122
-0.0720496964650383
-0.0223764418879117
-0.193157891654184
-0.221225420233368
-0.0432142819897767
-0.157571260602488
-0.271470685926429
-0.276305196364149
-0.0380329412790577
-0.129311754573851
-0.0948701105054808
-0.24159176719109
-0.127256462421616
-0.115907727552188
-0.104351020696516
0.0151551708566715
-0.0772451161307351
-0.119567859074901
0.0294487113629452
-0.126746449948183
0.0790514584639262
-0.219164702394397
-0.127679682099456
-0.0471287063604434
-0.030579844263554
-0.0416804758284061
0.0056934700382637
-0.181710156582167
-0.0511916822032934
-0.112300974213674
0.0314045324620477
-0.166839157238237
-0.0761791525194846
0.0023119196073675
0.0317490648671007
0.104088249404636
-0.0754073383795983
-0.0651216328960275
-0.0991332959036441
-0.0613955178113965
-0.0187842750359938
0.0318511503135719
0.00267779639922449
0.0416578648447539
-0.0494813405310555
-0.037138648180498
0.0373731741225269
-0.14939586433055
-0.164490044100473
-0.0938906136783996
0.0887132343561362
-0.0658822703461695
0.00925559886389928
-0.0120918932356541
-0.16959883420165
-0.245643316578836
-0.0506690148883178
-0.0340169113468154
0.164886868064373
-0.0257861291790686
-0.0104190228808493
0.0599298316817534
-0.135948357680051
-0.115991621795397
0.0620496177336798
0.160662157494364
0.0449105417912484
0.306627726209856
-0.00897473039669488
0.0161891651057339
0.0169562258874575
-0.142631721802498
0.172834168896443
0.00153240052361464
-0.0953926608950889
0.0624558868400478
0.00402655636594277
0.133875430079952
-0.0814717974166106
-0.0809567176878963
0.0643612785322095
0.0148948185393394
-0.0497009799598947
-0.011430756984554
-0.0366862638618766
-0.15447226411022
0.0104135288636328
-0.13977096639413
-0.128582132917016
0.00262927228804358
0.157787853857271
0.0706653760668021
0.0893924551240905
0.185775740100179
0.0624969096698946
0.0900602778668911
-0.0438259412776027
0.175277372906618
0.0861937502195445
0.0976561000716277
0.0517624982414099
0.224016940727013
-0.0420637040299095
0.143098657802957
0.0991749076640881
0.041474347774899
-0.000747870409772147
0.05074367308337
0.117345949855548
-0.0162543617282497
0.0942022746497664
0.023104519896105
-0.00492358121864503
0.162837922315623
0.120169739683486
0.0536257827693884
0.0817829743202476
0.167046914507589
-0.0164571443120003
0.022463057114168
0.185405702095378
-0.00410050243318073
0.162272433424196
0.0239721385834779
0.0895621987041714
0.0590025557383576
0.168665844974551
0.0183635027551241
0.0337749351237954
0.164941430133557
0.151509858168642
0.101903049403257
0.200461672084519
0.161349030614973
0.187860658734064
0.11837587245605
0.0944964150702458
0.155371866299819
0.0141751033899091
0.0972672796861654
0.117614286517526
0.18797076981455
0.229696129588801
0.185591572612845
0.200287490046307
0.144646627976223
0.050478260702529
0.18231527477991
0.0598703106406328
0.129674523318224
0.0192583406317531
0.256793209051078
0.017635469276725
0.169983726454929
0.0791520949312318
0.343336716048085
0.0273710281012755
0.131563683827172
0.228183955337544
0.294574096637408
0.146188115285525
0.156110051869589
0.215704509387384
0.234032069340069
0.206150794587428
0.199364256137833
0.0634558299113794
0.217775904864661
0.225621400574836
0.107321482869018
0.227802606960265
0.0752726113493589
0.190783593369608
0.155712246053708
0.367768143480146
0.30524980539549
0.231967308038288
0.166848316504411
0.282072070258266
0.0424356116061551
0.134373562894158
0.175158777449076
0.168747448282477
0.049785965512131
0.202473652145006
0.203932111905245
0.0219098269003898
0.172004218349171
0.286962366316453
0.289992896334068
0.353626055132675
0.198485691757718
0.24276209454672
0.275367700704845
0.386537103213255
0.212318262360156
0.14404786067053
0.223714166925909
0.350108775825981
0.315858863447226
0.178261390036291
0.284752936366371
0.315244208493529
0.0980415534579268
0.347806049333495
0.359105741115297
0.312771391108514
0.275793784692233
0.161974257468715
0.236241782403654
0.218578728765908
0.17731018299277
0.313400448781544
0.275600159985975
0.285989990942131
0.239394637166888
0.376583475488161
0.15933869290433
0.268634529271176
0.382242343838577
0.319520769930938
0.305546829019786
0.435033520424085
0.308951829811522
0.273703023428977
0.370230407055682
0.35622734943555
0.381965442324568
0.242188331378745
0.357186047297345
0.359763802799779
0.265624085906044
0.378149061394802
0.31425013995784
0.324158038886012
0.282821019581276
0.293762652529015
0.330865779483639
0.315036689802705
0.386063666825067
0.368220957968468
0.319237592725469
0.290681799267043
0.404529244438008
0.392641163982328
0.352747211404159
0.185176169305203
0.355837777349492
0.354801616229797
0.27164674018691
0.357903065708822
0.31739340414413
0.299284951914742
0.420078252399361
0.407509432659908
0.440563877636049
0.397712047774263
0.261787655689152
0.274353113811011
0.348552040895866
0.316393542216301
0.312719862383408
0.37432278113233
0.385080346766427
0.337794109583646
0.531398102121746
0.54182151605223
0.436036261363848
0.478709170868512
0.375688431824398
0.430691592688479
0.563301835298243
0.449321528601249
0.48397109881366
0.388347109665616
0.362177779078112
0.471848646392455
0.182978052149633
0.234313388805206
0.412893474199184
0.300914477332139
0.406803707463715
0.504238445371632
0.522160131971952
0.247683361143861
0.551302969094047
0.427029971406271
0.375189023299225
0.440066201725744
0.36146956928267
0.3844795659158
0.315126861137962
0.637504523564285
0.365095678079571
0.645959525928088
0.541343428848868
0.374989764265532
0.425292609794873
0.297354924995003
0.430467196337466
0.480281802318577
0.55599906258174
0.428226539807193
0.536378062676532
0.435018473808557
0.415954588298943
0.458603229781257
0.420904625375037
0.449561101312654
0.315935108529705
0.389387675551517
0.437442177761189
0.439049393906961
0.409255795726235
0.409856906076527
0.573326571031185
0.37337959833419
0.532918347795317
0.543102955793465
0.487950373608649
0.645930816606563
0.455080387070609
0.590765073454405
0.522954462620016
0.589095886113549
0.424496342800542
0.536214650038432
0.45828645167862
0.510638754162891
0.552232515780967
0.563596585342863
0.516608068121082
0.48033878052884
0.57686828313081
0.566984385157887
0.549015043176682
0.469003389674077
0.635458177400155
0.415646691482262
0.493889032903944
0.412546591785756
0.579281751544874
0.542591755806184
0.518921391309054
0.536655565146805
0.646296091464985
0.588017173990829
0.459951408448128
0.41184357567463
0.507020911802155
0.550643222793644
0.646561801679074
0.546621749703401
0.583012705574511
0.674430991635625
0.544257669156405
0.506069037709731
0.706125653512258
0.555449684379489
0.5519581009851
0.677768848446846
0.628031679352349
0.358917739804755
0.522272539077337
0.634565995317719
0.525109253078577
0.699612149675558
0.671728562112978
0.461784036781814
0.57970954697707
0.61214882759712
0.585671674216202
0.517704589616305
0.53201080562511
0.557283291121791
0.729927748325331
0.525817762831602
0.469209421880537
0.68014763768595
0.515815594752503
0.730737667115892
0.701437362916189
0.653481831737318
0.597885433038708
0.674338040730569
0.614766668773948
0.700765673660795
0.645801973842261
0.539395217821128
0.63837694690355
0.739289874099866
0.590536528331773
0.71266702070162
0.644548134099895
0.643895279215331
0.598527731259561
0.743635729416663
0.673003937801263
0.659387365068824
0.668553767801628
0.689196796340867
0.60745636181061
0.721212365615854
0.765447575062159
0.749625082188977
0.765908294071964
0.579817271124936
0.672661948656439
0.621039683658887
0.684150164718441
0.701765921937011
0.794545630732518
0.804753062347399
0.73037200598014
0.473111792088892
0.673678377509817
0.656288858238264
0.67817388371264
0.611171812853418
0.690023890588176
0.672131735848004
0.711902187315174
0.718743156459522
0.73120747520183
0.800940336006142
0.726507194552065
0.808026357867833
0.797591998014694
0.723864867940388
0.702695753350148
0.870408170585203
0.643213557813331
0.627685042956938
0.773194660813167
0.706845965447167
0.571894725335466
0.622920392197954
0.578222289262258
0.666657712789331
0.752376574841554
0.68766809359059
0.741087530566052
0.692798249770635
0.581142776345749
0.705335701246116
0.84262845896167
0.667398385792869
0.759625550337657
0.675215876298292
0.72946550204493
0.806953029613608
0.797232593252083
0.841381935706687
0.702246159742962
0.885004439187959
0.743388173642837
0.809797790344903
0.739185297282341
0.807657435934271
0.91921637180632
0.735106958868793
0.78245335319021
0.930644233466751
0.909614670370451
0.702228215778999
0.868725377598953
0.834523603429495
0.76437593809263
0.861220250683985
0.798945961612905
0.81549490694856
0.715461614773295
0.701861234470936
0.890231838669574
0.744291815047902
0.68513841024338
0.68521205695872
0.759532097056142
0.984345372330242
0.837574892224049
0.82814547070595
0.86362386866733
0.977385871881348
0.765315355814229
0.743243795746255
0.852619380183085
0.74171992439254
0.8549363588555
0.962047400737541
0.914824675092554
0.829162160399124
0.923567777279029
0.813729241141617
0.743723440196338
0.842296543057252
0.796278192199599
0.768631636179888
0.778289605534515
0.785128655082532
0.861962987998456
0.984317995191602
0.969691362691073
0.950391749446653
0.773256155520663
0.809482436453584
0.896018638847959
0.969663802870628
0.758712058779292
0.910600656585927
0.818470070591522
1.06293023870378
0.887384508437427
1.12094438696716
0.834727687314356
0.933209180716326
0.869314251716702
0.929508048784459
0.874880250489877
0.815951076827668
0.909250909866481
0.9572802586698
0.930029787924481
0.815457849721724
1.16242091728651
0.942399560081003
0.837839449130648
0.781599092153626
0.93380649764342
0.947651907791219
0.710628106772627
0.93214786584947
0.851158357796444
0.991926369810104
0.899381097709378
0.936541802542886
1.05787595072379
1.00298907574379
0.931664121107816
0.988524770094797
0.913390444322733
0.951908789678056
1.03126372674113
0.926528046156443
0.914857587114391
1.02472855959626
0.875672564177723
0.992312837298174
1.03220223031032
0.964957917796178
1.11971569366038
0.920153073880238
1.12986389623633
0.997546250496192
0.932609060865903
1.06865218058791
0.8920610388014
1.07885474711732
0.918991291905373
0.853498047379995
0.951856279188837
1.09258634506142
0.946181078258477
1.05870717327154
0.916551859871763
0.8905356365989
0.974790788280581
1.03245763407794
1.05446227608289
0.980123731645799
1.02457126071812
1.12464571152962
