-0.0744364747595764
-1.07376385725104
-0.945306790820709
-0.89252508225864
-1.0162206184036
-1.11062457991202
-0.905752285095677
-1.00402810474836
-0.962788402128796
-0.970675005698314
-0.91353334225565
-0.862722756679983
-0.960696653348785
-1.00699042745166
-0.981360432108275
-0.947048134999802
-1.03239371108566
-1.07975669773949
-0.968494819938435
-0.992533194660643
-0.895012440468393
-0.964187176012182
-1.17962170811964
-0.917074647802948
-0.897773245092117
-0.886443816808871
-0.962058538735133
-0.978438690340425
-0.998604399322218
-1.11034849760068
-0.953675838732934
-0.838150120560787
-0.90143576400481
-0.922252114806876
-0.916946411841553
-0.867331745364549
-0.845595008160878
-0.944413488263394
-0.834022406209732
-0.818606108779917
-0.835701813774522
-0.891671631638092
-0.854985451873055
-0.928455352332143
-0.950976457251015
-0.806805724966773
-0.908860994730312
-0.889365701104396
-0.890991069759769
-0.886530296127415
-0.950538847194385
-0.871856802459
-0.878643272326067
-0.907747542512467
-0.988709445156438
-0.837806713891633
-1.05336638657398
-0.88128649804677
-0.949337968735764
-0.955586605689442
-1.01725109569765
-0.784516129653793
-0.903849199890448
-0.861018618969424
-0.731748212994135
-0.741827492107844
-0.859951004702778
-0.850293049091295
-0.828277725483967
-0.648346689406639
-0.931297383812417
-0.81332759415257
-0.828721556661866
-0.964082299603361
-0.901344078319985
-1.02112245114187
-0.88402402071564
-0.81624382211035
-0.90723569127064
-0.825673553878632
-0.802797683933111
-0.824583839767758
-0.788285882221897
-1.08150452198485
-0.76363214966336
-0.789779346415009
-0.833462107781364
-0.789327935322033
-0.989868323225364
-0.781454454813028
-0.782093802964333
-0.753850967959599
-0.934773283734128
-0.639152447193011
-0.81911976045938
-0.825491428800217
-0.734264653930499
-0.840773410254935
-0.843074240400505
-0.806859715086069
-0.805749858915379
-0.950386851268186
-0.872626632199339
-0.941435283548784
-0.782082948440192
-0.852960405494075
-0.634205332561937
-0.875644155977038
-1.0348324349906
-0.81318488240245
-0.825828317633123
-0.88033048208062
-0.767515963897832
-0.689813917880848
-0.802932093827025
-0.860426125829593
-0.741406679075029
-0.805900232002116
-0.688626901584796
-0.701803125073255
-0.754666433203119
-0.647680957706823
-0.760200678863025
-0.649295988760503
-0.646214096973233
-0.774056934767586
-0.627610283092093
-0.812166861293086
-0.730929960431283
-0.665843882346969
-0.875818788281375
-0.697203074137042
-0.912607104028049
-0.71459262515691
-0.743960728251967
-0.701768865948019
-0.819302804077004
-0.820664209195477
-0.725461122055926
-0.73720823402501
-0.565011744588511
-0.642702173663439
-0.726565973577577
-0.711734084995988
-0.571723371673837
-0.585775467340418
-0.575612866468257
-0.767918955472067
-0.673631781565537
-0.814736494806145
-0.750983135881307
-0.662777865466646
-0.760206949703958
-0.833221380069132
-0.672206007775954
-0.648868863486997
-0.693908561196136
-0.769244501295225
-0.677081943468594
-0.59231104608119
-0.788909567813658
-0.575924523380923
-0.684742193870522
-0.508094578699581
-0.703984782642503
-0.746605202035524
-0.691222275283889
-0.55284410748306
-0.568945862775611
-0.704492109460998
-0.645529690884494
-0.786334077571281
-0.622846378850231
-0.632742542921438
-0.613336678745955
-0.709435124541696
-0.759160675992933
-0.671928590267898
-0.854581767742951
-0.622930260635407
-0.582576486755143
-0.819807018437289
-0.673353134031646
-0.624419025994976
-0.53654389637634
-0.593414354029132
-0.660806427333135
-0.625644189394633
-0.614459202805701
-0.575046361795841
-0.788377771050275
-0.632756710744149
-0.614797517152363
-0.667217883838357
-0.565384679494411
-0.559897987836354
-0.405597993846954
-0.60973458083408
-0.758777656326735
-0.724054072223601
-0.601647387415795
-0.753257922640981
-0.478204032666858
-0.599117914646599
-0.554373025471268
-0.52065601178345
-0.566976641988321
-0.754226972762696
-0.653899927748806
-0.475850529383587
-0.658893808116152
-0.468685377426882
-0.724193196773133
-0.538719086933425
-0.587463777306627
-0.548931408570333
-0.519944400028185
-0.496972015274365
-0.559282669082285
-0.475665186189035
-0.670336276541277
-0.549857409846176
-0.628910264236943
-0.560093447145723
-0.660249657732616
-0.538561911587081
-0.551098082253812
-0.466394011858587
-0.700991857686517
-0.771536817237133
-0.590540286175804
-0.635429894921222
-0.564077953114568
-0.476889178164589
-0.656255468719163
-0.508332451739392
-0.482552391737482
-0.444236874100924
-0.614314346214279
-0.531217487612316
-0.609064628453324
-0.349429647699188
-0.49950561456037
-0.455003459577066
-0.561110165770617
-0.595008202402018
-0.528218530280469
-0.499989754254605
-0.347167925698115
-0.330547142901633
-0.475424426302955
-0.505461876011177
-0.492266641355119
-0.512822076925253
-0.427939807190947
-0.536360049811581
-0.428455761809536
-0.581744897726309
-0.416385691143337
-0.552208559020441
-0.425515924435072
-0.471186867664456
-0.336359010435898
-0.530604018751303
-0.398989053793899
-0.596472207871242
-0.60746489292727
-0.497333546239377
-0.590118449728332
-0.418760377413793
-0.410834716244537
-0.457601632689863
-0.382488540077266
-0.551755388706704
-0.494372269617088
-0.493401289335971
-0.558775896724152
-0.368848686921225
-0.448970052954752
-0.323598530867906
-0.519783100230784
-0.576255802663224
-0.414369128711421
-0.487497695728696
-0.479371417930738
-0.422982541117943
-0.419132424779512
-0.40085429601473
-0.403109518265301
-0.344629289479887
-0.359197373743742
-0.629749528667907
-0.428007999552645
-0.500882969868203
-0.432866044252786
-0.421879705687671
-0.399757356269489
-0.357132134141918
-0.470342205700109
-0.406102989026271
-0.418924158305844
-0.346329065834972
-0.438071331071481
-0.545931878958259
-0.462128314050653
-0.393599633781912
-0.243143125493366
-0.367370159296136
-0.330246047576241
-0.277981986009378
-0.426225176989007
-0.337259748936271
-0.303063118577759
-0.440262368844913
-0.461336746836802
-0.469242104625372
-0.202657966903097
-0.28331220861067
-0.298746447557677
-0.401710010558028
-0.421914494835561
-0.27136597457647
-0.324166044964779
-0.434671113434994
-0.484916159316531
-0.436191845978686
-0.419532661360701
-0.422638999308257
-0.414639313761778
-0.409563443717913
-0.167759803622631
-0.414020223749089
-0.322811918917432
-0.312939975553343
-0.428991511932162
-0.310395079732518
-0.444049615477835
-0.278166706258774
-0.191272679174824
-0.318155046788727
-0.38847943390034
-0.496616548672869
-0.364337545082793
-0.34829887536853
-0.377681935761425
-0.208636124468558
-0.24141060443773
-0.371805809562106
-0.160641516738314
-0.19214574074849
-0.350490791662063
-0.256637023022136
-0.192068775267253
-0.138069468280637
-0.401748425687987
-0.359065087050617
-0.143059561191537
-0.272918961039898
-0.255278798488375
-0.364033596645147
-0.327931680777832
-0.24443140323478
-0.356711274973225
-0.176176302829235
-0.240350944385342
-0.276585263731916
-0.20756620440796
-0.271300204300247
-0.156487991516189
-0.172268903168305
-0.248744281865802
-0.0515877659975313
-0.352138662340946
-0.224754224379068
-0.130543273008147
-0.192811769972955
-0.246690009405258
-0.359471944858993
-0.233632986319963
-0.361506111447979
-0.112140079041596
-0.214092207100907
-0.227749577158404
-0.303944348433594
-0.271266139420494
-0.182753592226754
-0.272091420236126
-0.154393700057694
-0.333311051173327
-0.107803897016093
-0.245480132988885
-0.162980222644245
-0.128666531519578
-0.139481792131126
-0.264278953603546
-0.141611753348158
-0.398360845403217
-0.255833072823388
-0.269612401675148
-0.202280244941675
-0.0317756832787508
-0.378976825352601
0.0923025902289931
-0.223780303422902
-0.158964421961794
-0.159940964963333
-0.122027847607301
-0.122064018402763
-0.0460890436718745
-0.0538714140691112
-0.0925733785841954
-0.239956050763937
-0.119200574588776
-0.0828993495723883
-0.20113853836743
-0.0557215323734018
-0.260533459077789
-0.0858717824720062
-0.064753537591071
-0.133826947979917
-0.068209113692918
-0.0956798997675112
0.0252340222543421
-0.00239711155176707
-0.122415940048746
-0.0953339935615937
-0.244070889144292
-0.0710917585033988
-0.0754051997767456
-0.0428367927181164
-0.166489957760984
-0.213262855250398
-0.103805134809798
-0.101857634070271
-0.109554318893687
-0.0726715472592577
-0.271149718690222
-0.16317027137229
-0.08301242008957
-0.261218170067121
-0.0464733138879025
-0.284337585365274
-0.14405249449884
-0.0912821035100883
-0.0866991630591555
-0.209863971265757
-0.13655692140904
0.0146825084223887
-0.0976940181985146
-0.0257907352334096
-0.150946272488372
-0.103112060571976
0.0391451829276502
-0.154007826056922
-0.17488708483441
-0.0425766726754087
-0.0109195684536733
-0.0702142102934299
-0.0231038972601117
-0.0369880355007104
-0.113003442630433
-0.109108740654182
-0.133028783259478
-0.216571812391505
-0.0902190072188787
-0.124047395658888
0.101886699168646
-0.213898220417131
-0.0503667936052224
-0.0777857700276672
-0.14134697576681
-0.06827096590669
0.0636800053830997
0.0736465024070593
0.0438567639683461
-0.101518768191475
-0.00787218751325218
0.0366351281542151
-0.171581353578348
0.107370915328357
-0.0271280190618269
-0.0718096547809147
-0.126282382577329
0.063358930957582
-0.0339756442579418
-0.144754412701755
0.114642036458644
-0.0580680597418983
0.0207786157941178
-0.070212697066361
-0.040113453865027
0.119044998506572
-0.129985100908935
-0.10462206539137
0.042308839055314
-0.0402732561846205
-0.0501456821835932
0.16873261338167
0.0536111601556946
-0.0935134270909169
0.0692864091024586
0.00405805298447661
0.106599707409503
-0.128211396810398
0.131145127588491
-0.00880099135701462
-0.0482431881962863
0.230185284756837
-0.0538724495191574
0.0180587476578729
-0.137454567163113
0.00997622554663629
0.0470906529307481
0.0685873768945467
-0.00977746048136872
0.00583546926511847
0.0696287711997615
-0.077812459254334
0.178230983839111
0.195544691401852
-0.0533513982206071
0.050961387334747
0.154326817446776
0.10266244095586
0.0386862400644606
0.0251989944184888
0.154305226323148
0.0705860010165017
0.282334093641067
0.00511026475834097
0.0503223143709607
0.0444840506200108
0.00109044067923142
0.0946295371329804
0.0938996532331511
-0.0269324341495995
-0.051090872387773
0.167017775926246
0.109206153235293
-0.00913318681164996
0.118706566115199
0.187277846593256
0.202528152684998
-0.0184749766290378
0.225357612729787
0.0788366719249977
-0.0172191115817194
0.0245706509219968
-0.0159887719824293
0.193043858015989
0.134546101470105
0.00030863926488504
0.23135722459779
0.0141131434485568
0.00683740877700736
0.070235354322368
0.0971905305374721
0.0527955288487043
0.0244422029671258
0.101055764989477
0.120791416510202
0.151458665002578
0.115211722782293
0.0121180476228743
0.12737765452026
0.217999171881101
0.190825813891887
0.269413828300428
0.0417498646363412
0.211083023667025
0.154290573029226
0.203134968740923
0.131146841378189
-0.0241579864626872
0.159131094801129
0.240643728739516
0.287105305763504
0.260720109513662
0.132341741446189
0.259813598569348
0.257669906918594
0.115800051179785
0.111892030486262
0.225643092788745
0.153205392548299
0.117127261445154
0.18540675831793
0.26037827733674
0.324033876632398
0.135469276895423
0.137070170096881
0.0705732576541669
0.191035075070723
0.112650289852677
0.20468348604588
0.196616004788388
0.0270922892935854
0.126583354480467
0.202292894302505
-0.0381430086992907
0.225263411081821
0.0698446352458021
0.207211510915801
0.178085059233461
0.227572588753431
0.294903541907006
0.115240400690969
0.258517070244564
0.112070222370429
0.226765702600246
0.162345400267617
0.362940381549943
0.291885371200821
0.132490838260043
0.222962011447453
0.339236442873159
0.308196310852093
0.0885719428412347
0.308662501242195
0.34494377491082
0.244310737516204
0.230767371726581
0.277877319973749
0.335978844321258
0.214110010643671
0.264351025336874
0.21881612326636
0.269250817439899
0.292474998240984
0.285104453046671
0.114736109653786
0.326739621322281
0.279738709237904
0.383180890105329
0.357059786975754
0.145900990467189
0.346911993544854
0.173169884974375
0.242631444154784
0.304930067662161
0.394460804042709
0.234128478357565
0.248092789915523
0.307878678458963
0.375787813350936
0.468779717862004
0.472545946348989
0.154448380655632
0.349728059517791
0.387951274576994
0.31477773215246
0.2103672967838
0.135651812581636
0.214554591110756
0.232759864475851
0.236213793788928
0.376016433063586
0.192876812476911
0.455915236156857
0.187997445767876
0.45719091055599
0.354358616222994
0.302350931076413
0.300181658906065
0.350740220117233
0.190286930618148
0.104416913802793
0.39911233262932
0.379378625698666
0.33476505881123
0.411262476550429
0.355210188781404
0.289329715784496
0.489186514532456
0.175610653560855
0.433032541306285
0.433522418779214
0.173974716380056
0.424655982880643
0.420103421404065
0.330249334817389
0.257629837210912
0.410199927137256
0.486771567785528
0.284895808958623
0.356222563149874
0.420186458474733
0.388880677619542
0.320093764233146
0.374002341926155
0.525629105170735
0.286080398714217
0.357341910070288
0.3517223164537
0.518948801834627
0.327380056747071
0.448432228960706
0.34191625132287
0.409975184787417
0.369454737945052
0.329944314056935
0.416291515290113
0.449476394144891
0.489789419845351
0.459878139901609
0.303178159159549
0.350212180600828
0.426978422565353
0.468430716268505
0.374362179343347
0.508671812568484
0.44350391514134
0.3599590358932
0.382862783832534
0.326591412186484
0.479611436025773
0.429638265226894
0.296083083376626
0.5973470477828
0.329585755947464
0.441546279803175
0.467988149137218
0.403488888421514
0.398122207608976
0.47002617078985
0.348858302051389
0.477598731620288
0.458558498489768
0.450948200346352
0.417311453621547
0.549520994656429
0.466266892169824
0.557555687803502
0.406723628131433
0.479567686333638
0.501279075951626
0.543811523118386
0.297175864772701
0.494580506540894
0.39788730684126
0.589387068391525
0.597950565963741
0.477926197195238
0.519494211356211
0.487831994743925
0.518672446820741
0.51052202186866
0.515722369283418
0.485965449920448
0.552794035438319
0.518329727443177
0.416580392455959
0.531198968318578
0.446492404030023
0.537230498638368
0.499205549969943
0.370740278824866
0.553265944409507
0.428218294186138
0.480917560415833
0.322241278465964
0.410806994548714
0.560205923006409
0.668836406883152
0.495576707837408
0.498409625585159
0.484017921703716
0.484240391785858
0.607981326708617
0.475761118093286
0.600565748481965
0.429176048149053
0.786234072742904
0.453648929404902
0.527149540225631
0.519524077962793
0.505229432224062
0.686907084538698
0.534013969580737
0.40047676072739
0.567314960487014
0.569014471297676
0.547058217376952
0.500027292315396
0.597194257637639
0.57757161327541
0.728267790877656
0.655469184829784
0.525809611504033
0.46021160079442
0.68367790486641
0.511539135426326
0.597449082483776
0.677375223394797
0.544354657574084
0.476334966918018
0.640801218220556
0.581043856715357
0.567108163258311
0.677168857077714
0.624790285041094
0.661089321441374
0.600371996973885
0.746795832881666
0.782815370137973
0.637444353493153
0.693549476147896
0.643690335385104
0.49174469172327
0.718570340162425
0.51940555267015
0.564846496900344
0.682975374246046
0.692512910318173
0.648079751797892
0.558100798741975
0.832316479019231
0.541127914504408
0.655874014083863
0.713596756943266
0.69241541232946
0.659169069743389
0.610914529646282
0.513491059493736
0.743364622618979
0.674211076642674
0.646445290494515
0.575032699388075
0.755640813389742
0.590278753669324
0.817049091078243
0.670523093003013
0.728454104206085
0.556488960928078
0.467161170254966
0.688823728462404
0.815053471568999
0.549527814209159
0.736615024121936
0.648191878646615
0.566854401509948
0.728467820419101
0.507912349120106
0.73821085568769
0.786428972150385
0.722554635458939
0.614129392914042
0.814005087786408
0.828643048208138
0.55562715216354
0.721200648732045
0.580390015710304
0.701449365279266
0.78152983241385
0.784067994015434
0.808735147744823
0.799004568053297
0.557297374596429
0.712834495081682
0.551755237990247
0.714974984094381
0.85588492103477
0.883214899547409
0.731973163651826
0.773495712963528
0.739157860355854
0.639991078149163
0.835578846525392
0.758404581391258
0.596047387906373
0.925128317064679
0.816173991578157
0.752689139329998
0.735339196493644
0.728199017962079
0.761021709989889
0.775641234358905
0.699807421761394
0.76438155465772
0.781405962474974
0.808144778764876
0.859086013652935
0.816448237248873
0.741186549060514
0.75855827491994
0.694851250503498
0.690774769579161
0.78398190104683
0.759790425726062
0.686178375322547
0.78066507582992
0.821756014320685
0.922343265391267
0.683897772562922
0.966033509277392
0.718908667330994
0.854848077452961
0.693910940380025
0.728546243871469
0.87685994885522
0.96023273879585
0.808660125979646
0.790659514958877
0.812228750861074
0.654478470359507
0.740818288373233
0.684426296805573
0.682867510580602
0.742427189022269
0.885837551491253
0.760828571015558
0.834116186276842
0.811777318311178
0.772054838690218
0.799035017240265
0.721393688882844
0.71939046566359
0.928226849853125
0.635436115894755
0.697033942133854
0.886296075030507
0.915849342022658
0.744445922899252
0.799544161398195
0.944599189113011
0.963837258048164
0.904574700875907
0.786616336421768
0.839735568882634
0.896656071102155
0.942283155377841
0.95075690306908
0.922920955794714
0.779702884763832
0.848124578310637
0.760127911792385
0.937205833374569
0.931341396325632
1.1174373803037
0.812968630251147
0.861775472785625
0.937224388725651
0.905044767671089
0.890808540638159
0.983967209722982
0.898496794491573
0.724648676186098
0.846403903039503
0.736421857444251
0.974391214280813
0.775765151394583
0.900451084235445
1.012079462629
0.750944800508001
0.847837992719853
0.940590129011925
0.912004585539158
0.808837029390593
0.946955886359548
0.788097059204241
0.960021929953803
1.16545977974248
0.985507143034794
0.959144611270702
1.00818632208176
0.889831318303102
0.888295911973457
0.900654755958488
0.903910854354184
0.886367031873875
0.923411015637801
0.881550182250234
1.02517271909424
0.976717454498372
0.985973331192563
0.971520266404515
1.01974143942265
0.784628071370839
0.921694811236445
0.963397089406048
0.898603332214565
0.931280051018642
0.984413001576586
0.986510038460662
1.0666894890558
1.04146959284709
0.88722642768149
1.00500550793185
0.926002723200484
1.03470621615408
1.04541616077253
0.953789543966581
1.02295606997535
0.842607781556528
0.998209771832027
1.1493528730625
0.914423487169851
1.01042483173398
0.937906229167801
0.912232169256953
0.982416414750051
