0.0572402080448499
-1.00348217566294
-1.06687093619983
-1.11619891492032
-0.989544735143956
-0.833131732167455
-0.921286349374923
-0.989931218058179
-0.907878455169466
-0.938717902571916
-1.09078556419973
-1.03427450691817
-0.950971867976943
-0.949684224842287
-0.912375943339123
-0.890111392709437
-1.14212750102893
-1.08338908010501
-0.947528721966497
-0.953989603777638
-1.02365359205506
-0.951476089348477
-0.910346478539724
-0.968511679234986
-0.895032381017148
-0.918400756960801
-0.969275422825433
-0.983465507128419
-1.06337307434382
-0.825710690232684
-1.0003406341892
-1.02293954203612
-0.990385678129464
-0.92193879053604
-0.966542503062928
-0.931671420724152
-0.926376201407814
-1.01529990563513
-0.920345670886281
-0.817477291742785
-0.839878190409106
-0.871971900306255
-1.07317868766512
-0.954916868486496
-1.00609995229962
-1.01917914436519
-1.00772609395816
-0.804495203043554
-0.888677433034692
-0.86682157496426
-0.931292596253163
-0.980420383235109
-0.740333122994617
-0.9089963005555
-0.812983293237573
-0.87821792023873
-0.960676246904932
-1.0211870843823
-0.908738079988875
-0.84469184086428
-0.951442648138737
-0.809765943157023
-0.740315558994421
-0.850292905466629
-0.928618333822203
-0.70145194427486
-0.826979446355066
-0.856284723968639
-0.737718679390799
-0.744785543276533
-0.800963857966226
-0.780178446898159
-0.91447578917933
-0.821421562699637
-0.813762421094315
-0.715580745429035
-0.911391768645962
-0.906124145512345
-0.89600776157784
-0.985955497939329
-0.915387770457037
-0.846661068558222
-0.878578063982551
-0.724113243188806
-0.766728889721542
-0.812903403598925
-0.825651194541636
-0.70725345846952
-0.69699082907782
-0.905657288251106
-0.730357183648886
-0.822379548848955
-0.724451281519359
-0.975708910868069
-0.836870425354809
-0.81764799995085
-0.829655576018174
-0.694203331417557
-0.775689160404573
-0.687780058358531
-0.807224215820967
-0.7333439079636
-0.832753374927282
-0.79768307210104
-0.865931186959649
-0.75055778111402
-0.693678962109138
-0.698201119723276
-0.91295225661425
-0.81688145815509
-0.934291739424123
-0.720400923322686
-0.769426943874997
-0.713478919820544
-0.830425314004287
-0.829788801344385
-0.747331061297775
-0.843627679905143
-0.939200017630661
-0.666248969644566
-0.803682402233168
-0.854433151144872
-0.822993757435813
-0.69869511242692
-0.748377239070869
-0.705925572238909
-0.771217131123963
-0.703511724329903
-0.725779871324902
-0.929744410351587
-0.700256670653688
-0.842964136983452
-0.65171861969721
-0.70073768325831
-0.694899212515398
-0.75007545120494
-0.79773944408478
-0.777516780899869
-0.723120969634707
-0.671658924323354
-0.634845030148023
-0.851109929125409
-0.676730473300971
-0.78976878559386
-0.762638456640387
-0.743618529015929
-0.667808224284721
-0.744319055582605
-0.749402969906374
-0.799089999695949
-0.672306588827097
-0.752358559425732
-0.791959506316372
-0.635853054205742
-0.822656593935929
-0.658210410633289
-0.656471091011723
-0.656948770256677
-0.726277041240632
-0.629700372065052
-0.791816936518883
-0.608825660258432
-0.610043853073449
-0.703480338878398
-0.650037872895456
-0.825346283889085
-0.418627050677007
-0.597794463458258
-0.663052936606807
-0.631582009951061
-0.731486971517369
-0.658974926348463
-0.590045543691073
-0.675393072900115
-0.639478498678799
-0.590376798080888
-0.613176201446907
-0.500615491657914
-0.663453320454478
-0.728850734220446
-0.676488665536018
-0.504748517709935
-0.470503974288418
-0.615397482358229
-0.628223518851142
-0.648852756654412
-0.569680601990909
-0.546325826372904
-0.506060663238868
-0.654537088503455
-0.702094027381366
-0.628347061446423
-0.656593498280301
-0.59662274076621
-0.589590425544361
-0.616515501245303
-0.663160067292453
-0.769546215222677
-0.682243676246776
-0.556597519945968
-0.672509948957129
-0.657480377084458
-0.628884584441851
-0.426497022058271
-0.525907470747418
-0.634296928091183
-0.570897250791844
-0.656317626542136
-0.730846630224539
-0.49797359069662
-0.383361445937348
-0.55107090213344
-0.651051916193442
-0.516804859263202
-0.700608831676729
-0.745750863113226
-0.502563697101649
-0.693581893387381
-0.5454090818255
-0.626458250084902
-0.587444648145783
-0.654548793508582
-0.432947840284511
-0.544041429436386
-0.61881485753821
-0.535126222076124
-0.363348316296083
-0.456687382291661
-0.6624257882898
-0.587897998809434
-0.390603407159021
-0.565300058724388
-0.532978727856718
-0.65743039230938
-0.522968562832002
-0.385170840307748
-0.596614935817334
-0.509690037111878
-0.596821835574913
-0.649395307364245
-0.611228052237653
-0.503787984319745
-0.470868405361781
-0.478048603134612
-0.337751338567821
-0.550957980369514
-0.504269305037414
-0.506495042823993
-0.699769865292282
-0.426701164203371
-0.588677005715699
-0.600807968841065
-0.532924079318445
-0.397250661618335
-0.496409165017113
-0.475632775784072
-0.5809039558105
-0.549477878183768
-0.601491042705131
-0.434382621039994
-0.538653599351511
-0.585791383772384
-0.447427271748387
-0.509465482122259
-0.498799544495548
-0.417443955223592
-0.465978339522053
-0.396480036253987
-0.462624639460326
-0.433429480353465
-0.570441019245163
-0.442300163684676
-0.582422962158792
-0.394894393237936
-0.398074100033569
-0.487737291422979
-0.367089839048597
-0.516309443002517
-0.491755437211885
-0.472422702789324
-0.430908462521433
-0.370190259857811
-0.434691882766798
-0.493604664154821
-0.392427009826823
-0.33973020302767
-0.534047103193608
-0.509519023820088
-0.28140562603108
-0.474949667623589
-0.361136506750048
-0.458484937278268
-0.413239938776094
-0.427033582446954
-0.463754594337543
-0.411960454996264
-0.474841375154814
-0.315066803604815
-0.425024089737201
-0.443754244377528
-0.460156377585643
-0.327986934646551
-0.365465894603063
-0.28119231239389
-0.28859756571522
-0.425933766761904
-0.26398768997262
-0.447362611279119
-0.512572586996302
-0.424979064048211
-0.353441907742656
-0.37318315090076
-0.322857417107122
-0.429361290950522
-0.496267041781658
-0.387260235225461
-0.311091847234141
-0.363698498409501
-0.350719942037201
-0.445050750813203
-0.399345765257567
-0.287288669233189
-0.309226022916321
-0.406996104034535
-0.291030367043866
-0.217053892450273
-0.286460609464829
-0.285289230706523
-0.313913242577866
-0.417171371652428
-0.533860511948349
-0.363023730595822
-0.306049021505886
-0.194137575477705
-0.307801262377144
-0.350023364281965
-0.321002837615558
-0.259313514653763
-0.370801426496835
-0.183459262716109
-0.384867116191037
-0.304125221638048
-0.407713264741127
-0.334636201862966
-0.320995401741155
-0.40101462254334
-0.260368630298661
-0.267013096099083
-0.377278855155355
-0.411053704702014
-0.32767251778105
-0.522549014776856
-0.304568343238505
-0.28925186151951
-0.189819718735723
-0.249253776720684
-0.337704390366345
-0.414534015062719
-0.271601807196075
-0.289055982067362
-0.329445978014334
-0.160896355008703
-0.201687715253679
-0.359472338279989
-0.392769073533222
-0.28328520807287
-0.240431141116291
-0.309035013147377
-0.27240393362819
-0.211702667804861
-0.268056160380845
-0.292485639166017
-0.279165966320404
-0.256194892264239
-0.227446323881206
-0.362555403365584
-0.288101937136003
-0.436198355006504
-0.198640727105011
-0.352392135865152
0.0470035640193055
-0.221148448629787
-0.310444734180676
-0.198078412230365
-0.239471962372572
-0.238347160064708
-0.198307773307669
-0.0380421941579181
-0.22734573602749
-0.206490913543685
-0.239380640244798
-0.127919013766581
-0.245057273185775
-0.130896384125335
-0.420053584367456
-0.203721529264387
-0.261430649553844
-0.239799539117029
-0.145437428159766
-0.294033357267966
-0.202404129737449
-0.158363625502382
-0.119227565316335
-0.171026988800158
-0.189374953722112
-0.153660827932124
-0.164068846949667
-0.20373605281157
-0.149514648660139
-0.216896551242364
-0.178407592092048
-0.0487827101906492
-0.348412679982997
-0.262744513050988
-0.154241764893733
-0.0796205970175484
-0.189421598944713
-0.0477062793825726
-0.217246259587628
-0.232853472252442
-0.046964892066017
-0.233203672072563
-0.190699409406882
-0.137961367410596
-0.128531478680848
-0.215271176721288
-0.060229591555527
-0.101047714707981
-0.0822684269670336
-0.241014878846774
-0.0614188073323189
-0.046460355092606
-0.193468838884974
-0.202790735804794
-0.00860127377554358
-0.159655704130208
-0.263123128302886
-0.299808696087869
-0.0534279638775186
-0.12566786907486
-0.0698044270315601
-0.241899644726454
-0.135961069296297
-0.118952634953843
-0.105408975547025
0.0125288686311537
-0.0546877173112306
-0.120686448820751
0.0215759369528286
-0.103381494154329
0.0779999413924437
-0.235135367480427
-0.136972745993128
-0.0609290324258118
-0.00942890010174465
-0.0501458318917214
0.0274314036023379
-0.196677604680381
-0.0485349246470122
-0.135323744603276
0.0343526391306906
-0.167222651635389
-0.0713727986727318
-0.0165538097933535
0.0275801983633644
0.0925797288667195
-0.0835259710652265
-0.102011180234616
-0.0686911622820289
-0.0535728886377479
-0.0285366388338689
0.020760862702213
0.01113806354082
0.0457489122071988
-0.0657992577631516
-0.0486097769918042
0.0327700013034671
-0.131952378582913
-0.143478965565253
-0.116935207003911
0.0851407933647153
-0.0410750212051969
0.0232001676095025
0.00286196636909271
-0.164370311785077
-0.232609734836211
-0.0356581362603483
-0.0416524919593098
0.16022025783152
-0.0363758136497496
-0.0142279285251138
0.0470827156018797
-0.132865909405491
-0.1339438226721
0.0509474653387159
0.159573842523904
0.0520730248641298
0.311676098644206
-0.0158251563298524
0.0263659140367959
0.0160626362516247
-0.14283159154833
0.176859844029782
0.00773899524762535
-0.0984167261029916
0.050042992585842
-0.00155608807118054
0.140394200536424
-0.0813654964625017
-0.062808719638998
0.0558422097702242
0.00547623698230431
-0.0414164639163235
-0.0109338753666208
-0.0585713935394991
-0.151637892422478
0.0239747327414118
-0.118813086307929
-0.135213825845444
0.0412677752244016
0.162939408507111
0.0419317772455569
0.070881599367763
0.198831625799551
0.0795586869264233
0.105601358178905
-0.049362611138712
0.167757874811519
0.101509139745669
0.0849694919617701
0.0396407579004392
0.211154789604143
-0.0341657820122305
0.121611800291352
0.0872898841271425
0.0525014628768073
-0.0104238794217882
0.0680774809310896
0.117725274332249
-0.025454612724894
0.116387901699787
0.00765199816663416
-0.00344665841604239
0.153285242264048
0.118690008128167
0.0369920337440855
0.0899114747826901
0.184877051737567
-0.0322172414240751
0.0294603370391026
0.180207281154973
-0.0189132661721514
0.16768122681027
0.0169736890902891
0.0817871786500972
0.0786780410838516
0.177116168385339
0.00749064042155475
0.0436362744179155
0.150053549035922
0.162799222765393
0.104073294993565
0.210878396381113
0.145983943435386
0.177858227723049
0.125437187497602
0.0955649890652894
0.170809170399281
0.0108460077778814
0.0930566799836434
0.0999269103198821
0.194208931157165
0.225888940237263
0.175105589735941
0.182961460319257
0.151827121490122
0.0428805417442902
0.179331679481566
0.0578077719061319
0.126347920546454
0.0247715056378133
0.265918482998413
0.00663056134098527
0.185212913249455
0.091287654456799
0.356973707966925
0.020734395576665
0.11381491632043
0.223741195066157
0.265811652667376
0.167227691562388
0.166485568064343
0.264210109766951
0.232364756299422
0.20369181166093
0.201483654936362
0.0803552902840702
0.214941864968747
0.243331638618402
0.0993697271732654
0.209867414865756
0.0578855049909007
0.179302001806902
0.166364175067775
0.377815552974993
0.306890584517376
0.225461535326357
0.173414544369309
0.28109632782261
0.029916282573882
0.109254875266197
0.163441071041705
0.16677005563419
0.0697204799632317
0.179455299259783
0.229870681878181
0.0363129037081451
0.182490810957772
0.258042386381621
0.27013944490355
0.357948772545796
0.190066369345944
0.248960756156108
0.269404545572199
0.369634992330482
0.205152393452221
0.15189131740632
0.231532791108495
0.369170586036865
0.32570745668785
0.183358512224832
0.261805415897892
0.29741521327924
0.0938036753645416
0.367785810210841
0.359660024052958
0.289495544900232
0.260616141251346
0.172338752323626
0.246106423317759
0.200463864093433
0.198656434041973
0.326818959932398
0.293099467363333
0.307173273997061
0.249667304344024
0.374589205137421
0.164587379558593
0.278311228146007
0.378654639536964
0.322822100578377
0.310661959175324
0.421657418056236
0.307931606414779
0.258795260933891
0.368003535642949
0.353374936618916
0.367122277063838
0.223605564770683
0.351523310563589
0.359998107920778
0.259319467679665
0.365050303985886
0.326608915025623
0.33734774346465
0.278621859530621
0.2916422677563
0.334961966897607
0.328487735843501
0.385019333908989
0.359962735208684
0.313775583479043
0.297923921640694
0.384868978031584
0.397356055191127
0.347463365464406
0.204834662272368
0.359102181460488
0.357946081884565
0.276964590219982
0.333544504489829
0.314858284036248
0.295913399796331
0.40886859376208
0.405391704697003
0.427179273033946
0.40818130358597
0.272147207333134
0.264207591359146
0.356281059571539
0.320312881304564
0.298816840983525
0.362602620603367
0.389539808640035
0.351311158271132
0.536372577626346
0.550138082266417
0.433873554768608
0.474590340843306
0.363056566356542
0.413082039020807
0.551726006349065
0.438914837905562
0.494916264427014
0.398522030863164
0.349407381043627
0.454691814296522
0.185205509703143
0.246543561113613
0.410310192352682
0.304936834607305
0.417774002001519
0.505752305174335
0.535911843166884
0.277459158751038
0.549223120349822
0.438643518541194
0.393707290689159
0.43009393132792
0.373261365320727
0.40675020726397
0.32846591585993
0.616739303585313
0.38905108180822
0.641620136276408
0.544437215133165
0.399242593396983
0.426294921439417
0.290406102901376
0.419967612015668
0.497090685980058
0.56846489706185
0.420549043499149
0.539695710193087
0.412966296919385
0.436694007616026
0.458152386071633
0.419429623028134
0.481118522645309
0.304377075093411
0.390838808466077
0.430224708761326
0.47035099592132
0.386974701701389
0.396088242379689
0.573456822205545
0.37070230845884
0.530810072723841
0.541699926054704
0.478262712550591
0.651058077062231
0.477594279079636
0.602353794580023
0.528992113120739
0.613714047919282
0.438872585947613
0.531684690795437
0.463350534313821
0.510843413423284
0.550139401719368
0.537290314256091
0.526907076690562
0.476369716178821
0.565582293275946
0.547274516404943
0.558415336950374
0.476218396024056
0.643295561523151
0.426234510270467
0.487960688327728
0.416732297893008
0.584818057183597
0.56160268433193
0.49611229890285
0.530039182515748
0.654261179205349
0.588780280115079
0.45401680416368
0.430415790122202
0.508478920054402
0.544908599362072
0.651211900952458
0.532666186484099
0.581874730998464
0.662243160102099
0.545716113951042
0.501359598780261
0.693989901679031
0.551591590865906
0.559653365460513
0.69178439530802
0.636853913228935
0.339206080548462
0.546527943779994
0.634854408668875
0.530414957794689
0.692136747784728
0.683905755011167
0.463071824744923
0.578782113547067
0.619355067242097
0.58933237932182
0.501333285515511
0.549576268732762
0.545317112087026
0.72303288218942
0.540489610997641
0.455900634437518
0.662612515142431
0.50263085002762
0.732292827019625
0.702011148470227
0.653520043878046
0.58293845001303
0.679068717461663
0.610610945947428
0.732142881383654
0.645082579757265
0.543044918919169
0.661660567772606
0.743274475922757
0.576227342583938
0.727512403781376
0.638527558396134
0.668980417656388
0.585430841664046
0.750607557723253
0.653575061761686
0.662844123629201
0.686580765943101
0.692918278588414
0.607849747816067
0.737615606089736
0.759936002891404
0.743393201018951
0.806941595740479
0.585889505398186
0.68021174382256
0.615346322724247
0.686737651676852
0.702939086852387
0.791013029113738
0.834205947885997
0.727829671367055
0.473881255295137
0.659669938961325
0.634885090159518
0.682891815861037
0.633442661704555
0.694163938656203
0.673166573612318
0.707182411864236
0.716252339170991
0.732461721530329
0.793004880580895
0.724637453772899
0.816018353974097
0.824565933562232
0.735178094227356
0.67589015748677
0.868529679471325
0.643178044539278
0.646673750013458
0.771374114886674
0.710642998418776
0.601588112789702
0.628335452609741
0.601199579322892
0.660522342474306
0.753021345021575
0.68667690455656
0.736385022073593
0.684932380493549
0.607042074367045
0.725797970948281
0.84345566966471
0.663889825705555
0.731738124962425
0.649778917051143
0.726365693982402
0.808771026579274
0.780364447626233
0.831057014925453
0.71459655971493
0.880799904344608
0.734692102181328
0.799337475805108
0.727079334387416
0.822592401820697
0.91139253706139
0.737259469538557
0.766993007452139
0.944666464631472
0.879433832886715
0.709141010290228
0.846061588935447
0.830641110845067
0.749497099086281
0.844622930166895
0.798367834904771
0.843350261890551
0.720270043173916
0.680954817040491
0.898057975828761
0.753954426231353
0.684288959883063
0.67273663286515
0.776212095063715
0.972595158344178
0.845064581944855
0.84291171680526
0.863802462822126
0.985773511666324
0.762149095530344
0.742720795745829
0.855012996579821
0.75374961980275
0.852801149121401
0.948316490632404
0.919556428573582
0.824201655009928
0.913830517475586
0.818367754503108
0.773576354147835
0.821931900598914
0.795136777519014
0.763618994165293
0.77177149326414
0.77671062437227
0.886217185319772
1.01661107634059
0.989366941279665
0.948824307470968
0.774244227773004
0.810352364714119
0.87933411573098
0.978604717102757
0.744490752231513
0.891595366296955
0.8173805418498
1.04043867420714
0.869480444175586
1.10421122185584
0.847671315575174
0.924159856379408
0.88614541266639
0.944974911591752
0.852136755461331
0.810091517034552
0.9231561262495
0.959147320782082
0.892383390234964
0.809581362502318
1.17313716714295
0.968052873191105
0.837588480891286
0.792259342631343
0.909038643594862
0.935385809339322
0.687392511952004
0.917008977349854
0.835246508576536
1.01208613902132
0.91134380077156
0.938247592802604
1.07310918582208
1.01642369760539
0.958580108324567
0.984631149565432
0.911182627225777
0.958978084509128
1.02943504178377
0.916593925579964
0.924848554800772
1.01206832019207
0.890604589208495
0.981892540698984
1.02027200683581
0.981516477466723
1.13234977432196
0.920702066521841
1.14931321209385
1.02265442246258
0.94634626131802
1.059760920304
0.881250787605894
1.07777377415648
0.927922744092994
0.862814924631362
0.951175919064545
1.08204553243038
0.964659934580712
1.06675900998002
0.958304711800005
0.889129148972034
0.943842979662385
1.02378969348694
1.05451309679636
0.99499399263801
1.02240962522569
1.12525533284883
