0.119779917582818
-0.988620488276944
-0.931940414173812
-0.939068000543058
-0.972252855573749
-1.04863064872688
-1.05269400413392
-1.00425674923651
-0.878753914805533
-0.88043024980211
-1.06592249124344
-1.05419774776054
-0.964384707751012
-0.99856535308966
-0.989739854676685
-1.00198898963284
-0.931022010630659
-1.01188868564227
-0.796900238191174
-1.015620601334
-0.833095417060004
-0.773396983800319
-0.816488733844127
-1.04609613929345
-0.99185101224223
-1.01808656199115
-0.895910746117048
-0.889941054597688
-1.0598868215516
-0.824235145740268
-1.06210497749019
-0.962706907901016
-0.996472099967874
-0.970927197609982
-1.17452958908348
-0.850672255066826
-0.966984878919936
-0.933233681853782
-1.10372350929611
-0.99921368276443
-0.973951185370846
-0.836262319306846
-0.825116658718469
-0.746822664841128
-0.828155484322044
-0.820054123752286
-0.867605191189122
-0.962190251833304
-0.884162544615933
-0.938722652964383
-0.898779070752455
-0.930139492444385
-0.886968251578962
-0.747124517919794
-1.05375830915178
-0.705182274330169
-0.919183486313377
-1.02034860731634
-0.812501966039187
-0.834743657202528
-0.926035058594599
-0.808441241970891
-0.831881155984979
-0.853945287480228
-0.816084565149599
-0.930862096007069
-0.804243750799559
-0.717012211998065
-0.914004199733862
-0.755874819146439
-0.852834026197894
-0.91496636974077
-0.723499184742788
-0.767468660477394
-0.671782205238844
-0.968469213776325
-0.802867141478599
-0.793432127593307
-0.862058895506471
-0.879501476300606
-0.740104793386382
-0.815159642431313
-0.869238282804349
-0.809356773506201
-0.666002453371845
-0.801557998385529
-0.876788692956424
-0.750603919070169
-0.92453762976305
-0.828671341596718
-0.782673433539567
-0.802378857761685
-0.868778717207522
-0.915278109007077
-0.783971398778307
-0.736790098437983
-0.681684519065996
-0.839096262085103
-0.671639436741122
-0.827785583320787
-0.826506722872703
-0.848935350476141
-0.830936773388349
-0.86421668980015
-0.88413830361258
-0.782442748382745
-0.927122872011735
-0.719972795806739
-0.714909100410121
-0.730441630327594
-0.812049302629053
-0.738297669957496
-0.669536964159255
-0.678043409852233
-0.814371253658025
-0.728157054106608
-0.825196353447664
-0.831922325103938
-0.730496330974634
-0.801048671206592
-0.701269249034046
-0.841626368313653
-0.835229613904314
-0.589102891833574
-0.743976303667331
-0.747537825375496
-0.695683905936197
-0.759903062889215
-0.707817961879124
-0.721062710305746
-0.601661786047429
-0.773557027364995
-0.855380437430592
-0.749132300611883
-0.715196979759536
-0.750879058649815
-0.75522029645866
-0.623412463756133
-0.86472741199507
-0.645655109206682
-0.529847973954222
-0.658852509269428
-0.723322683831543
-0.728208313656288
-0.797864904158207
-0.654917689393466
-0.82291687184898
-0.56610763728172
-0.645767689524018
-0.692396298926069
-0.679317208283532
-0.631994542824915
-0.645967024747225
-0.731553416355896
-0.654999516926119
-0.758880566569526
-0.713888258016183
-0.675861848548735
-0.580905499222219
-0.526410376990753
-0.6106508035138
-0.562630913575851
-0.680362806234996
-0.647744807185021
-0.525501810663319
-0.630255345942185
-0.655839250525238
-0.579345905315072
-0.751431907489895
-0.560044442329963
-0.565105951057577
-0.658458342997491
-0.712219385663669
-0.605582543625401
-0.627705247213707
-0.672973268904517
-0.627434194983001
-0.734974020456262
-0.668835151733526
-0.488770262599241
-0.715886114360199
-0.498926989057315
-0.611060389054913
-0.706763929587888
-0.794157468331311
-0.570470003989113
-0.650699678515001
-0.681770642619994
-0.684385533165376
-0.556001234869754
-0.759049135151001
-0.755417310213858
-0.590360786365659
-0.540864470658834
-0.568707607672134
-0.543091603771995
-0.563650158717132
-0.710411054399849
-0.566824370763026
-0.646764313154779
-0.576599961763192
-0.622864698396449
-0.56747764672948
-0.524327563960799
-0.657358796710203
-0.527383125488655
-0.57730382167723
-0.561338780782637
-0.510869319860035
-0.499617375184674
-0.612955907293335
-0.586447625404461
-0.496124583540042
-0.44461886192585
-0.615115527695668
-0.51088463667806
-0.558544738760922
-0.4753284024815
-0.566029600994474
-0.520149811678422
-0.474148372111618
-0.631013742346221
-0.616267228421523
-0.634031583540641
-0.588450839013953
-0.583267034899096
-0.594373951585041
-0.490702263056431
-0.650878334641297
-0.470531639382808
-0.591729369664295
-0.548297623241442
-0.382629781783212
-0.540998343274007
-0.502873763877544
-0.605917033863491
-0.425091022995515
-0.428877570936523
-0.538002053830093
-0.453014545012692
-0.61424609704153
-0.547859557644064
-0.484247846136644
-0.545572474236926
-0.624484404614096
-0.65815908759796
-0.503315145330499
-0.484629914481892
-0.495077881826864
-0.319423091625932
-0.426836305094351
-0.474551292522486
-0.437218641915104
-0.534156048544423
-0.563560954336282
-0.515019554330174
-0.499839632762368
-0.487108756678806
-0.541371076459711
-0.474119210645688
-0.635009736658727
-0.325379219799765
-0.470231938563825
-0.391148693561351
-0.645773571531263
-0.508976604678776
-0.591707837915971
-0.510416871741366
-0.294740429382561
-0.514831020676298
-0.41627137638537
-0.440414206317321
-0.420210028778412
-0.656507591240791
-0.502345369912407
-0.471601406042995
-0.560686500852421
-0.625323008835098
-0.657047548551498
-0.585874289529121
-0.368241448942651
-0.353393778883683
-0.523019053446831
-0.403128081584269
-0.345212989741782
-0.424969798906948
-0.263177194544662
-0.448432327575425
-0.466946577111544
-0.486014545530163
-0.428592844854542
-0.402345408087735
-0.483966339376211
-0.408628580152094
-0.31122215201062
-0.466883537723549
-0.481777974029185
-0.498621564685212
-0.289011620884312
-0.267826925245704
-0.392279408340388
-0.426703314792785
-0.434747314066751
-0.399992884463504
-0.297659058033338
-0.359882515212193
-0.409449002564047
-0.599560617376103
-0.487125326602698
-0.327898268397436
-0.377210870112054
-0.297047383941835
-0.190931439768602
-0.431451906050681
-0.51507938177117
-0.432016124286919
-0.353622998138905
-0.3683233128239
-0.296248375280086
-0.424153987094692
-0.39484557469202
-0.41762953946112
-0.322112356223083
-0.275558110383236
-0.319702733216696
-0.319115258644089
-0.430749635062757
-0.115387027463542
-0.361612181298185
-0.48313847680336
-0.263834323589947
-0.410161670376473
-0.307812634494509
-0.190060281119618
-0.531381212687501
-0.233051281109966
-0.401148539825686
-0.276155928462987
-0.330575657191672
-0.356776480066708
-0.309727341372048
-0.361195623452464
-0.407918779811318
-0.329991933003959
-0.228011729388842
-0.313873642135488
-0.321391157136131
-0.321112628369834
-0.280123914377697
-0.321579586129528
-0.372916947960724
-0.383903015447607
-0.160161465507999
-0.196400632019516
-0.199446010438002
-0.271460322885964
-0.305592144617037
-0.248550509548898
-0.228140797741318
-0.271740750129868
-0.267460603212864
-0.311316008033578
-0.344246676717842
-0.272510417637957
-0.197890386708055
-0.246130887231333
-0.3027067292786
-0.1989454095105
-0.345816758599627
-0.328864948421745
-0.135370184182792
-0.23289219253049
-0.109637549075706
-0.34601760966553
-0.211236512555591
-0.282023576600146
-0.229815665465098
-0.163932082157933
-0.179675287471342
-0.266372122740784
-0.216653197105347
-0.298826702757117
-0.397192371059683
-0.176632414506007
-0.305950003860383
-0.184781626377101
-0.124503304955827
-0.277704326432474
-0.107848808875858
-0.211511961210714
-0.200710076592577
-0.219624627421522
-0.24003229784184
-0.221014331988108
-0.23105154087515
-0.166294330924844
-0.217336007415132
-0.0698620112097806
-0.180200968661126
-0.157288256813904
-0.144557878776103
-0.127139972888132
-0.151098182295979
-0.238646120349246
-0.0909749148814967
-0.317415188006242
-0.184540752230201
-0.265163222869041
-0.180138635971759
-0.165563265765545
-0.121705028237247
-0.273850558250144
-0.209130949150176
-0.157313673958993
-0.264843533855654
-0.082634599114007
-0.102850410484508
-0.177659271472452
-0.276361256286464
-0.236538072100162
-0.0758122106493397
-0.0596147110479762
-0.289064090204422
-0.08367571325549
-0.30287504751553
-0.103541251728566
-0.165184330724849
-0.0312627224514055
-0.0378711036831863
-0.153301270518236
-0.153452738885204
-0.177633355384511
-0.0618772508051529
-0.144170297542623
-0.0108284699958511
0.105851156289396
-0.0582650431551793
-0.185011804484231
-0.170872287927032
-0.092459712767352
-0.132635962934944
-0.221558889581365
-0.175308453407624
-0.0840794032628908
-0.0541793599967276
-0.0347692455906596
-0.146304540001938
-0.140636521793465
-0.00777523752839163
-0.196792968439177
-0.139097655565067
-0.0119803458420376
-0.175403539948543
-0.0795961448725034
-0.0878124899738202
-0.048171886512213
-0.0702721106977363
-0.0580702424709086
0.075835350512262
-0.0610102141082488
-0.0958817042625778
-0.0601584137143344
-0.102500862143988
-0.0234032522470843
-0.1236659960708
-0.0197844477132685
-0.00155098023173502
-0.0435179966763008
-0.0780873719143255
-0.230569770800959
0.133977854916572
-0.0345315109172671
-0.0447878402261013
-0.0784300983022644
0.0544758249401935
-0.0569215663570736
0.0109599626592665
-0.156754832952054
0.0380553025363538
0.126223235049527
-0.0769161777130115
-0.131593943850905
-0.0541909561232475
0.0540760740237162
0.0515280151332188
-0.126989462496389
0.000705066769927566
-0.0244506508796992
-0.0331641042649578
-0.0526867485317437
-0.0426526544174709
-0.0218336446099244
0.0909987770099507
-0.118014324788904
-0.0251415992549722
-0.0647893620751354
-0.0390857051157582
0.0243056445130258
0.0486022700567558
-0.194232375802134
-0.0025874103199606
-0.06066330731341
0.0271569566484988
-0.0476694420459782
-0.103378319775188
0.0645667526956273
-0.0343017346181629
0.0957676225085182
-0.0205517427436165
0.0629049621308537
0.144848427037938
-0.0450648750484675
0.159652123480589
0.0317415581755042
0.0611422029245849
-0.00501277180219298
0.0629969100093613
0.0872583494805381
-0.167719075100467
-0.00121505177682265
-0.00103218904643041
0.0871248740639325
-0.0431304142241374
0.234034988954199
0.0420752835585024
0.0733988682611846
0.172631969507228
0.105250327775702
0.0641134981697074
0.0750865287144435
0.0323125446662962
0.109726684017441
0.0221289664321374
0.0480485093299568
0.0990976523155013
0.0749362384118084
-0.0297384100565745
0.06830844934711
-0.0387796861332633
-0.0050816978083746
0.121344057627945
0.10967439337175
-0.0334028422359838
-0.00513570743699707
0.0424505318625049
-0.0291333541490716
0.0430674964450625
0.0572666120448696
0.0764857800608543
0.136398142430626
-0.0692868554510458
0.123716173566336
0.00842761853050634
0.194440994401177
0.113037377303936
0.0533562666660329
0.154593760060838
0.324992690287883
0.102825092288657
0.10157847009451
0.187331200645649
-0.0156168220289799
0.0744443995437136
0.0778098270289525
0.208137542136158
0.22660888149337
0.168989876095594
0.178698483373762
0.0513444038269248
0.12070805189941
0.184178144210389
0.227823382521714
0.136629692661343
0.0428858942483655
0.0867614793758417
0.203954974183737
0.221411630956939
0.0969104717417399
0.207279876182751
0.0993260570611518
0.332949873832442
0.043241169527998
0.136351334875245
0.163359246143513
0.273090122547957
0.180993207821288
0.0443707171241879
0.17334186363964
0.251669975769771
0.213000231720534
0.278026866974309
0.195797933432158
0.167694358783635
0.152161391575532
0.0228754720361895
0.211135092596362
0.136866909563086
0.067311074685293
0.277203702269265
0.142273796946811
0.209302276800995
0.183940983785636
0.195154877943944
0.179820129486589
0.116129873169481
0.22862408018234
0.314572909830498
0.20646437756646
0.266029008131738
0.175510210483943
0.162130996799572
0.23790278466254
0.0939811281374134
0.173695916305731
0.346579358362589
0.150353431690889
0.273451317346838
0.241088247125816
0.270775362574733
0.274907456908323
0.23434018841523
0.390555135947396
0.227184941007676
0.289852285892504
0.23089740559068
0.292932440884921
0.319297208644346
0.255467742020558
0.203024369150739
0.187379060951423
0.0247364130934578
0.193109309583949
0.287659978701985
0.314070831733387
0.167496158293672
0.178452183136379
0.377982684889431
0.358733202614732
0.289383757447632
0.18539951373098
0.372031735154725
0.265051613621941
0.145007297795252
0.440248759638836
0.200265083370497
0.229072906117301
0.273443110857042
0.212210406023535
0.233812695426244
0.231108646010011
0.296355152027111
0.346885439038288
0.309838682098463
0.222064655728958
0.317430365198223
0.354882568357519
0.268354753536531
0.405209758690654
0.214545542855213
0.222716464107568
0.498468040213278
0.375198738450269
0.401990725659612
0.318733283068378
0.255428316958593
0.197872570695195
0.319653757406597
0.300882887325059
0.389380751417131
0.356396868657951
0.279568350879021
0.418915217248989
0.378628364003176
0.408784610818584
0.405295506678451
0.416859268108173
0.314031397655541
0.315067261138827
0.269253230242347
0.263151812870558
0.490107434318853
0.323150034236565
0.369531960401456
0.196943416904768
0.175835524879502
0.32845883117435
0.345145500404977
0.264503280000177
0.248555494413167
0.340081250879175
0.390944732785947
0.371196965126406
0.290836174688017
0.402927975167892
0.338683436299663
0.340941198880787
0.481492162639249
0.506659385536343
0.368102552600252
0.510243547300234
0.228818873342714
0.445903113589477
0.431637960174605
0.471016821631173
0.420219839921818
0.302072100937388
0.503872436335445
0.388824357139129
0.579708023757128
0.434474700193547
0.503408265541206
0.583917530123874
0.413266680523659
0.423444883960168
0.387996059839779
0.382449341373617
0.343431462137356
0.313641437201403
0.555371399080308
0.377517519963402
0.450999679391771
0.433560479082625
0.398423809779281
0.404646823438599
0.300085105819673
0.244716025320003
0.396967054228658
0.255603931186388
0.422109809944605
0.38884074814534
0.439906823361381
0.390636228644132
0.441398942314017
0.488010265541402
0.390646320863796
0.331528320948948
0.533730886647496
0.469130128645661
0.568264861175425
0.566808846887189
0.568194956382649
0.57998205277755
0.424539033395765
0.607335245781242
0.34387979899872
0.558407792133046
0.464983253338939
0.426156214323293
0.507213978252338
0.419672529454055
0.422348626028841
0.558595383860009
0.525782133963659
0.579782407398205
0.409699646593882
0.469962633764402
0.426041146608449
0.364147350974454
0.659202912863031
0.456683299592621
0.590777817594529
0.610100473301816
0.565523240425079
0.447811921780831
0.606536412014963
0.484678215365697
0.558094874330061
0.718888821523946
0.578002664219413
0.644121410452461
0.536215642668152
0.340442821092659
0.616007768314736
0.558671287133935
0.60181799194907
0.514805020562027
0.430225616133948
0.498712233490006
0.62306689369316
0.513544422734612
0.494265853844594
0.591517480244549
0.510763473203907
0.382316462362835
0.492509527452279
0.595047051813769
0.586840760021728
0.517657990560105
0.552448264403725
0.616834834480293
0.724025343693596
0.732997587498837
0.560066396082347
0.540336958578386
0.393607943257124
0.484222846859088
0.602176953357747
0.656068236265062
0.651013138471636
0.520094373191194
0.591842026412519
0.654524880979522
0.657629092764593
0.513222490468344
0.617601916416701
0.562465048210064
0.653414461937305
0.595823146304903
0.545277075036665
0.627931342812083
0.611492393783582
0.620190359781746
0.514587189255891
0.686998911562111
0.648720586812001
0.657942934343728
0.675064501861311
0.64048870002107
0.548160376338736
0.698023958685821
0.55608251064544
0.647452317800705
0.673190647845578
0.597695467477959
0.713167618982874
0.613016870945472
0.652117376783689
0.527817112777955
0.722744090362308
0.652824995318602
0.644346234560466
0.673136015147605
0.725037929582327
0.778446966570193
0.720707151517961
0.703170153241516
0.744965537839384
0.619440758093459
0.682456562440145
0.413990849769639
0.682561153435964
0.779122857151338
0.706967052867619
0.606778332110377
0.770589557255557
0.585196908724012
0.766765010179817
0.614566235468698
0.66480957493327
0.637453709494477
0.638921102399783
0.687792250156715
0.684281557572543
0.805648621840863
0.817758254542735
0.778552464281102
0.784514577923163
0.662744452946585
0.708737720685255
0.683722068327898
0.670213440525997
0.764295090445765
0.713928941489514
0.660208477387071
0.892366815813766
0.699293858427841
0.693296347381986
0.796029296455482
0.873890257246852
0.742927647519758
0.577839426444111
0.578593097845632
0.65321853810164
0.815417111242902
0.795680889292431
0.651057235066745
0.660514976359234
0.690890560693866
0.863382423012101
0.844407245179363
0.73607191190365
0.713152728776158
0.811298580362502
0.83847724370973
0.728027776594655
0.828541393892116
0.83892839941656
0.58912118144829
0.675308369889519
1.03482870342253
0.569141021422503
0.748816289596919
0.865995048893563
0.759935808526823
0.918674028555279
0.751470763302258
0.73772152569871
0.850943708765534
0.72787690211177
0.626206541938596
0.78200554203381
0.814398102984405
0.758425415327974
0.874513032864046
0.728227311353923
0.92133343194523
0.949420192709869
0.893074409135909
0.880605442215221
0.721608312922113
0.861541022778821
0.710266383270652
0.851445406460388
0.868448559352741
0.910479012597499
0.793222072037953
0.749590315903559
0.91380706338621
0.76357009560762
0.940059276548847
0.86719924737961
0.889400804703957
0.83450506131532
0.82385409865781
0.782573759539965
0.87734561595777
0.794681249264148
0.805112418464069
0.789213468557961
0.798602248496062
0.826908008802417
0.766374347931701
0.749082260085583
0.905774051411791
0.84755204717275
0.850904799360958
0.899228759190446
0.897463912793698
1.04836893956322
0.890190105577127
0.775899025601593
0.743461000664564
0.920781580333623
0.853774603077776
0.906558299438427
0.79343719718142
0.855986764696046
1.00910219835504
0.989760060408474
1.02269068024965
0.953352578854258
0.797654505390972
0.831259977140962
1.00165731367397
0.820903009996572
0.96155380998459
0.941718869942257
0.917099360882546
1.04086167341063
0.85542725826408
0.836906995708821
0.790945361057758
0.948900296599962
0.903516377916786
0.905833352227155
0.875065364258979
0.867406454307732
0.966869038799475
0.905040756755744
0.921294608983497
1.03896892431407
1.04782710480955
1.11663951015266
1.08021277378852
0.911105432631545
0.887122059318003
1.05536037361435
0.870645336735392
0.93095296482718
0.807691484562728
0.898896005999868
1.06900077149706
1.02724288944635
1.02526744086988
0.85622622550002
0.955030631726725
0.891199247357882
0.890100865040305
0.947030978652046
0.999280459906481
0.933265393935654
0.926909577419429
1.00313104238615
0.862595802547815
1.05502941125254
1.03414682399919
0.863805116914017
0.950499461360291
0.923570920893066
0.979272848182175
1.12765222604169
