0.0644614128404613
-1.04689303169307
-1.00953920689431
-0.926600663285039
-1.0609156896864
-0.818118534282899
-1.01623324585484
-1.04726793652008
-1.05601963627781
-0.836836247997362
-0.869960805679611
-0.990066077456277
-1.06281385180695
-0.840620189844716
-0.856410831159925
-0.906647663329239
-0.976131008682496
-0.840902593241102
-1.09026450279676
-1.06880471036281
-0.870004646717189
-0.887936998890316
-0.935108202306136
-0.93906092280044
-0.942069985945066
-1.02953042711356
-0.848769068935716
-1.14377215913421
-0.852346404763355
-1.03938447730579
-0.862086492706195
-0.8601031070339
-1.01994156598494
-0.97066350181777
-0.88338053581143
-0.823126051125247
-0.955718501536832
-0.886250268185337
-0.881557321765263
-0.889883869655238
-0.917365425710205
-0.849488354951898
-1.03604532025497
-0.83918547086212
-0.865837297121089
-0.895966680970088
-0.87270633696723
-0.853131420279681
-0.792560180871051
-0.851831760196033
-0.79687137756906
-0.825703870341811
-0.869731564151727
-0.922958212423213
-0.865399203193816
-0.990021239573475
-1.08338417952352
-0.749400378873122
-0.882396838479257
-0.886676979145327
-0.84132932770836
-0.955892632331411
-0.881883580779612
-0.889613699599886
-0.766929920711252
-0.793528681261755
-0.697350901749984
-0.892080657756924
-0.821832796748555
-0.767240565872087
-0.809051095458108
-0.911922293756239
-0.956644791371709
-0.70567759896098
-0.871035151188029
-0.787643500104266
-0.806169041416021
-0.830677692460932
-0.753304214965171
-0.951580850534454
-0.865374194487156
-0.889819967559462
-0.940114703946404
-0.911066047883062
-0.729004422669076
-1.06851745782074
-0.777970644903863
-0.877577206595953
-0.681847472966198
-0.863882862133729
-0.912221361276329
-0.842989489018708
-0.738997909187872
-0.895708981813902
-0.774607469704995
-0.703691827503391
-0.678619049404053
-0.980560159729525
-0.761951210598838
-0.737617818604238
-0.858724445478811
-0.771730594311401
-0.920119264764759
-0.832088888146126
-0.831086380820703
-0.789132031067776
-0.781252337275254
-0.946716486474739
-0.830926905159273
-0.733951488216366
-0.64352955021057
-0.769621392008689
-0.847154100736743
-0.708390754070558
-0.732810147536859
-0.704291205234556
-0.866068746482812
-0.847168666242465
-0.745272099422443
-0.717238566661095
-0.783510250316903
-0.743845326586185
-0.788132146772811
-0.804556668381109
-0.807741513745822
-0.784930867339504
-0.61047383963915
-0.734068226122561
-0.890547824929012
-0.70128059460721
-0.630125612568104
-0.750752689109507
-0.6854003741254
-0.569751565709052
-0.721313192021778
-0.650192465891091
-0.828122130059425
-0.806791911744822
-0.683176245341275
-0.649966279846313
-0.795317479216031
-0.793649859936956
-0.862748776732845
-0.719879759218273
-0.687912245747936
-0.631882595407029
-0.672443736028347
-0.619552133609837
-0.763499708158691
-0.685262319736587
-0.664898862176173
-0.710425976258422
-0.673516099174065
-0.656801000192826
-0.813276177736261
-0.674392703854556
-0.67587266217796
-0.655754920882518
-0.665552948615233
-0.648447146486183
-0.582188795730053
-0.498479318247337
-0.611368284008213
-0.790583676575099
-0.649523817502321
-0.734837884289102
-0.669005818711191
-0.780234406554378
-0.799397184689841
-0.528997671373214
-0.63322914039413
-0.603357926186361
-0.752018673804445
-0.677335986148858
-0.545507516108034
-0.745744454849479
-0.576315399306603
-0.496296895979166
-0.823082073827671
-0.58567788958217
-0.536045885775621
-0.620085563154214
-0.784662061777885
-0.720131619644056
-0.592756533749175
-0.594842120168582
-0.496777376844005
-0.690492513175335
-0.594057979949832
-0.685848929993757
-0.730760730059452
-0.651910819249562
-0.744912621413216
-0.624553567811651
-0.605253840380806
-0.762233824219729
-0.599428662704015
-0.565133215506631
-0.615426659186953
-0.450441957209769
-0.393398194248383
-0.632485466552307
-0.595119297056544
-0.685427598749403
-0.647157826387911
-0.639799105522155
-0.540671682340009
-0.649904357245615
-0.637476447014172
-0.64489215606309
-0.640652324093198
-0.520268894676521
-0.661591950427774
-0.606656042348627
-0.445811908874788
-0.508901486773252
-0.524793711897062
-0.499730412262657
-0.597730608116383
-0.694783106184515
-0.431204684326123
-0.60278954290684
-0.617345196179264
-0.459590689994815
-0.448044295540909
-0.524118617942125
-0.473843620446176
-0.668624155981317
-0.517295029843703
-0.446678008226252
-0.582352914062164
-0.483372927064404
-0.603801785053689
-0.472125866162471
-0.527926566656604
-0.447892453777692
-0.483585385475437
-0.305835149161465
-0.47248355792953
-0.517373455453741
-0.544134131142738
-0.592738754187736
-0.628764439420797
-0.620423778007244
-0.371478536244363
-0.631403100165036
-0.528080018880237
-0.527684635645452
-0.470293490552239
-0.49532575609909
-0.506587913790434
-0.491851274399418
-0.534453878843044
-0.495431008776669
-0.41697879294924
-0.55232404214147
-0.541370050684562
-0.598560312429842
-0.431003345297559
-0.555980900876517
-0.387425170936699
-0.538278721956817
-0.606091065301251
-0.361898600935461
-0.471152768589631
-0.525088407190954
-0.463933079133359
-0.541059361847625
-0.460511981352076
-0.44958087595941
-0.55830666550523
-0.388951770343349
-0.465719665357887
-0.42816355747415
-0.507806707547887
-0.471981659161
-0.509075158221105
-0.523759077855545
-0.470695394950131
-0.364702115045359
-0.405148377703791
-0.579759667460734
-0.448833491958821
-0.43532869891546
-0.367083355421916
-0.445849135280681
-0.490415507944822
-0.355498974183834
-0.437399070668761
-0.581030899893795
-0.426502785298034
-0.410696835296026
-0.447075286569196
-0.279249577539477
-0.369499431820728
-0.507868316188878
-0.331501284251905
-0.398435852873185
-0.346892707611707
-0.434004225280759
-0.392102788201641
-0.612229558430861
-0.40309636196462
-0.356530442187028
-0.325900587255577
-0.461869231728931
-0.281920951033514
-0.468454119264341
-0.476090955124441
-0.413849849975479
-0.454359581807779
-0.197854489144298
-0.35483139165527
-0.421255984421811
-0.243074125225856
-0.295742387075784
-0.504237836019728
-0.318926490854154
-0.270015850302029
-0.36878902206965
-0.0987462798330402
-0.315256999884736
-0.267148699002973
-0.290952717476184
-0.3691345941962
-0.424764427443558
-0.423488697854697
-0.408141282400148
-0.349275495019495
-0.410900772311198
-0.278700570749617
-0.398531290039669
-0.273506928603519
-0.314910026033163
-0.367746034046435
-0.37061315958222
-0.468934722464735
-0.38156986620501
-0.332537475201274
-0.209817730021017
-0.250343633393709
-0.400428095161405
-0.289491585340868
-0.358256603400078
-0.32814725460813
-0.371827678137536
-0.357176791440241
-0.235343261806681
-0.232842899363765
-0.217393663185438
-0.361622490906975
-0.360765708659949
-0.309118048065773
-0.284583567031408
-0.171154046512817
-0.322625265688124
-0.228731455153481
-0.396861179959006
-0.162283339529431
-0.223488124319164
-0.319240876813583
-0.262806060765664
-0.145409503455033
-0.251597428313247
-0.299423136072888
-0.224946461058106
-0.250203252631117
-0.17583298681945
-0.192240912551678
-0.124254834786776
-0.286277786443474
-0.427541223355454
-0.211189973342241
-0.152666188536112
-0.20195246598977
-0.366124605715746
-0.271588415495142
-0.0922066206025782
-0.344318483545625
-0.046098662044388
-0.217121023796554
-0.237298667361407
-0.236311463605588
-0.24827084234898
-0.325693227000067
-0.235300569055938
-0.307057804807205
-0.31261057895001
-0.174622561464349
-0.0972542818773725
-0.289831786181291
-0.27407291066212
-0.205899801430752
-0.264933506387955
-0.0404163171937498
-0.241331283116946
-0.145946733262375
-0.441363048398477
-0.10834188784117
-0.136505471393412
-0.185180790210597
-0.259481495483309
-0.183833630247034
-0.171253069600355
-0.288069727440305
-0.123924310818411
-0.139381218797907
-0.209332108363523
-0.278848449655748
-0.22024617458966
-0.103221714748508
-0.208656217854583
-0.172828452303753
-0.123944338181548
-0.197469978057331
-0.239328900942267
-0.096655806770977
0.0354090626039388
-0.289814331159607
-0.164132917582684
-0.116735540323954
-0.0865111561901268
-0.242584389815131
-0.199584594166375
-0.0887278621601774
-0.268327741464064
-0.0926839053721019
-0.113009920699166
-0.20883827482035
-0.237039082019881
-0.0599831995232092
-0.167246041501045
-0.181710000803697
-0.138696895469116
-0.145154783271173
-0.189933739029322
-0.0409623195105611
-0.0393421819244138
-0.168232144965239
0.000885752873888109
-0.0477841837996736
-0.195286015722374
-0.203659643467494
-0.0937081039925746
-0.172388217753414
-0.111729766341312
-0.150051503453256
-0.094407598469732
-0.132079335621374
-0.0364696527571676
-0.139781562110795
-0.28858332219307
-0.199848582053274
-0.121670017760561
0.0538891078282042
-0.0625824551066001
-0.00838426683198168
-0.221123915951885
-0.173604377148726
-0.182839990045284
-0.117250938822055
-0.0305507900447832
-0.0528077489117561
-0.282255344015512
-0.126290651009865
0.129285906286069
0.015561804428283
0.0404825213361595
-0.0973980808842983
-0.067126778446865
0.101977342553771
-0.0292865720243797
-0.146466664725441
-0.0102130384964383
-0.0418843372397369
-0.129082023617093
-0.100952370422767
-0.121093054650593
-0.0350569114554474
-0.145037566508116
-0.0486322597305209
-0.115495460175513
0.00741102661223947
-0.0114472339747958
-0.0808024523221329
0.0566888024575742
0.0182239401759184
-0.218218059218083
0.122473327032572
-0.0813781625989664
-0.0776823342409146
-0.0609367980034195
-0.0809705252879012
0.0337271791089818
0.0381053320798105
0.0455175913857171
-0.0763015367057872
-0.0128411477282015
-0.117252472596759
0.0296819581399187
-0.0650496309578662
-0.0365671147899753
-0.0673678846584434
0.0462132264088506
0.109011859968941
-0.10505957209461
0.0230698950183528
-0.037124650312669
0.0700552090518297
0.0562503758329572
-0.0252417593316422
0.0804597916106281
-0.0898155105024329
-0.128896297675579
0.0534030718948435
0.16259643887959
0.103258743924602
0.0179886927374584
-0.0563549588571806
0.132998271237048
0.0184326177867737
-0.00841131165145615
-0.00089097337890991
0.0117997004274352
0.0965774293723423
0.0673248952930481
0.0178524336604577
-0.0375536923484287
0.135192104404067
0.0385668944928162
0.138976161653203
-0.148027977658045
-0.0570391487361478
0.0812656503413318
-0.012682508158158
0.0368650350616017
0.09178757550128
0.0038279544167658
0.112196915363965
0.143816935217029
0.195626224466451
0.282651613137569
0.111417590545905
0.0768691717379816
0.0840415996195314
0.030806045355822
-0.0183210544937665
0.0507839932052042
0.0630414086093253
0.0899643806343556
0.0938570188531248
0.144759114909527
0.0615064749705818
0.0490574623978649
0.206707427352512
0.0588354275971453
0.0262631518456084
0.0887025770105453
0.0976815749250308
0.124053415633506
0.201323593267048
0.310000256250138
0.209553910441866
0.148150072135927
0.178487993717412
0.108690596261532
0.147460548021282
0.32259367115445
0.113555744816147
0.031597313316169
0.222760515748801
-0.00776920501283717
0.178576470665179
0.0913380054480606
0.194923873215449
0.171665325844596
0.070201476165695
0.213623185880077
0.0514434103544025
0.08725383344837
0.212573093006006
-0.00176089861466881
0.141198318201593
0.157229560967054
-0.0999039889887662
0.00938038390706806
0.092453974479677
0.241736581245995
0.210067691991886
0.174483622032806
0.134441442079147
0.182398180059557
0.310665077644672
0.125699481487146
0.0907416253790249
0.21785001967557
0.121392028525471
0.132687412763502
0.089730453545608
0.133197986073903
0.217393054889771
0.172455480843804
0.075301118841373
0.155812755814491
0.136713509570645
0.032480623402415
0.337620268241718
0.27982847068972
0.190062072061963
0.00866937381669391
0.275879240698512
0.243060221438887
0.274766157044618
0.208792244993346
0.322104991640811
0.22089901342123
0.225517444969702
0.159158110203877
0.225575891174886
0.396958189828619
0.250531277642459
0.198869795351044
0.337357199023577
0.201522801553678
0.189224020042519
0.197798597633067
0.0356320099239657
0.185563724618248
0.230739065348068
0.316004009435443
0.26391245930489
0.330302409126501
0.234519768571824
0.406540653185657
0.3369011102815
0.341523394939364
0.341748714327288
0.18372658489646
0.289090186125326
0.298155483268333
0.232727928606517
0.358342275436313
0.261883944283883
0.222360279671028
0.31724614757489
0.130192537797981
0.242127285093356
0.408783190273355
0.268827580100846
0.218127133365026
0.311024811255756
0.304032583573159
0.370624281308733
0.373765676065894
0.152043653709629
0.43285054180717
0.299453781368705
0.449897780990341
0.311299698911395
0.267579856932199
0.291089140987717
0.273775219059847
0.293894468782684
0.500000233488182
0.272170394642033
0.437965991433771
0.465217901515988
0.186093724042969
0.29292515577424
0.200882459998611
0.245118834952904
0.370860066981499
0.251871665533083
0.263120828304391
0.357912475572909
0.333105927907605
0.391473957737625
0.33768255366284
0.445799464841929
0.533682396552061
0.314120391367238
0.359777631636716
0.38192254013193
0.488986682593326
0.297026960304857
0.462633599391227
0.256311653002038
0.133595797418282
0.454943366183517
0.437649081674812
0.321569238841142
0.235378384022165
0.45170452818092
0.290758243558733
0.452294437490815
0.257843067145909
0.292578057962188
0.394333799701738
0.494365970332348
0.435008017604845
0.330849834704499
0.336847503561855
0.329415059158068
0.33097453621438
0.433931688402014
0.465798731714847
0.487974370073346
0.288623956708233
0.47234421492773
0.402925454841148
0.298841236338648
0.522398647421698
0.547509413027541
0.402223315568592
0.389399198331384
0.446837044017368
0.475981733192689
0.375032185861436
0.41266405662694
0.390744260536024
0.524565547080011
0.540093668971919
0.564687008803227
0.508363529147467
0.40726393007733
0.471326082452422
0.578580858230539
0.552277797880378
0.421746519647775
0.335948821898573
0.412607357766799
0.548496658026898
0.49933067877504
0.508988795035288
0.520679865147669
0.491393570260541
0.330835930695167
0.451346040249226
0.344201398394753
0.539796708433382
0.448004320117372
0.465341927593039
0.48596397286455
0.452969608527196
0.497188585396805
0.502728957513261
0.46183657221602
0.416544537856015
0.533383192982581
0.430230106986946
0.523101165836597
0.48319742731396
0.446614137089367
0.453361098967224
0.368092111306012
0.573016607871376
0.62192830313913
0.431515745864441
0.441805530903546
0.470384234775549
0.526526441445438
0.500197223703178
0.542169617583037
0.516761397044076
0.444746383957837
0.572721274379669
0.59574112792072
0.494014382375145
0.632228690062571
0.359324231224091
0.476988882523851
0.636603764823114
0.589928484549693
0.448310565407136
0.512127355471638
0.559965017218923
0.497345751027237
0.54689855365712
0.315229130701927
0.547313215436909
0.513846383077724
0.575566146152562
0.522468357956545
0.684963786024536
0.687756031504216
0.583150083841306
0.500589934571542
0.525433109114327
0.630954184303093
0.396076369925636
0.456901089266537
0.566289059989768
0.601474366647078
0.577116696380273
0.608075166715927
0.583742963295358
0.419198102123294
0.578828985177285
0.533621583449577
0.624920063027012
0.57578595911212
0.642283140965602
0.609587984528328
0.670297974088515
0.666357843923986
0.630213314503324
0.701170625112631
0.675377197096968
0.516693060496962
0.777967182552495
0.607634626379351
0.718518519880407
0.702760426319101
0.630073517871445
0.643517102511119
0.756091344184627
0.847188692203504
0.46307459122201
0.629188927825572
0.686915479311216
0.542658766101852
0.611421356121004
0.772718817454981
0.593587848306381
0.627923895488795
0.711465787466832
0.711345795199109
0.75991094917609
0.623618262391469
0.636740183442442
0.574423651297715
0.708776595620442
0.723701261489269
0.644032107876704
0.671762990421943
0.723835662945463
0.54849586056008
0.634318020237803
0.858224056035253
0.632871135598732
0.57056443226416
0.688768198406704
0.761970819298695
0.565192055345125
0.785441811014027
0.709553262182801
0.719318532094568
0.716447860222482
0.766718630907791
0.789040792116468
0.757264586489104
0.66755726711002
0.677100032243019
0.733796270891034
0.679134215228509
0.669239060989264
0.750957689546143
0.603087317769991
0.804079422797999
0.817752592509148
0.783232922921337
0.765137460337007
0.816101069732998
0.798531401003006
0.806374795202416
0.795921499426104
0.796375864669903
0.668295767934129
0.705044962686639
0.720763170843498
0.704110429864389
0.711791064532583
0.792991162404413
0.827815421708374
0.736250959020718
0.80776142295199
0.607724461402037
0.762810584340953
0.773812756494833
0.811955035012026
0.711028808473403
0.807558212866293
0.759374362378149
0.759033407675083
0.844402455028879
0.765816941248158
0.744545330090127
0.661001160645646
0.774823712023359
0.561399460918521
0.792968806689262
0.76884817738198
0.75136459324125
0.767971695437644
0.792840534206206
0.817940970234837
0.785061399462359
0.50437919085033
0.916330437959751
0.73659326005931
0.718978021823085
0.862593893365576
0.745366715234892
0.610991257931379
0.594725902379155
0.828132081574273
0.858160013599952
0.852861033889659
0.66649962409857
0.729133839312061
0.804985198651617
0.813969566231718
0.773154321339908
0.713900412636617
0.866181270592903
0.900529867965453
0.767509978813142
0.934740463074132
0.804151197674691
0.730239200958589
0.925111493542229
0.933302713263113
0.7688122646262
0.966839124711342
0.77134034635316
0.663094614233089
0.931427024990711
0.963858688186966
0.875361530705373
0.853228022234412
0.864004703499127
0.825395568630415
0.923078328447149
0.835160994157511
0.77357582756394
0.904199853672491
0.907839127283193
0.8573854050366
0.931353328437533
0.899196708879315
0.935418544224874
0.857621294479285
0.994625828153099
0.793904860891741
0.986359374956657
0.878444519279492
0.894298253006899
0.83287487926094
0.873442123690301
1.03082540220509
0.925777481128324
0.880794210362872
0.880089289780618
0.968016579183946
0.960352458072803
0.83077199399821
0.932348742471839
0.797940089273713
0.957499612283576
0.963631967727309
0.964288880346496
0.799914521028645
0.959493337424971
0.932041509772465
0.87181624348524
1.01726468834352
1.01816690099651
0.672744977269181
1.01581153136795
0.847292810505735
0.812037453346622
1.08423739203057
0.922642197016502
1.02450926498806
0.946567354330648
0.77941381916635
0.751112060680654
0.974652051225006
0.997223293243504
1.02647482432906
0.959210031144898
0.868232555223433
0.928822908805145
0.959674775971789
1.04136146941307
0.970132026701611
1.1292089358732
0.948159926456028
0.984789653660452
1.08168085201878
0.896859458606385
1.08954788103827
1.06393810002581
0.867650088430571
1.03933132912723
0.924035379793833
0.987536969740217
1.03672381621414
0.968816214544928
1.01105618408931
1.0852853940866
