0.0692047251649566
-1.06495689361976
-1.01818175271796
-0.944094848403915
-1.06022315606325
-0.839102896751119
-1.02363149146108
-1.04978477149858
-1.05454870167031
-0.843241828887905
-0.875920282000259
-1.00008737813581
-1.05339048336644
-0.82236992172471
-0.870767002105296
-0.895702592330609
-1.00121973754513
-0.840793639749648
-1.10884759196086
-1.10958354544849
-0.867195973324342
-0.892458456961721
-0.935498057265201
-0.943707865707354
-0.939762613573014
-1.03737355014638
-0.871745960447023
-1.13966713987226
-0.85257072647696
-1.04286083329593
-0.879944987705503
-0.842371866766208
-1.00215876756492
-0.955716787727981
-0.87273198995731
-0.829836816046545
-0.957693218933522
-0.880534033108759
-0.875077863327556
-0.880988859564097
-0.935523319840298
-0.838232073831827
-1.07227595599287
-0.854390820494941
-0.851082561975955
-0.871620214646522
-0.8880772524875
-0.869182932612119
-0.783370235731508
-0.849594833911347
-0.793309340298411
-0.830777690643569
-0.870432175589914
-0.918608521348561
-0.878151530182354
-0.993626823240592
-1.11278496663975
-0.765414230084574
-0.908293543872302
-0.871808002125106
-0.820715688096989
-0.934000932134396
-0.884927193620148
-0.872682393998076
-0.752694563643687
-0.807603454132451
-0.677548889692173
-0.888066536772745
-0.829678294823369
-0.766380289429806
-0.805166039286967
-0.907317045290328
-0.954496723892498
-0.727125400789691
-0.880047397976534
-0.784477689597182
-0.81765858550291
-0.822749304306606
-0.741358260837146
-0.936533791173355
-0.864684607508495
-0.886084479639901
-0.94008404106845
-0.93284565765058
-0.717615369010356
-1.06733930657135
-0.777572985374308
-0.871751823634969
-0.667691872021136
-0.854898119745941
-0.903102906686274
-0.824852739245454
-0.719562524812061
-0.906504082020874
-0.767238641105457
-0.713034421963775
-0.708879224414948
-0.975485911423976
-0.76307122226748
-0.73365244457483
-0.869116288540807
-0.7825020696959
-0.905225315832531
-0.828124380398188
-0.822090777850142
-0.814248822051719
-0.791387474506411
-0.924183923692315
-0.825840775233768
-0.73875870959943
-0.64790450102224
-0.764721195071866
-0.838510599643967
-0.718038153491443
-0.732608844102932
-0.703400230039811
-0.849954870324255
-0.843331336224004
-0.737208603282347
-0.713066593388633
-0.783250242608086
-0.753804779020017
-0.798869854537114
-0.796362509195031
-0.792483373081192
-0.771616558204853
-0.609864818345855
-0.715262501114284
-0.890026418632418
-0.700315655481991
-0.595355006903105
-0.75640673581136
-0.684804664713598
-0.575696481581895
-0.729432457973815
-0.656500104440005
-0.82100134291918
-0.803457816118029
-0.689955200709015
-0.66689192810647
-0.789725042998049
-0.814737811842223
-0.854853849416477
-0.723239893871817
-0.68426432526218
-0.6210765827059
-0.691832529872665
-0.62312846569715
-0.763360718261754
-0.701815009334986
-0.662351496768109
-0.719434270146288
-0.69806213692365
-0.668714007236193
-0.808242945534887
-0.668212751793706
-0.68363969223233
-0.646031110337339
-0.692367445773599
-0.633601840042889
-0.580903513400856
-0.490157161298019
-0.5939898333111
-0.774406655081163
-0.643959408722224
-0.735270380901082
-0.656573159718521
-0.778642695109589
-0.78784013237677
-0.517355551952889
-0.640417386815849
-0.627683914137001
-0.742658990037047
-0.68233031512645
-0.551131826028369
-0.75712041801302
-0.588928271976393
-0.494954929481139
-0.82229325898998
-0.592473585051732
-0.565696993894686
-0.596952442734556
-0.808079177061847
-0.741401112718513
-0.589161968399305
-0.590029003424395
-0.478360417927334
-0.674268408072824
-0.580218877194442
-0.692600215130789
-0.696957207866137
-0.64502891823776
-0.770319568930186
-0.617782941811098
-0.599796102738137
-0.740974289130562
-0.597435374864673
-0.563871529243125
-0.633464264358425
-0.448964107660878
-0.388825536949445
-0.617740509335005
-0.599525470835202
-0.695882579087698
-0.660250052257975
-0.641450679989486
-0.56817720806364
-0.669064725160963
-0.66012520646215
-0.633522414566181
-0.611387728090624
-0.505900392242537
-0.660561299436755
-0.605729777674514
-0.469586377827991
-0.507659552131876
-0.51284173045122
-0.50865111762959
-0.600335294523739
-0.68793396569375
-0.434419817736268
-0.604535436020525
-0.609990636713606
-0.448280510045229
-0.445982286721159
-0.517284375570756
-0.510440769005205
-0.683649457567825
-0.489885542905166
-0.469200326671198
-0.579072729394041
-0.495180965675657
-0.599604840893697
-0.462916317362106
-0.531308605873125
-0.449649999928953
-0.510915484450396
-0.312331345564216
-0.489296730743866
-0.513837136834567
-0.545770996856811
-0.610994319008851
-0.605934774418182
-0.60926681561714
-0.37837151737573
-0.652302556567866
-0.498523763112275
-0.52934739987952
-0.485626926217597
-0.471850238964985
-0.515579145686619
-0.480757117777101
-0.515658783072027
-0.499683158798773
-0.395368953919375
-0.561932774179683
-0.530990553607478
-0.595021528891643
-0.443113015077799
-0.54986139672416
-0.404976566123701
-0.528602400629492
-0.596312102242555
-0.376047781555819
-0.48299557273645
-0.535047891886795
-0.472273739966276
-0.540531910299138
-0.447307962910959
-0.449383663105237
-0.553139071577545
-0.382658782343926
-0.461740715534823
-0.421218956884622
-0.483992031273436
-0.462736666138716
-0.505307888929887
-0.504052191672228
-0.470703640260906
-0.378002327407158
-0.428808068185201
-0.555210772439261
-0.444032162747484
-0.430490547851514
-0.379813897609423
-0.430658835214455
-0.504925775442322
-0.373730598096045
-0.428413024845143
-0.597289288851025
-0.418266525784138
-0.41837170769898
-0.460052693479636
-0.262584422837564
-0.384299636627124
-0.508962658709994
-0.355763933165753
-0.404458125154527
-0.347382083742972
-0.417459918651796
-0.372085365185535
-0.580110025206666
-0.401178045068789
-0.348949104332974
-0.362230265405216
-0.473797492902324
-0.264702944374022
-0.473389655405782
-0.470622993846376
-0.421990254886864
-0.449615435129716
-0.199262252592965
-0.355393085627593
-0.401532117639787
-0.257269087040448
-0.295120762767627
-0.510690481542323
-0.353305366668099
-0.25444377390869
-0.367928508450465
-0.0903974797203879
-0.326598736611419
-0.287793014552225
-0.290807314972763
-0.34640365781683
-0.441684315623798
-0.422598551603248
-0.411750447419735
-0.361691055371298
-0.429108134444044
-0.276097304675698
-0.388248007162519
-0.281481891023745
-0.301407583235016
-0.357467943536544
-0.38274165128089
-0.462941921797026
-0.364172972800129
-0.319328439139986
-0.209979345797495
-0.248378945260895
-0.394666730228158
-0.297882551804889
-0.375794484693868
-0.347866650185942
-0.372634348250316
-0.349547714968099
-0.226298271548779
-0.229106633225893
-0.237099620128589
-0.362869710177176
-0.356122657534005
-0.319542970435208
-0.273652208257437
-0.176658039857114
-0.31839852769222
-0.22902010046013
-0.374641442746899
-0.176032587742235
-0.20566092835285
-0.345671492054466
-0.263875449194132
-0.155221395787158
-0.249487663860224
-0.288855050378442
-0.259667735671611
-0.270643224866688
-0.167556145446903
-0.182706558954267
-0.120944983560858
-0.296606976713553
-0.40249287847944
-0.188652041011458
-0.14231539759658
-0.188166272160612
-0.369226012460762
-0.272852430966284
-0.0748206350596738
-0.324441941216098
-0.031052942299461
-0.222209938725004
-0.237396757350943
-0.227146998799117
-0.251104344031272
-0.331296701379574
-0.242779334962933
-0.312457929675659
-0.310215167381785
-0.17959834655515
-0.102104054531896
-0.297519234967953
-0.258982191059493
-0.201157748349229
-0.250778501650631
-0.0501141072038381
-0.216894259480084
-0.159050994076286
-0.444509655879219
-0.109691911076404
-0.137921054610857
-0.183718900902408
-0.266833831913109
-0.192393157506077
-0.172032273608617
-0.281669518677242
-0.150950713041198
-0.120733904710771
-0.201466980369597
-0.28457449515701
-0.216591077049037
-0.133781965794559
-0.229568602730362
-0.157056235870595
-0.166078943555879
-0.175055100927632
-0.229631757919525
-0.109368228462031
0.0505510037555788
-0.294745747126665
-0.174223048295663
-0.117186997115042
-0.0740467099590214
-0.222809715674708
-0.220670431257336
-0.087406067035566
-0.252215225068641
-0.0832437587360998
-0.0966954139795934
-0.205017774388127
-0.216314947653935
-0.0548149424319474
-0.135987192774154
-0.195485854623295
-0.111717857138239
-0.160409439777401
-0.185382608676634
-0.0469912158621668
-0.0745559898721662
-0.168037361146041
-0.00520623472791564
-0.0556449168921527
-0.188332453759002
-0.210776048054361
-0.101887908093705
-0.160758418456486
-0.121028992908814
-0.161972326873191
-0.0881727844761614
-0.14747150565248
-0.0314274270984251
-0.147144235434697
-0.304793312095167
-0.188812368519715
-0.1165904102665
0.0449547859286474
-0.0732553001475766
0.0203205687416975
-0.252091169110076
-0.165301667996455
-0.183625578590058
-0.114970061387838
-0.0329147393268316
-0.0606499338211789
-0.246537323817146
-0.116962458787527
0.0959774472289876
-0.00294307344810769
0.0707146894161716
-0.078969977230404
-0.0627160557452329
0.0960163858521907
-0.0365174017160562
-0.161753438850426
0.0222262963227318
-0.0485020712188771
-0.133175666446153
-0.086593170584416
-0.123869160739638
-0.0340415128923769
-0.146094990831381
-0.0645365890344027
-0.109971613801149
-0.0101779343516699
-0.0127512604018191
-0.0816699324031585
0.0702603886996806
0.0185853919735827
-0.223173957360201
0.128118745775516
-0.0479317645261591
-0.0800088610477942
-0.0576215260832835
-0.0872647623115089
-0.00618798841890177
0.0225887565056591
0.072642969198215
-0.0781157290715584
-0.0151638839869361
-0.0873072568717447
0.00397879309871299
-0.0733997961120314
-0.0334327062795259
-0.0743527543368553
0.0524836737009439
0.107875021520305
-0.100983384117569
-0.000638424857729169
-0.0362084342721612
0.0598017129156114
0.0345336958387314
-0.0511013109975837
0.0881897576531323
-0.0882426127917474
-0.138298968984289
0.0816296528717147
0.159454547108546
0.0949471345193307
0.0481436486250226
-0.0503056446925356
0.152057896466216
0.0193046832979209
-0.0278343741548345
0.0111376992849483
0.00180905450981079
0.0815252863005305
0.0755112413234865
0.00932250932049905
-0.0406594083081085
0.162263628225799
0.0533395813257665
0.148266022881695
-0.13937303451143
-0.0529479757227959
0.0829826411072491
-0.00856611249238191
0.0368051318142697
0.113397461157848
-0.00676100311154638
0.124529198118905
0.141454855008954
0.187137980034081
0.263088475490188
0.107842575345987
0.0555025187527618
0.107153637825012
0.0257415407477207
-0.0594475759521416
0.0596319348795696
0.0758114165617234
0.114014534411085
0.0967179555823864
0.137119301281519
0.0803741148351172
0.0591467693545604
0.204838192162989
0.0680776136231535
0.0191258015942382
0.103702924332654
0.121178700058457
0.128321071864459
0.193489564845002
0.332635818346973
0.229698809272884
0.140439117024042
0.165009336809985
0.140682259766377
0.185860949315239
0.330081497098222
0.143743087625212
0.00927644489659668
0.246052661232608
0.0207691254260659
0.140092203369112
0.099029777017614
0.148454613928645
0.177561684837888
0.0891260237068462
0.238471440031757
0.0631635324588797
0.0675310641272254
0.22746861613386
0.0177436300960917
0.101169079577787
0.143452208378756
-0.0875987689826856
0.0258951918662689
0.0973643608960965
0.238954856119083
0.217478535757675
0.15422591614425
0.118535360513275
0.162668769423135
0.287457519086921
0.122954530300552
0.106096805974821
0.190024192825456
0.113413128812008
0.140513584955773
0.0997535199069171
0.152819907821637
0.240450341941465
0.177950637978982
0.0815602562422111
0.155238000586754
0.143892331484199
0.0421090937083901
0.318352416423312
0.273275979767832
0.173155961825546
0.0194767907950432
0.269330091329207
0.26385353463911
0.264098536694614
0.23502450328399
0.302634752946359
0.207347990992151
0.218947734833768
0.153270948777834
0.215391876616604
0.372466036312943
0.243921546085459
0.185531543486551
0.315885694398853
0.207940061204878
0.174475499212684
0.197611956590501
0.046027457761642
0.181913292073447
0.235247129020508
0.278822399982104
0.240471807392357
0.330299288021521
0.242966640643222
0.378935757114407
0.307747320155428
0.360262421955001
0.318404847169915
0.193899658346797
0.281948420936692
0.295087613640163
0.233503587250047
0.349973550804746
0.257991042412492
0.227114511070859
0.310043517249476
0.133803206713345
0.238383569073404
0.410714265105551
0.260344817728219
0.22452439550342
0.318692460535676
0.315077889802525
0.388285202624395
0.36178246388939
0.141475569395598
0.415840435606408
0.318187849433794
0.425935586483947
0.330292317513847
0.280520198369514
0.296591329476195
0.2712486776997
0.287585465086505
0.486538458660381
0.270190794964241
0.426060791488257
0.451110678490322
0.180134438364257
0.286736371359995
0.194075999866117
0.246137458145109
0.351459660168674
0.243266954999283
0.248376501093175
0.347356698220109
0.342775343625678
0.402258699637409
0.338028318203203
0.4486951955134
0.505780461858368
0.326901231473095
0.370345808242062
0.389390045304578
0.514697252493264
0.327475368708092
0.436932964956188
0.25702044086637
0.121108248715316
0.42640976335941
0.434733446091227
0.310593243243958
0.229752731459851
0.45386315254059
0.315556740761952
0.44565073248404
0.259050070362101
0.306442891756444
0.376062979905357
0.489209708861599
0.416631637386952
0.339363878060539
0.337007144563373
0.347841153058441
0.329698787911714
0.442717024849216
0.45311011520002
0.498132152481744
0.274064289941194
0.446462125290006
0.393306453535966
0.298293416916014
0.501608648673899
0.548871573283776
0.39526839122378
0.358573542360587
0.455264936754355
0.475012131509164
0.364098680659561
0.407188530245616
0.384246510047481
0.522439739291161
0.526131196441703
0.556775847672052
0.526902190314107
0.404554486275162
0.461760108152637
0.584468554436524
0.547061106576517
0.436742785123099
0.346553626576329
0.432597036487465
0.529474806063257
0.458178138825336
0.496919945121201
0.50587177965968
0.489521764222745
0.337414327908241
0.472312416420056
0.347995670545304
0.522758492571411
0.441898180444463
0.455371513687088
0.479020569447814
0.488393118871507
0.495619216829512
0.509570815071781
0.47658807963398
0.44151234537001
0.523258280512069
0.407148889686171
0.53228915278406
0.498171278116204
0.458141880299081
0.437246181864859
0.366821073534122
0.573722063920653
0.594815439616746
0.445066308153221
0.456877407666581
0.47366031269502
0.52115908280342
0.487100605823657
0.529989509168017
0.522298041960743
0.427206263767036
0.593986482877073
0.612634971505947
0.499448620627373
0.641832170822632
0.36533862134518
0.485001965461514
0.640928501979716
0.585681995201009
0.433274356951088
0.506885453848162
0.570398073566641
0.491878601678895
0.548369972278514
0.317938733658654
0.549497009862867
0.507457248153697
0.578421735364611
0.51941011325415
0.675301796334063
0.674612060373899
0.585939966568077
0.481724020195807
0.500552628813983
0.629067780981722
0.418331079597354
0.451437827394314
0.597452027095752
0.584105711137054
0.576302703889777
0.604163371468451
0.590203309658662
0.415688486222288
0.599940273208176
0.548377921709432
0.612051695947437
0.55859737639547
0.643903489573301
0.606880705709967
0.672154910686427
0.652752222494939
0.626490563464051
0.70442001548293
0.670769275758023
0.524683350011148
0.778406634300492
0.598673373163683
0.70994317256713
0.701746436946523
0.632195600985151
0.642486201511081
0.743078331425946
0.847062626623706
0.475375212878253
0.625511767058424
0.700949358226259
0.55018518420794
0.603715684880077
0.797643817950011
0.594107828564572
0.607621982791272
0.695654459422465
0.708847273136357
0.743924204336892
0.616563516231939
0.633761221469162
0.5691141243168
0.702469528335303
0.730463212560251
0.646198977048905
0.686914374802235
0.742634355211297
0.554110871816795
0.645834412949518
0.825886566247948
0.620413930515638
0.568882331027886
0.674568141944646
0.737400478175236
0.552289908194696
0.790782373009845
0.730632451243299
0.719561530690245
0.704750432573535
0.778790111020467
0.804118546124109
0.752139764922651
0.656838424283417
0.680413031235611
0.733370089542772
0.676499414597168
0.681775669414542
0.739036624667957
0.585605038505949
0.800293793126436
0.796379971619871
0.791194793121201
0.78900177479561
0.789733933208247
0.79013881464065
0.807604400763138
0.784809569260933
0.795480419996207
0.691936330171864
0.704871110114715
0.74702853734391
0.694254986413733
0.708371813847125
0.82085526998658
0.845942617674857
0.720975436752032
0.785625521753724
0.608155586019138
0.758255782290257
0.779875746756253
0.831816045854607
0.729370158037888
0.802273240119174
0.757215528182035
0.739449761202783
0.854486727047515
0.75291759686618
0.761058829539479
0.660264687406993
0.782214464684835
0.574919493264959
0.790317562072151
0.750439244270194
0.753402333006021
0.765167714772139
0.799149817419872
0.835035895867658
0.78695341619088
0.518741591865487
0.920324848435971
0.728883545495281
0.715714607108456
0.871485852749338
0.746697167742497
0.604808486562277
0.603814225954388
0.817786112148729
0.855846560082043
0.834386807448002
0.678758419081917
0.709439463313382
0.808570309064366
0.841331113475541
0.755236790235765
0.70507880508426
0.878592514353406
0.899663445586052
0.766691422087432
0.928095071797518
0.825302940417246
0.751200549652729
0.925812693163032
0.913371590724039
0.767291099087083
0.971352668642699
0.797002100117361
0.670052895650482
0.924179732333447
0.977987164626152
0.850004194462092
0.865385731078657
0.877234141531835
0.808104131520289
0.937767334413968
0.83187401143116
0.778602166031413
0.899481694438929
0.921971893813753
0.845933453724665
0.914859593604095
0.893885906179346
0.935857184422543
0.885918325675375
1.01135737305123
0.81059696452742
0.996428293857228
0.879032278744397
0.871441221881538
0.833568316689439
0.878968922199065
1.04409716126225
0.944861216504952
0.907493184456889
0.848232569977702
0.961195785327907
0.95785901585544
0.829794469616128
0.949197746545473
0.773403516416915
0.948560680653713
0.962641933533357
0.962787571656218
0.800813671215022
0.976896981801838
0.936669898224697
0.874702633456334
1.0214016886786
1.00920200999603
0.663855252371958
1.01431376051671
0.836131491225576
0.804919964310152
1.07963752716598
0.939225265691646
1.03094467029783
0.951738205980013
0.768064883239225
0.736628580855473
0.965347101705181
1.01745424873716
1.01020250418865
0.973381628286271
0.855333998875032
0.959891954473613
0.971617055960267
1.05183829188336
0.97100572201241
1.15892663119308
0.94864857160153
0.991904648846791
1.09740375427378
0.883697915842545
1.09759349997834
1.06587843103295
0.874718793834786
1.03324654979777
0.943725618524489
1.01845230895714
1.05667748092721
0.953426660068342
0.995560118268087
1.08589811107503
