0.0562488901332492
-0.985198645826689
-1.04900929669764
-1.13177380295898
-0.998513005401185
-0.844956786929658
-0.923875779501599
-1.00108194270396
-0.921587409046164
-0.922865711935886
-1.0849232645886
-1.05576557844629
-0.938878230210519
-0.95011197477979
-0.921135698823817
-0.889622205000225
-1.14991547802548
-1.09202442487825
-0.938933740496855
-0.943077081337067
-1.00988259731647
-0.932591278650281
-0.922370109888024
-0.980665894354987
-0.892434082888872
-0.916036827957242
-0.9562639770133
-0.983016904836557
-1.07411817844859
-0.833062830193801
-0.999441908489679
-1.02390926258656
-0.986813833604044
-0.925704489385671
-0.966784077492185
-0.926861587820367
-0.945341618914447
-1.00483106784673
-0.917384331029141
-0.826272437081273
-0.853424419731373
-0.88590344029819
-1.06456609105271
-0.972592872147518
-1.04598130365988
-1.01881759401772
-1.02148364458152
-0.822103529931987
-0.888873590144935
-0.879879715503405
-0.923034031484881
-0.990584002559632
-0.759160354149782
-0.905658703057219
-0.812271540505962
-0.867700339660878
-0.957277798628695
-1.0343314345657
-0.901306366918267
-0.847126527255025
-0.952549636520398
-0.842446711963905
-0.727765608193812
-0.846644429538
-0.950736180175145
-0.700225385750007
-0.828620293671542
-0.875405177117274
-0.731838210024441
-0.753454467343828
-0.823022398980853
-0.799192766563638
-0.913579417652718
-0.831127744104367
-0.81235455947975
-0.710417851780675
-0.914230027149815
-0.873290046916768
-0.892211685368113
-0.989795097970313
-0.895731114866611
-0.852883218197935
-0.903558204064107
-0.723308572236029
-0.779386798148694
-0.811830519021484
-0.810732220819935
-0.698734505464274
-0.695917165408458
-0.886473040763482
-0.710753509383382
-0.826001163829554
-0.725725456520598
-0.996036505123594
-0.835845843874353
-0.817758765332026
-0.814186635794392
-0.691065217611211
-0.81444851774049
-0.679396707562896
-0.852440480839227
-0.758263600014123
-0.830997752007932
-0.783026766448183
-0.858104630313667
-0.73680205663023
-0.697329739081317
-0.718863023124854
-0.924068668668892
-0.80536662525032
-0.932241459973018
-0.726423331346851
-0.765117777129563
-0.720241825419511
-0.830295239829894
-0.821419164680627
-0.759972113284502
-0.822990555214395
-0.9492944580293
-0.671721892829045
-0.81450949970204
-0.832567513378256
-0.813312333958573
-0.695234469837249
-0.73663366421955
-0.693670096325563
-0.775883730358685
-0.714370348299889
-0.718955616415811
-0.951779977471124
-0.685092733209317
-0.832620580771147
-0.638427203228901
-0.688659947658675
-0.685888855786236
-0.7561873115255
-0.779207990216543
-0.780482547594499
-0.707364277689867
-0.675936629344467
-0.623966815665224
-0.850864509278571
-0.697780847939104
-0.787698730929542
-0.778898344961455
-0.740455528750042
-0.67024308950238
-0.744396684215526
-0.753366603550663
-0.800355252701618
-0.690481002655916
-0.754292332793986
-0.77907559025587
-0.626586732295107
-0.810712625239625
-0.646207935667885
-0.651290596195419
-0.647684476878285
-0.730350077448155
-0.650875376784808
-0.794407327446963
-0.615409192478159
-0.619088782033008
-0.685876502343822
-0.662424622636063
-0.82085449445146
-0.430411155419094
-0.562563317542866
-0.65654429265194
-0.644761537044075
-0.712824144960685
-0.660198179634998
-0.572714130235194
-0.693842339628449
-0.64058321012417
-0.592789432724512
-0.587194044966924
-0.513637139745611
-0.639193226951223
-0.7501036409699
-0.688910284316019
-0.507759117099179
-0.486928877490414
-0.625642430842207
-0.642542751027924
-0.641400266515728
-0.57757447693494
-0.543551678912729
-0.51404152606
-0.640482282541554
-0.691016462830925
-0.629283425667995
-0.651279758476628
-0.599354348035667
-0.560817162638233
-0.620521909832604
-0.665263972929685
-0.773188524515916
-0.693879410656779
-0.581044554068642
-0.665373054601449
-0.666387871083131
-0.644835117149175
-0.444012847079871
-0.529045162285362
-0.661214744443405
-0.585468289674826
-0.644395514350326
-0.712945441775911
-0.50574945336875
-0.37802756699202
-0.552540475335972
-0.672458154822618
-0.515582201836936
-0.700686862562179
-0.724628556945291
-0.503852639941309
-0.695437193142035
-0.544291218687516
-0.626472131057132
-0.612543468384295
-0.672982591341925
-0.418827924962574
-0.528084353692869
-0.598674648692986
-0.544521878323375
-0.34899488370233
-0.446880168136132
-0.678026085808521
-0.615594540444354
-0.394986481816885
-0.562290812148265
-0.514091235366428
-0.635225953395869
-0.517294882272844
-0.388903996534733
-0.601122195312341
-0.513082396192029
-0.628099643240267
-0.636503924435336
-0.616234179437426
-0.503239464372429
-0.479935518951811
-0.480601443209148
-0.364360313847116
-0.549810731406783
-0.482082875679707
-0.520567815542474
-0.699673399127752
-0.426266589479217
-0.613614307059602
-0.604172218479892
-0.519560291867391
-0.407860531654956
-0.485707112232496
-0.471884072055097
-0.572810838377051
-0.569534272848705
-0.610280683496183
-0.433353599466428
-0.542115211823882
-0.587185469501046
-0.47405224277888
-0.49897037981601
-0.473839309984949
-0.404866528027986
-0.462084785605665
-0.391549055327201
-0.477359258865677
-0.453409171013975
-0.539960989487519
-0.426291477812903
-0.59431268448654
-0.408235710595578
-0.405696395775379
-0.487919478725772
-0.356147932237574
-0.514571096875172
-0.491716894197546
-0.477074694150665
-0.434795415350714
-0.377494841687021
-0.43001420556058
-0.496077541027058
-0.404246015655223
-0.359434710797227
-0.550660770857961
-0.516510070853412
-0.29039405479655
-0.508428599202202
-0.358289730709405
-0.498513307297252
-0.400453430750385
-0.422922413419774
-0.460918495838313
-0.395533974695311
-0.449402371534033
-0.30700532979496
-0.420436301520311
-0.455423131501135
-0.442670121095522
-0.32035622255993
-0.340880189795235
-0.284740323770219
-0.315602499358836
-0.452398618539149
-0.256568172053291
-0.433261767723919
-0.479840044793894
-0.435194321333178
-0.364307505336037
-0.34925368546387
-0.336676390285142
-0.425091114772249
-0.510584638779067
-0.365385120774823
-0.31715084335343
-0.352982099955023
-0.340992243942787
-0.441308425420382
-0.376723548549114
-0.284023309586248
-0.293145271589395
-0.418636606870283
-0.293803845813192
-0.225541632752591
-0.27017600388555
-0.284749412222704
-0.310426840460032
-0.398134052457514
-0.528828641927239
-0.353973405304805
-0.315171534819649
-0.182211946218731
-0.306426773160325
-0.370707486393682
-0.311185772396538
-0.280260586150753
-0.362289999158069
-0.177652270737953
-0.379921353363406
-0.300497577503832
-0.38868705717144
-0.322224101335519
-0.306808434455152
-0.394597247998181
-0.263651837360311
-0.271227345246398
-0.408655818264332
-0.421031878391558
-0.310984684933339
-0.511962782495975
-0.314284467535495
-0.289326893558988
-0.188729152222552
-0.237207860322784
-0.337385876340559
-0.428183826974368
-0.27509345783953
-0.281694813983428
-0.331277538858527
-0.156484560681268
-0.205518626104316
-0.366074580610185
-0.402037728517765
-0.266806721238315
-0.244702214039817
-0.302056945701145
-0.28576414428664
-0.192093835081457
-0.277270395503676
-0.28622776331584
-0.279281147940559
-0.253618803374793
-0.196250622936675
-0.376779324600954
-0.298429373831084
-0.438391842208862
-0.174698170004875
-0.334055863864988
0.0540523380110368
-0.196428833885063
-0.318460757426054
-0.193724011056309
-0.246288508741012
-0.229908017572029
-0.164694922710312
-0.0476743479874209
-0.23527655438502
-0.176471692294283
-0.240064304701269
-0.134485811825493
-0.240558842204598
-0.120697529520755
-0.391117438565297
-0.179698976696742
-0.268365915340531
-0.239450006319454
-0.165494450668874
-0.302402937442349
-0.202595644241202
-0.153282591794583
-0.13207620036932
-0.183182782874954
-0.208800046660143
-0.164466899980852
-0.171809146321817
-0.20909616808435
-0.163340383493495
-0.186092394730412
-0.198220049568539
-0.0515988985237904
-0.331288149584173
-0.253590798819271
-0.129278936366378
-0.0908337428330842
-0.193906568857615
-0.0343953729692898
-0.205666595801209
-0.216258621866479
-0.042054615034446
-0.22706581737907
-0.208029619102142
-0.136575289952996
-0.112465628919652
-0.215435082524604
-0.0517938269840871
-0.109935601267569
-0.0876159269158035
-0.248521662657893
-0.0821296872978555
-0.0272626690296506
-0.179873091536242
-0.197481517927481
-0.034412211085319
-0.1656879956774
-0.276888846324742
-0.279478024178188
-0.0710680113104425
-0.154817996106958
-0.0914256255994819
-0.245183636808216
-0.124190643663487
-0.126579984372237
-0.129178651840711
-0.00403546080091967
-0.0779554093805528
-0.123104417121724
0.0361077271748456
-0.0973074344274487
0.0628462440130606
-0.220983362748664
-0.123905158299216
-0.044920378203959
-0.0176585396618554
-0.0454963551372521
0.0242558450621234
-0.191818128367446
-0.0466619831698289
-0.11132248395986
0.0313826852681738
-0.172846969427645
-0.0762936188399313
0.00225688596507489
0.0311207481014556
0.119632468493687
-0.0817945135661309
-0.0799636296886047
-0.101652553365993
-0.0319347065321325
-0.0199302407436532
0.031692407213154
0.00897072699612681
0.0541413478267784
-0.0591639883926163
-0.0472701929615071
0.021600279462642
-0.146113806750441
-0.15864627128281
-0.0874927018729172
0.10098876749915
-0.0462586358897425
0.00981262264642339
-0.00178069135234391
-0.158480415990056
-0.229396192108089
-0.0370416017267658
-0.0297528003610204
0.158125054632534
-0.0587463513020492
-0.0200667906680104
0.0474864733039774
-0.106589509712649
-0.110218171070794
0.0771968834761259
0.168730209757477
0.0586690481875537
0.301874933320492
-0.00921344751052726
0.0177027631095624
0.0208742327594966
-0.154811583188067
0.156396566382941
0.0067761669808029
-0.107336600955548
0.0550334495167965
0.0184025109035839
0.151024180009422
-0.0723478163058527
-0.0798784869630527
0.0415073947997367
0.0294417380391009
-0.0469175008228574
-0.0207840818486378
-0.051286495386511
-0.161269987836615
0.0232022283195487
-0.118924556915791
-0.122905602412555
0.00403568137935792
0.158090589392986
0.0873273710407182
0.083128055136963
0.188126853003694
0.0671163896531538
0.109915497315274
-0.0494550319751235
0.17166732303171
0.0827195450438458
0.103431143492553
0.0522492924975679
0.206615146712494
-0.0502620426379651
0.123857004017317
0.0734796534899198
0.0589601401770027
-0.00645936848295811
0.0560661696269845
0.121267820096888
-0.0162226316352015
0.0940002425166473
0.0156996468322021
-0.0238079022202179
0.149897969121137
0.105451227722699
0.0489628091284852
0.0956351743361667
0.180722625793206
-0.0165374571743955
0.0351586496574042
0.156373579120768
-0.00735969681345979
0.166078630123076
0.0321282193166934
0.0973527735821818
0.0740368031367915
0.170641650711936
0.00519733745103281
0.0385694825439618
0.152295765794946
0.162434534716441
0.111403280376828
0.197090410613721
0.132419235646989
0.185202309147148
0.104258698054608
0.10551030314596
0.136929949515912
0.0016775336298847
0.0786255893859044
0.125855542043751
0.205662409193115
0.213191451888141
0.16294744476949
0.200429712632695
0.142075612885775
0.0550824692579294
0.18102392365515
0.0437329660592344
0.121563472025481
0.0206849801036145
0.268785220204901
0.0209969916058643
0.17636853141651
0.0862377708481994
0.356425621081753
0.0456621720719749
0.133404906013507
0.210861047016016
0.276610273972839
0.165253679789807
0.159543301334809
0.230742419187641
0.241610751414292
0.210635395760839
0.164939584146417
0.0654736023833171
0.243998049977445
0.219127669138005
0.101195463039642
0.225875414864524
0.0596514650673522
0.188062981610262
0.167090633097249
0.383676637512054
0.312563301051702
0.201848402379653
0.161971425499921
0.252358896798272
0.0470924955714738
0.111646355055074
0.17235593848708
0.164686952741897
0.0571747340638459
0.197002491469644
0.186286130408719
0.0399702762847965
0.171560225835063
0.282041450001231
0.266875255560643
0.359233288325344
0.170346774891955
0.242465138139104
0.276811211460656
0.382564697653061
0.200436045457251
0.140096288140972
0.224758912671664
0.356994220019623
0.308859532979051
0.16151597755834
0.287940901924329
0.304945176449215
0.0850107444513187
0.342029206493961
0.350396443843016
0.293708127813197
0.271812073419767
0.16968682559395
0.23482017156765
0.187694530340681
0.181296724201377
0.312197111558619
0.295875201100727
0.318301699552133
0.24819297142553
0.392846737715884
0.160565987359899
0.271022605879173
0.390901250856548
0.342559845948813
0.295323822013057
0.424502054529573
0.285986619701667
0.275119146405149
0.365068417638918
0.365826528354089
0.39624866997152
0.243788246400243
0.359618217720849
0.353650166214705
0.259218784501361
0.377749348121433
0.299671501962432
0.338968959458102
0.293344849068787
0.306446922196461
0.317491892810358
0.320309073224573
0.379813078420499
0.354052440499522
0.311807034470053
0.299875642823436
0.407893786652449
0.398426623535736
0.335090201667133
0.204497810403927
0.361813148546128
0.363262034106014
0.235608946763736
0.355770126362908
0.32058713119733
0.293150049746697
0.410905639280202
0.395127417974518
0.431124867197708
0.398696107168507
0.306279783761363
0.255631493237753
0.346052544442621
0.33083749461593
0.32201590375699
0.366846510943731
0.381986994101389
0.348179543422342
0.53047537690945
0.5465720627795
0.425751920426385
0.475295152948187
0.36712812192833
0.426239346572545
0.531202563099092
0.445249508558025
0.475186848722172
0.402010355581013
0.352178377977731
0.469425354889112
0.191835129620106
0.26279885082012
0.403193307511292
0.291572966807578
0.440643949265099
0.529098248658518
0.52265824641867
0.244597196948586
0.534384325215545
0.429100749136171
0.378152495328395
0.417042487148306
0.375851144686594
0.402317303339565
0.317832483736563
0.626485813081329
0.380860136505523
0.621947551047228
0.55026273588809
0.362852253921169
0.432293272194448
0.278213984554275
0.425897948683488
0.485877681957114
0.560194126929308
0.435057235002143
0.537829200913065
0.410699559432062
0.437735559453156
0.481651167059614
0.42771930093458
0.47323081229353
0.308187189823082
0.395567729443852
0.428839116401253
0.462200818479092
0.401951798208265
0.432662370968377
0.584038378940371
0.373254509090368
0.54588237746498
0.541469565914455
0.466453234040957
0.652638244885981
0.451151653996759
0.592553544174311
0.547443720403969
0.601057233354091
0.433798831552138
0.513853866201656
0.456953321105182
0.522382430287684
0.56114002737981
0.567570736069767
0.507628887768736
0.490916836146823
0.559453269800591
0.560616891084753
0.544846867569286
0.464922048345222
0.636421874919032
0.420926908159366
0.504315161073377
0.419086294794203
0.578137642558343
0.535639337388374
0.494880080197086
0.546374823960821
0.653790009860575
0.601404555390719
0.460342903025985
0.418996017045815
0.522998978731667
0.566288095947649
0.659999152062535
0.530573334370184
0.580769134417156
0.683546373703088
0.552468504466253
0.500728695055996
0.714095901052271
0.548707977021029
0.540699906697197
0.693390400858538
0.647548832370234
0.346127963698147
0.523891373827547
0.633329482037978
0.508537572878135
0.722698309041486
0.661700095664672
0.454268629599704
0.583605488160337
0.604210279921979
0.570622798362362
0.503048664800084
0.563415310136141
0.543420113682832
0.733339111209821
0.536389905279431
0.452975295714642
0.686757101695777
0.504970843268769
0.732879588810679
0.706657159164778
0.635451361027854
0.579889141107566
0.680146861544711
0.589215184301184
0.718889841940418
0.666616003388968
0.541546982104121
0.658521430517032
0.723862538946229
0.561699929987785
0.714470652448454
0.63570210086613
0.659888787906219
0.611413127875649
0.764926119356097
0.67613477756983
0.679097542036019
0.660979696006916
0.712619630158057
0.591491448945423
0.718687885888318
0.751703683088611
0.759950315599102
0.78227937813579
0.605492323700865
0.676479360831042
0.624114005545688
0.686778876089389
0.700180479534252
0.781923246474813
0.812368588874397
0.72349058780676
0.464519698947989
0.664221818008553
0.637773892051764
0.669247549742228
0.635854594432592
0.698441006724105
0.667307994763901
0.71240433519455
0.718643114562272
0.717335824398275
0.787840559943502
0.730587532165118
0.800942774032371
0.80637022624838
0.726145272275951
0.686086152047928
0.875126075630721
0.648279236760108
0.645276677091621
0.765612864404207
0.700551176917449
0.57420667180479
0.626440022443546
0.594041986345448
0.671320990768187
0.756310354758014
0.693758983266776
0.73492965470805
0.681131387042511
0.603114566038476
0.707019634971202
0.826255112594468
0.663940833498028
0.744059843603292
0.666213851336552
0.711479949635917
0.817109227124325
0.794455649208395
0.827633680951756
0.734437791574466
0.8624988041142
0.721114974236669
0.808550043378454
0.727704700802666
0.8135133934045
0.895559174440363
0.742011246954473
0.77657057821503
0.942339916054155
0.89797851448709
0.706826578537635
0.861225787589239
0.831606920540793
0.76278918891556
0.840420305744677
0.81253647178406
0.832852482973828
0.731975979887698
0.674116981174979
0.901719737582125
0.760292932214119
0.673696664171299
0.67857996079714
0.777539153711277
0.982724609352885
0.860161518311361
0.839536342108278
0.875835581560009
1.00084762501591
0.780883373074295
0.738585906970077
0.839331203636583
0.757480251934556
0.842961332288777
0.928720831916067
0.949470692869656
0.835454587509035
0.914479346960425
0.806561454909254
0.741433211133615
0.841059123464892
0.789262139749045
0.770817168254491
0.778411772383982
0.772177403767198
0.880599721287251
1.00718879260522
0.998080151255095
0.927890049743042
0.796887320409865
0.806944528357677
0.890970370871344
0.985881120600192
0.756860139805881
0.914835586491204
0.82570974082611
1.01090355635543
0.891828128971487
1.11253832628454
0.848919859428256
0.942530694742686
0.889164387465053
0.925643760044814
0.887185160381477
0.794918589747355
0.93826090272794
0.962867052870159
0.917993076420241
0.803736719683316
1.17329577281961
0.953801515904347
0.819709835223253
0.786388856340152
0.914384103711997
0.954831412734166
0.685813516588922
0.940858649061476
0.864644225443208
1.00314346959724
0.908279333916627
0.934710863540252
1.06296013867302
1.00694635933115
0.938370752014876
0.988893808453349
0.904721423529052
0.973432281384566
1.04837004353067
0.928026539784107
0.90921723548625
1.00570517433643
0.86586527328738
0.977377595048738
1.0348383818244
0.973454441549586
1.13038683587376
0.956112017178966
1.15014254970819
1.02287236271317
0.923053515864015
1.05475948855016
0.880773130461954
1.0960491031107
0.916510851409309
0.861543733034703
0.939014057327252
1.07628426130104
0.958294554854629
1.06624653853086
0.944793456992202
0.896503890880778
0.950620586590803
1.0380131223938
1.06010266702076
0.994947532762978
1.04987393889179
1.09952591290177
