0.168396499332528
-1.10690635349907
-0.924732487510708
-0.962553160558039
-0.968228123811414
-1.05315144967667
-0.944267535429488
-0.944954600950605
-1.01056531640551
-1.02227973136924
-0.893081833649129
-0.983164112872981
-1.02085133996173
-0.902606735654476
-1.03000572677771
-0.989971080816882
-1.02583941596384
-0.966549882962797
-1.07784581678241
-0.927655658883058
-0.963982255956091
-1.06471384502811
-0.866077612673621
-0.910208271117515
-0.834958299501764
-1.0451877683915
-1.02338030528486
-0.963050445890938
-0.866240036768723
-0.967671664053144
-1.02983199606974
-0.934906980263175
-1.07750336477489
-0.88597870187757
-0.975092222604525
-0.869252832125115
-0.843622798413828
-0.946930542310144
-0.822576393221028
-0.780236606887182
-0.984105195518195
-1.02738130489323
-0.664915852589184
-0.941762034114889
-0.915679198492873
-0.818552833547093
-0.860261229173193
-0.911311384548827
-1.11960201414084
-0.986251878067352
-0.825876701827797
-0.855930217568134
-0.870695653376773
-0.787798381334233
-0.775370241946257
-0.979065503670267
-1.01204130529964
-0.767025041076271
-0.971409594711714
-0.875798141302156
-0.909620058299064
-0.996559118688081
-0.885875335268559
-0.810835936856312
-0.990854115157733
-0.919248031849193
-0.945561980558411
-0.775908452880878
-0.898260829003479
-0.988621775227184
-0.917551978059299
-0.941065961522969
-0.72857236568658
-0.99300343300842
-0.886922278202801
-0.82227629032507
-0.788219344826988
-0.741661561416842
-0.846128342302164
-0.749302358956983
-0.816466668680937
-0.903064136521952
-0.841487334799621
-0.942156301828409
-0.701793785381104
-0.930079800490415
-0.813214533254247
-0.980473561464959
-0.821665665684123
-0.837998559856217
-0.74591789407549
-0.805265804069248
-0.811704949134406
-0.785440678258957
-0.755708776002224
-0.890213291733782
-0.689904867454367
-0.844181114044254
-0.85454528294965
-0.888102900339974
-0.793095034582779
-0.885808951781033
-0.82559049464284
-0.74975752970578
-0.819547564405112
-0.775717973965936
-0.813128987960642
-0.874656305970889
-0.837329825165484
-0.972206259104915
-0.728473341990844
-0.802392857417696
-0.72907067490716
-0.809281367671106
-0.781741066708074
-0.762879348129753
-0.72355545422768
-0.872615928534453
-0.757315675759756
-0.694764823356688
-0.778216000013067
-0.770719843269804
-0.79362875890729
-0.794994141561818
-0.79382703853746
-0.728033464113516
-0.660177906009118
-0.748776743192483
-0.735873377274757
-0.814624974410296
-0.781686556256662
-0.804633993855364
-0.806027138894556
-0.828981079777939
-0.690670014504541
-0.555528540934594
-0.749172797101095
-0.623733084413696
-0.717173304177706
-0.672319702413211
-0.692588238276577
-0.622713729520353
-0.832102118915358
-0.683033478999659
-0.778360415256746
-0.797743546746139
-0.719620879008916
-0.701436596982507
-0.649253585585317
-0.749223410735205
-0.679679200496525
-0.643864913702208
-0.673171589111965
-0.625106578897678
-0.737236895636633
-0.698480664521759
-0.64222256851587
-0.564919418196074
-0.648110425841466
-0.677444380639461
-0.708181155955533
-0.688842775354988
-0.555052390148918
-0.721690277097202
-0.686821153124525
-0.786654833596267
-0.643050694861494
-0.69741330703426
-0.493329030782189
-0.715838949203443
-0.752175951444187
-0.682739444441061
-0.603145027504276
-0.726515826298768
-0.63822397694217
-0.699066091046695
-0.643969574069904
-0.675956122558774
-0.626181377169238
-0.806276270156954
-0.683229563599233
-0.684842791552453
-0.676071058270976
-0.716357522970999
-0.709493947083514
-0.645737702178533
-0.559825938264549
-0.697335165701197
-0.620819631568346
-0.725113365883583
-0.637331526066356
-0.696881924879096
-0.778597999176806
-0.664934907163542
-0.560333741394985
-0.384545426249372
-0.623400330260066
-0.55702999316969
-0.733440719674433
-0.624644075272343
-0.541834826816227
-0.58367224576083
-0.58142609985734
-0.607902588903875
-0.598465325769438
-0.561515881382027
-0.659855817594664
-0.465229396244164
-0.674179533369102
-0.552049307551489
-0.472101038126659
-0.652115169727794
-0.599520478461475
-0.546459270265739
-0.628919033626845
-0.635016259141984
-0.657708671687318
-0.457746436811629
-0.506480494660391
-0.48317831995688
-0.527322562752976
-0.649126269373928
-0.598066360813428
-0.560635837310849
-0.547449550042079
-0.54445346464217
-0.537664914344333
-0.604507160311129
-0.423656121114106
-0.528455021278876
-0.522302849969177
-0.398879011257819
-0.501589114330736
-0.530678048794585
-0.483980989098324
-0.504502433109079
-0.66931442678424
-0.411573566099336
-0.460823074852707
-0.662686795617017
-0.534675939257807
-0.557829277191184
-0.459489788789253
-0.465726157286803
-0.55578410492307
-0.548518815422878
-0.566330368607754
-0.527668973915724
-0.3697938080517
-0.583617453187583
-0.502792989315911
-0.630473238017147
-0.461950406291863
-0.403171082400107
-0.444188418247309
-0.554074733257543
-0.546940227937719
-0.321459720530952
-0.446567371049855
-0.464615437657826
-0.54792903336976
-0.488615413172835
-0.49901923710306
-0.342276887714212
-0.603255107802693
-0.479332584135808
-0.528751613260218
-0.416026835416481
-0.44948021052282
-0.495639679480496
-0.633990571925187
-0.377762445120817
-0.66011035318889
-0.469223597659599
-0.388013586236644
-0.476049777578033
-0.508728927127583
-0.447382256640093
-0.447435062105884
-0.495804346038446
-0.398536780526772
-0.458667747742968
-0.504767306433901
-0.569522866809265
-0.496768716052734
-0.380023590145171
-0.559946278686958
-0.451642568022807
-0.38244463899023
-0.4679978107818
-0.440925738511824
-0.426583582588702
-0.353696785688754
-0.604071101727889
-0.478031179213545
-0.346431774625236
-0.385109285148086
-0.446658354281569
-0.388705038144062
-0.356016259389847
-0.480896977878514
-0.55767165818954
-0.376179642040986
-0.37738636590424
-0.577749670607504
-0.424463993964895
-0.381711012542769
-0.31224876368269
-0.370670846735078
-0.340105439034498
-0.24396666759049
-0.448362693075028
-0.305283364139272
-0.567950844299365
-0.443161126833365
-0.329279285966682
-0.369220349614089
-0.325339010980524
-0.427399469000031
-0.353078359717221
-0.430542326687405
-0.281111520233037
-0.429108241198814
-0.329884386077709
-0.38687678161534
-0.357073818868272
-0.341867619997332
-0.308424424042165
-0.377469730027754
-0.336353413209793
-0.444755325379914
-0.243347841757677
-0.380292050870444
-0.323592086794436
-0.221015577218208
-0.281190315186038
-0.301918451511053
-0.458906129444566
-0.243886522677233
-0.158215669064858
-0.326527500387501
-0.388576060848847
-0.219254754025573
-0.24972147262918
-0.342200074250385
-0.385942660729925
-0.351115585918338
-0.561269788843022
-0.340425055952224
-0.324626461709698
-0.312261178878023
-0.260578803984814
-0.377357339900689
-0.173477080790598
-0.192618162346489
-0.316707425804596
-0.258527723657911
-0.258857574829159
-0.341102075649339
-0.28267108550468
-0.42966729350475
-0.217000903264756
-0.196748478525109
-0.412811814145078
-0.355340827710812
-0.361079765517335
-0.316545126133533
-0.236298918315538
-0.250985916798536
-0.376537052746096
-0.180644526312372
-0.198316017788925
-0.0216686330548195
-0.206485115275037
-0.342431476965695
-0.211639799193557
-0.266796214593941
-0.287344492526307
-0.229612110368048
-0.24833647558846
-0.455236178430006
-0.250972052349099
-0.252826369999621
-0.20302520171891
-0.231387910254886
-0.330647870409527
-0.0171194341516911
-0.0788115903371131
-0.216146401110958
-0.386955332716195
-0.398969700810862
-0.239097211824172
-0.277332624843411
-0.331163897360059
-0.228554579242048
-0.393296408198914
-0.152045586095599
-0.283098963632177
-0.00195907342193504
-0.20193649934809
-0.292695714257579
-0.119357706673586
-0.153492791459753
-0.20182558377417
-0.134186317008991
-0.179519215960403
-0.208436961547996
-0.2114961533748
-0.301793373641434
-0.0863834385231704
-0.103152638844024
-0.269389534487893
-0.150599226596131
-0.195762213421207
-0.176286415864263
-0.180603957129834
-0.206482208747621
-0.147630789357799
-0.370679889591571
-0.0876116862291737
-0.11277929831675
-0.151415826949726
-0.207382043854025
-0.0510242000395273
-0.331824635085829
-0.29733898591888
-0.157485117571033
-0.271506298024967
-0.231123010440548
-0.175688886734297
-0.110272212772384
-0.195175724279915
-0.133669910304461
-0.132157816392648
-0.0672981801687347
-0.192698101918634
-0.0037448558966948
-0.147256983837775
0.0265224071718859
0.0125527141944802
-0.0665035047469572
-0.0907808216931132
-0.157824506568904
-0.187261881548385
-0.0771904659932411
-0.0762765204732006
-0.192782736611657
-0.143027800447857
-0.0503817535628595
-0.142870656898245
-0.074178712465909
-0.24389539281993
-0.0634185479391785
-0.193224114687447
-0.0312203268494354
-0.0766277041517863
0.0629640657568983
-0.094950445336221
-0.00118957611930345
-0.0664426426274507
-0.153987182661904
-0.136068571967611
0.062943448419441
-0.00521361401764724
-0.148071542975891
-0.0290482655524277
-0.0236314248110205
-0.0883387766093946
-0.0849822258407419
-0.0296651774157785
0.0180233015377987
-0.130365049774762
-0.0301721386840542
0.0828190410163363
0.00366201938957262
-0.206689925534908
-0.0635858199430172
-0.0608195585782753
-0.0861149922930453
0.136464928879605
-0.187457789854256
-0.0936706690514721
-0.0234592068251208
-0.0842912307831721
-0.0972973702853127
-0.0653823635395451
-0.135396498258536
0.055069270618057
-0.0741215642648662
-0.0184719913643998
0.0105964837732199
-0.236299807199846
-0.0715238546156904
-0.101744785428135
0.002126443204995
-0.087598458057841
-0.0668424575294045
-0.0416180337455721
-0.0765206560992907
-0.18874894009339
-0.0388901010409291
0.0505858167111361
0.0737337713134878
0.03866564347525
0.0890887614999879
0.0341857342805326
0.0216079404014302
-0.0300620183847638
-0.0391658555565792
0.0867784020689909
0.0512480153572068
0.00786502753962529
0.0997762677185276
0.137922824398265
0.0187664145224132
0.0291752250286004
-0.119127489755678
0.0985241425108934
-0.0538217767521994
0.0731281771126623
-0.0111813392062272
0.100189707887953
0.227583633580605
0.0979143224600919
0.125868851038856
0.0580153919108375
-0.0286616718315391
0.131448122873815
-0.0236187145148814
-0.0119464812132016
-0.00892124599683255
0.072942059536606
0.112938553781713
0.147318868978112
0.12740688608656
0.0580106193819999
0.0670804070116642
0.0445449457376701
-0.00149109766665714
0.0671406878568225
-0.0700937575239095
0.140537715241669
0.194947209673
0.0888797894128077
0.210267301044603
0.0896969490727222
0.0575595855234451
0.0796443607771086
0.112939503087466
0.107392883797568
0.111192214493334
0.0795714699628293
0.0706042904955694
0.131013198922867
0.0396668645525072
0.102214073202953
0.285209607991199
0.119874038613184
0.227310363523033
0.106809681940933
0.102461761797227
0.136940618171708
0.228849915302883
0.100911834464321
0.136293795354431
0.317103887193803
0.0492419993751524
0.267450578233602
0.289554198982271
0.0723363657912127
0.119983231687692
0.255148710339205
0.0901194626301661
0.258320226853199
0.0812942970363861
0.335820327162124
-0.00969865111643949
0.113567685061502
0.0842838477438629
0.194337107837115
0.0227115643882932
0.0518419928845539
0.142703664323322
0.150041781957069
0.299549199720269
0.23803909877951
0.146197945834712
0.249057050326544
0.183634605883341
0.332751119347515
0.187642807896914
0.302494539299899
0.0257751695753659
0.248465490091823
0.316176133107477
0.161944857438834
-0.0113461162851669
0.0659911285893648
0.170590300157347
0.216544692221205
0.186349881190856
0.205292983941907
0.0129432042534274
0.122220820272521
0.0631011694771082
0.205240437193954
0.160376144107407
0.305890697557008
0.10165542208674
0.19704380393493
0.346782826147533
0.197773714539742
0.0935640619182105
0.311302916438677
0.193426103477433
0.139438677102879
0.1877879116735
0.16057912431239
0.292377401948544
0.197397628398055
0.17378945829218
0.156138822153901
0.469202288859161
0.385942586085307
0.178720892201961
0.192649236124897
0.224886019335424
0.129143183550746
0.217970967141377
0.269707519682508
0.257996478793942
0.296227384440024
0.183042860323276
0.379058624090673
0.297225792831326
0.285281197117244
0.319219436119934
0.210802120379492
0.317883438404473
0.352119098918217
0.244361799787091
0.339922687427535
0.339010948236674
0.273025793470799
0.261235545111073
0.365175954317304
0.281810175945021
0.407123430444361
0.236489536638065
0.352338503658641
0.173314813807505
0.326061458421198
0.468871674387859
0.354771063627393
0.259460749085182
0.353673231550145
0.325663264691528
0.375953816621979
0.39909826760467
0.179261131780216
0.533835609631949
0.26651935901296
0.282214304742168
0.235370189541871
0.462838797096657
0.309611841620074
0.529661384758907
0.22530338298464
0.222140868643694
0.298338643083918
0.458540072682683
0.227369803954717
0.321311980007766
0.231424319676657
0.165432404639891
0.431742746024116
0.326141230722914
0.348915866389024
0.274141716271858
0.279202043657463
0.267116684064617
0.289485966840844
0.366515811282617
0.230051903583221
0.207899421271691
0.319281242026206
0.559286704352313
0.353475274103709
0.44319040194302
0.40022284023714
0.419477403960407
0.294267209603231
0.407610424759662
0.340181956716944
0.576894543950247
0.453009361428815
0.395254159008576
0.453468226755103
0.391115264837002
0.480765054714394
0.427480314364218
0.470510347728864
0.315294865270127
0.415820714519609
0.239332765012267
0.422520030255121
0.238125828937805
0.382096409961367
0.316209513318206
0.44458504645756
0.540592513052761
0.398789375169986
0.487376270141184
0.396625500687592
0.31022151884994
0.448697251299227
0.47107460573809
0.361199996290176
0.277394320106208
0.408797079214145
0.511358214108384
0.446770706150206
0.53517404462093
0.483784467765467
0.433115594400593
0.605055995261053
0.436995847406124
0.209973236606699
0.412813943357504
0.522861565693871
0.524421391900105
0.495115952015891
0.446300883914221
0.524346339413781
0.414721549253314
0.512896253739409
0.360177124802151
0.511805341684253
0.479704223360539
0.444817575567974
0.536526484434617
0.414640001221357
0.488864895049796
0.471028176701793
0.401675989365776
0.56876818673999
0.392183967184988
0.384894451353684
0.440520767287889
0.523428937068854
0.443783750964268
0.490641651308731
0.468429631296363
0.470156922408928
0.510110676588135
0.561377757148415
0.592154339772123
0.518077027369531
0.434092039138451
0.477441367548487
0.393077228279295
0.431310412343793
0.49630695571166
0.709963119280574
0.4389592627112
0.411294775176356
0.495658586627517
0.491665072496233
0.687392676269737
0.390814302027239
0.505121388121241
0.512115573535808
0.457596936403754
0.539245819381092
0.640193885653987
0.59121469901917
0.358352013783592
0.539353023719873
0.573966053020553
0.506145320477108
0.65870100220149
0.637118046063944
0.662911404277663
0.631889178863033
0.599619552202943
0.55710276385914
0.492347804708268
0.557077714386121
0.64859317913941
0.617445578342889
0.540421625223634
0.683496348358631
0.645798742859844
0.569349445695693
0.563459651693962
0.740161568643043
0.490217776164455
0.64377323141884
0.598903475651443
0.789583351847757
0.529240666423039
0.455000866624432
0.544162077103122
0.660379472630924
0.621081610633504
0.638999283834973
0.606438627973189
0.663418588598837
0.740661806502387
0.692718120997593
0.628523174227193
0.625738023965123
0.657958580299498
0.74113830278103
0.639662942382388
0.606257026673322
0.643561855071146
0.470122168753711
0.588225816319293
0.548495273409464
0.643495905319874
0.452760975711356
0.722981249240942
0.52761509570353
0.584445534409871
0.511080815027718
0.558239759432305
0.6566858839536
0.735984837962056
0.737455687231854
0.570518104482599
0.691625467313655
0.663983604256208
0.667088990286738
0.776119435404736
0.632652671189996
0.587021339800295
0.597854832438282
0.71679865762797
0.722285048795267
0.812935828397052
0.561669106138066
0.658541759237611
0.805225686980591
0.742689515001921
0.693431392059162
0.637993776383669
0.839709847814934
0.610189471550664
0.782173919580113
0.805440163864146
0.663673844754301
0.747288977805328
0.77985015215018
0.74333439806415
0.755259852691736
0.805397661604101
0.601765621758808
0.791625593459165
0.743729605850367
0.746203632220251
0.715726928558882
0.791212113055867
0.759051584159584
0.768056034447475
0.851745737655049
0.660436846085985
0.670739392388264
0.613719946665747
0.771249519126154
0.746141606663629
0.622511507313093
0.775829641831594
0.721241976006605
0.646242812920565
0.991847421605543
0.801852820671454
0.690852417866423
0.920197371914414
0.710439581564233
0.791128056418351
0.545035207343323
0.692078878867598
0.717996290544014
0.735477277719804
0.770814590216924
0.762265881616539
0.803108673068065
0.858114666518026
0.751963187684505
0.792976521136924
0.785227994475239
0.65151554070198
0.725687856428266
0.734679826840443
0.749723034907424
0.789222736461247
0.759121689818408
0.782020147122023
0.893028537857508
0.775053642001001
0.696180003470461
0.790307679542079
0.755157715628413
0.753791338474216
0.785592189860082
0.847234586735925
0.838922150103601
0.906559710375123
0.835330154259176
0.73876619760084
0.969645308435386
0.739938875329493
0.880717748701371
0.792287676395106
0.921291170905099
0.789177773784911
0.68039796186306
0.83165728881288
0.881942145191081
0.847921348545507
0.67130273905781
0.869758476015328
0.889913853017765
0.906551127815426
0.936813336058478
0.867288487030807
0.901263325687459
0.677834304892353
0.944394757789371
0.89548086166173
0.834153942871415
0.799876106666668
0.812032101986195
1.03899150109977
0.887445914609511
0.924066005931258
0.838320858300889
0.888950786812073
0.888885149562865
0.932552972617683
0.962420062193896
1.00252049322346
0.87232783339695
0.918405406997348
0.975329317139399
0.987605984259454
0.754958914366577
1.05323448817023
0.819101204593981
0.856989424125876
0.803290782053617
0.826722284528694
0.922511139831738
1.05002165003535
0.934220143802833
0.858913763873972
1.01151277293338
0.93940380144174
0.933958631200057
0.921451637313014
0.939407938464348
0.990063912355376
0.887015929892748
0.807256238575889
0.903012004131332
0.944716876652328
0.831547555886764
0.989077206678524
1.04805789662896
0.849187963014469
0.839034386502678
0.932917500500396
0.860493230136053
1.09895860871286
0.895791923433997
0.961360157757113
1.14645294313649
1.10051508206227
0.853277596922616
0.919059443050128
1.09889673413377
0.867790298688039
0.947637360377769
0.86827013544033
0.832628637295223
1.04040438215386
1.02928333936002
0.964547495738005
0.997171238437178
0.885562552769095
0.866704300145554
1.00473990778113
1.08477458542015
1.20645246977483
1.15427104999455
1.11081304690284
0.998918986115269
1.04626519805789
1.11068004967701
1.04288004864743
