0.073644013844666
-1.03527945963125
-1.01495776101323
-0.912918015741679
-1.07271891098329
-0.820155744423411
-1.02085834839849
-1.06237228042299
-1.05612704496456
-0.84593661115335
-0.859558523784098
-0.985612013893444
-1.07032760464155
-0.841198911294685
-0.840698342227747
-0.900421595230357
-0.983866960180649
-0.85550209066576
-1.086486224443
-1.10086422309335
-0.863614119219696
-0.879169375622992
-0.939420542183112
-0.936693124451683
-0.947096963283843
-1.0430911192182
-0.866677643826716
-1.13751148396127
-0.867884246951846
-1.04326069162397
-0.858940546988008
-0.874373184673215
-1.01962347164848
-0.964287374581843
-0.879522303207087
-0.8325705628456
-0.950618075152299
-0.869743375641193
-0.853756612658425
-0.868343365614395
-0.922690260373256
-0.834487671537489
-1.03338437402772
-0.8324628809158
-0.860396130770553
-0.856996488198612
-0.888928541077194
-0.873127203845978
-0.783031570723637
-0.851536019169669
-0.784072413690943
-0.825090807298336
-0.856119445185076
-0.923973041595388
-0.881688900389144
-0.990027167868545
-1.0676124411256
-0.75154069722463
-0.885789521124362
-0.862991770735084
-0.817294737904177
-0.96726498423183
-0.873875708872839
-0.871269111094887
-0.758976745753294
-0.806988508310903
-0.689356468469431
-0.889452939353036
-0.846850232430013
-0.764889772543815
-0.805412005737736
-0.893923556526693
-0.971507145048559
-0.717338968490887
-0.871188370854955
-0.791015533854437
-0.83570640239184
-0.819974939853762
-0.741164758485584
-0.938993169080454
-0.881788512501099
-0.893956692805747
-0.935317170590341
-0.902029618603517
-0.73713337275233
-1.0540387719581
-0.780365992045829
-0.884742414867747
-0.678704346692893
-0.85864337080691
-0.893753566569
-0.789105739680849
-0.727819288903411
-0.893973179376038
-0.75853812330874
-0.700006926408972
-0.720661096730814
-0.974920634269245
-0.756004437685971
-0.750328348070417
-0.882385409170094
-0.759095977833582
-0.908625124739659
-0.837866330452721
-0.830235721660186
-0.806153386222391
-0.784757314548336
-0.929898039226927
-0.828729008216718
-0.739890307266071
-0.642761964916807
-0.74970592388955
-0.82628665038833
-0.714147312426091
-0.732046427245416
-0.715571421271204
-0.860789634896519
-0.82693454412755
-0.741010799879486
-0.714068687909928
-0.789651781109543
-0.754911949266391
-0.801399748619462
-0.796867871985553
-0.81085577701919
-0.789413860959226
-0.605064227300238
-0.728685314060295
-0.8593413143691
-0.708059555221536
-0.609751125834083
-0.767209537962962
-0.672641083680261
-0.566197187258713
-0.722093385370038
-0.633926713313294
-0.796343772689205
-0.831440301983491
-0.684182271466817
-0.649690043334451
-0.792201879961753
-0.780183550849615
-0.840650947417602
-0.725121419540308
-0.687526086095513
-0.614369014123632
-0.675948444035224
-0.627374544542184
-0.777017042851933
-0.700563205025105
-0.655922353744342
-0.690334675765653
-0.686905993464713
-0.661177756280616
-0.794336253430925
-0.698555213988707
-0.675977519103366
-0.643971382713951
-0.675115638005618
-0.63282964525167
-0.572079548352337
-0.501675927116655
-0.592717386510792
-0.774419066022966
-0.659899021466755
-0.738814626128647
-0.664979706750245
-0.783800178381654
-0.804261154570373
-0.52333758029011
-0.653466775739783
-0.622086671672472
-0.74963059820702
-0.680718661586521
-0.56396343475244
-0.761945196913237
-0.577974343507508
-0.496632978665562
-0.845244510360088
-0.573134343965325
-0.541094561721553
-0.633129314890395
-0.794256824530455
-0.704987387343616
-0.587771470620028
-0.58943841565955
-0.489789568502984
-0.675119609480563
-0.600557758762101
-0.675281443450275
-0.69973263205522
-0.648280992949887
-0.752539889659711
-0.612102098059231
-0.598385811940015
-0.765442491661618
-0.583922126715556
-0.561597403946561
-0.596172163982112
-0.426277609916949
-0.378766384212101
-0.631732691119552
-0.588253780516362
-0.716059979569506
-0.638641884345389
-0.62545422842668
-0.569291552520197
-0.664796247717417
-0.653130367210606
-0.615408630983842
-0.617333016974102
-0.493659024632758
-0.663795179818801
-0.605102131767473
-0.475752425739558
-0.499405655519005
-0.528253464551306
-0.530272314898978
-0.591955147283641
-0.683392610933562
-0.432970744825534
-0.615966764553726
-0.606140983239216
-0.486266057897028
-0.471579063374917
-0.499772568681866
-0.476800042253859
-0.676867615055023
-0.497789972200347
-0.452859256336996
-0.575744554142175
-0.509557626296719
-0.624815793862973
-0.475972262927646
-0.53356018375632
-0.440379573900216
-0.509617987496615
-0.314616098838971
-0.47487915594913
-0.514870214340678
-0.51378948340997
-0.608078194558776
-0.627117481972303
-0.610684338260324
-0.380136675044939
-0.648883121938662
-0.504348288795025
-0.498116212487878
-0.466898381277652
-0.47695076631832
-0.49660473001602
-0.462495740938747
-0.527782676384289
-0.508288410442923
-0.410360906574355
-0.55014148571399
-0.532882071047311
-0.600159086121476
-0.440711991593407
-0.540181567481722
-0.422792046131347
-0.554083681436991
-0.612571525850383
-0.34959805009196
-0.475597329785887
-0.520593860830913
-0.435441884541663
-0.517045697208322
-0.463874443054546
-0.456721537698273
-0.560294410341479
-0.369003894071884
-0.45943306642452
-0.415736510787799
-0.487845183489882
-0.461197509207987
-0.515863609056518
-0.509387982806042
-0.482196176123764
-0.371428855555898
-0.429643300987969
-0.589458758312038
-0.456187448548967
-0.428926030083127
-0.359449988051039
-0.446494852110203
-0.490860454924823
-0.376278755168444
-0.443683418235589
-0.587588505689279
-0.406238651259497
-0.41886006410288
-0.443477559160476
-0.279822663551579
-0.355102848490978
-0.517573427089433
-0.341248281281457
-0.394082931107421
-0.3647504405756
-0.422370061081946
-0.386529507364677
-0.602493839477505
-0.409865710820421
-0.341444941504361
-0.341343579980917
-0.46079287428946
-0.274106449839277
-0.484667155763425
-0.483175432208199
-0.436378699016398
-0.473176107806004
-0.204306821001296
-0.371865197500211
-0.410706474487015
-0.249701829217968
-0.304919381893194
-0.517227418413218
-0.323787672757465
-0.28568163046433
-0.384640904787538
-0.0962002991509792
-0.304751926898585
-0.277929422375544
-0.301094986355425
-0.348117016072617
-0.42968254409721
-0.417220161073587
-0.424378581853834
-0.343096038990165
-0.422005972366297
-0.286199968939483
-0.372442639907293
-0.27564042721244
-0.292438951432785
-0.350284301717517
-0.368184708935498
-0.480775060624074
-0.389056641297299
-0.329236312121078
-0.217236501181726
-0.278643666711935
-0.41532012531261
-0.287933728370839
-0.359938078517746
-0.331874039785288
-0.376872553274406
-0.35569624030779
-0.24976955732902
-0.238263467727087
-0.240845932706917
-0.354794127213931
-0.367393415780584
-0.313094166893718
-0.280997947794247
-0.177643078140984
-0.304439806121137
-0.256198045572025
-0.389805904508508
-0.16828575652351
-0.216570614523473
-0.336325820441801
-0.247618484841232
-0.131648305770444
-0.247926914882855
-0.287448669013748
-0.247383291527571
-0.270765434212205
-0.181654077538752
-0.175676812758917
-0.126625113617231
-0.287185626934787
-0.410341466892978
-0.21126275808367
-0.148536380391961
-0.197073968565115
-0.371749632527763
-0.270767959294065
-0.0634372669115816
-0.333993513094167
-0.0305696701582255
-0.223620883808765
-0.251516722843078
-0.229967969951421
-0.261813913214365
-0.34406192045009
-0.225701163788187
-0.324798154543238
-0.31587631510139
-0.191633778688434
-0.110537898640337
-0.284478102812526
-0.277393761125954
-0.20395545816768
-0.271398568784947
-0.0461207426365456
-0.224597261077302
-0.167462565996133
-0.432547995011365
-0.10304777003927
-0.136005501984213
-0.183605707819145
-0.267610921877444
-0.179438083097933
-0.165262464015148
-0.267268889819307
-0.120198755413172
-0.12008154135704
-0.207640973249906
-0.286370844961944
-0.218267466717056
-0.0977616704576564
-0.206855332896398
-0.177904402204382
-0.146119829549343
-0.154568103587025
-0.240278044190671
-0.0978772874514986
0.0310996901267002
-0.278819643462118
-0.169574910319583
-0.119706388935754
-0.102679235412331
-0.230590873797205
-0.195785401894955
-0.112019312131054
-0.244511308017003
-0.0806473685904392
-0.108584668135714
-0.186257959917628
-0.216770064026305
-0.0624896404916186
-0.142846737738193
-0.207030146189195
-0.136956954533074
-0.157585303443754
-0.210488162210647
-0.0403532933625668
-0.0525587427802565
-0.173104323280805
0.0292195045520901
-0.0467777835771722
-0.189018429708785
-0.220903674424196
-0.0937153754262562
-0.171893467250627
-0.11844399345716
-0.133958060645228
-0.0935300116071998
-0.129440619866525
-0.0483734849367137
-0.153865376580895
-0.306269181724439
-0.214588757995824
-0.129275777310493
0.0544420048388473
-0.0712680334807358
0.0202824364102365
-0.220314878126012
-0.150327039302061
-0.173923645752474
-0.124086240776405
-0.0306512365955032
-0.0796589574245183
-0.273571798624006
-0.119312735259939
0.104571641594654
0.0184250695992163
0.0670128401613722
-0.0883962551867008
-0.0690089301611607
0.105614578964453
-0.0250346482896586
-0.160373282517754
0.0289843483347636
-0.0490003208880665
-0.116281024691951
-0.0884222886367647
-0.0973446697514768
-0.0351817781542286
-0.147953089553869
-0.0642860819929706
-0.109089080386519
-0.0112023607526601
-0.00841373039159478
-0.0827732276008937
0.0855525976194358
0.00312353808810245
-0.233455528510256
0.104470259538628
-0.0589002284721356
-0.0833063260303272
-0.048284720197453
-0.0801398509208143
0.0155474333226137
0.0311666135486081
0.0515021759833192
-0.0961559983858572
-0.00954567738387629
-0.11143441585303
0.0177218068220141
-0.0836912379827869
-0.0485035349085343
-0.0703635777695921
0.0452299708548253
0.110481737556027
-0.107303432845606
0.0156765838308374
-0.0504414389019056
0.0652770125786251
0.0458622671431877
-0.0231973178157653
0.100309479767589
-0.0629435221920733
-0.127220982410646
0.0655677007072889
0.178517825619974
0.096095244561655
0.00710293445540413
-0.0621851635121076
0.14926501679756
0.0199609909312846
0.0033377274208012
0.0134687239784747
0.00440602039748307
0.113363141177846
0.0799753605855673
0.00900396513875913
-0.0226483003919556
0.155855575129979
0.0291584812477972
0.144753640041315
-0.155397880147966
-0.0415475055821037
0.086484422678404
-0.00235539821073027
0.0281997354360125
0.0919926699105921
0.00139090527474187
0.115432543557274
0.111407396172212
0.182501071444066
0.272535778092595
0.107507107993446
0.0626267742452607
0.113724116901825
0.04091309629562
-0.0524083438813647
0.0633299971672291
0.0660235488041429
0.0942336985325674
0.0575943396563722
0.139589388832645
0.0769180446043093
0.0481076495979945
0.1971654527259
0.0382753629437776
0.0252662223281751
0.100190919132629
0.0893781896281045
0.135455739745827
0.194104763553646
0.318414691336869
0.202846593007415
0.130573945513079
0.164095532920432
0.101476441773426
0.150950027387651
0.318399341040275
0.110908286164275
0.0309978282520237
0.227384379017481
0.00398085904048384
0.172271811480041
0.0909810089396205
0.165797039194368
0.179608733237836
0.0938355762693658
0.216816576750289
0.0495552848868324
0.0968716811826781
0.201227647613352
0.0178272429102479
0.115560993525588
0.148085850701398
-0.0919739385774493
0.0286561916619511
0.0934648910755397
0.236753065709719
0.218339978742214
0.170077085658508
0.10813603036499
0.15979964045527
0.32545660772904
0.126424713396614
0.0980998845323082
0.19818955302258
0.109900634981755
0.132345412685189
0.0782892347533944
0.142647866862411
0.236068600253023
0.182923907787024
0.0663188163621269
0.166385107810668
0.131276953677902
0.0357529315270972
0.323397797099377
0.277080026533079
0.182911443583977
0.00822852409588412
0.270288730250567
0.253489355119188
0.272348723971806
0.225398496042666
0.287903972023084
0.217421559842064
0.22255607340542
0.154937173121096
0.216870745028793
0.373264231738987
0.250627383462108
0.201252745080705
0.327392183305382
0.194490936463917
0.179230627105184
0.207574336089486
0.0254508653713218
0.201169025191433
0.229069017780014
0.291167748779388
0.262301649623086
0.339819937380345
0.233512854480863
0.391152230451712
0.321385423523911
0.341388531126603
0.340843125915998
0.207555777107843
0.288210173098581
0.289732194164002
0.232323956181451
0.371574937048888
0.258086582392137
0.190601468047291
0.32412668670104
0.118328742665921
0.246535306459239
0.403997551214147
0.248359004593467
0.226600548459843
0.308078944146162
0.302641354482573
0.381565387111155
0.372788042300565
0.146267148421576
0.450871518957733
0.31035622571393
0.43024779292682
0.30612387214211
0.268247845901145
0.295058274788619
0.292204857468391
0.302412275812944
0.480423871448097
0.272456455734952
0.424155962016938
0.446112186425469
0.208822079232434
0.267921399302658
0.211495000586872
0.229853846875119
0.343533384867995
0.252548773411575
0.245461946088795
0.351050966822567
0.328661703529831
0.386703306620929
0.352356087110208
0.447291446377221
0.490826029609248
0.305408948485997
0.329361486166213
0.386462514210912
0.524749308880042
0.317165543973627
0.44072874314471
0.255701173566496
0.125206175763101
0.446444082506462
0.440953268018866
0.310633842071454
0.232527983615456
0.449745693364763
0.312692422892337
0.427078595765946
0.242374838472986
0.301313692510697
0.404953604132732
0.487088516760242
0.406150475590725
0.33999728887791
0.317579535146756
0.316372794385671
0.340402384174623
0.428140106790529
0.442810440616718
0.501765821597581
0.278541137040489
0.470246720620295
0.376448092844639
0.294231198787858
0.519583230442816
0.533472257006449
0.405853779432175
0.361338226848617
0.452684410416943
0.48791231975318
0.364355763341357
0.393977993061666
0.387618882687351
0.528990973083559
0.549888633632299
0.55230899033297
0.51856583745718
0.38874666732505
0.478167548472425
0.566730905421593
0.565712957173218
0.431542179141972
0.347143683095224
0.439841947263261
0.517421726501571
0.484718599806014
0.518768209156204
0.51876147318499
0.49947003283029
0.322497886094804
0.471646687332632
0.338844503883062
0.5446281497574
0.42805438431123
0.446137436608283
0.469783843438525
0.460307138963825
0.47619074770741
0.497732321549076
0.475187701707439
0.411291429226371
0.535759666381656
0.420556733409992
0.546883548722842
0.477489111953579
0.450336395529127
0.440658984438423
0.371494189519114
0.592686868071115
0.602265118661
0.45490297014823
0.44161828521065
0.467762627788076
0.524940896497717
0.486369998027305
0.558071964761724
0.519308701748369
0.439497057428294
0.581631396123481
0.593019490120045
0.482027854056077
0.64081906416496
0.365239849430542
0.477204884721649
0.628292260041415
0.587389469070965
0.456327274638105
0.513246981168708
0.568035621989198
0.484006194780652
0.557513407592132
0.344839655853872
0.544579894803575
0.50296404514388
0.561751909939217
0.524350576620611
0.684431526939029
0.671366138888258
0.606214341560483
0.496528603053011
0.504264998391194
0.642404457121848
0.38460013310425
0.45974978240262
0.594030155217756
0.59281058692597
0.583545310683051
0.609427601947649
0.590634905341832
0.380897113814607
0.595147951474744
0.527356509176479
0.645227722899256
0.570694678618247
0.651451053372817
0.622138567492092
0.676678536863673
0.65095032829898
0.623421005917744
0.6702228176895
0.673847445899131
0.520856849646964
0.771722842906825
0.589719120933002
0.700297896296565
0.695252643748423
0.630587918325931
0.625250394001459
0.751012391266609
0.852245816861552
0.480516209666046
0.635972423602476
0.708755142653464
0.572674241164789
0.633859475843931
0.797362591782062
0.579427758477875
0.65558709625919
0.716102972814595
0.711185434220746
0.737282371476644
0.608415621782682
0.634589320709636
0.59027695828765
0.674014820120626
0.720074078647211
0.65202464839621
0.687528726862314
0.734528201586536
0.558101039222322
0.632323987023785
0.851924359254987
0.629749032593126
0.575758346615615
0.668531525945342
0.752434326068396
0.555081768043817
0.790791222466461
0.710891268942682
0.719901846755547
0.726043216917379
0.751812927167826
0.791878445637206
0.765801957587278
0.64601225582046
0.690918064143972
0.718435168861101
0.681628131431437
0.700287660213987
0.737246396458037
0.576661106752482
0.818945983178074
0.813549008989366
0.802735288116099
0.776548189393243
0.842897343555405
0.802787891574607
0.80056998211544
0.773393483456181
0.796831596332636
0.707983356185806
0.689503332420165
0.708309478837256
0.670486743290593
0.690025594825254
0.807499780050642
0.854693713274078
0.743738961859428
0.804913695460938
0.613788891873961
0.775459784204028
0.801350510685641
0.816439062628931
0.724681300998442
0.800686249001317
0.753534470699613
0.756479655297079
0.848988466180226
0.747790909077952
0.755526880472978
0.667147337903398
0.786531572911089
0.582773767088641
0.793979984398283
0.759196430545803
0.775600630832979
0.789635848640173
0.787441903090443
0.816263616010994
0.782052448184957
0.504808999185123
0.930907542190654
0.727994489882507
0.736750129192528
0.872859490488884
0.765527032754685
0.624120039068155
0.572780068530999
0.81672655009249
0.824233399329715
0.851676405437497
0.677894335356815
0.745611616421917
0.814131593748242
0.822729124682158
0.751640794273252
0.721897484220249
0.8553783051154
0.903246738526646
0.754301368074284
0.932577262458292
0.833685451032595
0.729492034329836
0.922528554219533
0.911312647457431
0.772820042119701
0.952255967396059
0.766176751086756
0.662350865801316
0.914703131670227
0.961075720256199
0.854795783481004
0.865628179536576
0.87033413384616
0.814626572917063
0.914885964956155
0.830604978944458
0.775917788866551
0.899086031986907
0.898987542698737
0.862309083570416
0.917674468121937
0.885145471258667
0.928525380702476
0.882198138654543
0.983692612190306
0.806622074449383
0.978082179832273
0.888626559770183
0.870832191258717
0.838793187625812
0.895082728831857
1.05442797966004
0.93680820930871
0.881538969429777
0.876251578295414
0.958745046714478
0.963626659935646
0.834511957460813
0.92950104478521
0.788674363514754
0.939999513384831
0.968447092330713
0.97521747944735
0.780517311456252
0.967889856111519
0.947691017124971
0.846500039704953
1.03664546530679
1.00655741944229
0.688644412915937
0.993277034258822
0.860121518487739
0.808995604554362
1.06838062870297
0.919041195450976
1.03373738927819
0.940365714916524
0.759637352992361
0.758056909908607
0.969049389333083
1.00650361555808
1.0359985247044
0.966433511891344
0.865457050747467
0.964965843399742
0.959511893390056
1.03202162007452
0.971931504390326
1.13170090356002
0.985351737300651
0.963397027851282
1.08025469761313
0.903042950303117
1.09258378930446
1.08249799206736
0.85685726615
1.03780750113886
0.94226497093907
1.00919127253183
1.05883856844622
0.974707574592392
1.0100212461541
1.09031994511511
