0.168517959038078
-1.11410224342219
-0.918921226932122
-0.973247352039513
-0.973450833689369
-1.07128243939915
-0.928708423332201
-0.95626844782391
-1.00844131139222
-1.02417873917308
-0.89105616368367
-0.958321074345581
-1.00863792400756
-0.893685676297567
-1.00801412524453
-0.957923550112753
-1.02495120824267
-0.965043878975561
-1.05610626176081
-0.935216474656452
-0.962775468185507
-1.0407564637047
-0.866674779241736
-0.889383250977153
-0.841384914156253
-1.03964197205294
-1.0295570577329
-0.956780975523514
-0.888976972948455
-0.961695676629585
-1.04055722629365
-0.9620472531451
-1.08144246318617
-0.868672680471533
-0.967998250251218
-0.878538903197184
-0.842267492529968
-0.956675573698902
-0.810993387925944
-0.787178616903028
-0.992806139662037
-1.00585642833755
-0.671576812053579
-0.939848706678374
-0.927915910134203
-0.814538948467383
-0.886055285320881
-0.931934724469532
-1.10808162606603
-0.988547317866061
-0.819238489318189
-0.829037564072287
-0.867160712551371
-0.750517139103363
-0.802399457412196
-0.984323471843048
-1.02160375948162
-0.776298087967815
-0.965396718015028
-0.889218684883178
-0.916060543240218
-1.01402583729111
-0.891757737483682
-0.820672055433339
-0.982225061766627
-0.892890900392077
-0.933448463813254
-0.782221101853713
-0.91046460714629
-0.978073270634119
-0.913553836928318
-0.941390341460513
-0.718236170083188
-0.989224544769983
-0.887410689555111
-0.838789639070076
-0.794514836838621
-0.748975837311657
-0.853072025009593
-0.750790868839382
-0.801664583969274
-0.916468618661068
-0.820201770329054
-0.950679810888214
-0.716618402844619
-0.928487807704963
-0.846311629380653
-0.97725777361146
-0.820088027195202
-0.84265333523664
-0.745056828946418
-0.8141038389319
-0.816117264747889
-0.762551311065532
-0.747989269820974
-0.923791319827158
-0.673977913016378
-0.846210667397676
-0.841632603265021
-0.894636867784848
-0.787816753022401
-0.888377344712901
-0.805834377484691
-0.736739789148504
-0.814272987641875
-0.788382858331322
-0.792497095224193
-0.871341372831688
-0.840958205060625
-0.976413322769778
-0.734313614106346
-0.79391808294308
-0.745425593326468
-0.810728635647969
-0.790660162900925
-0.748625628706812
-0.69705659128837
-0.869064168404022
-0.751071315696573
-0.695809841778344
-0.790442318808449
-0.769852886843006
-0.773807356534767
-0.799700454545807
-0.787736337171166
-0.744716909899448
-0.658789510532582
-0.775145029147004
-0.7436544003333
-0.806323358578372
-0.788352980009034
-0.809744439149519
-0.765095719562826
-0.834551461090425
-0.699265741362545
-0.548007103184131
-0.742507904544559
-0.624118583726525
-0.723826851177464
-0.690980941581358
-0.698554688668208
-0.600472954499769
-0.830663722773493
-0.688422970311281
-0.771985431135261
-0.805685851504615
-0.719925037246996
-0.717729404840012
-0.647442174963375
-0.747836776904953
-0.696536072881076
-0.626297877483305
-0.677670284023348
-0.636929800775814
-0.737501772952232
-0.708585402420791
-0.657674383308388
-0.583598672878509
-0.660886914327256
-0.645154824302937
-0.69907797465619
-0.690044499616096
-0.550814201142455
-0.727830266591335
-0.686753767506785
-0.802612917731632
-0.642859521688896
-0.700792899168278
-0.454290105507772
-0.706809731487231
-0.73394051157744
-0.675799413704927
-0.588626308468516
-0.735082166465625
-0.650727580769222
-0.708533900887489
-0.65527583552302
-0.696502553405675
-0.622626059492332
-0.814386452087332
-0.675638066586515
-0.674972126374332
-0.677139899435292
-0.716018694621883
-0.719654570234999
-0.637619505768844
-0.546997536993165
-0.696194860600122
-0.620656390050841
-0.745514756276303
-0.621993843485805
-0.668259204181902
-0.768908131294681
-0.66133885211703
-0.579203012960073
-0.368911092169817
-0.616134174270544
-0.562624849062831
-0.734511539882797
-0.624880160199928
-0.519321978568055
-0.574796834198205
-0.59424150600002
-0.599471947770359
-0.602927813522426
-0.566632375769453
-0.675175241666213
-0.450723795716684
-0.669820316207408
-0.536704816016962
-0.5107792325858
-0.619801922399999
-0.612451538555401
-0.545139176470998
-0.656081207706033
-0.62325109354999
-0.649392570996811
-0.450246573761367
-0.506972699286734
-0.503782379635531
-0.542879923394461
-0.646899766457418
-0.587436266780178
-0.568531745490771
-0.552439562444783
-0.530392761742803
-0.554347589839024
-0.590975445708905
-0.419644676328433
-0.534128897876393
-0.519953586158143
-0.415468278879709
-0.510765197926331
-0.51559878524288
-0.457265243729924
-0.491143677600634
-0.684284164115307
-0.409944561597804
-0.434964553482568
-0.65249271556551
-0.538211132238132
-0.556886493870257
-0.458785039642817
-0.475935415062959
-0.558848344611174
-0.53489402155672
-0.578941840128909
-0.541219484381013
-0.373584113392437
-0.566405893806385
-0.520583004451842
-0.605646651754678
-0.477029013165535
-0.408355393641828
-0.423082956385611
-0.583688352301889
-0.53332565390274
-0.32850782593762
-0.456865351934268
-0.476654251407431
-0.556832259231755
-0.481034476311413
-0.48664697171949
-0.344820111190973
-0.606041229744911
-0.447942410098347
-0.520546758810523
-0.41743697881018
-0.455079965043834
-0.511928512262294
-0.640458144293767
-0.414561239908159
-0.659120165530263
-0.462878232919475
-0.395881499318268
-0.483799227849802
-0.530057907163445
-0.468174693033884
-0.417844068274467
-0.483453493891527
-0.408236287871712
-0.468114138751763
-0.49794317161511
-0.558418427042932
-0.494199868058718
-0.366522080196374
-0.569983990410937
-0.446550036001438
-0.380700906607695
-0.45100256698376
-0.455658271998832
-0.412931359673411
-0.36491770605342
-0.584660192628461
-0.476002290454201
-0.341010884309673
-0.37231686707846
-0.441480682077292
-0.409889267488285
-0.315378749300774
-0.491951333810625
-0.557843174721476
-0.402681675385903
-0.374822356614168
-0.560143685128963
-0.406489988902866
-0.394360481329066
-0.307489105666846
-0.365568119973827
-0.360505517536889
-0.257626427995853
-0.472427470645877
-0.310214583614539
-0.578145929428337
-0.437063553302544
-0.304728889761119
-0.384872027870768
-0.308730688411513
-0.414301369420073
-0.378126470347876
-0.43538224258774
-0.272728998791917
-0.436636344045383
-0.334664679634168
-0.393558565345952
-0.358638608175131
-0.337897356266271
-0.329676254773065
-0.369673226599757
-0.336637637282783
-0.432783692067207
-0.249999539948398
-0.38621031941407
-0.317393327483558
-0.218688874339903
-0.28691689021913
-0.28443183257623
-0.489565385457371
-0.241543361623314
-0.157067421448964
-0.322020238626492
-0.38171280691081
-0.21354516265255
-0.25453876351193
-0.349594931645737
-0.400103068880848
-0.346479459948661
-0.55548094793177
-0.335984956805573
-0.332873387782098
-0.331012064405567
-0.266651775045766
-0.373020626046796
-0.178282104004562
-0.19089589523028
-0.299697590051862
-0.267090360089185
-0.257904107260953
-0.343297066116781
-0.301870080970352
-0.433719714215044
-0.218795526500645
-0.168214946628284
-0.402887352200712
-0.330666928036819
-0.355006477239992
-0.322062462286718
-0.245641854398466
-0.251898330712736
-0.378675020091152
-0.202449008511531
-0.223866634359384
-0.0095251905969507
-0.193864711731229
-0.36335886921012
-0.204040575689164
-0.266152504987583
-0.282523011541625
-0.231581454764859
-0.222397194975638
-0.430471837993294
-0.246666949730119
-0.23944254430585
-0.212633935320686
-0.234424492982404
-0.299674427513695
-0.013271194892031
-0.0823017848005173
-0.22236657601311
-0.383950554652019
-0.388117933047506
-0.232341491591613
-0.264669237452006
-0.319306218218466
-0.244915692112561
-0.38625411957904
-0.144992117633662
-0.253399453173101
-0.0205604100752116
-0.18087687984419
-0.276850842711832
-0.115851266704793
-0.133099326856003
-0.230499360628635
-0.10582196106036
-0.134922861779545
-0.241766054753621
-0.18912522213724
-0.300465905322779
-0.0762412857896723
-0.0954580410260531
-0.24512183494208
-0.169969415584422
-0.190627702287704
-0.179259888484303
-0.190100392142872
-0.184435227864467
-0.138514729640606
-0.369968700176718
-0.101665516967655
-0.112477931012092
-0.13959754960556
-0.215188257140592
-0.0603250299207347
-0.343631455809457
-0.302695431392369
-0.185558923705323
-0.255616798169658
-0.242090923757006
-0.157043475082609
-0.11629087923081
-0.203507730015993
-0.127659954851308
-0.123455616721103
-0.0728647420305747
-0.177422096443694
0.0122056764966553
-0.132923479535675
0.0330109070749608
-0.00254838364113761
-0.0502304455991148
-0.088824288663082
-0.172578655410659
-0.173994790116693
-0.0683676231601754
-0.0866839131413091
-0.190754227477746
-0.129763560234304
-0.0365278695725682
-0.150642997108849
-0.0795266607896003
-0.239720129594977
-0.0548524353816306
-0.195416537348909
-0.0215591386611737
-0.084114266429207
0.0717088384729899
-0.0817453954131779
-0.00746336219077727
-0.0673609029303481
-0.143943397160802
-0.110041233146287
0.0584791101482968
-0.0259760106965069
-0.149881971538338
-0.0322261861831695
-0.017693359068769
-0.0872517921545988
-0.100898973134617
-0.0462308805753261
0.0107084860861921
-0.146125978972897
-0.026147164334102
0.0947747088809441
0.0315002003915042
-0.208733858781802
-0.048094789425812
-0.0552434988891545
-0.10452982013135
0.150718492723534
-0.170510159704559
-0.0977933050153353
-0.0153812032923048
-0.0825096757282061
-0.0919262330754509
-0.0705989343733879
-0.142179658087733
0.0571697407294306
-0.0856576313658524
-0.0362291405499228
0.00706549452360497
-0.212948484430027
-0.0529275597067605
-0.111965996544358
0.0142349942417414
-0.0620339192324193
-0.0592454247424234
-0.034318810710106
-0.0805138791473735
-0.194622670957844
-0.0465665653172728
0.0495936009937501
0.0870972793011374
0.00785434306574573
0.0838042809753909
0.0642084338361007
0.0332309488173121
-0.0125199557060497
-0.037777775355673
0.0603650827587685
0.0770265631844398
0.00322059727209149
0.112384608010897
0.127841244286818
0.0215106568706346
0.0203239072933736
-0.1347972390131
0.111546254799487
-0.0595948407637323
0.0664729878103543
-0.000505611257628286
0.0656583889637386
0.218252702371087
0.0938407117420767
0.103394749713374
0.0475141728104792
-0.016146298555349
0.117475313075442
-0.0161333734790899
-0.0589733332261258
-0.033001322442492
0.0522681732951273
0.0912599976625134
0.143057808851077
0.116764565283171
0.0384488363862035
0.0544515683640043
0.0517805004305207
-0.0322291874369629
0.066029139121994
-0.099522913304729
0.141413134727294
0.187289732896833
0.0896612350258753
0.196747592369324
0.0896325813149448
0.0405355832599371
0.0796932020091532
0.101481694823164
0.117674522533327
0.0827826889466496
0.0646058630667951
0.0550442570748342
0.135328409690803
0.0316348562778708
0.118083594235193
0.29354793380201
0.136953057502528
0.224217945580828
0.10010987280148
0.0695696705446173
0.132528612335075
0.218929301039817
0.0965285439308975
0.124083610688503
0.337547567627278
0.0438842842194641
0.264658000487059
0.318508574039492
0.0793764766605127
0.123551308968674
0.226790397513996
0.0883629525147123
0.23971881307831
0.0772805176420542
0.336092907996294
-0.00659858804617981
0.147266410033562
0.0724672553843731
0.204316399673812
0.0127321044809938
0.0386479341034507
0.158802121127003
0.138870131607897
0.283678460417383
0.216322336170872
0.143563732597084
0.240985452968071
0.185565850895922
0.321861830140783
0.204341468861116
0.314987933934368
0.0328807215323487
0.232257688014487
0.335753193813349
0.168007555872028
0.0179763616950365
0.0653753666949176
0.173794237637153
0.228843586074304
0.211750644306089
0.222544082325419
0.0216105796692914
0.123551401423546
0.0408152566125439
0.19544424791039
0.162838486392365
0.287863111401637
0.0781420100194509
0.184480208639834
0.324470057875881
0.210480422701551
0.114661104843109
0.311501387942473
0.204551708103
0.149242228317906
0.182961549362535
0.176249793910284
0.288419409125495
0.220255892897308
0.183224278733801
0.180597553928799
0.449770859692189
0.384635264701455
0.173078475093089
0.19819135132191
0.20783784271587
0.140815884960987
0.215434599483765
0.269662571508655
0.247748294316318
0.292855781310882
0.168104389891202
0.395336279712848
0.305464678846905
0.262906854781844
0.314935632344209
0.225566220247241
0.320140079452478
0.346040649194783
0.242524931876655
0.349976888287657
0.342520020092469
0.293285035265625
0.266186311260957
0.350457211874321
0.257968569726068
0.41241714523994
0.225108481118598
0.338582624833111
0.174308219738832
0.322735391885482
0.468990515742112
0.343215292920918
0.278584253037912
0.369019661098698
0.314859834209993
0.388654503993063
0.40789995075648
0.164402831699894
0.541074977251917
0.269370764565448
0.275041140667484
0.267414568876044
0.447866092830666
0.314714933543233
0.530866950616286
0.230373915407929
0.246430438337194
0.31191300680049
0.454007783907542
0.228106413016253
0.321521196225949
0.226741558382375
0.169400807294912
0.409250626508228
0.33870464725749
0.341489674992843
0.279304050278973
0.277649193221878
0.250448942989171
0.301783342014799
0.350311047392722
0.243089599828407
0.202197385459496
0.318444515856835
0.546686113952627
0.350848980013254
0.429692659200072
0.40700909294133
0.409385832512484
0.301490511237904
0.426122215355488
0.348669929134693
0.58736795210852
0.440385653838287
0.399018774261338
0.447280752613561
0.366469748532127
0.469096611527326
0.425181697653592
0.475867785816045
0.312588070058354
0.423482873175185
0.224908551606856
0.441483534452225
0.240688720909399
0.359546421400128
0.309929487340419
0.432160559759575
0.533696089596711
0.39206850903716
0.472764217311477
0.374042551029097
0.321783113119936
0.428560955473861
0.475893845492408
0.387578704346983
0.290783579532382
0.40467714167133
0.521116727535527
0.44376393292289
0.525777490730025
0.454389588750362
0.42987419001164
0.60460254060931
0.445022459612463
0.243664552615052
0.402070391141028
0.523752262876095
0.533157253290299
0.487821683441448
0.419713658481374
0.529777844637988
0.413018052803532
0.525344760333373
0.375100846664663
0.523973968405538
0.479297456742761
0.4470861902461
0.539084071892723
0.42738718892701
0.482403594993404
0.476422992600902
0.400305972818517
0.561097907759423
0.362789257109743
0.395192250855857
0.438622800290892
0.512453454792814
0.434315970984372
0.499732480904353
0.460880281962378
0.474593413673642
0.512987108724303
0.56178196539243
0.610975456127056
0.497338100542247
0.432613008055931
0.495926104062768
0.384955040276813
0.441622981823745
0.498739179251522
0.699683519932159
0.45192404743187
0.420437018214635
0.512830123645138
0.481724599488833
0.676857349979671
0.389807053197407
0.504100560572265
0.501610902721147
0.472075415443729
0.532385297029999
0.646154657310401
0.556620260604024
0.355906370573076
0.520015640798116
0.584046128591207
0.462473366421535
0.658803570018977
0.663469245339717
0.677456887414027
0.652412549338406
0.568639234029068
0.566378285168122
0.489558611059936
0.548786639817688
0.648979089820395
0.642913191496905
0.53617048525939
0.679168058413593
0.64726237127612
0.568107682744801
0.566882287629719
0.729523333051922
0.490594450323108
0.646036178636652
0.593407220454414
0.814811437590797
0.524302400423803
0.444485501009734
0.540801593218631
0.645193899983793
0.620251584584693
0.650941817833381
0.599187235558799
0.671147740510048
0.751886196182365
0.682371417287139
0.642097426909501
0.615009133509591
0.653114427733224
0.728756856280001
0.627381739528693
0.608484583786222
0.640556972512991
0.476717745412671
0.590365981574597
0.523815133179493
0.643823384832246
0.437845973728232
0.722175623982856
0.546434547216183
0.585847026350026
0.4927402454697
0.568116632770099
0.654886325399558
0.740738630803995
0.704056402964809
0.551768686697853
0.681174438057755
0.671090466884982
0.647329871991121
0.767366713729673
0.656014714384243
0.615800649171708
0.593091657910993
0.707822731436005
0.734632518917186
0.810908207586988
0.560089633447949
0.668030753478239
0.776206590152394
0.746272085194732
0.671935609556504
0.619030553040524
0.837757215999699
0.63529350128034
0.783058925046689
0.801975287769854
0.669836560889273
0.758281325865591
0.783342183926583
0.732974933594516
0.757495365778745
0.810562421641384
0.605662146058927
0.811560470598269
0.77337008659258
0.721756126191348
0.70676507154573
0.805920609393987
0.768007606674392
0.787817582648089
0.839105477639305
0.667816910517737
0.661467036820021
0.609447097063745
0.765653150290213
0.745495411860538
0.629473488517674
0.772546372295828
0.728716357475349
0.654699328503658
0.971565677574611
0.771861123481802
0.700386509215773
0.935196288225885
0.70780572933278
0.785365358920429
0.553151758236405
0.696185683971141
0.714080332051717
0.733775162180151
0.767658000326435
0.784655070679636
0.808769210193678
0.844233553400876
0.752478846006516
0.804871938483622
0.783658844840715
0.659635989641553
0.731547376766634
0.722803415541229
0.735855739905695
0.787349523804824
0.756382308575282
0.767910230811741
0.885388867224042
0.796343207823575
0.698999938629382
0.772681313990262
0.731361388326583
0.756840699353084
0.791017630747643
0.868611583376841
0.830532661497764
0.917324968186073
0.850606824779627
0.725472815188318
0.961362663789012
0.752050634683011
0.882885247336554
0.793716023668523
0.91470712553908
0.784889101483353
0.675287383176025
0.841211796662666
0.869368631510111
0.83796900510497
0.649673813040292
0.87333211919613
0.887597511183163
0.907795270523145
0.9396958726297
0.875088265389078
0.896613739089453
0.683281309217564
0.954969257564898
0.915615719455044
0.826904992989326
0.799034734340595
0.83217871956467
1.01587392073677
0.877580917498919
0.926664454504374
0.839959379116993
0.899534430957131
0.868340877973841
0.93327088627934
0.967515059167442
0.99855402045378
0.873920855931539
0.923352094629714
0.964308378803096
0.996764851542605
0.760266690611866
1.05039069939061
0.829992503514706
0.85625964307123
0.799398282400085
0.825729462349793
0.913345050506887
1.03351528555049
0.941859456917715
0.832060331116404
1.00890342240072
0.948740582338555
0.940250495797176
0.907020067572778
0.952884228975986
0.984103296036943
0.8641998512366
0.807555608521927
0.907322946083206
0.947089327816127
0.821831385261919
0.97286383297476
1.03917713412334
0.840858587871759
0.845709681477231
0.951524091063525
0.849874123018257
1.10624045137852
0.883811661141412
0.982692450529725
1.13407477473861
1.10282913629061
0.840676021953283
0.932473246813002
1.10480739625199
0.86046657392802
0.915235726542036
0.858512737708195
0.836108513778856
1.0496122965715
1.03905294126631
0.963422835055665
1.00363949993768
0.875426646433295
0.859395379372122
0.97244803108219
1.09273637004787
1.21137909404577
1.13681943240088
1.12447701039267
0.978593630195857
1.0619207581968
1.10227969969536
1.04188765031428
