0.130341045509136
-0.976439948871818
-0.948590441901795
-0.933761154561788
-0.968115604984388
-1.05447982158999
-1.0661673945905
-1.02931427800107
-0.866578700297102
-0.88021744278004
-1.06238906989495
-1.06172571505734
-0.941983355695721
-1.00338224825963
-0.995358443707657
-0.978066939631349
-0.935256106587733
-1.0019118942464
-0.817571962625541
-1.00648458567344
-0.829439583617842
-0.779327490637747
-0.836094416891483
-1.0593417638335
-1.00564675867537
-1.00546828178365
-0.883203276297257
-0.893262641520697
-1.04487280220523
-0.815780877527462
-1.07745278705069
-0.957775199166188
-0.99991794302938
-0.968382666582551
-1.18440637202914
-0.871566776695845
-0.955688589714867
-0.952339965140191
-1.10852014515316
-0.998049968963102
-0.960971881184653
-0.853137643298259
-0.825632244224768
-0.727141203338647
-0.843011523214632
-0.828633199100573
-0.852681008783245
-0.97892178537054
-0.885804655370305
-0.922944277313543
-0.906231021971047
-0.9082989154401
-0.88808339459845
-0.735476241247788
-1.03646247865491
-0.692027167962323
-0.914176078911397
-1.00951252083357
-0.809347791761196
-0.846382792168712
-0.910752349177042
-0.796522003806153
-0.817870353285787
-0.861106089092892
-0.796752243490326
-0.940116166655634
-0.797431594142559
-0.713837791893781
-0.889711281938194
-0.778149521315636
-0.85347151524516
-0.894460519620172
-0.72596906646923
-0.778943114284883
-0.676469921487341
-0.965703064493353
-0.797990937559447
-0.769806676266648
-0.862200443746502
-0.86933611158497
-0.756271655954292
-0.827528973523628
-0.899768813891342
-0.803003666658754
-0.668375599853958
-0.824304578870118
-0.872008225968157
-0.738298532197573
-0.881459479375275
-0.840153770260871
-0.779898084796907
-0.792169306309212
-0.835124550347125
-0.907457502948222
-0.792588136345661
-0.734336982161692
-0.692803533582509
-0.814171096516219
-0.685363782249054
-0.835546667412867
-0.833520141068694
-0.839420732575015
-0.825628550414852
-0.868554318886219
-0.877417889501166
-0.799177089528339
-0.95822667895946
-0.726921755431557
-0.703943998046299
-0.728856502482738
-0.810357781884721
-0.738358462074446
-0.675167369710171
-0.663769467169601
-0.801769104419161
-0.741738977399995
-0.81456553154395
-0.841282954614711
-0.729830501281891
-0.816109126887623
-0.709299343700853
-0.847487166001164
-0.834144114984716
-0.602210116071193
-0.747219716303445
-0.740811846784259
-0.70032032809585
-0.79166385980407
-0.708354555147054
-0.734115038584445
-0.595168355915569
-0.791607873768771
-0.831551568905336
-0.760299002616379
-0.722627921131891
-0.722313317795231
-0.758420707417362
-0.634371324450106
-0.878034545715497
-0.627852073653108
-0.537949357706192
-0.687404150536147
-0.682979862793331
-0.71981029861107
-0.796206524670216
-0.64492767112581
-0.810330822360927
-0.576825809321128
-0.631983040298238
-0.692306670203897
-0.685324567629304
-0.639385611459014
-0.641991589429402
-0.749378198525942
-0.656165093834254
-0.7407743859228
-0.709611866501855
-0.681154311282564
-0.587728250320456
-0.508360943975017
-0.615648582255258
-0.568458204793681
-0.71301003383003
-0.646459817261352
-0.535161882989797
-0.624426865022791
-0.655410335172828
-0.56602670716716
-0.744136514000239
-0.554227234563408
-0.575304165635715
-0.640970146983624
-0.724735566760506
-0.602627864625565
-0.629577237886786
-0.661999775360575
-0.605955620063318
-0.729225866773968
-0.672557635191566
-0.497969453698787
-0.773566426669083
-0.492563026154034
-0.628555700841325
-0.722077644972351
-0.785495517282407
-0.55649499943433
-0.639689151411975
-0.686352790409349
-0.668207670243158
-0.561685318504213
-0.763390856606201
-0.740295810806812
-0.58254347138005
-0.548904449492005
-0.588151983393766
-0.554908654716825
-0.550589753984423
-0.716576165684171
-0.55767695463722
-0.671791442507412
-0.589767710961197
-0.615887904599067
-0.578695000197144
-0.526069795060111
-0.648287545314356
-0.522594919217923
-0.547989281176134
-0.56488062191807
-0.524191512169625
-0.474901091493762
-0.594878330534358
-0.586075027602689
-0.519864793902123
-0.452197390893215
-0.598164890877112
-0.520945821355273
-0.571487902056446
-0.493307228052146
-0.556999794945755
-0.521296277405573
-0.476085115895867
-0.596692488155929
-0.621466135785856
-0.647946715147541
-0.584506754820346
-0.590555805656338
-0.598462704907655
-0.477110101595307
-0.635673579851669
-0.484747930613024
-0.621556492941729
-0.528033550651773
-0.390539804750996
-0.536126117948716
-0.487326551301707
-0.612270640938189
-0.410533858745396
-0.433439051866881
-0.559377885401319
-0.448508628560261
-0.630771273400669
-0.553961406647595
-0.470995081476335
-0.541336914983535
-0.614805624414143
-0.635232417727547
-0.502331559543511
-0.461268336261713
-0.5089886457158
-0.302561798533906
-0.435766783167126
-0.452185857970854
-0.436392917361279
-0.565186993607808
-0.55987001691283
-0.519490733180969
-0.491419549889573
-0.482819878087885
-0.555367037936222
-0.46069381199263
-0.63101465934202
-0.372897897183917
-0.456700666816602
-0.37336062869085
-0.632999007654055
-0.510824711211902
-0.58857423771927
-0.50481419020092
-0.308073538361151
-0.542915899366738
-0.441522837704913
-0.444107832321364
-0.426022391885447
-0.648353021809829
-0.473553525052863
-0.489537076631767
-0.565439213862012
-0.634460541253482
-0.63296461569331
-0.597293365702506
-0.360830991068067
-0.344969046566753
-0.525948768008196
-0.409119947841496
-0.347035995207066
-0.426392055670914
-0.278098331890052
-0.45487097925797
-0.469971487939503
-0.461668784757385
-0.423788394688661
-0.396947654866065
-0.476752455759876
-0.396108722569896
-0.292239956471629
-0.46600286230296
-0.490327551967783
-0.513818778705319
-0.312201669301439
-0.271836473944579
-0.380539629883138
-0.42437492850859
-0.434264532362182
-0.416976792196597
-0.303332695151251
-0.372311032814862
-0.408525044103231
-0.578368476708397
-0.499943061119549
-0.305003250228449
-0.376162324984199
-0.307857832012741
-0.191314159219517
-0.432647776564718
-0.509649695962229
-0.443890793889901
-0.356891353384442
-0.382730736387086
-0.306332908001152
-0.426841119525901
-0.395099815858651
-0.437840680345739
-0.34379616050058
-0.262050931899656
-0.315053009673266
-0.311706057453109
-0.426698893430323
-0.134657308670846
-0.360871775775816
-0.485697470050886
-0.249626593707509
-0.411894959887023
-0.295169814076848
-0.184272684449595
-0.516891414218456
-0.211661666279657
-0.415895936279671
-0.261461248667708
-0.336751623466005
-0.348903362716557
-0.330553606527218
-0.352440450736779
-0.406172554187509
-0.322415620068027
-0.230388896560481
-0.298152917760846
-0.330061028464203
-0.324082106864108
-0.290759596083291
-0.351761350698967
-0.368283528484727
-0.395105730080364
-0.151918661540694
-0.207614442678705
-0.189627127173838
-0.238865518808327
-0.302658542037321
-0.273690628995591
-0.239469761044392
-0.26453071740651
-0.265302788653032
-0.29686042156563
-0.336256090132309
-0.289135474316191
-0.203309451824258
-0.258366761076058
-0.2963342612303
-0.203239588278599
-0.335565779534018
-0.30455315452342
-0.133399221791711
-0.237244401223591
-0.0874180640644454
-0.344014093509769
-0.185812514878264
-0.286146535252892
-0.226562728814279
-0.163675158075548
-0.149400436335936
-0.246612236358507
-0.2325114925488
-0.303002257955845
-0.379404496199147
-0.18111975360199
-0.283554544082047
-0.18339680915642
-0.138020435868453
-0.278482765808638
-0.120129974086751
-0.222754766706356
-0.210362643219934
-0.213247558179056
-0.239473885346667
-0.225159881529753
-0.215035036225931
-0.166775050510231
-0.20983132902731
-0.0624086967430358
-0.184023990043996
-0.191929731318804
-0.140946618391151
-0.135993020985033
-0.15190890003111
-0.250929568760551
-0.109571612160704
-0.308617747076075
-0.197060532866833
-0.268437266868768
-0.17588895890616
-0.129277103696356
-0.118278873404281
-0.255902468335922
-0.220200519461061
-0.161071376627072
-0.256104500419188
-0.0888089255141929
-0.111920653005081
-0.151975503254871
-0.285198393478159
-0.237088851904383
-0.0635925209836364
-0.0617705565786013
-0.296371044526948
-0.0881622436546551
-0.303554906176069
-0.0993313876953598
-0.143758712594055
-0.0527130220103404
-0.033177571955645
-0.161545095612373
-0.166508310046434
-0.17589214597664
-0.0535012694691108
-0.16260555887129
-0.0385355262308823
0.10879766010342
-0.0568374738926208
-0.179079448114868
-0.17357811020917
-0.114372877736755
-0.148964946374248
-0.22081472203021
-0.179733913408372
-0.0893190909762663
-0.0469902851091568
-0.0557376800413606
-0.142586189643067
-0.146655567784953
-0.0158662680890167
-0.185275705899032
-0.121058218014527
-0.0210137717126407
-0.149879010569706
-0.0860849375689787
-0.0838007052360652
-0.0554451412116655
-0.0942909411656072
-0.0461830847787004
0.0583555814153852
-0.0573927085249151
-0.112891471173395
-0.0844644804993164
-0.0834333521862728
-0.0121181947659074
-0.106427010699325
-0.012475208936072
-0.00255097725844914
-0.0464770177830397
-0.0878858145142083
-0.213911692666879
0.14030684281241
-0.0354477247785002
-0.043655352715782
-0.0999895257340172
0.063303145922202
-0.0763288271222247
0.0181727769606604
-0.167026434638812
0.0191072922187109
0.119062503554947
-0.0714298824870083
-0.117847015098997
-0.0457027399394166
0.0863511220480442
0.0441797684984941
-0.14179261832973
-0.00634380465616046
-0.0404054407297051
-0.0228965732136433
-0.040726936029167
-0.0608908364815356
-0.0455383807271034
0.104052066940223
-0.100588400555722
-0.0234976186464345
-0.0248188622550231
-0.0394866928982956
0.0282691569503651
0.0757489645764644
-0.196871390249241
-0.00127656238993025
-0.0567727552440472
0.0418320821521192
-0.0571569071691442
-0.110541154952953
0.0665549414939698
-0.0545616803477221
0.0865782827652932
-0.00507401745741827
0.0757753812399
0.161777029648986
-0.0455843350771549
0.178633798893391
0.0359283457658354
0.050545312136517
-0.0111566864808962
0.075609636718938
0.112132144350377
-0.187356859779535
0.0145510102702624
0.0230240894005372
0.0831184934542074
-0.0566453952544092
0.233561897031373
0.053369413472655
0.0646043722168379
0.185467944081089
0.105183404356237
0.0457379598418965
0.0656524495760999
0.0385863533124173
0.11974542024022
0.0154571707216732
0.0546479252684219
0.0835664319159648
0.0587128826841097
-0.0407869055735126
0.0445431469119774
-0.0399555836272483
-0.0151044163481988
0.135043768436781
0.113661253332409
-0.0556889514424989
0.0114477625773224
0.0548250917255626
0.00568009271590195
0.0570036474485649
0.0618324535585691
0.0620607068177379
0.154411783778698
-0.06050819891028
0.130286416491846
0.0260895323408593
0.185419786184295
0.103627223652645
0.0458608020314669
0.165658019979139
0.32981487415439
0.10370713996829
0.12393925756834
0.190100164731938
-0.0122033521599512
0.0718173508738658
0.0699706012449002
0.204242603178957
0.236561654789291
0.1707042446921
0.149920298716588
0.0330890413262618
0.104911049916136
0.167560549792657
0.218191217798067
0.146131579206645
0.0407859418961695
0.101910400437902
0.217117662462744
0.21823044346928
0.0946428196815448
0.214174536609968
0.08668756638532
0.342017431678111
0.0386794548427823
0.124856745500425
0.158435337592918
0.279275357219558
0.177927411254713
0.0557920311438115
0.181658167188672
0.259952151474677
0.233811143895852
0.251609418907242
0.195267477111613
0.162033721049326
0.135027202343778
0.0125915926832757
0.191470268482504
0.133511083502583
0.0770335756446603
0.299639405657505
0.147209771620138
0.203659843067277
0.193209408423506
0.185710253745331
0.181517869728268
0.10596576444587
0.228412466200034
0.301724725087851
0.204540736075017
0.26967121750004
0.18394164784609
0.139204324494762
0.233058395764419
0.103433466967476
0.184638986140956
0.345921907943803
0.142930124277765
0.273793944612886
0.25786612044872
0.282474302527108
0.271269549393881
0.222632514309046
0.394257094687287
0.206209902770353
0.270944602349917
0.21423097992552
0.278532464634402
0.322095233829252
0.24651629355822
0.172677134110443
0.19149556577402
0.030981066096738
0.196678708589087
0.287074445467006
0.341895467293136
0.140899624924666
0.16751142025449
0.392014078169943
0.375340935399249
0.312613723189584
0.171031186557216
0.360057140596941
0.269977847500865
0.181286860542237
0.443075545297827
0.214724928823746
0.229501506456487
0.276033792954657
0.205792956904463
0.257999735190887
0.243464298939133
0.274276330327575
0.332581192795364
0.309346543584667
0.218213817976409
0.334238095177701
0.329138841423159
0.263902199504644
0.401496949686414
0.232049280063888
0.221521976424684
0.508067726666066
0.400737688566696
0.397497116902251
0.334613924624187
0.249537824485
0.205034698270996
0.306614944863347
0.291974214625215
0.386750691441039
0.345288324695884
0.300222847844633
0.428219563978888
0.364275947096873
0.417297501584533
0.407783257096758
0.414310493914164
0.314304639101744
0.331214448801925
0.274463220291479
0.246066266232805
0.479756033522842
0.332550347878447
0.369883536487352
0.204549770330342
0.192289375360458
0.368350808189205
0.347164839423635
0.28423787144695
0.243808727303838
0.332381813995561
0.407713543569286
0.369034833720945
0.314521662832351
0.409144141138711
0.318487431254442
0.335021963722209
0.474592929975966
0.520121247716452
0.381680580276502
0.524151905248349
0.224283130752879
0.433433165118784
0.438281758606622
0.486329838590672
0.422561298968794
0.295017875364567
0.482721874935149
0.374193614046679
0.58669242490828
0.412156052753809
0.503705314565822
0.602784111584384
0.415193130600552
0.445549025501269
0.383909862132452
0.37219851437769
0.346941059328802
0.308186992488302
0.558536789026321
0.349828250581641
0.476925762093994
0.424486808350085
0.406758378087396
0.404687740034338
0.302247331082407
0.22010981547297
0.418283991786436
0.254882408964412
0.415109349622669
0.390041920535099
0.423086808037905
0.3770481954019
0.466869461151669
0.483683603972507
0.382887031977428
0.334850389183597
0.543939521223037
0.487235627383729
0.56872895942859
0.585791648980242
0.543938726352684
0.575601207958646
0.416871575501883
0.62872779453626
0.369426899283426
0.546808784068155
0.474039986394635
0.448511463339332
0.491849284224133
0.413296717528356
0.413798102046604
0.560338370101658
0.532992113586367
0.587411149942799
0.407464288520572
0.465649226522913
0.417174048987107
0.369268582094279
0.658263105735062
0.458437257099745
0.601271288653849
0.603842388215101
0.56697237042691
0.469053892274411
0.594872990270081
0.461236167019366
0.56293839279782
0.698293669548777
0.579661270090837
0.645336143100433
0.553719748476227
0.355197545168068
0.59887267321083
0.525528087079284
0.633291498922451
0.536790537589028
0.421705329680438
0.505590418725946
0.618687345493818
0.502663530662917
0.507028085227131
0.609653216957004
0.492379294918876
0.377216513744402
0.455512659650046
0.596209359148745
0.572463717442753
0.513860027423093
0.524757847041245
0.600085744542765
0.739575139767592
0.740911023863519
0.56914029286798
0.513937877339591
0.402153612168365
0.48162586956564
0.591535622626049
0.638680722144903
0.66329607825335
0.518181815913965
0.577464654036276
0.676611072978694
0.670747787821121
0.511909191266347
0.600354365630634
0.569825308948491
0.640797535596839
0.572837667509355
0.529920691549068
0.625308622901333
0.636390558176627
0.626415997912479
0.505995608656294
0.697639305964646
0.650928844093917
0.671079217926574
0.672015214242827
0.649019745392562
0.529882374347731
0.714336198118571
0.530634314800522
0.639210101965099
0.685883270196177
0.582110155127465
0.719018494397441
0.618664633793033
0.663780730307898
0.555171735338195
0.697954442712998
0.652311485850306
0.638299970240299
0.659189854431622
0.71429026271816
0.769152473337449
0.719425458055092
0.707362870921252
0.758343544066757
0.637721587818274
0.682102039822074
0.426696464711819
0.65237138868929
0.783276896061108
0.711715541623242
0.621708659584054
0.751603701943245
0.573906609651769
0.746572491685921
0.638189860728149
0.650297050028166
0.632606994694879
0.633780702812691
0.670169181538311
0.689130462667662
0.786470110714674
0.814449454148103
0.773085457172349
0.785982127136612
0.665887581228632
0.74621764667094
0.688303078731132
0.662900883591565
0.764497020865357
0.70104755654989
0.665180088115201
0.898846073720098
0.683098079432315
0.670140142299478
0.807358838469358
0.860140994624259
0.746287487603997
0.569233904167982
0.571688659920553
0.653101676985192
0.828763842744607
0.784218346656134
0.657405203759814
0.687318618381508
0.673928263105128
0.853532284065365
0.842985004336759
0.755534717051759
0.708070518106197
0.828606508363508
0.831559651470667
0.704185797977532
0.819713510605029
0.867264614474643
0.588461890834721
0.668285343488012
1.02078209514935
0.560592290023195
0.74470441981146
0.875461050025077
0.732346237059094
0.944938923504766
0.743467811408978
0.726704222359482
0.874429009552377
0.723144014398583
0.595834151430234
0.787138274485454
0.812050357644322
0.775417371441424
0.868291548325789
0.72259283998499
0.908406325766884
0.942427335110783
0.879951617930085
0.899180089241962
0.72032937692441
0.868461012215883
0.688612569408677
0.835972932640198
0.859985825113874
0.914041460611335
0.786321296472536
0.743401805076904
0.909813006499016
0.764576114094384
0.948841570099953
0.870799002637929
0.890803375173404
0.80747723340808
0.838917803626774
0.759000500548769
0.864669921020271
0.805114520383608
0.799506288480462
0.774601273572373
0.812720794420017
0.82697584038337
0.783473567437125
0.76419406153861
0.91954747871721
0.864920388525436
0.849384912145732
0.903803166018872
0.905403071669167
1.04998018099416
0.894130855345679
0.761925627286797
0.757516457062358
0.943581164263786
0.849561978153838
0.909805463190851
0.790630386558305
0.854422435557228
1.0376668919856
0.987414548168168
1.01078926912017
0.960796676262348
0.801845185546809
0.8075589819084
1.01367904280667
0.808078536430491
0.944770974542822
0.94214098992174
0.928961294330906
1.03447126681989
0.846361350899067
0.808864186122181
0.798531305834779
0.964027643844475
0.926770609137835
0.912167798554301
0.877980015577212
0.860866648497855
0.948046782553376
0.919216528844955
0.912852016795564
1.01256935419698
1.04551500917087
1.12321983292713
1.08413226798117
0.89162458500142
0.88266713542333
1.08930270656468
0.865991795901016
0.924547952832591
0.821003498894661
0.919524212653526
1.09346012611901
1.02886738844156
1.00666707494068
0.859568440157198
0.951900701035431
0.891291343445263
0.896074224543563
0.939742465856366
1.00445105683349
0.929444032908962
0.960162213130852
1.01997233177484
0.878826855343885
1.05715176237512
1.0201612334732
0.877701403922836
0.945586531463305
0.932207257162694
0.959173132652008
1.1194689457576
