0.0610454451754004
-1.03873769440702
-1.03430094414741
-0.921290566824722
-1.07358947890901
-0.81493214929658
-1.02019846628993
-1.05300126268311
-1.05168192975583
-0.834588038494984
-0.855227785392075
-0.992569369651213
-1.05768797551686
-0.848155733721345
-0.861001772222097
-0.904074467076917
-0.965416614212567
-0.868909029211486
-1.09067037233455
-1.10060680729449
-0.866780068994304
-0.894120324902248
-0.94493341027612
-0.943506255516568
-0.939404871951546
-1.03369511993761
-0.853917872088387
-1.13277091086146
-0.842954526920278
-1.04383061301477
-0.86487172623675
-0.842575501748716
-1.01031213753697
-0.968782644407802
-0.881862325827612
-0.822791953577733
-0.96323433773889
-0.891246014031613
-0.874532978513567
-0.868747104154551
-0.930070732867146
-0.843757610191566
-1.03752256274896
-0.816172907101681
-0.860121762949357
-0.872321917279637
-0.886648882084358
-0.877339253135724
-0.774678169818913
-0.856540514298195
-0.787252315450761
-0.817970647644598
-0.857751131092203
-0.910116548971273
-0.884251545842384
-0.989854250912517
-1.08296617311055
-0.758984546454828
-0.884945724439685
-0.854772075895804
-0.815319308622265
-0.94875664774737
-0.880921093607207
-0.887337582743036
-0.743669778944562
-0.792312800559661
-0.675621303966678
-0.904689843408559
-0.828084162908348
-0.787759927762751
-0.812976725868864
-0.908108924010259
-0.953387799663159
-0.735384371341437
-0.882709980558796
-0.801550789164809
-0.822485059917179
-0.846664306642188
-0.750974052001037
-0.942224903863083
-0.884226201408944
-0.879205836906313
-0.945824263490085
-0.904930883641866
-0.742017023240084
-1.05448125531786
-0.775333142039754
-0.853016022513691
-0.657613126653433
-0.873214531014774
-0.90398275457689
-0.837861497673354
-0.741716295409378
-0.900161467473777
-0.777177622311184
-0.696928724938293
-0.684599412720971
-0.986242012425477
-0.760497132268588
-0.732552457820263
-0.863105833443996
-0.786902898930312
-0.903165362761056
-0.841387475030042
-0.813533195860169
-0.815714862680734
-0.783931309906445
-0.94502568981992
-0.836258583002625
-0.740389679448931
-0.650421226011847
-0.750012487842539
-0.849911394753955
-0.728608411445098
-0.731393985307284
-0.722649777477938
-0.844530034615465
-0.846552975021473
-0.737219660828206
-0.706738138966025
-0.784263388766663
-0.739250996995699
-0.807966105761272
-0.808393054127338
-0.801027032108869
-0.776539876216884
-0.609298759156607
-0.72413192727838
-0.866348672436302
-0.702092276088927
-0.61606884542308
-0.741446550640509
-0.686540733447829
-0.553453011168404
-0.732437541602615
-0.634857987115551
-0.805842540325564
-0.794739983825587
-0.688868947614198
-0.662906865102792
-0.77241614864237
-0.785032550946615
-0.841808506493846
-0.728872985687999
-0.685167516097134
-0.605935685296847
-0.699423212780019
-0.611953382501488
-0.785985816610736
-0.697882507997518
-0.654637534989873
-0.708850664348141
-0.671831890941197
-0.66196271641648
-0.807458799584452
-0.684928366815389
-0.670577455690694
-0.641809120566727
-0.696890922289021
-0.62481889886261
-0.587977435158166
-0.500974135515298
-0.604050679822868
-0.767920718706086
-0.665233169442234
-0.728002273390525
-0.659183935804389
-0.788605924040275
-0.786693584910871
-0.554728430533208
-0.640991190836945
-0.621238708878977
-0.754742263700491
-0.678535825663079
-0.538029592379452
-0.755426489401048
-0.59041783365951
-0.486337834748042
-0.833178057781884
-0.596085396814225
-0.556488930483887
-0.613299491828496
-0.791960841584407
-0.717301008906534
-0.582743788447748
-0.583250485257472
-0.506050663181159
-0.696423174208114
-0.593082510025726
-0.686425597209644
-0.717186288046899
-0.660360325281295
-0.766312468475057
-0.634042376326534
-0.589550109917093
-0.764759348281373
-0.596490174383299
-0.574827043813038
-0.602838390568682
-0.437325551938448
-0.385839130570128
-0.623915687459154
-0.600979586440024
-0.685651311056785
-0.651330990896857
-0.633187445026194
-0.54846657217309
-0.670295471767155
-0.67362739313301
-0.645198443719766
-0.625012687157652
-0.503130183603235
-0.655092704341263
-0.605123216124659
-0.479287271087187
-0.493293795045309
-0.516589697282785
-0.516991727094474
-0.593429651314932
-0.681412905107687
-0.431413229135138
-0.631098741067765
-0.615369015850727
-0.46913684493115
-0.465203491264251
-0.531993058107578
-0.503717719790807
-0.665339197446989
-0.499356578574997
-0.463440086828057
-0.574352546640171
-0.4778570557538
-0.596104320134685
-0.45499015177843
-0.523064370987523
-0.44229884496872
-0.518955031005068
-0.317235260135702
-0.49025305889818
-0.522739186730503
-0.551881518856585
-0.608564930027998
-0.62862195369271
-0.610655459546595
-0.365233973033254
-0.629350029404355
-0.508504511406798
-0.511312510508775
-0.494136131600325
-0.489176285291037
-0.485426199088781
-0.47674211121716
-0.519842077663913
-0.508577478264489
-0.409204332248781
-0.535195055548698
-0.555446384982259
-0.590908853281982
-0.438443278901004
-0.561784680792911
-0.412529356541054
-0.528385086747397
-0.6068703585578
-0.389222802502929
-0.467980265952779
-0.531945082080543
-0.431962989059303
-0.539722542587819
-0.452639223669908
-0.45209283378582
-0.555421242856667
-0.389239837963569
-0.45937437838004
-0.412451753840097
-0.500448935967898
-0.474995456196173
-0.515244875846105
-0.500938764811357
-0.479036972575066
-0.362513170872363
-0.42753265908622
-0.551639569149874
-0.461399533039445
-0.420465491467314
-0.353857936851442
-0.451448271999124
-0.497425381162574
-0.358511078010615
-0.448913063337009
-0.571095819080486
-0.426967686306189
-0.405719784138611
-0.440791923779284
-0.269874155968953
-0.370331825121976
-0.486495819833522
-0.338208813640051
-0.396694943995331
-0.352115424336653
-0.412494089408338
-0.383953422042376
-0.598673734410037
-0.38643712987317
-0.350956916034746
-0.327471512343314
-0.4520236138445
-0.244471138489702
-0.465383426043294
-0.485028547543436
-0.418806442134985
-0.455532375563824
-0.22689800004802
-0.36637105016644
-0.411806682524784
-0.256523170148258
-0.29704810843833
-0.513792976212845
-0.333574122540831
-0.257954559923638
-0.367032448383367
-0.10038407369249
-0.318264464478535
-0.266449088696681
-0.283659917854195
-0.354865672466093
-0.418262025601256
-0.411614142523181
-0.422173010243148
-0.353630470389252
-0.424542201535623
-0.307245038123237
-0.377825658687083
-0.256823618881939
-0.293749905715071
-0.349138083188901
-0.375450556034237
-0.451302856590962
-0.38179589158717
-0.324318272556262
-0.215964422760661
-0.250958900236884
-0.402494062173821
-0.329110616570436
-0.347218780244885
-0.33424589464351
-0.369489417482074
-0.329504236129275
-0.221075145381672
-0.236091896704489
-0.250879682988024
-0.354927139140195
-0.375582298637066
-0.329448525751699
-0.272036229225806
-0.166624454985945
-0.313977587751765
-0.246034438543242
-0.379189780452149
-0.163708641762179
-0.195013754493179
-0.354538872307284
-0.255504927384752
-0.14990191662526
-0.234952449852491
-0.288076451002543
-0.233455662087933
-0.259736514244077
-0.165740618343598
-0.179136429498465
-0.11320914000947
-0.280230376821528
-0.409535805182384
-0.209383938257365
-0.157279960429381
-0.194696901181656
-0.385285724688492
-0.258482507612579
-0.10176294769726
-0.329793626730846
-0.0398289412245016
-0.216379947624715
-0.237892062983332
-0.226185380106348
-0.26010968030795
-0.326278906694372
-0.238795237746354
-0.303212061408429
-0.3166933300334
-0.198733242947139
-0.107381023330209
-0.293329961951988
-0.280673900241626
-0.195331360849676
-0.245526105045909
-0.065567325345099
-0.235301365154702
-0.151453287759161
-0.449031003844791
-0.103704617976131
-0.135378027646688
-0.191401708131421
-0.264445027487429
-0.182785397345137
-0.181193646598167
-0.278927586206732
-0.122427495538761
-0.137996326477805
-0.216132200824617
-0.279896969967459
-0.211796905340203
-0.116307015065132
-0.222509099434961
-0.173252922266744
-0.142159287678742
-0.158743653667336
-0.250400568440666
-0.0928266966276455
0.0357984468071724
-0.293631310366894
-0.162824146958678
-0.128215503873647
-0.074501946472728
-0.230681873829203
-0.219202130716014
-0.118087082830976
-0.245906195197906
-0.0841891286520404
-0.109355538367808
-0.202726834175786
-0.230123242095997
-0.0574009207900359
-0.149526258942592
-0.201910976903371
-0.142892716363668
-0.148188968892252
-0.203627135191822
-0.050117333560495
-0.0843593017135773
-0.165232233228463
0.020227345517463
-0.0552087725521009
-0.19520210903725
-0.219692504339232
-0.114406097065378
-0.164721747352797
-0.13468037879262
-0.129518247201444
-0.0985511977155244
-0.145453249396248
-0.0338093654741696
-0.132952784098211
-0.308838462568401
-0.216033036605871
-0.133738272688905
0.0427342699887885
-0.0573265611877133
-0.00269232263838152
-0.235210333457331
-0.158052725152093
-0.196315996802956
-0.116970165566656
-0.0297518733549389
-0.0781783733333705
-0.259352053485636
-0.134515371107846
0.0993892675443905
0.0324822074315235
0.0690136336059301
-0.0699404663545666
-0.067732137323088
0.0827759638023686
-0.0419442191734328
-0.160494957941663
-0.00960199927743028
-0.0727067117777503
-0.125093893411948
-0.0852227744507632
-0.12966562082161
-0.0386406891207365
-0.154036381906852
-0.0720723194160181
-0.105444945449004
-0.0163019276384454
-0.0104066056835136
-0.0839151299076755
0.0590851338676502
0.0265332966601847
-0.218718083423731
0.1166121667975
-0.0602542173856453
-0.0840730990411478
-0.0576134948788907
-0.0808690971656108
0.0268484351658445
0.0324628345513367
0.0694323794216278
-0.0708242450687592
-0.00792976466126122
-0.103230553539437
0.0189268816119008
-0.0876523833312575
-0.0323323624783114
-0.0591357877514179
0.0515359498516689
0.115022928105617
-0.102267268273726
0.0193071479000272
-0.0632831461894777
0.0742767354895949
0.0660254975413305
-0.0201168295168967
0.0873097349027733
-0.0788112272975657
-0.138427367202969
0.0563249326283184
0.149453416925531
0.0707620864232952
0.0179104435206496
-0.0514279192231168
0.135707980772838
0.00444880561204664
-0.0264982300777262
0.0142631339615163
-0.0185772733958135
0.0962585733229398
0.07652055968426
0.0110002072374878
-0.0459949729243258
0.162884606406352
0.0307169518082701
0.124092854646274
-0.145495648960248
-0.0765028343373299
0.0873226317104895
-0.023935591417408
0.0253153189980025
0.0904023309925671
0.00073957499727845
0.109478196949945
0.150080215170651
0.203655098169907
0.270977741911119
0.115570536799329
0.0275533372663438
0.0991128198197767
0.0218558455266804
-0.0346187395104595
0.0472397643749275
0.0665039793536948
0.0818694107874947
0.0961580428616482
0.157798639269637
0.0697298926105457
0.0298068972672259
0.199484569723276
0.0657552504302041
0.0223597499935038
0.10027134106449
0.116652485167415
0.13450692860337
0.193354951253992
0.327482612262386
0.224898033822721
0.124129147556708
0.179248276569465
0.113349051631723
0.185447903024604
0.298176628447585
0.149359889267276
0.00144799710393856
0.226620879840515
0.00222049849516463
0.174577462959941
0.0848374816236368
0.165870207113426
0.171698883832557
0.0871819321363632
0.227868009767746
0.0626036140926438
0.0865300851169164
0.20572121152422
0.0277501330642999
0.127592643442504
0.154661749156448
-0.0985964746462298
0.0200456956571034
0.0888528712265207
0.23702886116925
0.201253331748121
0.167221812863872
0.113641378239777
0.164801717820761
0.300989333373722
0.136524978591434
0.102070796820663
0.189748640345233
0.111084313769607
0.115167415547061
0.0961078341651768
0.143530701118803
0.231613862954606
0.182171357521709
0.0806465975388607
0.180903449219749
0.140288701066668
0.0436316177695734
0.333124428174782
0.258317983447047
0.190662746307654
0.00816082541992369
0.262574923182192
0.260348203561645
0.28445786909764
0.224588119598888
0.290867353017081
0.19330727097621
0.215123770332027
0.144640385310946
0.209499457129165
0.392089674491556
0.230961974792707
0.192056968669602
0.327593892616465
0.199908675351661
0.165440470720656
0.211521666344511
0.013543616278251
0.182410741195896
0.244851084126304
0.293040373906898
0.260471480880869
0.328636610897316
0.225335289395371
0.389956687888302
0.325116534136562
0.347309414837149
0.326951493276454
0.192663818033694
0.282758272538747
0.295285300921166
0.228209570123965
0.359079108498807
0.242523790482375
0.22382007243198
0.321064289930105
0.127852557931083
0.244373409871694
0.400082716999925
0.276050514103934
0.226232641556297
0.299490659407329
0.304468195268612
0.389209483917976
0.37678901945518
0.149652794651533
0.44092204216671
0.31940071673201
0.418679925606002
0.300520121793937
0.271468332416135
0.289034229491163
0.273766465420322
0.293406129675088
0.485078001658252
0.257313329091457
0.432034276018906
0.470984246438612
0.178871700766366
0.266809593285007
0.192055893530128
0.232997213961722
0.341862761892248
0.237892943906009
0.278565580715522
0.349604784410511
0.314509690527808
0.395108608830821
0.363161397514276
0.467466139296225
0.505973261898163
0.332342568655213
0.341764598443563
0.380058970365567
0.498705090571272
0.326292111301548
0.459249665542274
0.252957579895653
0.126161876800353
0.448368343179598
0.453610861854134
0.297744913236943
0.232533575482809
0.438032104887272
0.332103249158928
0.424120309780107
0.252424331020596
0.311435135995422
0.393906603604852
0.50691060004236
0.415017569815933
0.350466798057408
0.320033338331531
0.330713549306975
0.317377884030603
0.416788672654352
0.454268530661968
0.49375459588359
0.286450096902568
0.476326207732788
0.371998618800589
0.309875726255428
0.522699750167767
0.547436008903957
0.406254838923406
0.369959698894899
0.45802275325269
0.461927041410368
0.349307286715979
0.415759009264889
0.372412807776178
0.558734984380193
0.547538985201628
0.554574947651988
0.51951349544594
0.392430643378823
0.492062315202438
0.575720903087706
0.545884395575555
0.454621250151583
0.352569860668677
0.429276681872246
0.535626967978471
0.471945513717047
0.506860383710467
0.503915068979563
0.480618175964234
0.346039879564226
0.462226556240986
0.344741491975595
0.539964962617345
0.434708959560297
0.453380523362014
0.472207071870717
0.475311029144655
0.480209518161042
0.495583811665932
0.451694983167242
0.430888686518308
0.532915655042362
0.410080618729291
0.549811718581127
0.485724895488772
0.454989382041213
0.440451192922241
0.376545941218617
0.57404893565082
0.615011585470231
0.460760433202575
0.44870600519101
0.455133184618415
0.538064323263158
0.485747761137588
0.544485026905504
0.537070429494888
0.444027356904581
0.596596556081675
0.623095932909253
0.486129902396569
0.626362905930003
0.37951080180865
0.469970215435676
0.630924400173169
0.596242921060901
0.433567447535299
0.507504906484945
0.56317842501713
0.505190424868158
0.564468168654631
0.323723523599368
0.558428496602573
0.504763797903814
0.566486565342292
0.510964933126022
0.676508359243208
0.683116746886757
0.59462564709828
0.498064190498135
0.500488239746062
0.632780747811294
0.398353021183644
0.470730271579003
0.568395845173165
0.59691672124898
0.584117744151679
0.599072359022644
0.571420406716291
0.424542338477153
0.591306860308897
0.544706353723336
0.638896794790072
0.578268860967934
0.65880669815321
0.621811198678287
0.688076836437509
0.679775429127129
0.641568171709134
0.709625144874785
0.687015346695739
0.506442824378082
0.785570303126834
0.603426678780106
0.743750495205914
0.713797629661724
0.636635401157294
0.656393764190953
0.745574039736856
0.84810462975449
0.47097479927611
0.64939162771351
0.700388418316181
0.557204197907876
0.612300497462372
0.812334092442135
0.585083087147593
0.620808351894102
0.725174209779803
0.710147096614343
0.743109439129629
0.62951868513888
0.635732504790426
0.576390087076036
0.683459934854182
0.742999801729907
0.654586133929091
0.692236766083622
0.732767557672492
0.549345003240955
0.624831944663031
0.856351382723318
0.644941222841695
0.590584381366317
0.688790996671163
0.744923742778999
0.557974781811978
0.797106494829473
0.729811632836986
0.719944668167907
0.711624609299748
0.769867373596165
0.793951507140042
0.753294014348785
0.653399859543104
0.676040475881223
0.73563930091178
0.684130935691053
0.701972904867251
0.73768714014267
0.589666238191291
0.802724351988207
0.799569554857372
0.792301118881677
0.778171584996551
0.814035668062349
0.7769339811913
0.8070865693568
0.785566979318711
0.800059960461662
0.705458803359441
0.69550531292101
0.7464441635507
0.678754477228091
0.724117613255946
0.80441395037108
0.834863920632192
0.745909511597924
0.785356836953507
0.616500710844083
0.772792290757377
0.805974205036454
0.815640644429367
0.722879335158551
0.80001226987701
0.761722950187711
0.770519552506882
0.837155271445135
0.760058331433342
0.764769022092232
0.638845807577589
0.781582412973215
0.574035099187801
0.782094448115578
0.759949250375967
0.737084714273147
0.763088512605218
0.784984420939003
0.792643628360045
0.792966787306298
0.506678222025033
0.916087028932854
0.713518123081236
0.697193215139833
0.881551058186484
0.768027482586302
0.617437923449587
0.57821733665686
0.819923302795179
0.846267850162912
0.850367947587505
0.688067706691948
0.731941099769362
0.807995920600681
0.819741586343031
0.762708147362344
0.714449541934658
0.88059112616079
0.889613778967622
0.769707606280743
0.931853671233092
0.812182599153135
0.736121975313094
0.93121044282726
0.918909701877957
0.776236452853269
0.9581024832547
0.785737113093127
0.678604699487819
0.91059944476511
0.975459339723679
0.864987418902023
0.836178780948418
0.882873638448674
0.830709016353512
0.904207963434441
0.842241589228594
0.773618443189027
0.904180662226762
0.893334997134118
0.852399195837289
0.913420084678224
0.900310704837829
0.929844349513247
0.894117092896876
0.997982205604314
0.792374087495016
1.00847103924703
0.863200059130625
0.881413701806366
0.858663666613037
0.891998584765355
1.05037897005198
0.934023564277319
0.8898903724176
0.880488554702841
0.942445190466212
0.967728967807741
0.821568107500554
0.945063976423561
0.79459437512954
0.930043955359401
0.959742366252579
0.967363892941522
0.78420685050643
0.959375790190453
0.934232262062834
0.878092021209184
1.03184104781812
0.999933548005246
0.695108952430452
1.00242250605201
0.838814186014141
0.792130767416332
1.08121707288116
0.916507417289504
1.02911841934738
0.937302127112461
0.786296944258246
0.761863117636326
0.987201083187182
0.994945540742437
1.02273542345151
0.960281183789524
0.854078094205828
0.958591395529574
0.933898178147911
1.0489587766199
0.970964102662064
1.15684407394627
0.946827929628919
0.98271052709031
1.07409691801789
0.892154340109193
1.11370164966589
1.07107100700189
0.876368303941735
1.03007273697641
0.926745936938566
1.00256386303532
1.03277005341723
0.95119032689363
1.00012713253683
1.08424932197347
