-0.0609485070922749
-1.07072214142159
-0.937514037438061
-0.899875033160925
-1.00610372977605
-1.1249241242672
-0.894406421679821
-0.985208340220513
-0.96282249367738
-0.972685788430416
-0.919295292707971
-0.871622659861546
-0.970738366358784
-1.00982218391773
-0.953145767570307
-0.952712231376903
-1.04080297789528
-1.08871726290301
-0.959515439056726
-1.00643357728419
-0.892422404163558
-0.949571431184664
-1.17410796850787
-0.944411024668906
-0.897848144454621
-0.891935459384575
-0.946351304134897
-0.975550372857881
-0.997762947157053
-1.10388351938667
-0.965720096442368
-0.815859386830992
-0.905724078419206
-0.929415649354073
-0.906875880472722
-0.875501891463081
-0.853155880265621
-0.92013887054325
-0.845632506755009
-0.82779634305357
-0.827348379035991
-0.908942437864815
-0.867489277344537
-0.957323815395337
-0.90980238562171
-0.825035402445522
-0.913107137185881
-0.901492576429577
-0.886103811252426
-0.908504902617914
-0.93683304246725
-0.876975412662318
-0.883995158684161
-0.893254092890059
-0.988263830976352
-0.846250522179974
-1.03975745732586
-0.87382102263204
-0.953138586309868
-0.956975768800562
-1.00642443444304
-0.800238236845987
-0.911831174292206
-0.836312316692319
-0.749977155270621
-0.739799188662982
-0.879356850365017
-0.838174561838382
-0.869451482089522
-0.634286562486969
-0.923244697247425
-0.829740806847995
-0.805143920319775
-0.948382254529027
-0.908906074904041
-1.01824609598258
-0.88517960290898
-0.8154942788796
-0.90912412652499
-0.808867193219449
-0.784214579089424
-0.823274075109721
-0.783017821833528
-1.08211313180057
-0.764732801839149
-0.796496207867722
-0.84258335272597
-0.769610738770195
-0.97765820789714
-0.787115004018118
-0.78635311451233
-0.768308885368876
-0.925804723774394
-0.637512295719734
-0.815653225427204
-0.823510285297854
-0.730785923049735
-0.865220669029414
-0.847859548776429
-0.804803613988231
-0.789867856460267
-0.948489742695761
-0.860864516056965
-0.937656504309314
-0.808834141315993
-0.83701314723537
-0.63723427559343
-0.867797226320042
-1.02886061364096
-0.821921420023881
-0.828982087476772
-0.890314704335464
-0.758461233367999
-0.679668259471522
-0.801543239219853
-0.835803547492351
-0.741461534217074
-0.789121724946291
-0.684824738420524
-0.707196652012999
-0.756832303517781
-0.650415502492836
-0.776831271467835
-0.655230665049034
-0.638283073768192
-0.750229620793448
-0.601434440128868
-0.82921560970957
-0.751075992919485
-0.647293504598522
-0.845073233936744
-0.666203944442479
-0.901329045300416
-0.709779262672831
-0.736320268228904
-0.730507354265003
-0.805446256828526
-0.835630141650106
-0.716518555393234
-0.73789209999616
-0.57397448387275
-0.621724077423066
-0.72612671361444
-0.700343389311956
-0.570016198423568
-0.603077344698389
-0.579794119890446
-0.771381909590788
-0.659310148923304
-0.811722472504929
-0.729896907805136
-0.671859931573802
-0.755987786089784
-0.825757882572647
-0.65113475610814
-0.665901106370011
-0.694780370662325
-0.748874385187054
-0.698478668819568
-0.596307490093279
-0.814975446394727
-0.565181287772979
-0.68296354891506
-0.508835334167332
-0.699060783862054
-0.75901775454448
-0.683901450715548
-0.569527289049415
-0.5505252663889
-0.692772792862765
-0.650121967094903
-0.788889778544938
-0.621208217851268
-0.633980381468832
-0.650712347083421
-0.704407026387282
-0.748972694347159
-0.6631415482371
-0.870063816357193
-0.632856806730462
-0.560317773209673
-0.818584518334808
-0.670381925017594
-0.603017839055722
-0.576951543724871
-0.618093791498404
-0.677925123761143
-0.619686169869301
-0.629118950377706
-0.551689413397878
-0.782790117427942
-0.592438129973925
-0.650216098869
-0.695114485676795
-0.545591799968734
-0.568354686596801
-0.400218047332437
-0.60791474095714
-0.751922265486342
-0.726720346866738
-0.577776243414747
-0.756230090815442
-0.466536141669246
-0.622856092675986
-0.571505745270483
-0.544457110669211
-0.569995381534109
-0.769996968036204
-0.641120529677638
-0.473430648449783
-0.664152194936039
-0.469265095143695
-0.727542714541686
-0.52723444612766
-0.619398330740169
-0.551547922758499
-0.515154420446101
-0.494461114235898
-0.561054539840739
-0.505667649203793
-0.684291410717877
-0.538415660737422
-0.643267754735252
-0.554792201727458
-0.651053151738567
-0.544663683234643
-0.573508433303966
-0.467775596623493
-0.689596058480821
-0.776251584133031
-0.631889244493591
-0.613194811882181
-0.564069881569487
-0.46363569992074
-0.662923969161057
-0.526617170562091
-0.47048033917279
-0.449015518373293
-0.596208820526325
-0.508560128261162
-0.609938775032764
-0.358290864266097
-0.495061855233957
-0.470496360165954
-0.575411749655018
-0.585863165095392
-0.5026324766916
-0.519590545086196
-0.354343533444365
-0.315264719798494
-0.482560215656888
-0.485829320091994
-0.510624386260197
-0.514520252095425
-0.434791533237285
-0.539568493243771
-0.433359322630077
-0.562939757777331
-0.419326500781331
-0.544275974362478
-0.448562578445512
-0.475519506883113
-0.309767987752277
-0.52278185563424
-0.394344125458497
-0.590175790777453
-0.607829356285138
-0.492962258452017
-0.592077557737168
-0.418783551700551
-0.423504757544917
-0.481027062678233
-0.383040721924185
-0.529104143487234
-0.491259986926539
-0.471178743319755
-0.54737038710061
-0.365209436345402
-0.445047057012718
-0.332072921035096
-0.50998246907375
-0.557026703244109
-0.419703748845037
-0.503725292930661
-0.488355232479229
-0.425732847001448
-0.417510569506666
-0.409867505181173
-0.412464102849993
-0.352454651813617
-0.370227905100332
-0.610912735327303
-0.43609942396887
-0.507562902600705
-0.426436289495207
-0.384900734480123
-0.383070651581266
-0.362785102229019
-0.483099274360718
-0.422019295513711
-0.403600062413247
-0.348582591536992
-0.426220166127321
-0.514240257299472
-0.47396889196198
-0.400946581692234
-0.254643803659218
-0.379868082516424
-0.314537895226663
-0.285486566421621
-0.425355043719279
-0.344154461394868
-0.313540603339355
-0.442399196953623
-0.489121134072684
-0.495331188689865
-0.230182136289819
-0.287862518112803
-0.271035741732005
-0.416962584963
-0.441939684532642
-0.275677054938796
-0.331363101847982
-0.422763624738982
-0.472945209771482
-0.438608593731561
-0.410584197933897
-0.413625614687094
-0.412205277470932
-0.402297063256793
-0.170421503135205
-0.415730860185828
-0.306732290587855
-0.304127583736633
-0.434513357688446
-0.311653541309838
-0.463252669571222
-0.27103802375512
-0.193426450754293
-0.317270715830435
-0.401724494766039
-0.492020253731175
-0.344504282265028
-0.353880985116537
-0.367538106300592
-0.209379440146037
-0.244779797288833
-0.355910372316418
-0.12825737102507
-0.194686471511434
-0.342428072419626
-0.258343470712052
-0.203623725752542
-0.163538200692646
-0.400165657613047
-0.382780629905049
-0.15995231774893
-0.247021431700507
-0.249398603272148
-0.351163093611806
-0.340026845478029
-0.263918066429736
-0.354426666903107
-0.187448753335416
-0.248068404900934
-0.272185372771829
-0.210575293048014
-0.248565848196038
-0.15127854774344
-0.17605405029072
-0.252469423980991
-0.0579015089371347
-0.358224515652525
-0.244702574764977
-0.139485915002084
-0.201740749271353
-0.225242763714542
-0.34058668019131
-0.230564282430684
-0.362647481887133
-0.113416447570293
-0.208071933459891
-0.208457619069255
-0.312890951591392
-0.269872975073573
-0.196950544987704
-0.259284707219701
-0.162043641739081
-0.337870205924959
-0.0872543125659694
-0.224683405688353
-0.159762958613968
-0.133186114956212
-0.144503013588476
-0.268669389082318
-0.156476965270684
-0.383894547370849
-0.260470505970957
-0.284829587458994
-0.220229776273525
-0.0244886159221803
-0.358785859583737
0.0629722112728542
-0.239003015778034
-0.183395887059874
-0.140405977620792
-0.135551279661152
-0.0981095842311059
-0.0372714857235983
-0.0765505776456092
-0.0899398253768727
-0.237797891002001
-0.126556189922908
-0.0833122386544468
-0.205007681529718
-0.0742622218016431
-0.241638239334073
-0.0926813534230644
-0.0560472249042236
-0.129576938699717
-0.0683515756677261
-0.0922739110741554
0.0134589712692929
0.0020189529967744
-0.126532347794208
-0.0983561296636122
-0.251842420914348
-0.0954737202579931
-0.0537269417688288
-0.0485041521915416
-0.179374838923548
-0.235334457023564
-0.0942806187674805
-0.0918622823486367
-0.112343226868929
-0.075966428298948
-0.267314811042332
-0.168515654690931
-0.0986020700908997
-0.250816534241554
-0.0500997854103031
-0.278808795578337
-0.148993785890194
-0.0861938123057485
-0.100626891000648
-0.218034569160975
-0.128104592230867
-0.00167234365776715
-0.0940395361235453
-0.00898142489037156
-0.152658317137074
-0.0875327103590077
0.0527926956324546
-0.150446060610209
-0.176260957356724
-0.0158020122304933
-0.000881784457804696
-0.0972088571109788
-0.0367486594996992
-0.0140009670413453
-0.126624074237062
-0.113091787931774
-0.132622716646751
-0.213572434503517
-0.0953032867268364
-0.138752211255253
0.0913973159993067
-0.213044306084974
-0.0415679777876753
-0.0689898069210191
-0.134601567773925
-0.0603050853560887
0.0711907809394892
0.0589475208347833
0.0420296572608231
-0.112321125644463
-0.0307087250313786
0.0232424742288063
-0.164990833043268
0.0970795932625622
-0.0513772869135322
-0.0713990309626497
-0.103895887120773
0.0502849276013631
-0.0261790238093051
-0.135261920390541
0.101737957226038
-0.0678684242049553
0.021287373932955
-0.0665483346516503
-0.0395229720664823
0.114180279195737
-0.0959420222126354
-0.12154002774604
0.043724760992984
-0.0603339616987195
-0.0513889969551288
0.171427464385507
0.0498586631543629
-0.0891381378050669
0.0750799494203459
-0.0150828411117928
0.10358415745427
-0.131401031423696
0.115899331300493
0.00145925559818933
-0.0321799044709008
0.238493216022084
-0.0654049172224425
0.0194148941830818
-0.132450063506597
-0.00310110006116563
0.0522291013714146
0.0666983974974185
-0.00527401216408444
0.00652409048310868
0.0599900246938363
-0.0525053108093831
0.17778996763261
0.178898400909251
-0.047059386036302
0.0534246500283964
0.164636189462595
0.102644053754599
0.0175133965153222
0.0461032423801902
0.165003942792671
0.091835175016333
0.276020855194057
-0.00658115551925288
0.0447020440023505
0.0557545888183843
0.0105904884195537
0.125589726662169
0.0946820721264224
-0.0172935094596315
-0.0317635068606757
0.156454878666006
0.117356675630108
-0.00506844451557418
0.12191753686767
0.189997687222353
0.181965090447723
-0.0237179271346587
0.233290196839519
0.0718762687879818
-0.0521224905259723
0.0175347911107299
-0.00933994171692151
0.200174662795886
0.145326440873552
-0.00732133417889065
0.228555248960604
0.0234783370083081
-0.0118642561137689
0.0722203561321368
0.0887048724008137
0.0695976097339068
0.0140671539193324
0.0954315003385073
0.10069668160219
0.155682761648879
0.132927969203751
0.00891158384284201
0.132729770252117
0.2204289209121
0.195489227748438
0.245938693956164
0.0564173100255759
0.207801281344594
0.157388009609268
0.213123046476562
0.104514664776184
-0.004660690420014
0.157535028807055
0.246939701949024
0.289635364513874
0.241854950164024
0.164739885154609
0.28386694738645
0.268472936002489
0.127598336891836
0.106338111807137
0.220423977543553
0.164820114447578
0.126762736250842
0.177501406225286
0.268450853212201
0.325265888997101
0.14053035637171
0.160551335819347
0.0691015695553923
0.189266400400276
0.119617684608011
0.186468447485028
0.189353681516246
0.0100666355235557
0.140288836254371
0.21457544431178
-0.0423069751878108
0.213900103864172
0.0669468468551313
0.208951624031336
0.167069570651445
0.245927121392546
0.293203668494998
0.113699835293394
0.22631089416855
0.137078274913359
0.26639722305001
0.166165086079747
0.358947683820395
0.293891440795562
0.149230003482483
0.198900815133693
0.332748102563178
0.296640584376914
0.0878907094368321
0.297661406577268
0.331608278489001
0.250151937716035
0.257634004418616
0.281349219056303
0.330387059268193
0.253223248028248
0.264818259736827
0.21360914250046
0.249551793276519
0.295890904157288
0.274529904210452
0.106351551320416
0.33779552786553
0.263038539463678
0.38471612446488
0.332814411107105
0.155421065166381
0.355036084255549
0.171166617003337
0.246910858194585
0.296347289014769
0.394675660471503
0.231569833515467
0.252481151467115
0.296650296911894
0.385235861578945
0.467181146804222
0.484764091717511
0.162700022625673
0.369064335470061
0.402716819030421
0.323163449347895
0.219209292267393
0.121122866944152
0.200740715879507
0.226417290215211
0.223384388773404
0.396252121062604
0.195210458148782
0.459450248922796
0.19737215946311
0.463580065800983
0.354280746190176
0.300955368436248
0.304271391761198
0.349955208589225
0.20055654806692
0.0950569223413214
0.400309917929909
0.379791001133689
0.337030662946812
0.426189893328945
0.35043859599891
0.295403460224476
0.485183249408004
0.182775715194744
0.444639200353328
0.439330215691455
0.18438890457838
0.425289905263707
0.379656755756218
0.325753774297035
0.274706668252367
0.372363909444975
0.489758859666672
0.297442362724349
0.349288694210499
0.428303244450711
0.401743857281449
0.308462225349182
0.397502462559825
0.52997908273121
0.280236045440502
0.363558211965297
0.352550102111104
0.525131555083128
0.319281686282428
0.452910817013881
0.361507670593608
0.430506187981417
0.337578607704795
0.327826446321039
0.427242219139748
0.441467790221143
0.489062394898234
0.450933647672357
0.319412189124142
0.349637475042862
0.411962056176793
0.486943497682532
0.378618599571181
0.496116980414488
0.451547907999946
0.343726112647147
0.386702775844209
0.337347299523178
0.476407369208775
0.447688481646506
0.298281938040311
0.598725162128312
0.305587089426222
0.455643765037391
0.468593442833454
0.394448123986011
0.402831173617419
0.46461363713487
0.355691746543124
0.493626226269948
0.458209227030221
0.452154318790308
0.455644563860151
0.56215342428473
0.495508483795342
0.535485660399712
0.391407488582299
0.492787559610357
0.511819149805678
0.557199137986123
0.305309304868644
0.481645449998744
0.371404230080147
0.591130579825624
0.594643476995618
0.518933319419543
0.510210419321228
0.457842459274202
0.50372388734439
0.4947487929755
0.534482463120362
0.511243242418701
0.541448881442712
0.505488958985477
0.397874708610517
0.522350773833351
0.442925838471385
0.513284041361603
0.502736226845553
0.34020205210706
0.567036278650917
0.435244276048288
0.455641330473289
0.313821921462304
0.396540731810819
0.562606877199925
0.664535501144907
0.510287010525568
0.488070599574343
0.472525533144282
0.490675442373937
0.601483882939644
0.48758357781529
0.606464928350538
0.448985198414612
0.79345868575466
0.44740960211165
0.533093905833098
0.521390736445834
0.517256857019831
0.682658196000975
0.531947259239333
0.40275506397707
0.559652596780075
0.558557615941187
0.551339073832133
0.484891115591397
0.597191224312158
0.566843763320087
0.727715650012218
0.667122784851286
0.493220347041339
0.444100299218722
0.68626693840808
0.520653147012724
0.602366078520908
0.65134344417351
0.538160538070884
0.486009798402027
0.61637826961604
0.579758700801121
0.565288054779287
0.699127944569
0.630508122151734
0.66092467470447
0.597099517735387
0.739956767831025
0.768950191427927
0.623327138483667
0.680288782868398
0.679209349424243
0.469048924594368
0.721970568284101
0.512709171292957
0.566530096871502
0.69198068833975
0.683295207692217
0.629623131730856
0.568150071987045
0.835134743608306
0.555741678195304
0.634946327299376
0.711865316656623
0.704451616631369
0.647120352856513
0.606532277241249
0.489894089311586
0.728180456014224
0.648813392238855
0.63721387484638
0.562071864500118
0.751846512102136
0.592779536251368
0.828102804312866
0.674716023646614
0.713058368739611
0.544666375133596
0.452197969400682
0.696182420566919
0.797111461911592
0.561634448383264
0.741085272920579
0.650598055302208
0.581648604528156
0.725466200140156
0.521904200317581
0.733066972345235
0.788914894135099
0.733334782697667
0.618911587379458
0.818539455428321
0.840527101042811
0.549162323279449
0.693948045537598
0.581648378417692
0.712831281806433
0.796137326515141
0.779984102365013
0.803543705378911
0.79021957769446
0.550620036158294
0.731241604727256
0.55221568053841
0.739138689643225
0.855097626572215
0.903013261939522
0.723765318569348
0.762398142873795
0.738300419716264
0.642434043022933
0.841753777724725
0.770855073331226
0.60334906016004
0.918278504620086
0.814706012378511
0.746896111676419
0.738667303777969
0.735766545675524
0.745310163312254
0.77489840193621
0.714499073364943
0.748985001884269
0.758378917959475
0.794567781472301
0.880461166617651
0.797583302827784
0.744578205516762
0.768779101511275
0.725455283974044
0.67763686364391
0.766086093781888
0.732885888712446
0.721296956498145
0.789294819756498
0.830579381185194
0.931302045229291
0.691070771892356
0.956228702734681
0.71508913393801
0.875236055798479
0.703672610197817
0.745795928414949
0.893563055751086
0.932066579361908
0.8114303715594
0.79473854527975
0.821015826984979
0.645042933163532
0.735064944225514
0.669995775048111
0.674523768134804
0.749286599004551
0.860649618034591
0.767650360496989
0.833101128827084
0.84118930495445
0.781764646563298
0.79461737605897
0.724434895050178
0.728784191848129
0.931593306077835
0.640834549516252
0.708757423777975
0.894587030114297
0.916127444469135
0.759595797341129
0.802450935760284
0.949671857584887
0.987510485467714
0.910588938200378
0.777347463676087
0.809626768134193
0.882885475824912
0.961312388931342
0.944534570108257
0.91274379052326
0.763297540890267
0.840196761828543
0.767016263490176
0.93759428140016
0.930868004909033
1.11814717183847
0.814893987728469
0.839896095671955
0.941604699075304
0.878193766297101
0.874746398831351
1.00104959618924
0.907136661062637
0.736298216553348
0.86249147051879
0.740407401007537
0.977575652350906
0.777974037992242
0.904804755717765
0.981240049161723
0.75677223106838
0.854284035156296
0.957960757861418
0.913646029999422
0.818140674751386
0.948410818732051
0.800327633809027
0.984264490940816
1.17542905962389
1.00513472264015
0.958211728618555
1.00468137871742
0.865577156267425
0.885589242145068
0.871190608840505
0.914355389174574
0.903930943148416
0.908291826829573
0.86161808537319
1.00240675296129
0.964013282368355
0.954799769176703
0.984939602809077
1.05144164947023
0.800717276188824
0.915645844907801
0.967129627818577
0.893237329273015
0.939691540136531
0.976073569997842
0.969781412854691
1.05198450216253
1.05949530286805
0.865634296012639
1.00497677173718
0.908668305685517
1.03625324123537
1.01671365278766
0.957684641440769
1.01517991948434
0.843768119857887
1.00530329375071
1.15697021623509
0.889363473206971
1.02720671259308
0.953165545923047
0.933441776270752
0.977889402707211
