0.148012837023107
-1.11667094617181
-0.924837453081102
-0.936557525063525
-0.990129039158239
-1.05798004295837
-0.949823151477739
-0.932413889667805
-1.00659512952536
-1.02173328481687
-0.889031879024663
-0.984499569692877
-1.01819908939942
-0.905494787236013
-1.01986944005408
-0.980042421797251
-1.01254523758297
-0.978510873751705
-1.08115809353989
-0.92238275216079
-0.955598427960397
-1.04214116404218
-0.866163466189419
-0.894736849497747
-0.823645128874675
-1.03543065324641
-1.00751478813686
-0.956266429556012
-0.868841697665943
-0.95891309714005
-1.04116712495108
-0.948370025001428
-1.07004336728899
-0.874157213297809
-0.976691735339151
-0.873693782934111
-0.843642551058266
-0.950816216149724
-0.855597644797874
-0.800995373591014
-0.987544686721119
-1.04227526546736
-0.668419109788179
-0.93797488604744
-0.924056895857112
-0.836684796374617
-0.887868153951413
-0.936195070163044
-1.12289426588065
-0.970240015695967
-0.814192980672381
-0.843376220408413
-0.880522892351976
-0.772896612362306
-0.799326706496074
-0.971191003794659
-1.00403127919334
-0.773051081861204
-0.983965654521311
-0.89800945150459
-0.905557549525754
-1.02134213884518
-0.887254481220383
-0.819391461229686
-0.970077020813467
-0.912340898588436
-0.928756571187071
-0.767665032740156
-0.913724847877537
-0.982256484363653
-0.920294084702957
-0.957823740252698
-0.727767684441684
-1.00044990086872
-0.884947847766146
-0.866777545665496
-0.790743851171346
-0.72476992566148
-0.844998341567244
-0.752345212425615
-0.817444428979394
-0.92361652724217
-0.825865572713525
-0.940358430509937
-0.717298651195411
-0.942923663961647
-0.818982780879715
-0.95940321192155
-0.832096566161735
-0.827208091455675
-0.772670499853895
-0.807524160064913
-0.820606850326412
-0.784009896626321
-0.78270422746598
-0.875732302080438
-0.691176330741951
-0.844574827208242
-0.851867494531339
-0.893768489124157
-0.790078313264961
-0.890579830901993
-0.818158210202536
-0.722503306627056
-0.809902520266057
-0.766824028142388
-0.800143343954163
-0.862833874344971
-0.838488134006087
-0.974212565706631
-0.745161278525948
-0.795517161493297
-0.730338150829867
-0.810621471092677
-0.812354410111648
-0.768567650473369
-0.719924506285937
-0.849519757260269
-0.751214581583414
-0.686568017046644
-0.774901269149695
-0.780040586047756
-0.791918029771726
-0.802215831537876
-0.779107270367971
-0.74071684136707
-0.646792940277202
-0.764630727794645
-0.737303989291777
-0.808427779066472
-0.777010174029074
-0.809012790729362
-0.788362135910646
-0.826185528563408
-0.702954227498644
-0.540093837680841
-0.753918100802169
-0.615622675128272
-0.719778644890183
-0.672701319694756
-0.716519702531008
-0.591544254888476
-0.846723137679242
-0.670597515101044
-0.771591352759
-0.796452122753645
-0.71082820869023
-0.696801672355482
-0.639044621749817
-0.732127503453303
-0.664963357441298
-0.651734991646951
-0.661583319134663
-0.639485221215461
-0.737062384535818
-0.707604462246924
-0.642978273133222
-0.557939896992443
-0.647223721258989
-0.644226233011257
-0.699751966010524
-0.685326804078761
-0.552731934390103
-0.71206168839217
-0.707560060171582
-0.78753589258061
-0.662250341546008
-0.689758860045353
-0.461080281138803
-0.68710200916221
-0.730669161525669
-0.684831670854967
-0.593970415326668
-0.738171373353787
-0.645843019289757
-0.694118466641336
-0.648350258618759
-0.647788250513395
-0.599758269939792
-0.824331919867748
-0.663113768465404
-0.685691424647502
-0.70200318483481
-0.715382946455318
-0.699360641887849
-0.629676286515132
-0.564973983194163
-0.707197933297769
-0.621790512391728
-0.742267788256374
-0.622965662253759
-0.692101770285868
-0.753359839922317
-0.6533567986151
-0.587056070397692
-0.377484951024259
-0.624855947647817
-0.566877490390377
-0.725330587797619
-0.626147129642593
-0.528686467277911
-0.567530183453632
-0.577293522263542
-0.616513884436161
-0.594546091659659
-0.530014121640045
-0.656209350478797
-0.47055392520974
-0.670776903882002
-0.555293150054139
-0.48717396133048
-0.624640855855881
-0.6023660748324
-0.557240736257051
-0.621571723191251
-0.657524535149913
-0.63945957280671
-0.449801950581725
-0.504871437218385
-0.470533031071877
-0.537818668351174
-0.625818231241426
-0.570828175585324
-0.574852074937525
-0.547472392895242
-0.523018957446624
-0.53595886292016
-0.60429426948554
-0.432868012289541
-0.538721292687889
-0.529941926190811
-0.419037741717089
-0.50407488650314
-0.539861185350646
-0.460326226031897
-0.499692099763445
-0.677013628154117
-0.407425081101886
-0.444836318647568
-0.65171288578093
-0.516278617246964
-0.562507991100667
-0.476648709519799
-0.453936216995757
-0.572916321556344
-0.540894739207584
-0.571039995732123
-0.517655258125462
-0.37900366886855
-0.582657005097999
-0.505480444866151
-0.623735668923797
-0.454910586257685
-0.401220921793986
-0.457055506620144
-0.583153636287608
-0.549509169580946
-0.323365173757768
-0.44227233490426
-0.487377675075103
-0.530432731537944
-0.483337790146832
-0.495942899719155
-0.3477262301355
-0.617089962648816
-0.477666336698775
-0.51356591726567
-0.406410276944436
-0.463155385351951
-0.512957930304058
-0.643518672698522
-0.39092551238913
-0.642470562135878
-0.488378217491721
-0.393885493930344
-0.471578522993822
-0.528801648740799
-0.446931214357903
-0.434518139009789
-0.50105205078916
-0.397113968074173
-0.460150052701169
-0.517291006916216
-0.554504775043516
-0.499418166254413
-0.379449161519523
-0.559994530070751
-0.468728791211824
-0.398787315950629
-0.448891271986147
-0.450979875473243
-0.417064036073165
-0.372809880569561
-0.579391653330168
-0.4671903064021
-0.355235692043042
-0.362643715611269
-0.453285236214968
-0.384021873789613
-0.325418005866349
-0.490481487766851
-0.565567818679782
-0.365965847814436
-0.371449774628731
-0.553874471924953
-0.406001535908498
-0.365761619205439
-0.310766269611729
-0.393542666971196
-0.348670878073431
-0.262655250642587
-0.445404208629902
-0.320706560232548
-0.576336673345249
-0.432336068742388
-0.302111103680583
-0.387822853492414
-0.319798369840818
-0.40391628616484
-0.366973839693523
-0.440357653482948
-0.270708698187141
-0.42175648389415
-0.328236013730746
-0.385533247821734
-0.358816846232258
-0.34109477307721
-0.313676468055202
-0.369098445225437
-0.340370187836082
-0.452457642904048
-0.256677297985135
-0.395855369828866
-0.306270639916772
-0.204554268357461
-0.289295592229961
-0.281433709425708
-0.490982507889756
-0.249148209748278
-0.156614378576609
-0.323086651283495
-0.400208554894238
-0.231865559674211
-0.247580297650715
-0.370042566564529
-0.384203347473514
-0.347561145620732
-0.552969529199609
-0.316730084122666
-0.314273148751665
-0.306562410943715
-0.233267157151857
-0.391868585852542
-0.178713783921205
-0.201345846552408
-0.320447452368678
-0.284059421501508
-0.25316363987905
-0.342059912010278
-0.293520740000857
-0.433344690619195
-0.220502973598098
-0.178498797751104
-0.414497083982551
-0.358616916312359
-0.360655510529248
-0.332885995354434
-0.230293501216164
-0.247874986129958
-0.366715942920407
-0.181140071000229
-0.21093759343255
-0.0309506047293656
-0.218182620601711
-0.367829989577599
-0.199615058106301
-0.266219988897695
-0.285794624994618
-0.234513147989442
-0.256448471093814
-0.434095547174845
-0.2668341978962
-0.232864453824459
-0.228577362289363
-0.229921116034166
-0.301679003742365
-0.0020624723750002
-0.091509035197936
-0.216608267857496
-0.386235267772769
-0.394261624579712
-0.250077502009747
-0.2736893877641
-0.316951662697095
-0.244904126000593
-0.403070813123247
-0.149898235474977
-0.275210496559803
0.0200618800298822
-0.197778742797288
-0.281666675455763
-0.135163625571973
-0.157008304319604
-0.204359672031253
-0.128906828101875
-0.173242280818482
-0.231299948415434
-0.185173818211649
-0.305029636328206
-0.0868108618731244
-0.114439069771859
-0.261303637651541
-0.150866491432361
-0.204511225359714
-0.20630938996055
-0.206356611177666
-0.197674471466754
-0.158353997287724
-0.380662887752727
-0.104652680484196
-0.114176009192698
-0.167271382345107
-0.206912067383792
-0.0575601502270242
-0.34072661121093
-0.301872897068039
-0.159697188980369
-0.272073915030786
-0.23209436662675
-0.171976368941008
-0.121390267485137
-0.194182075044189
-0.140983562452502
-0.137305106014759
-0.0372913005456976
-0.185854305414833
0.00602583214696388
-0.123184302664259
0.0297751526163036
-0.00625624194467618
-0.0564988068436981
-0.064923794273418
-0.158542755926755
-0.173634814002095
-0.069697208704889
-0.0827528642486526
-0.196638375702834
-0.133382670431707
-0.0314468176279087
-0.148141157229775
-0.0834205299018499
-0.231761926111613
-0.0745329145602689
-0.182626171009075
-0.042489095631059
-0.0871498220215129
0.072189853790113
-0.0802874611527176
-0.0220601863334222
-0.0559095290648067
-0.136196019331001
-0.153053499683958
0.0722069522855977
-0.0305050482642806
-0.146531774658778
-0.0174582741335442
-0.0140739506673574
-0.0768592092321893
-0.0651688808985901
-0.0266971173927152
-0.00550459130820926
-0.143418895660522
-0.0170072798691269
0.0826040128056907
0.0236978538597332
-0.201445713302246
-0.0543988097257307
-0.0812991704869528
-0.097120411069404
0.131553251883267
-0.166759407177211
-0.108077514957625
-0.005129794983786
-0.0760263932658235
-0.083123554365123
-0.0802059113723079
-0.155158918667967
0.0398112560973094
-0.0868899464951835
-0.0385522400895319
0.0150438669193351
-0.220108563272699
-0.0762020252910201
-0.11016861030939
0.00429842261104984
-0.0670358197717223
-0.0601852253341483
-0.00850899482773147
-0.0663724874065934
-0.203733702323153
-0.0492643888332032
0.0681007225749444
0.102676420357532
0.0171419011938442
0.0832676835041067
0.0513423315382827
0.0127321995825867
-0.0128932275744943
-0.0426498338712488
0.0708134570776049
0.0489888126641852
-0.012583075431736
0.0984063420591366
0.141682630808078
0.000282511955393752
0.022944378608658
-0.111096012293098
0.113438117602155
-0.0721281270263806
0.0686008312794753
-0.00595073057618398
0.0716349008111081
0.203504719806247
0.0971312680018932
0.109532969989304
0.070038036665409
-0.0251653129448208
0.125576950817198
-0.0219477968236312
-0.0268827278934771
-0.00380651050183126
0.0596973142181266
0.0907553349642439
0.140836538484652
0.116224728826319
0.0501085231065679
0.0534028582773117
0.0423227422439886
-0.0176099794167202
0.0816900473453132
-0.0859572626361738
0.132995166175685
0.182861150145153
0.101761432590417
0.196779937554044
0.105884206497659
0.0501236293515557
0.102599575511133
0.0931700256845908
0.112888997968354
0.0996063279037614
0.0595907119627641
0.0574016886201887
0.130895668568606
0.0327182896184546
0.0993475272190608
0.311854156300806
0.132623010724396
0.233708207727397
0.111013269958883
0.0741617312009484
0.149501657928731
0.214110075793337
0.0943208817227356
0.123965293509925
0.317408938702128
0.0576840332244328
0.250944937527211
0.32019846421596
0.0924204718011893
0.120420766116121
0.260907991109821
0.0839532793526428
0.267588286190982
0.0867367491765332
0.357788317671004
0.010476827231117
0.140589570671551
0.0601548106645714
0.19077792644366
0.026601913025698
0.0431149975470876
0.160694091920076
0.15431409600931
0.300149824159289
0.197535846295968
0.133323346311278
0.242474140396309
0.17759751817538
0.340662639517307
0.219254290361759
0.306985337661982
0.0311897024299315
0.243890656458682
0.327077432594425
0.178531720061235
-0.0041938249704446
0.0700670368640657
0.158368874563788
0.22086462830483
0.19810310033492
0.210978042937813
0.0262994567918975
0.121593809088346
0.0491483431745758
0.201427134271806
0.164893524550731
0.290546763487194
0.104716072103023
0.188937304898284
0.341543491651479
0.214823514956597
0.147404122847271
0.318639059421175
0.195641067261492
0.117319891187579
0.167868203811906
0.178645182112198
0.293069916979441
0.208854386754953
0.175966256902681
0.170908186157245
0.477647997183813
0.398949175635677
0.170440938592455
0.187126166127322
0.195168592886007
0.125577796765358
0.211611842001025
0.261983673487043
0.24743375380585
0.291471037736721
0.186089420002685
0.369576698141531
0.272260344593209
0.290679875098337
0.318429671290041
0.216858201733736
0.321810696695901
0.337630923978817
0.224291911207673
0.35263468972972
0.328063763835579
0.275044212900948
0.263078133318008
0.34217075931707
0.266085685697306
0.418887493497041
0.231504447227266
0.342128410169757
0.168381016832065
0.322025149994909
0.475925975990869
0.344493230412751
0.270421091507541
0.368092384858971
0.322548219127194
0.378373939428616
0.420229491097099
0.198020123120047
0.532230035797104
0.277255037443499
0.267338409740366
0.285230715812403
0.434314747336495
0.310366052169482
0.521257824443613
0.243119781913535
0.232518739844576
0.30857652168831
0.457197280704234
0.24653255769789
0.317188281355156
0.236893410497597
0.148902953458343
0.427699414852261
0.326524858116835
0.343341412857131
0.273146337250136
0.283486494373436
0.251230234751922
0.281653875310153
0.367516449769478
0.228367494512653
0.227313712120665
0.325418244520101
0.571951411971527
0.367316965017862
0.442276186193521
0.405291398888063
0.42598339149158
0.339966056247364
0.42062910397563
0.34220933061765
0.586646238491106
0.452088826119994
0.377817025959682
0.447926361013568
0.375511077902181
0.468896493551546
0.431615118471079
0.452322080214634
0.332820755014545
0.418385083827542
0.222009198332716
0.425860530126315
0.235568470434723
0.35796269065805
0.312381928949224
0.444714591727821
0.544832842240175
0.389248568823323
0.490035255342265
0.367008963239908
0.323415220996782
0.461964439868506
0.459128959645806
0.373580993101522
0.271887941550516
0.388078398186229
0.530976603082721
0.450957963075256
0.541926519290757
0.466092960396366
0.421808400439401
0.593618585967119
0.451338879886156
0.237946511642296
0.419420053077624
0.510661779642311
0.548233702488222
0.488224373024494
0.441474831476418
0.501931383773531
0.410197174945054
0.500471479444377
0.372966569781171
0.5316811032945
0.458618164606735
0.44059216581882
0.546473284117277
0.427242020546143
0.482177160710674
0.473904682018611
0.420305866084805
0.580179014762006
0.371064956159147
0.398338651977699
0.452652195127821
0.512604307364717
0.435412747898604
0.486623950572423
0.48536371967386
0.459941044979466
0.500822086284666
0.553632552102722
0.606256137586211
0.494716385944613
0.433797776822833
0.485420858462744
0.386279346787155
0.450022086202519
0.497423173717841
0.697805076999901
0.449084395260861
0.408994222388336
0.506303628013415
0.497034236702877
0.683973292723908
0.408099606243763
0.511761352001712
0.523596887223376
0.462717213380258
0.540871774668156
0.631305281212748
0.569692989812556
0.354793481892558
0.523476121031032
0.587072876986149
0.487226915973739
0.658749255069885
0.659969271870838
0.666284977639269
0.620658578697952
0.582572559560026
0.550183836003785
0.496851555634786
0.560000952758571
0.647408346415948
0.6175045895029
0.535029095044701
0.667564440489598
0.666230435682214
0.561220070483006
0.571551766529425
0.743434467347627
0.508332067995281
0.636744992476321
0.610354339403902
0.81007695704601
0.527588198268963
0.479563947363799
0.537117079705497
0.662239986964614
0.617331206366521
0.66572142056635
0.602385991073899
0.652584225158429
0.741649353363092
0.698852611471922
0.632583565967108
0.624815908264955
0.645849296781359
0.717392440820211
0.640261163950184
0.596045029517675
0.643144090704135
0.463391250915529
0.592917528302934
0.52760628797069
0.645453150294916
0.44509626283542
0.736590939013771
0.528658048808057
0.597492674156803
0.529328198678193
0.560186258719736
0.667068860078101
0.746676785365363
0.707079473420305
0.585749211441293
0.671766791827694
0.656671895575461
0.670611144818052
0.767494557840471
0.641887211362948
0.609019458071642
0.598308848538925
0.72030493882833
0.723497387806056
0.828106159756879
0.56233609069035
0.68924867087586
0.777593695045958
0.749817930105042
0.686513951940089
0.633565143779195
0.837122759957007
0.633958407921817
0.769040592238173
0.780997352509467
0.681620399980752
0.752534606928522
0.795542013627561
0.709995268325965
0.778382269269693
0.796892594910438
0.596179777808301
0.80240108230748
0.75039610304016
0.698448994278413
0.718880612429108
0.804111740110179
0.762496432678154
0.787536952299779
0.845014790718142
0.659987999029984
0.657544977355881
0.607029938078741
0.764253150353287
0.756720446824052
0.63686856589775
0.751318430824235
0.723365289578053
0.66329724519086
0.974374578441979
0.783094527777027
0.704142693328822
0.940531307815766
0.713867411302804
0.78035944105602
0.536154841954871
0.702190353724598
0.725658957100328
0.739711174640924
0.757207416046944
0.774436429564994
0.8175447528811
0.850254589271679
0.734700461952612
0.807980629106567
0.794862529060924
0.651470556208517
0.716865819525451
0.715287146582012
0.732231891601201
0.784405981264053
0.756374087108627
0.790586792558063
0.892558398398447
0.760372596209845
0.70369389320776
0.770106020543646
0.743391168510937
0.752339717864756
0.79419574411257
0.851289193575025
0.833955796117933
0.893919029554099
0.835823594785882
0.723799912184125
0.984253521485547
0.726564064953607
0.885837943988631
0.795113790548395
0.924702742962076
0.782871666869912
0.693877919973537
0.829086488273759
0.890918444524368
0.835986237898385
0.661057110776754
0.860252255140808
0.879300309864253
0.899602623265395
0.936220555618633
0.860269943402577
0.9115428269236
0.690199488656461
0.958053401042161
0.9249887570667
0.83022127669666
0.824356890372873
0.814584921623664
1.00943111454457
0.886378856939746
0.955593920069736
0.849210018683258
0.902866617329167
0.866002052095912
0.925799678936857
0.952144081814494
0.996423710902839
0.853179053103801
0.929677313012901
0.972609858187386
0.976822947416457
0.763348521761407
1.0379315313327
0.825392941801951
0.857244853492152
0.778269703603769
0.826974333529045
0.921867614166829
1.04034798655466
0.955915782046693
0.854520268310281
1.0046187763714
0.952412990477843
0.931151419918864
0.91785700554463
0.924225320727443
0.982455095983387
0.868319418095524
0.8059568867423
0.906128935698185
0.958222518307866
0.833577616303619
0.978920952582105
1.03866533021441
0.837784933080282
0.846273065778701
0.932726663860599
0.865850532277188
1.08811120215985
0.882258696278097
0.979405977231365
1.13655422683298
1.10086800752286
0.843446014701508
0.907484167528371
1.11880180410794
0.873908121249002
0.930667648060906
0.881747038826811
0.835579423467409
1.06149212989958
1.04749475829477
0.961547652823959
1.02113430949395
0.874861187893039
0.83429676885233
0.997683830711483
1.08084282253148
1.18742762809531
1.1452069595551
1.1208376059987
0.992181127846601
1.06877113711428
1.09142138034975
1.04963032282306
