0.0396923319770626
-0.994964558566159
-1.06524043135044
-1.1311926552195
-0.99383322886548
-0.855084662313598
-0.939119885648272
-0.987898834496423
-0.898998105860905
-0.913307929170067
-1.06938052039639
-1.03493159683993
-0.946678562323331
-0.976528323841081
-0.930255353727554
-0.878549162948817
-1.14745255505045
-1.11403887519007
-0.943305602173767
-0.942492350284052
-1.03022504946141
-0.932779747880609
-0.906900048807846
-0.989370356377842
-0.891567099679238
-0.889586551653017
-0.952117637257467
-0.980378456515669
-1.072742020792
-0.837820976097714
-1.00829085832382
-1.00740380029705
-0.972739290488587
-0.911620639048964
-0.949824867212106
-0.927853049028774
-0.929657515077362
-1.00938825528854
-0.911423048520666
-0.825713961831272
-0.830691040586298
-0.880618940655768
-1.06907916757744
-0.95711635373995
-1.02779465968786
-1.01282947903245
-0.997263411785418
-0.806567437433623
-0.884197540608679
-0.867484544593238
-0.918897947717876
-0.976208637277062
-0.750703781967166
-0.912050458436546
-0.795688973956182
-0.861944195019145
-0.941914027499015
-1.02507441889691
-0.903759912880015
-0.853596757021921
-0.957444864600235
-0.817410988591872
-0.741528832974666
-0.855877572992645
-0.936923237766556
-0.712194546827897
-0.820179851291316
-0.844196243114648
-0.745638922421963
-0.746471902897905
-0.792700355176764
-0.80461196375584
-0.926993312351499
-0.851588264364596
-0.812235507844617
-0.707521838941199
-0.883905543561164
-0.896092104404942
-0.885320276911137
-0.996658958154411
-0.89158256052053
-0.852896869244216
-0.865803365576861
-0.738482752074525
-0.778086584567617
-0.808403325958517
-0.81099941928774
-0.694598461899132
-0.706814690465724
-0.904351650012499
-0.73266342475424
-0.825361733196488
-0.724968298480999
-0.986669970708833
-0.860399283950879
-0.810578994907297
-0.826699923135993
-0.675724177852181
-0.79378027145468
-0.681223900984131
-0.839673242309371
-0.746505082905554
-0.833560289769608
-0.798399310380126
-0.857919226358563
-0.760634357221851
-0.707301655452457
-0.705047566698439
-0.931920756758956
-0.811301104962757
-0.933674596537656
-0.711521602977797
-0.771324145147026
-0.695833757934918
-0.827527137049199
-0.825874653236107
-0.76708471701149
-0.842205826788257
-0.959099755023112
-0.684436894488761
-0.808987376941885
-0.85021121241808
-0.82871170843276
-0.699516301108342
-0.738552808437901
-0.684792082504738
-0.791940046727916
-0.723495000847612
-0.729340049189471
-0.950100534271313
-0.708873342387989
-0.838608334039695
-0.653412828320177
-0.716270350982812
-0.683184371272237
-0.748649096879231
-0.788797097593312
-0.768989273721478
-0.733017749930666
-0.677243200287509
-0.635043739065761
-0.8601116505576
-0.676861398245043
-0.775196065492394
-0.768911737714549
-0.73862780657656
-0.660564168289817
-0.74550604332147
-0.759773348971338
-0.802036391349008
-0.711219276395637
-0.741734817364298
-0.795453495818467
-0.646217230241133
-0.79138747831858
-0.638829650301221
-0.649979831503431
-0.662838647722485
-0.729999957493772
-0.635499943621004
-0.786078710593763
-0.609052996443673
-0.643916735694009
-0.69475480688085
-0.675181624993315
-0.813551728238547
-0.421817649773329
-0.580347251441696
-0.646408318475499
-0.656294208254261
-0.742780531964336
-0.663895641173808
-0.569771112011663
-0.691717220056656
-0.636036439946607
-0.57950322448787
-0.600170956575079
-0.535216714683806
-0.636995992350244
-0.721219865108928
-0.691262522779494
-0.511493991018594
-0.481184793696103
-0.609278698168799
-0.641306607146437
-0.647638298219103
-0.596601358169181
-0.521063776332465
-0.500671581201862
-0.662364352336756
-0.705419065523587
-0.630645445950237
-0.65025207498367
-0.585098472724489
-0.567007525490352
-0.611910428787921
-0.68122645785258
-0.774266143642506
-0.67108228154917
-0.552542492303189
-0.652776353981484
-0.661403330514567
-0.640321142933719
-0.44598664321003
-0.518828958914003
-0.664375766146908
-0.572760153407152
-0.638008701056535
-0.740722937220497
-0.499774394129721
-0.396537395004185
-0.547264969655731
-0.661846147949512
-0.52913527739262
-0.700195019326794
-0.732989486763069
-0.509622648417775
-0.705126594369306
-0.524648474144138
-0.62318770763363
-0.627204719968245
-0.652862722119219
-0.416946904693521
-0.522259656913537
-0.597134702942254
-0.529196138677821
-0.347025370869624
-0.421973189151769
-0.670826238580165
-0.600735045053054
-0.375093665357801
-0.565643438366443
-0.521207244491358
-0.667585086611346
-0.531287000703416
-0.388868049005401
-0.573380071067189
-0.511499399727998
-0.605366257487335
-0.654194086124679
-0.586472307710073
-0.508929689449653
-0.486814808779606
-0.48480978674442
-0.353430811743859
-0.566863693128842
-0.48010937435821
-0.512801815920209
-0.705233415018319
-0.410775604228592
-0.604088952122042
-0.65197794016911
-0.529824572362789
-0.405877265130129
-0.496791715676375
-0.482760319651898
-0.565497699570144
-0.54943962511474
-0.610739413012208
-0.44170898422231
-0.562401431832858
-0.561199161082381
-0.455209467234182
-0.506879901303106
-0.509099882438932
-0.414840219359834
-0.468746866187166
-0.407851894172449
-0.489875994935821
-0.439142173498558
-0.564179146873833
-0.453411133406728
-0.579633698092045
-0.398200967605248
-0.402372120532086
-0.474640723054717
-0.39063450854214
-0.524153155192983
-0.508501277440213
-0.458332735830256
-0.431189918343278
-0.368701659231609
-0.425011163062076
-0.494247884164725
-0.396250853382242
-0.343549108159719
-0.543802564487448
-0.515623534711037
-0.279662694536768
-0.481428591713825
-0.369739603582802
-0.497664267699635
-0.405955415950476
-0.430710696733914
-0.457956620915931
-0.412775477122154
-0.468811453931054
-0.317559326193503
-0.438443002826044
-0.453745889267122
-0.448142227063318
-0.307198427173982
-0.342589581377157
-0.279335591276818
-0.28214626381536
-0.430669490639879
-0.271741498667566
-0.45171416882511
-0.509797348123742
-0.44599132339283
-0.335922874081021
-0.357777629771005
-0.33141608870856
-0.440256514610117
-0.483576069673647
-0.388440172326336
-0.316349442744333
-0.359489708495826
-0.323703878023287
-0.441035542195723
-0.415938178554836
-0.294486431506281
-0.310743376682545
-0.434934951352409
-0.28589546976677
-0.224780818215665
-0.278401943324119
-0.278910198615458
-0.298442588374427
-0.429130653462292
-0.526857067923405
-0.347213720477763
-0.305618829369066
-0.21102421322068
-0.316529246047725
-0.346830762502544
-0.304349600947327
-0.280767050197753
-0.369289438167332
-0.190762060999653
-0.400825937998124
-0.317791676498243
-0.400955234340605
-0.33115344998096
-0.319149986047535
-0.410601495252565
-0.278985324091544
-0.263492429950223
-0.350735495587352
-0.397790331988779
-0.316827576059932
-0.481954431269327
-0.308079448740982
-0.29794497797441
-0.191833051019706
-0.252226973591211
-0.330479056744544
-0.418603055524264
-0.270857344673717
-0.296185830500948
-0.327316981747023
-0.156623626029228
-0.198301151079456
-0.365924171183019
-0.391403339356182
-0.288811865812034
-0.235419884909687
-0.284206676345794
-0.30592134497405
-0.237102553244386
-0.260627538651276
-0.290460680604633
-0.26255328370612
-0.255278961738686
-0.219292508082863
-0.359817935629121
-0.278719169165194
-0.432178389712157
-0.18110150752067
-0.363631735624161
0.0562867048240008
-0.189567661570261
-0.326474119237985
-0.215521159245897
-0.255032088215576
-0.221690178443196
-0.167193874011759
-0.0370765221511865
-0.236805012365484
-0.191298658358236
-0.273520855050564
-0.139708636527361
-0.252792120759175
-0.12703449878198
-0.41430552934995
-0.203032208813002
-0.26405429857163
-0.237062748545433
-0.145702482748146
-0.287213147258592
-0.204133517904428
-0.161474559294331
-0.120909729203525
-0.189207951644946
-0.194538105027846
-0.159912609819953
-0.16844527539269
-0.211882752555795
-0.15640973735225
-0.199377068804225
-0.168261267064506
-0.0530316585050118
-0.332335204132888
-0.27598687770406
-0.165126386606278
-0.0879405590601118
-0.194689978620469
-0.0341556748187737
-0.216965872658705
-0.231125114169701
-0.0393046186793818
-0.22545457295729
-0.216559697620216
-0.137666886958159
-0.11018588081621
-0.230616120782424
-0.0593478139676223
-0.116258975306787
-0.103842360490181
-0.254230922138223
-0.0765646730935887
-0.0270789615925782
-0.176566096244137
-0.206550062606082
-0.0315727110145762
-0.161667479485297
-0.264680588840255
-0.296886683161325
-0.0287771894917947
-0.129186132019242
-0.0858372562294839
-0.236242777273408
-0.109057906883766
-0.0949891253490947
-0.117719340924362
-0.0007138191773381
-0.0776471737855976
-0.135985264432019
0.0269660788220297
-0.113139761313789
0.0787522864693131
-0.224084716819724
-0.117130948429072
-0.0317443213270318
-0.0349832147165786
-0.0628960221151104
0.0134404599950984
-0.179127921581855
-0.0462402212254122
-0.0992402032195246
0.0364770208150749
-0.166606008407382
-0.0623005940608915
0.00378316972523776
0.0386811488557896
0.134760318707104
-0.0779785132917438
-0.0864403544536925
-0.104467511244262
-0.0458409528800727
-0.0304222390311115
0.0393569003762878
0.0149278653660731
0.0488911693940781
-0.0778885209400516
-0.0492218770445505
0.0476551875924819
-0.146166541821596
-0.147087415789867
-0.10263970400979
0.0882487004059682
-0.0342696988433588
0.0291616707324335
-0.01596194034357
-0.159866008145091
-0.201912028470089
-0.0260274847750507
-0.03641237099927
0.167883776470643
-0.0267797190343566
-0.0335437241196556
0.0547334098635164
-0.151853000309268
-0.130022672510729
0.0518309166233555
0.166517226760287
0.0654930041409
0.294330769374437
-0.0223267629941276
0.0240423380858378
0.0107025690041536
-0.12792967684511
0.181024720669155
-0.00692686427551526
-0.0896594018271776
0.0743901226238784
-0.00736229675695067
0.154073825611258
-0.0858379694281244
-0.0725014300899122
0.0739363332146592
-0.0064550706151161
-0.0415952559371163
9.97027181611693e-05
-0.0340955800342236
-0.167877423981092
0.0197994214352163
-0.122064866321207
-0.129795482091189
0.0240273818336727
0.170445655908008
0.0697554523866887
0.0788512228391599
0.188482111647578
0.0775066457046662
0.0974203200273564
-0.0386690157440226
0.164134422099776
0.0760936656174205
0.0940849543414287
0.0345090419122656
0.216560752084335
-0.034709161870771
0.159413819140211
0.0721500042112927
0.0580201340892614
0.00301835254207163
0.0852074020095863
0.114608065650316
-0.0148303244316191
0.107962947291882
-0.00585859848284227
-0.015871516125699
0.180562664315186
0.103696405832361
0.0639253186186983
0.0958653716138377
0.194529557463441
-0.0415541667475357
0.0293409497460737
0.182197361608234
-0.0350149034920666
0.151225129333235
0.020835126335735
0.0931448303708291
0.0786707209289521
0.173601786219031
0.000231307094187396
0.0342363148010599
0.173195687517797
0.146694960754086
0.109592611327365
0.20458789122937
0.160159794472097
0.173818595762372
0.0979379480903448
0.102564846602946
0.166642840458059
0.00143154718584829
0.100831710041975
0.117208083246259
0.21433058353547
0.219024568153104
0.170436095278505
0.204576479833886
0.123263889816268
0.0533403694515724
0.172623003126744
0.0433387084252941
0.131071942652312
0.00951218528318583
0.26748184651722
0.0138389487420221
0.181987317664608
0.0760943970350639
0.341342472802468
0.0232101274473243
0.114887512144958
0.231150271779644
0.27902771406914
0.172764118553429
0.145346468208582
0.238400799217804
0.245543126571539
0.213160945392113
0.189806833397388
0.0806500753209134
0.228471488483972
0.229553848531265
0.111331536291507
0.202605447169419
0.0721054658539886
0.194307972857018
0.155477146629171
0.36397646868131
0.303310795845744
0.190825291616414
0.180049857037998
0.25429091482671
0.0447764957339376
0.111845698642456
0.17203941279482
0.177485025214926
0.058000853566975
0.196534625599043
0.214651937036097
0.0299338819759104
0.189825612683816
0.262408307822313
0.268322879883953
0.337050520128875
0.184451164160057
0.235525856358537
0.253141653682271
0.389072358645482
0.193542988890854
0.153586123030302
0.224710855921032
0.359109548115725
0.334243626758767
0.179590655423287
0.285850984304389
0.292038107125114
0.102596191769141
0.363343771076905
0.357059556370557
0.29665415847549
0.269160080208911
0.17603823429274
0.241671280945617
0.223435416176982
0.172533874696572
0.332933147497617
0.287278085159757
0.310718912863946
0.250809115916391
0.365982010964595
0.14826497534475
0.279635862805745
0.378914705234526
0.324215140256067
0.296484308403472
0.439996459146925
0.296363301919337
0.283024654981261
0.376911839029976
0.365959865550019
0.375310666339675
0.242774983360817
0.35955602584163
0.353313279517245
0.257760079135206
0.3765487050297
0.330147947176671
0.327481908374418
0.271471960129893
0.285452060840305
0.339513423591571
0.336671329449986
0.382763418309181
0.36692101284472
0.310881029182518
0.298609962333014
0.390031631220405
0.400631708177906
0.330775704552335
0.219425652031759
0.356371628385493
0.377570987343405
0.25889667732366
0.334681360588695
0.325786462272936
0.299749538167573
0.401142848187461
0.403241217139591
0.427150594987952
0.376491557253332
0.271972628592502
0.249513778998921
0.340485657350378
0.308591652048602
0.292599964992481
0.34935677943232
0.385172216829549
0.334207251276934
0.540803511662574
0.56007895941765
0.454095471084586
0.484228869235932
0.368348901929933
0.420181898239406
0.5492914558195
0.451894057363421
0.479911733894464
0.413295790313105
0.365293256865472
0.446696849285228
0.197374196699829
0.264194609105849
0.416308537786667
0.283598612934918
0.441916922804318
0.516507183788442
0.537388574022146
0.264803775060077
0.547696138817432
0.422224657614764
0.369334372831344
0.42726826103872
0.367409710606835
0.387160904405429
0.312020057790874
0.652125293962948
0.393659145411638
0.638767489174655
0.535538011393725
0.378937132137809
0.405221665059435
0.277538622814707
0.407239679894786
0.476678175124533
0.564208000620906
0.427284219000975
0.53034806651213
0.430104101630184
0.435910027367886
0.47289437880986
0.424852828984811
0.451500303099158
0.317660452466295
0.382292983801023
0.4111308671861
0.453595565668768
0.40493875612799
0.414109613283938
0.572323496248694
0.392404652336264
0.532644217484633
0.532670787144055
0.484274255973303
0.641033594671804
0.446771770767419
0.595711109711571
0.523204971638296
0.601635810043995
0.446286777665832
0.533557693466974
0.456724430839078
0.509358748800301
0.554860342101538
0.555672145809592
0.522825393850014
0.493062800860313
0.568017839616597
0.534965489337567
0.563740010478908
0.451454217640379
0.613342242829996
0.401807152384933
0.514062214832718
0.40144569862931
0.572357881708833
0.55326359491508
0.502841704138233
0.544692703904643
0.657836307237113
0.590919199927604
0.444623137619405
0.408183740134252
0.51702676212734
0.555083766677512
0.637633402532509
0.536939900710042
0.590544163997107
0.69059339413318
0.549786599537179
0.509845316107351
0.69028954907456
0.541726086548697
0.552189319794961
0.680958235161133
0.630847085166537
0.336001938745381
0.535409172782783
0.645829124878671
0.517911020082568
0.689817818085059
0.698013785749125
0.45562883930226
0.577454146023934
0.616561608140365
0.583911228328792
0.49496889031839
0.549445025263674
0.557965995712346
0.726561181491377
0.558571131108479
0.44484016362527
0.661122053521706
0.489650959972516
0.718330089271042
0.699656504427807
0.636862112000079
0.601279551554305
0.685119220381332
0.601338056583387
0.718457549850521
0.659002536767177
0.531369808537413
0.664838794627796
0.747678506494043
0.585048233326607
0.725943961058257
0.634733532266819
0.660498708572093
0.619758602957339
0.769164425042289
0.670163530519033
0.685686140532393
0.681676403533612
0.679610528999901
0.596202780298106
0.734646950897955
0.737833771823497
0.735945404112657
0.788230561249269
0.598921677378593
0.681310302009924
0.638838282114275
0.686751493180726
0.701995401810993
0.78210030590067
0.811881420883022
0.747587784480619
0.465617104992007
0.678284450023609
0.638367323314465
0.700515650417826
0.637745022779344
0.68475079161154
0.669975401090513
0.708042243684108
0.716949224844063
0.723820698380719
0.778178801806116
0.728924233308127
0.826208236222414
0.826406265553144
0.719343124833984
0.682210572331284
0.868943428699784
0.65906030709264
0.639277300363484
0.765132452288943
0.703645025042706
0.573108600992076
0.624667015562102
0.591812879585673
0.664030711826421
0.736761323486655
0.710723058648598
0.741544562646514
0.678236756264634
0.584323929744973
0.72303588919303
0.832706742684518
0.653405163914984
0.749070942258821
0.662940706915177
0.732209248743902
0.833370181868291
0.775734581147661
0.835568326060544
0.711370718643315
0.881411280454604
0.745082420924364
0.81224557613595
0.70939111559157
0.820678757146585
0.907913125931424
0.753739728019127
0.797274957426183
0.948031405904267
0.896230549439007
0.706136991156478
0.85669743129551
0.854960377284286
0.75389394174322
0.855057582473798
0.80514222257022
0.836990282767245
0.732801729215471
0.685614655357864
0.896226177259943
0.778165474711856
0.683811708504036
0.677997952571693
0.785066224311593
0.987839971396503
0.851037267741685
0.847048808928091
0.857590315582725
0.966449655180786
0.757003192028957
0.726324636897106
0.831555638720735
0.771331095452742
0.853034978085918
0.940486941256883
0.933370239620915
0.848290916619647
0.927368307582749
0.823376492554159
0.759079406303355
0.832056251789814
0.802467963006841
0.758674444420688
0.784906328305791
0.762376968481338
0.869157187461574
1.00981827543558
0.989942681934682
0.93129737055941
0.792293636372185
0.805361561521781
0.907545166400982
0.987017001761658
0.732712125829775
0.911950814564082
0.795954747183639
1.03505734108264
0.880207538977615
1.11316260329353
0.822016888073206
0.93195504159878
0.889153233463318
0.937184637747851
0.884699512242025
0.777980049445659
0.934635576776552
0.977798658959957
0.913117313440115
0.81273513009224
1.15702876898321
0.928708058288682
0.824420373585938
0.798928238419798
0.907522149084204
0.935839200454125
0.691445023325086
0.919434919877355
0.868090028487968
1.0206938711208
0.906755681599199
0.930089256792442
1.07209160668426
1.02101921198613
0.928022392770077
0.984817415153504
0.925868978680364
0.97962461027644
1.04495462385166
0.920473818684311
0.923508275120991
1.012410990075
0.881317062234976
1.00684579976367
1.02665916483491
0.983742571619858
1.117848629658
0.94356462517506
1.15269734413375
1.00715385142022
0.947238365803754
1.05261918149762
0.883117312861429
1.08976932258143
0.899992013974871
0.848491951842883
0.962836061303826
1.08378607452043
0.954499703784994
1.05363877321256
0.92595375730677
0.909794422939438
0.944055504592348
1.05772938645326
1.05157480936462
0.981536631541582
1.01428995594357
1.11670793732076
