0.042436091336438
-0.978216273027974
-1.05742663048881
-1.13390502191311
-0.994412685337196
-0.842621178500838
-0.935084363109759
-1.00680272414276
-0.92576610957952
-0.928322300735642
-1.06871960505863
-1.03930347857886
-0.943361220123766
-0.970280736743067
-0.922215382003901
-0.861167065046415
-1.13378683657127
-1.0902395684228
-0.957062491766496
-0.942162213175978
-1.03091772964249
-0.937464309528824
-0.905805533205217
-0.983005828161309
-0.905991658593785
-0.894583347501586
-0.969010230772317
-0.979024552167191
-1.06439446904099
-0.830847135434048
-1.01126428240528
-1.01601913739284
-0.996597543351168
-0.902730017922206
-0.967410496061156
-0.898914596491833
-0.911262064484518
-1.01622178165507
-0.900837622262114
-0.83235502264439
-0.829977729500692
-0.852305887975445
-1.05293191049068
-0.959287224890234
-1.01589217546448
-1.00511798752753
-1.0056056788007
-0.820503588976254
-0.908397408306778
-0.862066883444071
-0.924573580351663
-0.980149904412118
-0.746142011449465
-0.905620559317654
-0.812127112461443
-0.862475813054193
-0.945149995351501
-1.01956495514723
-0.91865045566886
-0.847879886658609
-0.935973757263475
-0.820495648103456
-0.711476319637611
-0.846773598975529
-0.959916777336512
-0.715315216390427
-0.815984462870165
-0.868541743249659
-0.734425019919451
-0.750956117110139
-0.793468984187679
-0.795876338466983
-0.910500983440419
-0.839759604173072
-0.799417449548281
-0.719813128522018
-0.943402181417665
-0.873915338720541
-0.889853118306152
-0.97528909095111
-0.909932261647873
-0.854442069897693
-0.862370371706611
-0.725829573286317
-0.79032508405954
-0.817043421414776
-0.79535216904798
-0.682686859760364
-0.69755170455917
-0.896857588259044
-0.736231728426721
-0.817570558045926
-0.716602325241712
-0.988368427869688
-0.8464708929936
-0.816079858276809
-0.811662413495412
-0.690245322508725
-0.777031595270568
-0.681472552601861
-0.83378086874013
-0.746097671365591
-0.846168679338724
-0.797726802521837
-0.85151539970419
-0.754052219438964
-0.692923688983167
-0.71291796535263
-0.928767022447783
-0.808480468212976
-0.943174275406943
-0.703399443461655
-0.766463741535709
-0.725679290833445
-0.822749673197751
-0.817295150629904
-0.748224042517651
-0.829646126709087
-0.95619906344332
-0.666371728359946
-0.803965006402859
-0.862963092477765
-0.831902919234821
-0.697530230284147
-0.743964334585625
-0.68943200674505
-0.783245286906569
-0.703572649417168
-0.73102718096242
-0.94620929831993
-0.699655665008781
-0.844766136200361
-0.642635930862473
-0.712817550167308
-0.697547157064749
-0.732046290435432
-0.778307563365742
-0.787720300706629
-0.721792318597473
-0.669913862937369
-0.626145736155856
-0.843535468557972
-0.679198409477008
-0.789826136509024
-0.777657950618727
-0.74908275806529
-0.647273789873896
-0.756119798921071
-0.751328456456093
-0.77978857054776
-0.707626438792137
-0.747865038972087
-0.787890546343131
-0.633646450913728
-0.811290837655665
-0.6544390150292
-0.652258584068983
-0.674589503911508
-0.734741585678531
-0.634017468200785
-0.790395682436852
-0.611227324371527
-0.622490581434511
-0.696302480429668
-0.656496400386565
-0.836328782026353
-0.430960858049292
-0.563739831576556
-0.661479166758558
-0.645580959077052
-0.712273062088574
-0.658633288849073
-0.57132797843043
-0.708868713968615
-0.612417411087712
-0.606778771125284
-0.622920570690244
-0.514291390336251
-0.667181373735612
-0.730607866070329
-0.671255066499602
-0.522650922473322
-0.513666833553997
-0.622037533772945
-0.646120960963704
-0.628057532013154
-0.55860714189483
-0.516769850304517
-0.514338768271062
-0.650428563859144
-0.705834781930639
-0.607891319669728
-0.659779708359332
-0.596971569796045
-0.564995265594509
-0.580523719788061
-0.660055819343012
-0.779122350075335
-0.686688677571095
-0.561959494763309
-0.649959203642292
-0.670327901363772
-0.627487206622881
-0.431021274762123
-0.517470537550202
-0.635609933826776
-0.564511465866491
-0.636010141988617
-0.703942980741434
-0.485365469747938
-0.386480713845585
-0.553952762902122
-0.649678849866435
-0.525169427136657
-0.70594766027116
-0.74121965696494
-0.502038188941113
-0.690134325850894
-0.533465966830524
-0.64878593539002
-0.588597526382983
-0.651146558670286
-0.419135165665542
-0.530441676638199
-0.594921569595762
-0.510213561146465
-0.357764449514882
-0.478260249928855
-0.664393106344876
-0.609349185486776
-0.389675729178277
-0.554315981138024
-0.536637895861339
-0.655727002802906
-0.509958814501396
-0.420502333750094
-0.583534200027368
-0.523492138940297
-0.623032815146247
-0.631479943031225
-0.589104396909581
-0.495405807744336
-0.461748144684654
-0.467692626039926
-0.354715877606376
-0.55202577509187
-0.493611385827691
-0.52372654498437
-0.699024954359548
-0.427802049447572
-0.586188019475244
-0.605437307428523
-0.539981817537248
-0.404947074992079
-0.476599941156694
-0.475829398174918
-0.583052177815882
-0.556226182735506
-0.604644000918261
-0.429885006770072
-0.541575657076532
-0.568762757233194
-0.487324559095364
-0.495944351069738
-0.495296583698948
-0.406557091983333
-0.471621783490941
-0.382783978657979
-0.470855848889595
-0.434831775126064
-0.574475562408305
-0.4586077451691
-0.595443560312781
-0.407841864256621
-0.413062452086232
-0.483352949358013
-0.37518832321279
-0.517612476346084
-0.50416752287811
-0.480326656846801
-0.439454800016401
-0.372959180550502
-0.427100148778679
-0.500488194807414
-0.411186782622757
-0.366085368593097
-0.550508449600828
-0.525644611060272
-0.264007030780072
-0.491018897461163
-0.371473062288741
-0.489491460471423
-0.426477409175708
-0.411488648866471
-0.438331315419554
-0.399550080524511
-0.480635236655581
-0.330187844782616
-0.435119920883287
-0.425412044227949
-0.476849723421727
-0.330936428398734
-0.337795763385194
-0.283737009455295
-0.279059504023364
-0.410957621699822
-0.26158310193451
-0.450381314533826
-0.492252614009821
-0.434858324011918
-0.334834045218562
-0.354797061375114
-0.315684770322894
-0.444490517824391
-0.481690720141582
-0.376388847746065
-0.319572651334046
-0.351796463452408
-0.356735378968565
-0.449942419681086
-0.38628519578034
-0.283354263484784
-0.305728815888194
-0.41895652480314
-0.287449945610107
-0.219032824419291
-0.249092585586374
-0.282067522973493
-0.302790014942676
-0.418161769452789
-0.50357881876113
-0.363985986949592
-0.298034417431134
-0.205036643926418
-0.299945232567438
-0.356128348372918
-0.331151635237285
-0.287256922619298
-0.364622002319482
-0.199070122085907
-0.383360966778944
-0.316556897882894
-0.41520463174228
-0.319578127206475
-0.306839272060217
-0.422454193275737
-0.271229243532808
-0.275072807568814
-0.378429013651555
-0.418011900065935
-0.318391950267423
-0.502171938944728
-0.295371752687031
-0.284801565130365
-0.189852158590947
-0.229203085620484
-0.33594824828359
-0.405465529866475
-0.280770601916853
-0.286661091255275
-0.340938740778417
-0.163050511487819
-0.199667053627701
-0.357056087481336
-0.402047418886315
-0.298424976157331
-0.255409607075529
-0.301823471994735
-0.312923830917636
-0.229709527344859
-0.2630352984367
-0.281329851844359
-0.259322449550787
-0.24044063357706
-0.234901595657329
-0.380423651109428
-0.286697357047967
-0.44013171977324
-0.186597108255902
-0.330470055270408
0.0679031651490214
-0.199191464616342
-0.322511954630331
-0.213858256679221
-0.241659646316986
-0.223908028471332
-0.16632283544347
-0.0608575420096793
-0.234841300729535
-0.182415724050799
-0.255277355657904
-0.138211189772886
-0.275671266237581
-0.133852655491255
-0.418728545981941
-0.199302391482953
-0.255010189123257
-0.243460425228218
-0.143358210001863
-0.292413418357974
-0.203814646429965
-0.152838048028351
-0.130906115760266
-0.190470446567718
-0.19686310450541
-0.151165450110166
-0.160227382895282
-0.210956993158577
-0.153883961749539
-0.19870784279713
-0.167690832249218
-0.0675640284676751
-0.323987903341303
-0.271214248014109
-0.158390557116989
-0.0883395333614077
-0.192763355269318
-0.0415894081452438
-0.204361173438888
-0.238263298877894
-0.047286250606099
-0.242208775492627
-0.213062620793981
-0.123152464729687
-0.10489397971686
-0.18797634862562
-0.0557347250406924
-0.102641848147095
-0.0900748459509236
-0.267329937066243
-0.0699941253328991
-0.034053868312604
-0.202878082791166
-0.213265222512048
-0.00465246637865631
-0.166696850657391
-0.2665998040531
-0.285975420289904
-0.061924833795792
-0.137244006732575
-0.107505209730041
-0.235687775542534
-0.139068281392394
-0.121709450649435
-0.120977857772024
-0.0129110346835888
-0.0573438146568763
-0.122080789802794
0.0423293099341398
-0.107799606928554
0.0586025955546221
-0.231277383954423
-0.128885243151282
-0.0528302275366067
-0.0335659439332161
-0.0616129735095575
0.0381470604281992
-0.179189672460382
-0.0536365843018856
-0.116747890872924
0.0293620338387635
-0.162747681155611
-0.0810466965137244
0.0159638784400288
0.0295198950510412
0.100837845610144
-0.0823264532980686
-0.0687325896685093
-0.100754129737613
-0.0529312040882584
-0.018806140268662
0.00816163801862519
0.0117561941927108
0.0382899033403971
-0.0760546082284617
-0.0479573845386424
0.0373616133909906
-0.141723261501726
-0.142284656489061
-0.0953350319878978
0.107524905602421
-0.0545156310656425
-0.00163877642981441
-0.0073148157148573
-0.144541259834929
-0.210553337474032
-0.0256690200247674
-0.0347474723586271
0.156853106454983
-0.0301842574004975
-0.0312652506072073
0.0367234614626075
-0.149003157534156
-0.120639347852422
0.0797855525155054
0.139032043791956
0.067304703449069
0.310208006293973
-0.0216471908964517
0.0302563389197459
0.012559683527356
-0.144081532181886
0.174809590509878
-0.00462071197276697
-0.105498282802459
0.068141020769609
0.00965279719220448
0.162142549786112
-0.097352296278527
-0.091463338335525
0.0643664671171635
-0.00325607699756414
-0.0421913075715943
0.00185658482119193
-0.0678578189004732
-0.167453982240281
0.0389272246325771
-0.128485363816673
-0.127714772923742
0.0299968585168753
0.148413040533555
0.0828521788714581
0.092765337540167
0.188416044015864
0.0739382562636602
0.109138420518983
-0.057001555704701
0.166020988602642
0.0890134870964227
0.0843313616411129
0.0453689074705704
0.220898066493912
-0.0543733796320608
0.147517551172332
0.0701272930161985
0.0594449441891885
0.0046074231139009
0.0674831199945749
0.108428719975086
-0.0203820836103152
0.0967380496998673
0.0265807171799005
-0.0118063190442131
0.169409277492301
0.110722469333737
0.0449042318579355
0.0795508873400924
0.181673340154108
-0.023748768060909
0.0334190547251027
0.174965548003173
-0.0370875206993648
0.155110273813946
0.0256010897595477
0.0824129601546729
0.0737925912711847
0.183158048704463
-0.0225930331351258
0.0369377496018879
0.167626266610432
0.166488263704793
0.112298999819474
0.192152831126611
0.148601896328874
0.179463636536838
0.113015941920353
0.0947088714653432
0.153797362152238
0.033569214878104
0.0945833022826967
0.108776815718249
0.192653730617679
0.234751441193881
0.174335963657601
0.201745343447686
0.142765280182391
0.0301235739856113
0.183161035625686
0.0587050493110181
0.147067236401947
0.015679006413024
0.273918559048304
0.0190621696291369
0.167551742453877
0.0825011613399047
0.361743679950653
0.0369633504168377
0.128686668380455
0.223057914030178
0.275152448650452
0.160195172117728
0.16247323847052
0.233611114605618
0.234369589463807
0.218810100409817
0.194537332564478
0.0811456981194517
0.227661063999114
0.22691785122454
0.0941976525798461
0.208709154797638
0.0582823051707837
0.169501020194983
0.148495164863771
0.373722619353535
0.300810230245194
0.217193922633854
0.168604390832998
0.266750374774196
0.0498411390825756
0.119792466699933
0.198708572280452
0.161360516269062
0.0603446284198923
0.2028164182433
0.217717505473796
0.0167568313331456
0.179076845772915
0.271610251494488
0.275741890368354
0.354264136568189
0.190429045836768
0.24469481301279
0.263903158870953
0.398433197947132
0.210494303411624
0.129207359850743
0.228705764147182
0.35335752173845
0.314167614428757
0.163822127457991
0.271928415207286
0.278114136494948
0.102399749238859
0.365865371531408
0.369845794314825
0.314832992665009
0.27255780485552
0.185341571167861
0.237059944373597
0.216210639552523
0.166816904606176
0.330889358570852
0.2854263365957
0.292322035421442
0.238496174842973
0.369799002306101
0.14373915369274
0.274221990505226
0.385529985209372
0.331546919515024
0.307196081333206
0.443014870796298
0.292350998778786
0.274486659684118
0.366956172049189
0.375215602306045
0.377301111535746
0.227918009377013
0.36641838103466
0.355042839178573
0.253415543426609
0.363792514881444
0.303997501079337
0.348031150416498
0.260827744188487
0.29289945673679
0.334451565032414
0.311117668742526
0.383579421880269
0.369443808545436
0.31306220163554
0.286528151751797
0.393141357268666
0.400576122166648
0.342340260917305
0.183794034759666
0.34661924980833
0.376625746229092
0.27081216558023
0.353980605660926
0.312523676126858
0.285041281436407
0.413341686559342
0.404818168263679
0.419797197929592
0.386543646562147
0.292004208070594
0.252737565755073
0.349425059604682
0.309191928056083
0.311588936718103
0.346757723954432
0.40517487223817
0.339382504206344
0.518125406513085
0.547501431021567
0.440738660081841
0.477393621254446
0.358314206094873
0.422122899931484
0.561135357856752
0.429822029141503
0.488544352777839
0.402384854718012
0.34676432071182
0.449878295695004
0.194146182558535
0.264923643962868
0.408815886406581
0.292417907706876
0.45433011190692
0.502548897466396
0.539256937871029
0.256020343590698
0.549554802495673
0.430429811200964
0.367792197748427
0.427031748855485
0.382944258714003
0.378785320697224
0.316049286537567
0.636453101956705
0.390881582199264
0.650915212136414
0.544635296707192
0.357156158967128
0.41522709735846
0.300654454791085
0.416540404825798
0.471137409206139
0.571859418468334
0.433975590504598
0.535604370898998
0.413384641099983
0.428090542248988
0.484970281864244
0.408062524343681
0.470582993556017
0.319570439091515
0.394689922654623
0.428843774175813
0.449952099685
0.395844404271407
0.40697989237785
0.582315516994785
0.389653438697172
0.533052646919766
0.540710033393675
0.485061783616219
0.647150425293246
0.464758472020966
0.582907887901804
0.520261863171128
0.601132033904763
0.436572157049325
0.525113011876815
0.454368822098773
0.512557571719177
0.530083951413895
0.54581063368972
0.505194849675139
0.478438739475342
0.552976126756126
0.541268343616697
0.543201440881811
0.473944106145014
0.625254016326566
0.424845693162367
0.508892205554349
0.401399806684849
0.566252088849408
0.547438931056397
0.497502730295168
0.552318309506532
0.657363553231644
0.601922591470126
0.454996515738046
0.438023462429333
0.51695276409422
0.547244638934456
0.635292849580587
0.543565075153897
0.563098028030371
0.669420699802482
0.549368941876346
0.52236744864506
0.704715899458593
0.51480886335574
0.580627745404483
0.695075447387656
0.641937473477976
0.353913469139765
0.550728039696823
0.647257033760967
0.510953485185658
0.665902009152652
0.675647861888473
0.463240377557855
0.589774195151314
0.614305746367165
0.579379726414712
0.504688504566472
0.538016002844004
0.55367393032435
0.714566071348369
0.547269346375305
0.440847235284629
0.665979242575878
0.506117262384856
0.741822887842071
0.689759361081348
0.62654259364635
0.576938072747091
0.676839832822915
0.605159952393001
0.704635654893051
0.648011804977042
0.536175574432091
0.66059573636847
0.742321775242777
0.579141146470232
0.720910269830025
0.668612685445002
0.643121089909646
0.614557551906181
0.755395104298681
0.645734037717972
0.674820457090903
0.669468877432923
0.688048486876922
0.60390735136775
0.71692302038468
0.748469562892315
0.736853820417823
0.767978354798147
0.580123321080259
0.682953080831232
0.643187062179686
0.699955327088945
0.686313744658461
0.817793534225411
0.811344041933027
0.726891279840512
0.477789904230873
0.643733709018896
0.662919283636368
0.677434634192942
0.642697306035606
0.711457598655523
0.680733123420027
0.704302213899382
0.702665275797237
0.742765185839173
0.781103182478889
0.720934326129966
0.81852733910939
0.806331214293665
0.733600598608479
0.693683294107034
0.870429226901868
0.657031222267904
0.647237840309334
0.774734770708547
0.710811011138043
0.593932455738824
0.636930169676101
0.590300204368461
0.664654617772216
0.748016560089557
0.679026661723544
0.725179571767063
0.680517016048487
0.59195682541423
0.702161868043453
0.842686939998608
0.648745741214043
0.736735590475717
0.656820545436823
0.727259374394642
0.817075152097067
0.786952591232849
0.847924496160035
0.737509449338232
0.868468980583509
0.739679376340552
0.818627902487883
0.72941071228854
0.821549754180617
0.926601085731297
0.756412491302604
0.792036056134316
0.955738015887067
0.888213250826749
0.691577512348793
0.863380592447144
0.836277943820083
0.750421130144453
0.847721913834124
0.81494346547043
0.835335115606793
0.73090046529857
0.688585323237722
0.901427473185793
0.776381662904331
0.673884960485108
0.659470661890143
0.786714065622127
0.982481725667795
0.845789868356611
0.840146391449015
0.85175196769853
0.978358278907018
0.767476176161601
0.748336236383534
0.838165692547993
0.760651324333926
0.846464409657807
0.960552397159089
0.911519776909723
0.820240044511341
0.910967473813878
0.798024336392668
0.747807230626741
0.83091166952723
0.794345579060097
0.778219860925092
0.772512552006271
0.76801848689738
0.865832031656083
1.00748389094494
0.999113456550468
0.91768312572345
0.777520970047718
0.797739574953851
0.873638509973714
0.993958431653916
0.746069452005294
0.894786169327599
0.804420477519145
1.02137611364307
0.888793083619335
1.1222879717843
0.818767358654245
0.950754211889934
0.871527405902893
0.934612607053621
0.862753948516106
0.780563846684441
0.93002186468099
0.94466490267851
0.899647261513215
0.818702122455944
1.15853833047717
0.947522807609687
0.827108309976654
0.799364302662218
0.896824299368234
0.955146395291837
0.69341221099876
0.924014197371376
0.854157051007904
1.0112462067411
0.899800226148307
0.922503586423979
1.06635711628613
1.01922209390122
0.951111701035338
0.981773313351222
0.927652956672891
0.962170086000514
1.02482427538204
0.920560921111246
0.903630516089565
1.02498626491035
0.878658176358852
0.976690689575815
1.03304532490066
0.976598117296981
1.14587510166309
0.944619284258786
1.13449808251788
0.989259081741208
0.945966853100447
1.05918164523342
0.88750298610229
1.08875093087325
0.908576442556085
0.857438725331185
0.955964176623666
1.08066450464374
0.972966909565531
1.06960513872757
0.929350753896276
0.895489241900581
0.948694386137955
1.04068120036065
1.05818442514467
0.991163772789884
1.02851479394088
1.11400946563274
