0.059515104449975
-0.992185935872774
-1.06159865309019
-1.13008242523875
-0.990954549042373
-0.851885100272712
-0.912489769972004
-0.976709450152748
-0.930265143623727
-0.927799736582243
-1.07843101886217
-1.01368857494377
-0.938643278883311
-0.96305920833069
-0.932845584815733
-0.887401949005653
-1.13525552815481
-1.09105557151578
-0.933313198258151
-0.927847984522675
-1.02140558161294
-0.953966339965348
-0.903096682828175
-0.998105549438931
-0.915189260267299
-0.904242433554839
-0.946269718952944
-0.986512215195175
-1.06234411088084
-0.836186940945237
-0.991383571006483
-1.00448097071609
-0.962534550846119
-0.911245632833286
-0.960360373738838
-0.905177001940174
-0.933778701669217
-0.997167221513222
-0.910261880419332
-0.811381297382118
-0.829349476218474
-0.884325367292716
-1.03901598951529
-0.956237568172395
-1.02626667929963
-1.02668790289957
-1.01548644600223
-0.795751592884086
-0.891507447256747
-0.875657923757455
-0.930398259267622
-0.974929108487609
-0.750807249995268
-0.911658644960805
-0.810727333967544
-0.855718610114165
-0.939633097243915
-1.00697396173849
-0.905763350958754
-0.835297395767554
-0.960797448931984
-0.818904196652208
-0.733253883665433
-0.85516159567555
-0.949151056321035
-0.704409883869619
-0.823565617987403
-0.861861049500692
-0.747106353792155
-0.75673391849244
-0.787385610500203
-0.788608527013787
-0.918249026107923
-0.860343164159617
-0.807585668498567
-0.71726714652796
-0.912711563942898
-0.879136803365975
-0.904237448920706
-0.989189195022988
-0.902647785375039
-0.840586745266377
-0.860639441933789
-0.720239523099993
-0.785495009223656
-0.831823827411288
-0.823250594481485
-0.697330106193826
-0.712098499964835
-0.890447565605166
-0.725684188963748
-0.821951207011074
-0.739603871267352
-0.995020634119053
-0.846873287671294
-0.815230349850117
-0.822243249874615
-0.672850944731867
-0.790181596184296
-0.682928377323398
-0.828176388745058
-0.749358755891687
-0.822258039265332
-0.797561324480012
-0.842002097896329
-0.756110175372422
-0.70334062231329
-0.709906529864725
-0.93288134723313
-0.805281724619633
-0.938658281581228
-0.72533607125695
-0.753241137038382
-0.742676819957268
-0.831097076578227
-0.812088529170101
-0.747400461600144
-0.849890262919397
-0.956133481284306
-0.676861389046109
-0.820466267613129
-0.855302386299689
-0.832301836587513
-0.725926656384525
-0.751783720824573
-0.691585901600489
-0.778017748402887
-0.695313607901904
-0.71851285215033
-0.950573783311581
-0.679942940604712
-0.867422665584456
-0.630844985586755
-0.716553959365265
-0.694601515764604
-0.734872786864674
-0.807966884210662
-0.766002688191696
-0.72195303955428
-0.679555618219943
-0.640855508698762
-0.865608153857952
-0.700229716692768
-0.783969350293625
-0.783231801277587
-0.720645517405217
-0.675206064498886
-0.738445360315342
-0.775908888352896
-0.805448735221958
-0.686771937717056
-0.74575948231843
-0.761803249460765
-0.628997731154171
-0.809561229472217
-0.662623644322929
-0.666046514430945
-0.648972126316759
-0.723940379950265
-0.644723700921288
-0.790824876083812
-0.604961322781829
-0.605430037815562
-0.687129531324719
-0.654670580989499
-0.829341907743635
-0.43402671447328
-0.573777529315012
-0.662514180022762
-0.629064887133042
-0.724822622620815
-0.643880742117176
-0.566268845762342
-0.692890412102103
-0.634593814016364
-0.587631593050746
-0.605053047551748
-0.533024196916389
-0.653833752836807
-0.714017748904278
-0.684063194833844
-0.512082838340355
-0.503512211089978
-0.611545750679754
-0.644478489339917
-0.645036496185044
-0.565840778537222
-0.53404877019533
-0.511418902183595
-0.644948819821179
-0.696458683750703
-0.626826722554773
-0.652425772598866
-0.599444548667523
-0.565079932011576
-0.630513688052263
-0.654214184656003
-0.773602792857905
-0.684258658537202
-0.588860165261813
-0.676287079010035
-0.672575570005248
-0.623993850068143
-0.419386292661056
-0.521109785995072
-0.663495933113986
-0.555725023199696
-0.647554221538878
-0.719867357426416
-0.515220763407629
-0.398853462074303
-0.55625387044049
-0.658432666919322
-0.520430182286169
-0.713781021889808
-0.730495561772783
-0.502275919959411
-0.70937493800493
-0.548914104967766
-0.624659882636794
-0.595463726128268
-0.647382377206392
-0.41380999029216
-0.544359708912303
-0.588081244958133
-0.511445452599333
-0.342098253007108
-0.43988409147577
-0.672733648674697
-0.590523487703616
-0.390296804001924
-0.568734561051943
-0.548553010574428
-0.665204553773815
-0.520679390532842
-0.409829582527838
-0.589149511178977
-0.526575183118749
-0.605263466173062
-0.649078592640568
-0.592085300400186
-0.504082619888094
-0.464353854147205
-0.45969694659055
-0.350076577882527
-0.543041829848405
-0.501210040835792
-0.515871021798486
-0.702741899994556
-0.424689719724768
-0.604248300765431
-0.62565031718648
-0.52127356416812
-0.380449976354639
-0.504399119967279
-0.4852701542186
-0.569107601373407
-0.553074537027473
-0.616576104644466
-0.443684720159736
-0.547289076427877
-0.576642966734983
-0.462841260400069
-0.492692959066789
-0.501705331275765
-0.422864755745299
-0.466619590024425
-0.381954649831109
-0.471871887329865
-0.44517576725492
-0.564893771285572
-0.432136488510123
-0.579899007570997
-0.389015695292749
-0.414291640534452
-0.480086461383616
-0.391474012297572
-0.50627146959468
-0.500646925687452
-0.478793471369047
-0.443377877785799
-0.366619694871911
-0.419811653547085
-0.49880069570827
-0.426724540062085
-0.348396242160756
-0.558391695367179
-0.505174950617604
-0.287809504059548
-0.495954229528928
-0.372350948766132
-0.471637265216282
-0.394688925394591
-0.44883965647453
-0.462607961424808
-0.413311458554041
-0.474723724510473
-0.320644840424296
-0.441359140945068
-0.438572224736135
-0.458593318744475
-0.315726136001374
-0.326360679170029
-0.27947404133129
-0.303131551934071
-0.421815705154327
-0.25488884937512
-0.440661582986476
-0.484063071081115
-0.43219445236375
-0.342332024182274
-0.344876316844728
-0.333533718896981
-0.415452168611558
-0.509524586680266
-0.376777207870568
-0.318390854589449
-0.356375744409164
-0.340321202472555
-0.452416213388056
-0.404943866414281
-0.280526561391096
-0.314988454082267
-0.418832240166764
-0.286193859714558
-0.209132664393306
-0.261176913373366
-0.292389779647259
-0.304279549920133
-0.413022841722734
-0.533185711438731
-0.345579989143357
-0.303929190965376
-0.184700040965153
-0.310617826523224
-0.344946003503318
-0.33014002923646
-0.262420819493231
-0.342161067847292
-0.185673566970487
-0.386715208349725
-0.306197369816432
-0.41868875210104
-0.337464213517749
-0.30764528350168
-0.407904182293109
-0.272295122656769
-0.256913056713857
-0.388503840462827
-0.407714669981184
-0.319817076365655
-0.497609995297319
-0.314823391617951
-0.278651603329987
-0.176480826378126
-0.239756665691539
-0.335719185653398
-0.414313435983753
-0.271725176604854
-0.281965033307522
-0.352654649550159
-0.163541703893656
-0.213324773277982
-0.37197152304776
-0.397059928153585
-0.288904070258857
-0.232942837992668
-0.298000561106005
-0.278834182150245
-0.198080343846408
-0.263998656783109
-0.285346228049162
-0.2689955820466
-0.249011112355666
-0.220363393038226
-0.393792019033136
-0.282751283855234
-0.451401511790915
-0.193165417448241
-0.35062350582228
0.0533483273658566
-0.199801315243235
-0.313152275156472
-0.207964688278737
-0.256325849719604
-0.21003063560745
-0.190132440535961
-0.0322326799729714
-0.212898735108242
-0.170313337644814
-0.236206904906604
-0.130485154044241
-0.252967461616544
-0.115593975924385
-0.414251630650062
-0.194303097405403
-0.270887401846244
-0.237026641260156
-0.158889258939984
-0.2953338552687
-0.201730788226544
-0.158800464086363
-0.13463063965551
-0.184232488196567
-0.205677905863723
-0.173311817371685
-0.153775382385486
-0.200040997978383
-0.148629165759965
-0.212746082797565
-0.192043755513031
-0.0474671217118805
-0.318425858122327
-0.274178237908832
-0.166345968689131
-0.0766401909565266
-0.183356432187854
-0.0244312991927369
-0.213598190256657
-0.235182242016884
-0.0437918214088938
-0.229613804004342
-0.202536992696478
-0.125003842180822
-0.110572957017724
-0.206180885721167
-0.0364711365613675
-0.105524928963829
-0.0865492022282187
-0.258966279754674
-0.0701547508846871
-0.0362451513914605
-0.173856132460595
-0.204267900619417
-0.00988602112757969
-0.157969194604715
-0.245167095674439
-0.280958085127935
-0.0594793665374812
-0.139452485574474
-0.0915901569376197
-0.225139144207622
-0.133270942759568
-0.120022440051818
-0.130035400717254
-0.00719749866714276
-0.0718699180976473
-0.117087922918198
0.0262904813168225
-0.0986538052209103
0.071671018262261
-0.219327040293378
-0.107332502148492
-0.0424677683544269
-0.0287826231546219
-0.0608664237674261
0.0143093568602225
-0.18246582629829
-0.0503698902151839
-0.120231921502998
0.00570275760537343
-0.16916230632634
-0.0547106547683153
0.00578430334822355
0.0273959698567726
0.0967159732498424
-0.0694124119764195
-0.0900717130313619
-0.0914785897301269
-0.062060345977192
-0.00760710297775108
0.0280416973597917
0.0145793839277859
0.0441181919751999
-0.0508428009452083
-0.0491289280231764
0.0386267629481416
-0.134176578148661
-0.155606127030703
-0.0791775535238831
0.0964060444804983
-0.0508424686601386
0.0255781987920086
-0.018998896391451
-0.149606266378218
-0.225947313281061
-0.0294148486246935
-0.031897085195399
0.16382581325733
-0.0376702217068786
-0.013827511141564
0.04008012418559
-0.129851649490284
-0.148572226052244
0.0503762220980938
0.184499545444966
0.0813997704474361
0.300044850559278
-0.00778136896814348
0.0238527347458473
0.0159815069918228
-0.134686367830604
0.17839722135434
-0.00705071096784059
-0.103536273398611
0.0492094338819629
0.0144358280149317
0.143751073143691
-0.0947541689462091
-0.0849293489706571
0.0627551511798097
0.0165569088591961
-0.0447812248552068
-0.0108873047931
-0.0464490909128477
-0.157690836399341
0.0223300097892775
-0.129569626990204
-0.10289625619307
0.0112980516387695
0.165576831021051
0.0830632035070832
0.0803121016846386
0.207430169986292
0.0606939951118247
0.0966446350948
-0.0798366475138255
0.171832581906585
0.0668716732479675
0.093049635880977
0.03652971474885
0.227926716097189
-0.0525476222099788
0.132247445882925
0.0721825817677475
0.0396909423465056
-0.00728698246984487
0.0739664531739679
0.10583247057696
-0.0242245173024725
0.118035857144578
0.0482894921003807
-0.0191282092082782
0.151374298405409
0.0943929098911652
0.0499994790003857
0.0925445826616961
0.178124240106454
-0.0230923731708615
0.0199964017409901
0.164902416168415
-0.0283782559536564
0.175860979751724
0.00690428736300285
0.0759748585667348
0.0804010142893242
0.154919811096057
0.013033628200933
0.0632249555141027
0.172109300052036
0.165365581561359
0.110008849771851
0.208691856754445
0.133332093845566
0.174276218143142
0.109833944869436
0.0870045632744124
0.159902351745453
0.00457368036678928
0.104147773527342
0.114193576764626
0.208961735310227
0.226015219625131
0.182202044408068
0.19466036077776
0.135725862524202
0.0226782349010169
0.175425215020213
0.0632383303311567
0.131022455716837
0.0195136736776646
0.265267928880629
0.0120316839890611
0.157236420838257
0.0717783834584378
0.345676949416098
0.056254181747342
0.113237810232906
0.214083844791486
0.279387931227069
0.161485418284512
0.148989026733043
0.228558925177814
0.24944696390763
0.217832425642767
0.186308842268476
0.0670066616734756
0.227343956490949
0.23434883950728
0.10196785206255
0.219997188734692
0.0613311298638006
0.178715557441859
0.151775666762109
0.364886526426122
0.313295928564548
0.217701851388595
0.176984132846654
0.283363812740765
0.0338027819506714
0.122245196451292
0.171540297955889
0.179379583852671
0.0641867499377268
0.204785551719645
0.215332598806568
0.0287401432064181
0.166177068781818
0.301257113469962
0.267459255065728
0.350552105037965
0.196095691867887
0.235938282391411
0.270901967325745
0.383168462070059
0.210562254811115
0.152461141147246
0.237594944609525
0.347433131152566
0.313905409584502
0.153637871680038
0.270870330744332
0.307123828179548
0.0957017543648387
0.355130887641043
0.350138987703413
0.281007443878873
0.269749086202249
0.166697241165672
0.239281424245681
0.208172972946694
0.193421988808529
0.298272488783437
0.298033076669478
0.295395370586994
0.256824547201575
0.372615086435637
0.155431748406316
0.272919038312021
0.378205832413787
0.32194944995864
0.301463866180693
0.437883588661462
0.288617936966361
0.2579573740086
0.384179026646716
0.349709787637276
0.374765813689773
0.22765298529179
0.346591759987382
0.346627352577591
0.261646331898048
0.378866394939866
0.305799767121015
0.324888298027336
0.28031656890544
0.285639617285618
0.332002154704128
0.309570878254763
0.393801380003812
0.369814079232519
0.312828488079142
0.280662673240809
0.376134962040706
0.390602376591556
0.332760672530284
0.183052150082222
0.355655118672603
0.353518449598066
0.270102278622225
0.340460662461531
0.317188034065397
0.296964204206009
0.43035004166894
0.381563159150678
0.420952115756146
0.404075210275515
0.275243883519101
0.277953796742146
0.341078082280728
0.313234597434535
0.316637682326246
0.349988817496463
0.395652767869647
0.321413127393737
0.536345425541595
0.54671817150731
0.440588675825033
0.493806352079091
0.364118906029579
0.421528697798298
0.54548256913825
0.443075278063638
0.477867134220171
0.391423709311367
0.3523774282709
0.449404107063709
0.184110260596628
0.269256624422299
0.429170176129524
0.296592415217352
0.426681792709959
0.506959022537906
0.529181031048929
0.240748511887072
0.527760322469668
0.410094177334038
0.375397996554539
0.426456183805701
0.357786775781537
0.397560068153981
0.322555100153654
0.645635639303955
0.368607493594392
0.635249536238619
0.544782775048236
0.379853104645919
0.424390322534195
0.28093449588792
0.421917424890895
0.483008970732594
0.576299037338908
0.434035752041661
0.538785035370228
0.417175942992304
0.430867001876022
0.475054667811015
0.429714957215078
0.458054682793632
0.31597538927688
0.3910165878224
0.453333061201649
0.45191085473292
0.41372211332731
0.413289812350861
0.574736078540312
0.399626505298529
0.525421414733958
0.542883881866255
0.467692953526031
0.665023015887582
0.465685680279257
0.595707573113717
0.536157387070128
0.577105100539226
0.424679982494743
0.529728523718175
0.4503389528178
0.497803502983816
0.55749624676105
0.555735038117159
0.508799772660058
0.478923328296583
0.555868727546065
0.543697809874417
0.560438414768487
0.471824024609815
0.629012996913625
0.415392849700892
0.509526402648404
0.406284047710171
0.568933051323144
0.526638857787451
0.491653055801241
0.542564387939843
0.663095967998608
0.5934254218924
0.464447587929441
0.412187690406755
0.511491692090561
0.576116175545638
0.651779668639555
0.532937329361579
0.58414707667657
0.669616823364955
0.563404778956403
0.50409750943078
0.702073078886328
0.539023676348534
0.55493347860308
0.686933035030004
0.629765433485054
0.337044477004888
0.54005748306573
0.633652095082136
0.514744735476437
0.717302045080755
0.685287558675076
0.45247213963084
0.579359085348556
0.616524635525578
0.577335816493705
0.507437162191263
0.538026780261162
0.568552758866932
0.729897343973193
0.556258048517529
0.437041427719412
0.690597403286728
0.482469556261808
0.730370050772821
0.69714821439659
0.655427857627871
0.560653671535333
0.682092806709368
0.603828718089443
0.716610957382991
0.643156428252266
0.539489987108402
0.651429554930339
0.728145387284544
0.574397562297921
0.69884782697861
0.638396977166143
0.653775194773964
0.607380128041233
0.768687967738239
0.67633026238949
0.682407502826971
0.677141058406981
0.679078156396559
0.611344209968023
0.729115146266604
0.757441412247717
0.7411183376514
0.77269496490625
0.581826365854879
0.678084861608582
0.625313039086103
0.699072190180126
0.690197413478033
0.799572309134148
0.820307247074215
0.712230580085326
0.445252118198956
0.672957147754087
0.632853477752014
0.69384710799927
0.651070877370159
0.685762284365214
0.667476680895987
0.716164965047135
0.733864464032518
0.738294532563415
0.802081488681063
0.71881747377213
0.804539102296734
0.800952662063872
0.713405853177127
0.692749635413716
0.859328542931988
0.64424688468803
0.615242704545793
0.765430992121519
0.713451559895758
0.576698747311458
0.612815477337295
0.587596443254729
0.669725081815017
0.74472484210393
0.689028963626057
0.730788831874005
0.679535056416865
0.601276842846761
0.714044559592384
0.826132244906494
0.654381398613888
0.763711413549908
0.651026180041664
0.720773060098435
0.812188492070781
0.807467536228235
0.853644766245709
0.724761246502686
0.878586760890872
0.734505861353912
0.826092690837691
0.72369769038305
0.821539831303526
0.916387956961263
0.740698335554289
0.772057437938657
0.929993993659108
0.905970878799427
0.692281687167494
0.841206612321318
0.829865521310006
0.76175740652558
0.842075005506417
0.798963078363792
0.814135131199044
0.7306436836966
0.680825516622738
0.908296752931174
0.765414563071085
0.673360016984045
0.66785864921121
0.785727283364733
0.971516636738196
0.836990270116614
0.845631579211947
0.870901011435758
0.975816460375228
0.769649606610624
0.74247806590035
0.846773661855613
0.749057420428377
0.844034467235531
0.941328978119006
0.941703849921182
0.820002925189083
0.886321528177704
0.83121122878748
0.754303044836259
0.82457716156283
0.795235885745672
0.780677230150535
0.784868269008563
0.780309765323737
0.883402550222484
1.0102702390079
0.98822808455324
0.928248861164461
0.764252598536608
0.804834251729819
0.881775204080732
0.974911123163116
0.755088166210765
0.88114534368283
0.82049682633448
1.04855679986252
0.882529192130661
1.10336847842425
0.827196429417722
0.951329241182211
0.873820875472828
0.934290114818248
0.871997731614408
0.806126213658438
0.923947618432741
0.964526203867746
0.909733367747321
0.796492506316903
1.14547535503861
0.965510041162021
0.814758127759596
0.783661704596443
0.910128658460219
0.957767484972894
0.689886912145367
0.949186235052975
0.849757853238057
1.00505924911645
0.893845189003609
0.927310536454955
1.0543628295278
1.01107445677304
0.942582689423656
0.978442629579647
0.918458541452143
0.966633016042299
1.02984892896754
0.907196804560981
0.913805741460336
1.0122294056344
0.885084816672296
0.973438569876308
1.04000222431262
0.986427913477102
1.13338719212515
0.925643403212609
1.1666582586451
0.997632132228836
0.941386468429524
1.05768920429708
0.864988910631465
1.09240610686175
0.913868825968153
0.879144308786839
0.97684848393327
1.09096865347081
0.96497729099268
1.08303068113849
0.930971884182475
0.896805387026691
0.969203129132773
1.04095935208991
1.05469459913827
0.989231089067804
1.03076758298117
1.13391832538026
