0.142945953296661
-0.964313062480315
-0.945700451994166
-0.93704494857036
-0.978237275680757
-1.0320479459884
-1.0665849224313
-1.03120440135793
-0.861213893424487
-0.891788161471908
-1.07372915721342
-1.06742611039419
-0.939554740440865
-1.01852999700386
-1.01569926650054
-0.994479291095241
-0.948553560509922
-1.02173324414956
-0.801399667588863
-1.02906269045993
-0.842207366069858
-0.784114862063573
-0.826222664052677
-1.04922742993089
-0.992633655824564
-1.00806102181202
-0.919380853762351
-0.899957463271146
-1.03625198023175
-0.830859553657185
-1.05872085903858
-0.951849570866376
-0.993198468302959
-0.984849310263183
-1.15102670841686
-0.872851299025539
-0.937146980653742
-0.926068088032247
-1.09381089436222
-1.00068192432375
-0.964811646462011
-0.859726958749036
-0.796459700395315
-0.731781543315244
-0.831029966165455
-0.831329433353849
-0.874567037297461
-0.972864310450388
-0.884487350487326
-0.918951215723615
-0.905554125884174
-0.910547104270442
-0.895811148317385
-0.750309729677581
-1.06741832419737
-0.688741494775765
-0.924709220877194
-1.0100154406904
-0.824278003585918
-0.838999638470022
-0.904917182960064
-0.803890111572806
-0.829107685484632
-0.839160729925879
-0.794612048131261
-0.934693305144788
-0.803275268638042
-0.706602045035799
-0.918072692532601
-0.747457440562618
-0.847214257162473
-0.910929051136953
-0.726876969984913
-0.781298151430691
-0.660808525716466
-0.976382800346477
-0.810769876029142
-0.772449854251566
-0.859042300061721
-0.8580019994502
-0.746479840274043
-0.832375603322851
-0.876117343760873
-0.788916589665507
-0.662142206098623
-0.825163465966555
-0.887505665897565
-0.756797621868284
-0.925572665175623
-0.818580039904923
-0.781776195565583
-0.811795487852347
-0.854344543362022
-0.926264848278803
-0.78087852324572
-0.732833951479154
-0.680596237673623
-0.839042541135513
-0.658082211246784
-0.824485985542915
-0.822235075490944
-0.842709697640071
-0.826326050750253
-0.873068838259838
-0.898716013665216
-0.798229734300756
-0.93944910581793
-0.712265371446653
-0.738924722047861
-0.735866515207848
-0.801268034233799
-0.72753415103289
-0.645951513403977
-0.681616482357084
-0.811601604195031
-0.732459784447481
-0.805850134786612
-0.824007344138583
-0.723376431141891
-0.805627027947153
-0.706861088260411
-0.861052052179366
-0.85536273128385
-0.599429300266472
-0.732097188184019
-0.744948673450903
-0.694255433929402
-0.774989388075768
-0.726172684857904
-0.724555899626207
-0.610215718914995
-0.790807916588555
-0.851613888419136
-0.742471215995162
-0.717617754699235
-0.733122514097043
-0.751721137281216
-0.619155442807571
-0.878487619861902
-0.639247511163675
-0.517799373192962
-0.686673445257844
-0.696942250716899
-0.731360573998933
-0.800088644327199
-0.648575863583444
-0.822595515255282
-0.587713752541586
-0.632081407311293
-0.690510885881124
-0.686530498586101
-0.616839848729925
-0.659906002808943
-0.740041108432547
-0.641158936239216
-0.760565826772801
-0.715570424076718
-0.664081898169071
-0.598778251318661
-0.512063053263151
-0.61529337513058
-0.564779655367126
-0.695733211738849
-0.654218914814646
-0.530463884842472
-0.603159352811671
-0.667672326618286
-0.573476106284794
-0.743035395187855
-0.539920757314071
-0.571904914030539
-0.618904044118336
-0.720298667924746
-0.617235000040845
-0.634359764758445
-0.682839006649004
-0.611051412100269
-0.713697070010467
-0.663015070767792
-0.49274982026333
-0.745079186232062
-0.512064386863543
-0.63340202040948
-0.700547300841152
-0.808140145118592
-0.563821039158194
-0.654150344632493
-0.698641649117519
-0.66960301241974
-0.569247199313663
-0.767751951465117
-0.724600461980509
-0.581711187155262
-0.519884014514976
-0.569072039895378
-0.552035324011153
-0.55494792518399
-0.685376580233759
-0.593583751605156
-0.665759629410559
-0.585003192322763
-0.62607463980936
-0.582321643571089
-0.515623726967652
-0.648267984347938
-0.527013698589423
-0.578490552381067
-0.569842887899601
-0.520099383728612
-0.496402863284464
-0.594184783612763
-0.588791983212791
-0.514333837144125
-0.467362709321852
-0.619356491587479
-0.526693480006361
-0.573098790654955
-0.488665878904413
-0.546649173472808
-0.52746177355071
-0.462623870532226
-0.604829123010462
-0.623934666923984
-0.631184601046048
-0.578499871250844
-0.576515424315617
-0.578064383601109
-0.498621278537856
-0.641469336381663
-0.479536714057312
-0.626181473780796
-0.547035836851135
-0.380116561833485
-0.535744458709588
-0.482052998385039
-0.622649168883957
-0.390296714797764
-0.422890474153157
-0.563074670765737
-0.494518373458924
-0.618657394007802
-0.559415128753539
-0.474466276954535
-0.533326335853278
-0.61752487507637
-0.663324393940471
-0.514630443738944
-0.474061998575321
-0.509012391500776
-0.316560535062261
-0.438559431973289
-0.466584773555295
-0.41498144168535
-0.546449819809555
-0.536928622317893
-0.507513702288215
-0.483708575992743
-0.495072444314936
-0.550155833269718
-0.486824591813276
-0.619819494874852
-0.351089459958614
-0.478787983208976
-0.385212086772196
-0.645962203008948
-0.499800039757147
-0.601282832802074
-0.508323550068733
-0.285119370820215
-0.563079547044492
-0.456571472890686
-0.462709425369131
-0.419348003368838
-0.657623026628972
-0.475975876422716
-0.482604925798491
-0.561541049579106
-0.633330914601656
-0.642448909903098
-0.592446152711806
-0.351049313797613
-0.349552750870605
-0.505418874686122
-0.381152950311524
-0.349863247240722
-0.437513196352133
-0.262326050446906
-0.449301065443998
-0.48595222558006
-0.458897255306051
-0.434004415743919
-0.392529721332035
-0.496569349229527
-0.410493102460964
-0.308589959947224
-0.472511917387175
-0.478447225323598
-0.498046340738626
-0.317897131101845
-0.27414888571564
-0.369385966616335
-0.4191541875834
-0.43938621646795
-0.387602660286342
-0.292305540206446
-0.346701874835275
-0.41937520845429
-0.610043087717048
-0.475912091254226
-0.308248649090217
-0.411396343863225
-0.3117845779755
-0.183354186642303
-0.434910355581526
-0.506334984513095
-0.433024865498189
-0.363356887555143
-0.378515271141069
-0.305542776659658
-0.416081462138871
-0.386921592194554
-0.435762190517846
-0.333222404791986
-0.265555875383601
-0.305074053273349
-0.324106457659082
-0.418954767931046
-0.133043941833573
-0.34433799413559
-0.485578135947467
-0.26492083426343
-0.392114317158526
-0.304818914992219
-0.196331674013874
-0.533050246088437
-0.235943679466039
-0.413412324536388
-0.290304598946817
-0.318083466612263
-0.3448175129859
-0.331491940917832
-0.369531629543299
-0.391638682096588
-0.309578003653054
-0.237053019765872
-0.299581130162758
-0.310526934737444
-0.32397550816765
-0.316683718024114
-0.316966664879277
-0.363948275127014
-0.368983771520991
-0.173426345600809
-0.193604048371584
-0.187860935085885
-0.26120136537712
-0.306531485266504
-0.230925043061605
-0.260073877897787
-0.290313341604369
-0.282569021458407
-0.301935928263599
-0.344947404366753
-0.256574801427675
-0.211477421883497
-0.252485616523893
-0.294201261022554
-0.225331670632257
-0.358888292262397
-0.324688089869448
-0.150827109850461
-0.232818667478949
-0.10453766346567
-0.336335510099376
-0.181367219423192
-0.281115240787962
-0.235192255809472
-0.177187397032062
-0.177899125330617
-0.232652554925328
-0.241746297307455
-0.306897501525048
-0.395360484144227
-0.163801653055061
-0.306446758809444
-0.175651718036929
-0.157035021332961
-0.259782911435487
-0.105866414033707
-0.21249694651048
-0.242751041066947
-0.202289876069328
-0.222101994394584
-0.234156777099208
-0.230020850509374
-0.178260044946589
-0.220907963578592
-0.0774523703658116
-0.194687670523648
-0.169564081794578
-0.146072452054144
-0.119339252402275
-0.142898806388455
-0.231877177306904
-0.093327298557884
-0.325942146312971
-0.182516059503159
-0.281695139454092
-0.16929168565345
-0.143979364689962
-0.125845147101128
-0.291871640387259
-0.215746020736735
-0.154627665266806
-0.246332807030528
-0.0829064432867474
-0.112609165900633
-0.132687424185936
-0.287128090117304
-0.250954298832355
-0.0645519735333888
-0.0649713880534529
-0.285792027619738
-0.0745262791432712
-0.294080466458488
-0.105085160463551
-0.153386789657039
-0.0312741021582142
-0.0404890158669727
-0.179743519959697
-0.164582670250417
-0.165911371847553
-0.0646743825442029
-0.155002546715058
-0.0401284071388192
0.127407534011935
-0.056198511976935
-0.191641625026325
-0.180777472992859
-0.120358750458268
-0.130697030419778
-0.217689540532186
-0.185133819874894
-0.0976197066092435
-0.0248450223933087
-0.0577451236802164
-0.164483945112419
-0.15801131316775
-0.00846585729879445
-0.191295572275738
-0.127170671785335
-0.0215418229452541
-0.171729141220785
-0.0798738841094005
-0.0998300549279078
-0.0716014162173091
-0.0862597857593962
-0.063307017642338
0.0629189873585421
-0.0566395760703591
-0.104976245798864
-0.0769151339582494
-0.0907384638711129
-0.0191377694379617
-0.111744108003597
-0.0117959179744419
0.00842310516170779
-0.057472231657147
-0.0759193382014868
-0.208223547010032
0.132874332539033
-0.0429206841524653
-0.045638550988652
-0.0972366696013552
0.055058337500766
-0.0759785240492304
0.0235219805813017
-0.156178391184927
0.0433933868218042
0.123790987525226
-0.0675067274056316
-0.138321175239192
-0.0645461746781471
0.0694086639370542
0.0511549579009994
-0.143929870932192
0.0145677033525737
-0.0350983531110065
-0.0226510226481403
-0.0418314795910972
-0.0595967235358896
-0.0311212006183629
0.113515581992905
-0.0837442561651398
-0.029273897648922
-0.0363569047244534
-0.0311057414939556
0.00785697452609317
0.0514661984077963
-0.179337780400816
-0.00629824018657966
-0.0559069928144768
0.0215038223175434
-0.0639094537732198
-0.110934347663991
0.0691897595879458
-0.0502123279022362
0.0849095683419015
-0.0198630744035927
0.0943443691685782
0.167827431085202
-0.0491894186675831
0.161738015212613
0.0503309369066306
0.0559640756446811
-0.00425201142468254
0.0626551192442548
0.101359845693751
-0.168867346511901
-0.001472475414006
0.0185940671830207
0.0697878845322517
-0.0343163350707394
0.244166941240573
0.0483253387933266
0.0646606200201057
0.181872466147285
0.117962206295045
0.0543393520529931
0.0623210083091114
0.051620249928529
0.0942408800361274
0.0323042775476949
0.0618422706986376
0.101026940924161
0.0826779290177831
-0.0182893961572041
0.0659233394293514
-0.0263245190524736
0.00681750304575952
0.126782188360874
0.0960730989422808
-0.0471659315502904
0.00675077993920283
0.0601267864474401
-0.0109883858338463
0.038459837123855
0.0721705364404404
0.0614871959053172
0.150495974396233
-0.0561631650294067
0.120959229559821
0.0304818938983262
0.181248878014896
0.0919195407827167
0.0622410839559374
0.183067017705027
0.31911592180561
0.106888292711547
0.113553871413926
0.195691717301538
-0.0209362624172311
0.0812510151407609
0.0984906821168378
0.190281914126789
0.234383176217447
0.167325411190478
0.176735127065809
0.0362881351774611
0.107839754903554
0.171815466356978
0.215256790545065
0.137182092304992
0.0323780490688789
0.085287191751531
0.207230701491516
0.191813157233941
0.121971615962125
0.199784307339605
0.0957447297261386
0.351458858324979
0.0377042726557721
0.135085327288699
0.152388820804934
0.250051289815779
0.174087062225015
0.0564059370218577
0.183426335451091
0.275481426265348
0.229905769961236
0.239014002849171
0.207538984379996
0.177725921188348
0.15723694670078
0.00922032558871254
0.191676306722461
0.140095357701485
0.0745117603569908
0.294122701669901
0.150258089028089
0.21786211978547
0.174415443722372
0.186912035718799
0.177922824741295
0.109092010971134
0.228825990847972
0.317527693556378
0.191702869748511
0.264330558308178
0.163712604167001
0.153184092948635
0.226830065497436
0.105354633939434
0.182921387606023
0.349635401099958
0.170135730224845
0.271101345701037
0.252920911962445
0.273886347289533
0.267762295909112
0.240749182404417
0.390164897719977
0.210015306655797
0.278945048522638
0.219061142866636
0.301585415429646
0.308593433278424
0.250985350038704
0.191677313189658
0.173162631750742
0.0171219827542746
0.201122085115857
0.292427224713406
0.329651518715274
0.170193407007987
0.173333638667891
0.372574031941226
0.346108950548635
0.299859259720796
0.1677641494484
0.372129015273915
0.281537279403723
0.160952943647661
0.446178108840561
0.216527620379602
0.230069327859964
0.277805218994399
0.198025096683183
0.254254787622049
0.226575597728865
0.26843902165406
0.331890339037714
0.307724356443422
0.225438430312953
0.311893967540532
0.323757321775395
0.274380515285387
0.389447673494617
0.205206169197031
0.21227133319069
0.479338101711062
0.382987675359982
0.417373450202735
0.341757422981128
0.256659479306621
0.213455525303843
0.315287743489696
0.302235298538423
0.372810339782214
0.363945524773799
0.286292270379528
0.425139501917308
0.367673747476222
0.395575692330832
0.407007021289223
0.429168758088233
0.309890320608782
0.32277574472044
0.276858734737458
0.242901744644364
0.503889224347874
0.330675763323152
0.372036870261192
0.192060381935646
0.179194252259851
0.355749520889086
0.343101885254064
0.25735206464033
0.232280443752933
0.331913476187689
0.386965666273061
0.381846358006834
0.277356185591862
0.404706496182926
0.334913918459636
0.331240208615856
0.486830494534762
0.520252910012441
0.357441520416534
0.537510120230555
0.233556475762069
0.449439442000196
0.416431068053853
0.479417618287411
0.403808874816192
0.284546902190272
0.509054065264583
0.385625038836639
0.564440600881903
0.418445438872441
0.506946867469551
0.604778361833263
0.401788908311311
0.436153235832501
0.381235163013637
0.381398195032502
0.357008797945558
0.306598254897622
0.536798004224629
0.347424799000334
0.4571233272148
0.434003507392686
0.404940731773343
0.393649886050988
0.310820450167104
0.226656839393425
0.39193808424513
0.242938846520583
0.433198291318514
0.393076467414341
0.409786450206554
0.381278011992065
0.453346215837921
0.488104487328016
0.383555445004987
0.332187994354959
0.535720063600435
0.471597951465916
0.595504101602414
0.591928152261958
0.568159141116714
0.587246486280279
0.419891369762571
0.629656394290103
0.361132839463671
0.555319740738746
0.480075712423544
0.421299597947193
0.485146532330612
0.409516137262968
0.424174899966351
0.577820276239098
0.527013345050417
0.567891957506789
0.391405741407555
0.458143892002335
0.415599933144026
0.371059463558558
0.646850156056323
0.4809048245603
0.593945892611471
0.588980191296633
0.602106493345194
0.445238882807638
0.588874115434961
0.461805416979533
0.548634374059169
0.70586735386571
0.580947051451054
0.632444152363888
0.562555564830519
0.362008950064897
0.621553771636254
0.529106795198951
0.610727132430733
0.519320894117271
0.4073647016814
0.493956744660221
0.644673112416463
0.509807198708394
0.515364106436963
0.59763313962861
0.512517614305844
0.365101369756048
0.495637444095661
0.585706946432975
0.581334709343746
0.514297586367435
0.553473285468795
0.594133034571228
0.736138751380742
0.752229812891288
0.544080368074265
0.52939583346869
0.422137243518173
0.493137457920156
0.622158553567286
0.648172553899109
0.654619049817601
0.511331248888245
0.606853481996218
0.672049060316401
0.655763715528308
0.505922222125543
0.606886584452567
0.548650848878805
0.664866560989032
0.567836603761193
0.542352670152034
0.623485920495609
0.625365826017914
0.616866619554237
0.524261111480071
0.704147036005911
0.652234601141145
0.671076334234215
0.672731024044112
0.646079598383889
0.544396582826564
0.738168890841255
0.552895052454513
0.62701408672142
0.694654116917482
0.587965852118387
0.71163120624544
0.619879861921791
0.641407264152891
0.532520069772304
0.700349953963362
0.659767178409481
0.654014940161636
0.666827697756378
0.700702231285163
0.786548602402533
0.731996712911443
0.706359339858335
0.754779076887012
0.63951610941929
0.66918710347487
0.426415916783175
0.649384554936589
0.796514952402816
0.716372306365408
0.633986508428597
0.769873816246639
0.585190856887542
0.778417220026858
0.61405498467537
0.648375994023789
0.638776358632774
0.650931932306075
0.683459582482701
0.680200939066562
0.804005017169826
0.80140556536231
0.763927534896802
0.802057403622827
0.683491249596936
0.721553801424664
0.687895203838613
0.683484038772354
0.775622986556942
0.725876876612183
0.659914023502674
0.919253058269812
0.697667565388492
0.687949102388488
0.806530227303046
0.876068887073184
0.749829313280843
0.577742719737061
0.602124898636531
0.651549052685535
0.821936705406921
0.770075051790165
0.659094652163485
0.658985124065911
0.680844176032684
0.838524661476088
0.828626521835768
0.708028201687988
0.723537056348095
0.830296041288431
0.819207458504731
0.714489840052791
0.811425996497687
0.88192931473307
0.578252152402816
0.689212667500356
1.02218609621728
0.560329573075736
0.752906256481941
0.878612619930423
0.728254000355146
0.938733714074842
0.740712431660158
0.745712513476358
0.86539314293335
0.725475015278495
0.62072756542436
0.768354927184358
0.797665894386423
0.741546454718496
0.883631210231529
0.719599330778124
0.906753990280068
0.947872290685601
0.904615150588332
0.897461292049601
0.7292568595281
0.856563203774446
0.710385629121972
0.851972478023516
0.861273068491694
0.910284200578451
0.785510857123195
0.747759713346135
0.924478184458385
0.768329707815615
0.954894133575661
0.867164026331669
0.865165402159256
0.815056178248348
0.811084323049527
0.772054016350099
0.85962882740113
0.805730074309994
0.779165368197845
0.802030641457543
0.793833376466829
0.831382261985266
0.787792550028923
0.767047620792532
0.904167312908785
0.860067417806269
0.877634123562705
0.88967155010033
0.890617883771641
1.03002735700879
0.902495800463928
0.776000877283383
0.743916280912517
0.912529425789549
0.866365981211475
0.899263064079184
0.803127684521226
0.865899592696609
1.0088996339265
0.993358086268291
1.0239204571229
0.960365384078922
0.819741756581291
0.851927246249256
1.00654992945103
0.826114709636097
0.952934201299806
0.961516671719861
0.952602953662705
1.019897908302
0.855048047589601
0.806819773288931
0.805476561981167
0.957521247623477
0.908521270974194
0.906594935086225
0.883454594612552
0.870829508125848
0.957202140823409
0.918580057252267
0.943375401187835
1.00482008200866
1.03923223818081
1.1361621537131
1.07951741602467
0.902584090174346
0.886415352139271
1.06718878029585
0.879367475050703
0.910099758456265
0.807441792088397
0.896407586247294
1.06185121716395
1.03385082663472
1.03932086462952
0.849901263395489
0.992339843680737
0.897637832327939
0.904607769181811
0.943994414895251
1.00716617146502
0.918506159352245
0.951567940588513
1.02613349860575
0.861405453338303
1.06711649589688
1.02462822504485
0.863940285287869
0.968056527645551
0.914184735031793
1.00689800055422
1.12326373811366
