-0.0719644418625965
-1.08215168078224
-0.956011393942602
-0.904487570603311
-1.00582970933639
-1.11765371998117
-0.894519050771298
-0.988944952562591
-0.949420393324605
-0.959274360910136
-0.927527814657038
-0.869634521512035
-0.938427583097274
-1.00644382379654
-0.962437548376799
-0.957083384212613
-1.03798714673555
-1.06671383524184
-0.96771970140493
-1.01487037495319
-0.87257960554832
-0.93917752174181
-1.15945340748776
-0.957457816270708
-0.882301002712178
-0.868734629174094
-0.934532975876855
-0.994102830251599
-1.02112416842703
-1.113898100931
-0.954845584623249
-0.825112135877982
-0.904442309838961
-0.901329769858804
-0.899217391611245
-0.880490330982636
-0.844461399407025
-0.934822085231867
-0.84544298858957
-0.816942898374789
-0.8335768997973
-0.904041540347361
-0.878980593096332
-0.951838812427408
-0.929961898477361
-0.807611357740161
-0.886849038383495
-0.909864622231351
-0.90365951296212
-0.899324211851166
-0.938265654812742
-0.858533109731808
-0.85574120190544
-0.915838627713905
-0.981358783784982
-0.843031676795709
-1.03300184009977
-0.890701348759238
-0.965238220478149
-0.957744297183602
-0.996912779882954
-0.774293055075407
-0.898758008486213
-0.852149702755642
-0.751264915572581
-0.731820027674771
-0.864106821910186
-0.839069214754448
-0.845805308361914
-0.626253575013639
-0.921583677955983
-0.810912789721206
-0.817990244823194
-0.966583053899288
-0.925201150812963
-1.01688835831264
-0.897636549492971
-0.81484073940793
-0.891389282544694
-0.814527951985975
-0.781247083128319
-0.811521501491539
-0.787468331229896
-1.08709641902279
-0.760252388924105
-0.799534512586383
-0.854050458673636
-0.789010384453938
-0.996891072921903
-0.775148279730405
-0.787766012182795
-0.755714358137309
-0.927040133271712
-0.64557906367466
-0.838031967891501
-0.826769119408916
-0.72692926830098
-0.863704682583845
-0.863916906138414
-0.818873220997841
-0.803095219007454
-0.939174749911127
-0.862457630424791
-0.945376658327287
-0.812621806559145
-0.861223386720178
-0.644795844116482
-0.867479589121974
-1.01882017416352
-0.812866805638653
-0.834831363746516
-0.865514551450776
-0.769274731011857
-0.706282148540382
-0.825555543712301
-0.86936183451863
-0.742488499920796
-0.773932636285177
-0.671703354315005
-0.721326349609979
-0.769061359841645
-0.658777200474575
-0.758925766922445
-0.662541256516928
-0.647735797289486
-0.768012826851229
-0.599370047855085
-0.822401194270538
-0.791113954946698
-0.653080382146773
-0.853460631527622
-0.70710881124629
-0.916902542708576
-0.705674970550248
-0.728205021340543
-0.699935619328485
-0.784129665508616
-0.841428524354421
-0.720481241621347
-0.745050571825778
-0.581156991840858
-0.635924137188386
-0.713885038870981
-0.712728123847766
-0.582313668690672
-0.589003988927769
-0.580611666977521
-0.733318189026274
-0.670796700065813
-0.812615943944887
-0.741914069751346
-0.657888997364915
-0.764104483718632
-0.827349316750104
-0.661933163060774
-0.664076883105421
-0.690204916562381
-0.761558794379354
-0.67860020979856
-0.583295029880327
-0.8228034604346
-0.570941764415803
-0.690793099453472
-0.506106786580621
-0.708685929910396
-0.762798199191691
-0.700936860138637
-0.552478050976949
-0.568203404814136
-0.685660548440979
-0.665995683691499
-0.779651291587339
-0.62735359498804
-0.626390650430263
-0.643659589711143
-0.697876286952495
-0.751121932574631
-0.675927674880818
-0.871667858978497
-0.63260916417928
-0.567558988758283
-0.811252505144599
-0.680264041171785
-0.607212167237152
-0.551642941794714
-0.595723166394485
-0.665993358166169
-0.598972720570534
-0.620036310008402
-0.583919199073344
-0.771547580913768
-0.623519571791408
-0.615319533434797
-0.695854035715957
-0.557650416062097
-0.567866579322475
-0.390115350518252
-0.589240237128495
-0.725224450578353
-0.725221146186493
-0.599855565969928
-0.762626421132806
-0.491624830482243
-0.624211122091332
-0.563026955002159
-0.535368504905462
-0.564845586990794
-0.771318220056201
-0.671759031703338
-0.476007395500746
-0.666227945325059
-0.476674107321678
-0.724850647239237
-0.546385156622859
-0.59429717395756
-0.531304823815127
-0.510977965993737
-0.504549135765368
-0.579316373480936
-0.479823861383191
-0.659200793420483
-0.544794244681871
-0.641070375276892
-0.567683712075641
-0.648231394678854
-0.541877711554499
-0.565927405708808
-0.441025064372116
-0.67987476667
-0.759438452596897
-0.600562695891288
-0.605065044486181
-0.567290698532432
-0.48480958873733
-0.671218514918463
-0.526156960974998
-0.486672391354793
-0.433720703512613
-0.586210140296636
-0.52926360952576
-0.604683756745657
-0.35709733303146
-0.491836625413962
-0.475289735592269
-0.558820059952052
-0.581486109347136
-0.52810392674021
-0.504804321111672
-0.35941559825245
-0.321228323828763
-0.463853745180799
-0.4986925779173
-0.503165557744369
-0.498419425797608
-0.428958440373091
-0.522599325917424
-0.420135897632813
-0.569765327464097
-0.425634408115143
-0.579849513674347
-0.431730682185033
-0.499609311274815
-0.309025654412033
-0.513857834032487
-0.405077069701017
-0.584215250525967
-0.604418037132701
-0.498928296089615
-0.607072556518982
-0.430411534810856
-0.42396947114485
-0.461256409857051
-0.383903702207046
-0.544009128737585
-0.479221639297115
-0.503332874216557
-0.545425456737083
-0.360306916642305
-0.457718465447638
-0.326469619690897
-0.510460387030413
-0.56474940551036
-0.412193925615204
-0.513573066760214
-0.478695273678322
-0.409383860424311
-0.415184144339481
-0.393550826525789
-0.392870200852583
-0.336514777281987
-0.386461396425236
-0.620713425398687
-0.438419097112216
-0.506342191038395
-0.449612558703376
-0.405921804284685
-0.397462730573079
-0.357232077837669
-0.478343098992376
-0.412074440766523
-0.41270683827705
-0.334820852798482
-0.420813138633699
-0.529461820222202
-0.473334034899119
-0.388243470089604
-0.249628553347039
-0.375989109273802
-0.334214708003827
-0.28142041370723
-0.419607046797736
-0.339758512100253
-0.320415769317837
-0.467808049939748
-0.473354595561248
-0.475718557941092
-0.222635957998492
-0.262744409253505
-0.271965788037223
-0.397753394273556
-0.424414393537951
-0.262489431872294
-0.332378169404832
-0.410268220389917
-0.487726577231562
-0.436310009525926
-0.403708590096981
-0.41238057370791
-0.417064333942628
-0.42941905536013
-0.175487109969098
-0.408936676244694
-0.314014252270151
-0.296450119648555
-0.431953821249194
-0.310924652258452
-0.441592492972487
-0.255818506317868
-0.196876281569766
-0.319641816879904
-0.40839582428725
-0.473955589505152
-0.342757137868709
-0.337769457664251
-0.384548694458821
-0.204675333397605
-0.258725695991321
-0.366295522996417
-0.13940209444215
-0.215882855938987
-0.362053152296672
-0.253521080646136
-0.197971781587147
-0.146087585587638
-0.422901922504436
-0.362262953921727
-0.146170215088418
-0.258624998958769
-0.27992723111071
-0.370080838854628
-0.344679670752531
-0.237377633854943
-0.353326083199061
-0.18711809360669
-0.240864441768746
-0.279750640058503
-0.18609590885115
-0.261110241569769
-0.152681755152537
-0.190726696284879
-0.24750994799593
-0.04751337292499
-0.352016740483031
-0.236311467105303
-0.125515327403285
-0.197479352194453
-0.24381983866878
-0.357320500222386
-0.236417331525842
-0.353993531084865
-0.108139544406789
-0.223298303163237
-0.194903421481925
-0.338309623881587
-0.255403961706034
-0.190013680568647
-0.271944769174911
-0.152817882066783
-0.332616308228134
-0.105121703058192
-0.222297260937641
-0.15418920176617
-0.142808259763596
-0.133792322052688
-0.281567593186121
-0.169956283117812
-0.379920167199019
-0.264573692642855
-0.268990290363782
-0.228949949611171
-0.0426717949395716
-0.37106192929628
0.0770504242276408
-0.237126081925669
-0.165906057620194
-0.176519803495767
-0.125387076776434
-0.122344042442858
-0.0509853083700949
-0.0855317803679537
-0.089825117670289
-0.252790505772024
-0.124942024712187
-0.0882686660076224
-0.199210750037402
-0.0806686647986503
-0.275573956933847
-0.109058765405817
-0.0649196522278048
-0.142421379987442
-0.0565054417000616
-0.0881110761957882
0.0242337582021094
0.0113829012654032
-0.117491554105012
-0.0882388072867712
-0.269641216463545
-0.0587147688917216
-0.083665259619954
-0.0644129784307168
-0.184661422939597
-0.210741273349144
-0.0992103477882539
-0.100698611977121
-0.110692972103763
-0.0646555587577012
-0.277944828996623
-0.1411361537104
-0.07427271931843
-0.268836266158247
-0.0359152291720987
-0.300290697975515
-0.1351488299936
-0.103336257159266
-0.102794089380795
-0.246253941984278
-0.128774298927881
-0.0010085337923149
-0.0703737929433907
-0.0279228763970161
-0.127116313006604
-0.0933976650028275
0.038211535281415
-0.140366584956029
-0.180773465207562
-0.013116234908607
0.00421949595134217
-0.0880898358810592
-0.0487477755357759
-0.0254918429930263
-0.124677439441413
-0.102070720688971
-0.118758526427296
-0.215349141939026
-0.102750490795442
-0.116843443733323
0.101895144285929
-0.230568361279884
-0.0468401286155851
-0.0757906820687071
-0.139482820865376
-0.0720583308119386
0.084892971296876
0.066919891591016
0.0451135636394106
-0.108723886099354
-0.0197146571090462
0.0557813602381439
-0.162750855681988
0.111494609019149
-0.0465087008167591
-0.0734042663927335
-0.111622460176093
0.0684217093599318
-0.0236847946767408
-0.143301400022015
0.116116065223748
-0.0696974690799881
0.0355162830207411
-0.0567333770652211
-0.0140375979211873
0.10779609547059
-0.119396472366791
-0.102546222387149
0.0408109626740179
-0.0692080378546848
-0.0416846316235777
0.174684770708284
0.0536197878425379
-0.0938888263868064
0.0892281248863338
-0.0121545941796577
0.114120262683988
-0.145587580177491
0.12858059715061
-0.0112941999767205
-0.0503767989687216
0.224507501500416
-0.0380210538959158
0.010703105444644
-0.13900539858084
0.00992468696861108
0.0419574814998359
0.0616097820257812
0.00770571760308667
0.0275045541663435
0.0507072839318441
-0.0652295190243303
0.201442679805461
0.184178558359066
-0.0485096616389441
0.0414962244669643
0.160167713060596
0.104607992094865
0.0196064665920166
0.0405585231273339
0.143534757767895
0.0648768963311354
0.28156678695229
-0.00619481014035906
0.0508441842801288
0.060050814573184
0.00661515924261327
0.10538160723973
0.0947524699346627
-0.013598487199122
-0.0321705543252821
0.179726206941457
0.109111483048458
-0.0301092355858936
0.134631637362462
0.198376754819443
0.183343575590392
-0.0238782295714672
0.237945726320164
0.0747543999763813
-0.0153727011683829
0.0198882423167515
-0.0229487388837675
0.211307146740821
0.136373987934617
-0.0103492710858938
0.255145220668623
0.0250905464746605
-0.0186902328594547
0.0540252186469799
0.10672573206665
0.0681183554650012
0.00575816526333133
0.0958146824608103
0.111487451062531
0.173214883330785
0.130862677263966
0.0296023481566005
0.130740554211166
0.220047628796796
0.201995146175317
0.273092145346228
0.0664514845767825
0.20066466476696
0.161327348247716
0.213393065712928
0.136888718371557
-0.0128209289865927
0.162451004989384
0.25108971812393
0.289997672994166
0.253866252652089
0.12791710583265
0.281185149772088
0.277157906851609
0.121036051183627
0.119232584278506
0.204644757193078
0.170906730000893
0.118262900066817
0.198298717563121
0.243944113614575
0.331173845573756
0.133025696317398
0.130269771224982
0.0676159513901397
0.20378937395751
0.134316236327659
0.18900107157693
0.193649184913108
0.0272203226733704
0.122604745169884
0.201584155745126
-0.0513833449916325
0.20943665829539
0.0606736416966526
0.197104964670657
0.183864462438146
0.233217532017104
0.300041404415793
0.0966350257397797
0.24063742909452
0.141229427292071
0.257330553386102
0.179490788501744
0.363213309917429
0.29524957860389
0.143754841488552
0.211826605027818
0.357266475715478
0.310510283412899
0.098045639295702
0.290718120539592
0.353140800406568
0.247499256351163
0.250197008969672
0.304948904592461
0.327670731407389
0.232333027671904
0.277294930219299
0.241960309596497
0.272550006511385
0.291573314454454
0.27416189449811
0.111814476233232
0.356182548840692
0.271571873547425
0.403215326670107
0.340970260585311
0.174597612663999
0.348655271352772
0.160997617301797
0.233490508720071
0.281008548945132
0.401101333301724
0.231328536963196
0.256794670458602
0.322103483651179
0.355253606400001
0.473539598409836
0.485704749185372
0.154593882722501
0.353277818145152
0.400755495097974
0.347705610680187
0.195956589147544
0.138315687996334
0.210720129250481
0.233822054535618
0.244190664322052
0.389319845448623
0.218102343449494
0.449186153463161
0.211524874426015
0.46937825362983
0.368034082916189
0.295667797946727
0.30993591130368
0.339126529120806
0.194246480055552
0.0928493844986355
0.388206223242734
0.401980655047917
0.343956747561243
0.416003665614457
0.362466050598295
0.298407362266975
0.472972975655902
0.190897815266571
0.437023899804984
0.420054779343531
0.189133960249322
0.437185272745807
0.403280782847002
0.347115446862674
0.278707172102102
0.382990119056027
0.491952494516506
0.29375475229232
0.355423168555289
0.430506351255998
0.392993621662048
0.29642999889238
0.40387907194334
0.527402685985662
0.280524404887272
0.352614099326207
0.361027779509109
0.524832885773304
0.321702814782642
0.448543680165928
0.348858678779344
0.428825698978688
0.334955972640304
0.289518472878523
0.453240786274178
0.438232691596584
0.494165775703492
0.438931906288148
0.309531222182905
0.343549458299819
0.405471455048269
0.456392015593635
0.387744935685842
0.492357703028836
0.447372375430292
0.338789878453144
0.375265744386913
0.357047621528263
0.472871954509898
0.441944619599952
0.296493648191373
0.606135858690161
0.329032362963245
0.468955534830172
0.460527011490458
0.38337264630313
0.402634803005494
0.48614288134875
0.361960971939305
0.470909627404343
0.453878445053551
0.45153544261263
0.454132402712782
0.556374209959272
0.491114961149184
0.538555312696196
0.387520149294049
0.484885451902104
0.493868867318135
0.555232055258599
0.283569850430742
0.455099119553809
0.405198332779567
0.58242504995573
0.613148772569582
0.50714380269635
0.515101219022565
0.493046869737575
0.506884689801332
0.494503199806771
0.53223127921358
0.50349289643809
0.535461186346383
0.509606025522388
0.404467330053686
0.541655296549812
0.454911376767498
0.543596992594144
0.51711962967026
0.361668308461885
0.574206292293817
0.416097326417445
0.492877134777976
0.344139161084051
0.389956891829804
0.536417344760694
0.667409948561348
0.510122710308521
0.494193103355026
0.487416205452001
0.481113551455849
0.598669079965769
0.503492822945098
0.625171440599347
0.436028336295703
0.798097827539168
0.472930474966455
0.525314018109633
0.539742911678966
0.514383325853931
0.686871304812399
0.509870801449198
0.400310114085879
0.566069397617281
0.552212553766825
0.551116966352073
0.500395474758398
0.615634847073049
0.573050320544543
0.714879463045172
0.656018435192584
0.507006952899802
0.452122293256498
0.685892374591282
0.493655798666553
0.609175880760072
0.669221758789066
0.545491089128572
0.47240729888169
0.633391536331264
0.548758320383467
0.573155995065101
0.682126266989794
0.634284081645584
0.660956122420899
0.582625989823093
0.756606814702117
0.761052641515427
0.628451446164811
0.713905077604193
0.669704660873235
0.478426137747004
0.71247557814245
0.544442510333561
0.547916502358969
0.660985106540742
0.659090488351364
0.632498211889138
0.555000120141198
0.816671051616456
0.553977034799051
0.656994776112565
0.716163012424863
0.712017916134415
0.642512808225584
0.602228204613029
0.510394116593664
0.741555427777485
0.657264235175895
0.657581900565159
0.600673543491539
0.763060810985188
0.61288758375511
0.82412496466026
0.641306638215345
0.724085165944245
0.560981499186436
0.472232372512727
0.683296141748325
0.803448565134445
0.571268020267313
0.730120155584333
0.642263845762784
0.580837710493316
0.717127197264767
0.524738176877765
0.748698863982181
0.784922922347575
0.722090401752955
0.616798502058022
0.813666664297614
0.855178560758639
0.558753642460605
0.709673870795006
0.580506686977008
0.702512931127809
0.779605101991003
0.781738235732066
0.822570473650143
0.788509817681938
0.553297301290469
0.714128906782671
0.558599777552236
0.717796022686197
0.866549093295216
0.899326221083767
0.733268933674791
0.764638715622556
0.71212145119004
0.638809970432591
0.833639403415379
0.76002284263383
0.581787624751987
0.911175733823735
0.850611582102835
0.763395705710346
0.741637721895975
0.731310340033124
0.768194549729052
0.765672501223074
0.703264683779928
0.761362438594061
0.750071274477561
0.812249380152955
0.865161113783502
0.823921127387283
0.751448675806356
0.755507018973875
0.697063205869086
0.698570819044149
0.760420638967843
0.74911957508754
0.711191039173616
0.756133580505894
0.828162116335442
0.932865943674272
0.678309460152795
0.95794402100165
0.718908367135861
0.878545469506643
0.693536931980617
0.730596210393101
0.883782929613953
0.950952231286014
0.834274418392752
0.791186348317979
0.815428609475156
0.634118588688911
0.722994837016384
0.677528446909122
0.65949874886542
0.752438673261096
0.8900991423229
0.785568738772897
0.821387271003204
0.813277889460652
0.763883634686517
0.79420920973868
0.718248259955561
0.717462835678579
0.940778977702675
0.663534813130314
0.703944417841709
0.894831170764308
0.909607587413219
0.773430425121699
0.812721754821323
0.93773494575192
0.960952742634156
0.898588041961905
0.775059126109577
0.839650487460775
0.91071936861582
0.969284716356338
0.942169987064961
0.918116170208875
0.767239280213999
0.878429275649382
0.760719554902817
0.915624550096062
0.922249345125145
1.11779709438599
0.802742512001471
0.852734341178044
0.949661662777745
0.876020769490909
0.852484979443142
1.00259476212557
0.884082484830473
0.733897735206766
0.833504010796569
0.711135087924371
0.98892217908385
0.790257547293038
0.90112170555826
0.992250100315281
0.749456625600297
0.854057842206341
0.950183289107923
0.908913885636516
0.844305456223005
0.956497457822136
0.791223291941483
0.979448143708751
1.18112761917271
1.03041621927496
0.972395551050119
1.00508281080474
0.87479646126602
0.894167774719615
0.904916930903616
0.897393668403235
0.885244423977549
0.913255613044924
0.873882684014414
1.01661618521423
0.983918725574408
0.975741991337565
0.975099719027582
1.03278901139193
0.76631714283212
0.909033873641056
0.953432326926236
0.891604528935008
0.932377860102157
0.991391534378354
0.983170892383763
1.06488887941947
1.05763171587754
0.862114625576145
1.00628377230185
0.905700662568774
1.03886344425471
1.04985410028483
0.947493900762414
1.00072186875195
0.877176914826032
1.00336249805267
1.15871999412516
0.915127737159495
1.01489695218584
0.943771790117476
0.921845426830528
1.01653796196978
