-0.0701560853109196
-1.04083492628822
-0.946916220642063
-0.919301672932442
-1.02227719193405
-1.12558292637179
-0.907220404721681
-1.01318193160226
-0.972474404946741
-0.965926535296513
-0.922608152004188
-0.861840758548163
-0.951367892692169
-1.01707479177212
-0.969012542332581
-0.945003254774509
-1.02595791595233
-1.09764049231291
-0.985454703750954
-0.995742238986986
-0.898610193813288
-0.940326222121306
-1.16418030463569
-0.945103784262829
-0.888500871646734
-0.880959814648158
-0.940212081634989
-0.97705167476382
-0.997416733749881
-1.09964931728626
-0.948894513096756
-0.827254463271006
-0.91307967727087
-0.912442046320642
-0.896503859449566
-0.891228592601039
-0.842658763679816
-0.944893447600036
-0.816383328648116
-0.84191115014675
-0.834277027212512
-0.895938838585072
-0.87189801265735
-0.935022418270207
-0.931704567493173
-0.796923907857858
-0.886565186356837
-0.899175700251134
-0.908800430330966
-0.916753290396436
-0.929877117423421
-0.873571932438575
-0.885524093308901
-0.889331322682069
-0.977870584932759
-0.851675978044323
-1.04620647526453
-0.883471910949786
-0.944940669218934
-0.941808772506971
-1.00024771551268
-0.793542430032584
-0.900005772355052
-0.843143418855083
-0.740340961609372
-0.73812943997532
-0.865295168287334
-0.830499153046801
-0.838965548315382
-0.644859131390103
-0.932754135183178
-0.8256092948895
-0.804074308326799
-0.944379481334319
-0.903682147094432
-1.01937315978214
-0.867016279510574
-0.811978096789983
-0.914378927685472
-0.806516557108623
-0.772627904381715
-0.818592244223993
-0.777897222104007
-1.07858629638749
-0.774642168552461
-0.809005950735456
-0.844584050976238
-0.774856504946049
-0.99418810069858
-0.759815423336854
-0.780171017628573
-0.76119294499748
-0.926666896555898
-0.637746520383738
-0.85345260283143
-0.805681966885763
-0.747580325396042
-0.85444022040319
-0.857184808289928
-0.806972489541676
-0.810347749022315
-0.932802174401275
-0.861238701555335
-0.959080731974388
-0.763011344947777
-0.858581209402813
-0.651737148271972
-0.864957684940304
-1.03258388372898
-0.808505355378953
-0.829034779037817
-0.864174308727363
-0.762100965004623
-0.681478357672608
-0.80289451972863
-0.869088577727361
-0.750598558471765
-0.80037437960626
-0.672088433758101
-0.708753461968909
-0.758759493364869
-0.647987143809534
-0.787192760012518
-0.651235919021362
-0.642263979044769
-0.768272749260208
-0.617847484930626
-0.818767485842046
-0.748337710443691
-0.638439514646151
-0.829060544576279
-0.670132767725846
-0.912921415142175
-0.71248351184992
-0.736780130013467
-0.714850669029243
-0.789400161080309
-0.824919201213503
-0.71060798889612
-0.747302521356976
-0.585011652569398
-0.643967193283027
-0.740657869941176
-0.702004983283771
-0.603220933154464
-0.596239551955147
-0.576420171026377
-0.769769873322151
-0.652236950209059
-0.805862511369457
-0.732651014863279
-0.652229917376421
-0.768631198948039
-0.833812049997901
-0.656600428123267
-0.63391431778003
-0.71321361112125
-0.783486137253549
-0.670946368962666
-0.592480159439737
-0.818530757804428
-0.595203486775331
-0.70114421862106
-0.499662854409832
-0.709590029506207
-0.74642979735472
-0.694956295223153
-0.56243772502696
-0.550626571226057
-0.691671392681845
-0.644912702028634
-0.767114166001668
-0.610287056695601
-0.644575008128133
-0.652009002779934
-0.686514407988569
-0.763781978001273
-0.678267441979731
-0.866827240482243
-0.646486059424161
-0.573138629523024
-0.801528440705328
-0.705325980090967
-0.628504696973905
-0.541503290916412
-0.60214925380146
-0.6750156487964
-0.626569609074194
-0.609647363127162
-0.579348904578436
-0.776930513599884
-0.621721999204039
-0.608516005501995
-0.67835706896619
-0.560767557664135
-0.562785333037882
-0.394053981597434
-0.606003919777111
-0.738603293676675
-0.738883278097876
-0.589039127259244
-0.776362307797572
-0.463403138624952
-0.630266279223994
-0.57835632841119
-0.527850967866702
-0.577580976592962
-0.77455442334566
-0.675571708806543
-0.49055278378838
-0.658226995986768
-0.47427489730651
-0.7397349598422
-0.521170315872647
-0.611015813369246
-0.53150441309815
-0.51823146956313
-0.491501917316593
-0.559855513432881
-0.474504572057672
-0.656604931064114
-0.54755250128736
-0.626717857952063
-0.56837864791449
-0.655177765759189
-0.561999081864654
-0.54947670012095
-0.44974959081357
-0.678198477471596
-0.759276438341175
-0.611094814207768
-0.601186623104226
-0.559068576972026
-0.480566419514504
-0.65465121958796
-0.530685871841435
-0.482712197433252
-0.447901838121598
-0.5842243555421
-0.54313332962017
-0.59642974201174
-0.358542665398226
-0.489729344358146
-0.484154058686943
-0.566049385935692
-0.626307976922919
-0.532080791365072
-0.510422013952461
-0.337998140504105
-0.312773051648974
-0.468193013380811
-0.477840276297037
-0.514836659057478
-0.519989197462913
-0.408025455646068
-0.529702649044504
-0.432285714422253
-0.56941798314156
-0.419276679443092
-0.555431546152937
-0.438786993132561
-0.499539072794837
-0.301798795613465
-0.516403111286146
-0.419905900165174
-0.589825250908101
-0.621579208614495
-0.487135280767749
-0.601251134952361
-0.432450182566977
-0.423503806991449
-0.464002980706126
-0.363713087469911
-0.519931577573257
-0.493128474545329
-0.505873663794301
-0.538485026381702
-0.382597661491128
-0.466760346034127
-0.337265855884157
-0.519629869079929
-0.571764663873699
-0.408433835913254
-0.511002868378402
-0.481948003889876
-0.41521902778915
-0.422365376785891
-0.410297067639547
-0.398497230373687
-0.346345915467628
-0.370939348001731
-0.619053092549876
-0.438973228541477
-0.523953044504802
-0.417803887063694
-0.390971396500876
-0.400148841530984
-0.38173509543063
-0.489292221519074
-0.40959495421997
-0.408161581334588
-0.323310692357424
-0.426649783571744
-0.52136020931112
-0.454314465291653
-0.396621817136178
-0.258814092904885
-0.361752265064645
-0.322163030484918
-0.280240115746317
-0.425125143769028
-0.320819363040721
-0.312958616802174
-0.448975876946653
-0.462142979449491
-0.491041213357287
-0.214277025945603
-0.260447677412215
-0.277645801722385
-0.400962268471273
-0.417054899503278
-0.265278080858064
-0.333609168795822
-0.425899884735076
-0.464451282332448
-0.440024990333885
-0.41078670063792
-0.405727085240656
-0.394415852731571
-0.41954858200687
-0.160677448636614
-0.42239949213386
-0.317137578090446
-0.319216100595858
-0.412937221699484
-0.278482137820954
-0.435546843509073
-0.277415123022009
-0.176257693373633
-0.328785100680112
-0.402685189882031
-0.487019102810539
-0.361643352321573
-0.331088540325946
-0.374020223319409
-0.209203951794362
-0.26632012501934
-0.375021144770757
-0.148788891226981
-0.206474804087894
-0.356063160842361
-0.263192964237373
-0.195889393495103
-0.146590067129266
-0.411250663685402
-0.3663245782932
-0.143184024449267
-0.254872638446619
-0.244216668840889
-0.359351845119452
-0.326647446941419
-0.24209772370498
-0.354990420999898
-0.193796620484621
-0.216365349208061
-0.263983212912043
-0.212295355634427
-0.266562248877617
-0.138498402279731
-0.188278629576584
-0.248983568367042
-0.0663853951698754
-0.361108672474035
-0.236884961598689
-0.1247823340972
-0.208556102022187
-0.223566895897838
-0.33051253874656
-0.231944390294516
-0.336720332735326
-0.12639190416968
-0.239367461860161
-0.203385363811134
-0.324116008891599
-0.268337018478769
-0.173677227665164
-0.296112068954348
-0.161365847339413
-0.345075463348016
-0.0944248111913803
-0.241916052507434
-0.135776404959159
-0.14321507837306
-0.131187184983615
-0.2954718667979
-0.150870569859211
-0.399233846586886
-0.241464807059787
-0.266273095205688
-0.223903336791178
-0.023392943052414
-0.357385048205027
0.0751158110602724
-0.239500526536549
-0.184419246253942
-0.152384603094741
-0.131137736418387
-0.110776409907111
-0.0648673674464489
-0.0651972411818627
-0.0901911880224425
-0.226916829613569
-0.127116119435521
-0.0756803205675362
-0.205441505633334
-0.0913370862708439
-0.236429347659812
-0.102703321386825
-0.0613485370416719
-0.141478578250726
-0.056210642937373
-0.0768236702175415
0.0331174358327565
0.0140328638095019
-0.122495040460987
-0.0766862704904346
-0.259064815855982
-0.0817565278415368
-0.0617108701420846
-0.0507965572026939
-0.164879780929147
-0.217783036899864
-0.108831131919068
-0.114862514334813
-0.10885223213958
-0.0820496272099324
-0.256099216909361
-0.160500887491597
-0.079575686080743
-0.245886313514457
-0.0612612562384335
-0.293866599638203
-0.141518912457353
-0.0841823082796457
-0.088085556885201
-0.216343992186769
-0.12720381061139
-0.00631710648606401
-0.0509503917830329
-0.0238886978710928
-0.161552370888617
-0.0977275381584232
0.0386015107021892
-0.15362529998672
-0.189035910485473
-0.0222313633658857
0.00377498431707835
-0.0806778654074445
-0.0218647062937917
-0.0279174933685023
-0.118514410605908
-0.0825118943847363
-0.146111795770215
-0.223668852369998
-0.0842962094585731
-0.126652146901424
0.0864070012313806
-0.213773806976724
-0.0348721973170732
-0.0647151360474418
-0.138402093408753
-0.0991424107780815
0.0649497831334322
0.0523146698485379
0.05386034893709
-0.115281104776782
-0.0238757550123576
0.0379263939101085
-0.184494581542815
0.105930942152667
-0.0449638822434159
-0.0716440776282278
-0.124704650343024
0.0543784813394324
-0.0406701429207348
-0.128445346714415
0.106951711954334
-0.100206732265141
0.0245651046341993
-0.0780214878064588
-0.0419505430012333
0.119303022831714
-0.0903268435274042
-0.104877252533355
0.0457862711106387
-0.0708680321370849
-0.0482889146274197
0.173308840470505
0.034136561694409
-0.127147009662588
0.0740359157523541
-0.0126252970019827
0.120832310087532
-0.134252509341804
0.149463470553594
-0.0110553378541336
-0.045950926205374
0.2203160790574
-0.0476231387557333
0.0298385359299864
-0.149981047759379
0.00733484284658747
0.0527391696071485
0.0769045241260635
0.00428167311054397
0.0188212617870888
0.0686537233791372
-0.0533008718648423
0.189763576199705
0.184636454780299
-0.0617587617874167
0.0546389560615117
0.170697674353991
0.092512967868798
0.0197789949331948
0.0570974020284875
0.149542254592608
0.0541684090243146
0.284536656636916
-0.0267561532685862
0.0462470865811357
0.0456424513887072
0.0084418380697938
0.100635410336241
0.124683433331254
-0.0399033253652024
-0.0277674742115578
0.166635463741313
0.103612736158331
-0.0309410323461743
0.11862590506199
0.181179551327502
0.19453107015972
-0.0340868931935607
0.244101328858995
0.0555118450265964
-0.0408748452292069
0.0264698188482255
0.00937006642919907
0.197642195710622
0.138269500712648
0.00713327482807612
0.244028796980408
0.0284521718905569
-0.00226513169058897
0.0636353708888238
0.0759358588957705
0.0615779383473168
0.00375091771599392
0.0988856458762148
0.105593463402428
0.168262005774153
0.142164807462156
0.0247706689102808
0.111969427348621
0.213943283992558
0.198621915782321
0.262253017593194
0.0399885400682051
0.213364367620626
0.153307042227208
0.218782269640668
0.124175698103307
0.00279094850578489
0.145561397815617
0.262221292284983
0.283239234272038
0.231919764627202
0.137222215381668
0.2750011649475
0.258609172195125
0.13537365958294
0.0975359817538892
0.219267045341662
0.159227040108414
0.131051119027963
0.193739590444024
0.248938912281996
0.33734945291083
0.117050372906552
0.135628856005902
0.0539892451738319
0.195918348920771
0.130147852978409
0.206210811274371
0.187354572301443
0.0210137591452213
0.134402211050252
0.198560903131771
-0.0487996443690745
0.229939962052298
0.0711484335475366
0.210845704772445
0.168081425891594
0.249694907944365
0.289777853382801
0.114326723947877
0.265411667003519
0.110281884762184
0.264545814189279
0.169572460771037
0.346815468858199
0.279864805939394
0.119103277359332
0.194933687852679
0.357519467982398
0.299227334783266
0.107298220865035
0.284751068291775
0.339066696961492
0.257986323606134
0.243812222866266
0.321036825596085
0.332444535969359
0.233267442072064
0.252463234716476
0.232135640174609
0.28112218461958
0.287843785753754
0.284416372051741
0.104039916105791
0.34500672465917
0.265497217480026
0.375749743679763
0.347286335554171
0.162717138029064
0.366721433160798
0.172111106807189
0.238444806415905
0.288503163493256
0.38046342557145
0.244557935767177
0.245794389002479
0.309339167737841
0.360778976878772
0.463495247889499
0.487424361063361
0.153388033998518
0.36120228983933
0.380460314156524
0.317628347001344
0.199907199889452
0.120498015901063
0.217131592912436
0.216897037972988
0.225204698103519
0.388803177025834
0.206082644841447
0.466995796258468
0.202056452883972
0.470685633324584
0.365803045694969
0.286559644495588
0.308242659994501
0.34381289500981
0.171053549890816
0.0738353771986114
0.397989221880359
0.380245310991301
0.33684427387645
0.408837777386482
0.364863397259952
0.317754920678564
0.48030216896431
0.189418803879195
0.454114345139789
0.418289335961942
0.171142181806356
0.417302128805012
0.376150534002701
0.341739382984151
0.259229127576906
0.381817780487477
0.487440897011314
0.289278418112857
0.370036792562639
0.408518797605149
0.409347553468182
0.309974337955439
0.365767511057641
0.53219851205258
0.285457816964921
0.35064079501992
0.360080816629241
0.532122058441215
0.30793539500749
0.44741766717638
0.359241646819284
0.422714006317272
0.360840057261521
0.334074218942946
0.417817396167256
0.449248229147482
0.502887913168702
0.450233898234136
0.309356125596719
0.350778707372487
0.422855778603037
0.467721410989317
0.39524112951415
0.492383473720892
0.455228553619713
0.339272643192736
0.398196262245364
0.336897796097438
0.502153525154389
0.43336845451971
0.287372940491958
0.581610227754339
0.327023780298232
0.467194627874839
0.46176985416418
0.387714899114461
0.394720205372435
0.473948342408347
0.340424515868424
0.484336830927719
0.454288840667245
0.453443960173869
0.444680430262443
0.549015265849752
0.492666663629148
0.549264259041753
0.391371461370552
0.495091228706497
0.508012964767163
0.560397699573104
0.292599239508872
0.483528193384627
0.388550083751306
0.588212219093059
0.611492440725619
0.500148481673426
0.52511472274046
0.477681150571873
0.510422471854917
0.494850623525984
0.51480065035294
0.494737416717491
0.529297968021423
0.526028259792475
0.419991119185501
0.527686243367675
0.436143073315661
0.519460028369066
0.495489844664751
0.355413585965908
0.576516592605166
0.444406608400541
0.490966130089228
0.338078568244263
0.402181358377325
0.561286570289009
0.652640044859982
0.517811149152851
0.488246859195924
0.492234299349568
0.493921978735756
0.599433551426107
0.495325905544345
0.649874742539236
0.419532444069974
0.794042726384976
0.455849553531592
0.524179763561627
0.535019782182351
0.513030541351261
0.683731820666035
0.537204463342114
0.402599370079107
0.569483273232272
0.57076003840788
0.539259758902436
0.464560181339278
0.609275826126999
0.573004302135463
0.717213738054123
0.653399763837151
0.529313377570952
0.446670868667351
0.664824305857296
0.508967045102021
0.620902041022046
0.659811694466488
0.542586171082915
0.479800725482834
0.633656025934078
0.551191419136082
0.566166683876609
0.688577157446418
0.64351341281435
0.666061513468979
0.564505983267061
0.739939880680944
0.759274301230752
0.630115918930108
0.686213881669423
0.665710155328247
0.495316145355392
0.717358809249178
0.520884830823698
0.569525478446258
0.675091506254041
0.665151556053853
0.640445005465198
0.557818011821212
0.847074614335253
0.550982718086831
0.647171252265676
0.720099784766344
0.704821408759914
0.631901259178438
0.610293524530915
0.499452349882756
0.72438397034366
0.653532015804061
0.651317257311534
0.57827445451316
0.7400738851966
0.594917398238742
0.825460641162233
0.648769214637096
0.723599225797686
0.55212836113735
0.4696284927629
0.702653886728441
0.798200845960228
0.559617097550854
0.738369457946956
0.642541073152035
0.550528045618338
0.708006049351728
0.537754951166073
0.72429808841433
0.786271402267889
0.733404943624241
0.615513186664087
0.826907062433394
0.83735903984468
0.536783291013938
0.703460268656506
0.570473773537587
0.704769808417078
0.776804746674188
0.810764560047499
0.810576791999515
0.805780914218966
0.54225771945122
0.706556464212059
0.542764924288408
0.722422374947086
0.874013958807911
0.889576787630541
0.749405263125626
0.787566485189472
0.705753550394583
0.633987925942999
0.834989761835659
0.754012295249902
0.585472781686097
0.930171010710185
0.813230685245353
0.748724314436649
0.719515758899814
0.72421611313806
0.758105037102342
0.788269496444043
0.697553775420173
0.744321273009738
0.761802063075519
0.835455469100049
0.855860195312514
0.790846144829871
0.727913728997485
0.73913736647401
0.718171287958682
0.691853406124595
0.769833160399307
0.75515494263394
0.704041412822944
0.785120408419304
0.817284555516104
0.934186129513155
0.678298309550696
0.967498067962322
0.718614047829509
0.883999872566199
0.699012324883087
0.741629329637139
0.904943043560612
0.941264998089356
0.810556291986569
0.790045269210585
0.840469344363828
0.645863144025604
0.724743938064084
0.693699612226941
0.69557044136996
0.729719616557328
0.873635742290307
0.776525536681295
0.823431573003826
0.803724305980563
0.785303798425201
0.802991815872758
0.712650742217207
0.706357304096483
0.933524927155527
0.650024151115543
0.720023291049032
0.884306061307387
0.922769374349006
0.768774483209915
0.79931442050656
0.930116780616629
0.984375632089319
0.912955855664341
0.795160588538193
0.828992437295902
0.902475723357209
0.96936512699954
0.940815382623374
0.923690554789908
0.777038304531184
0.863314772982963
0.747603869334601
0.926116480834037
0.904779653689953
1.11686288977378
0.80012248312284
0.854576156986931
0.955460305431454
0.880885590363614
0.856790864206188
1.00596311836786
0.888814633181029
0.730412257092986
0.837125200375467
0.718920209311906
1.00045224437574
0.795169201367189
0.900847490990381
1.01827812338525
0.73636145066592
0.855232280603595
0.960531857089141
0.929290658738746
0.815959306118526
0.946098876401742
0.81384316000904
0.992443067513501
1.1899730461085
1.01061278151501
0.961650268244985
1.0174254766416
0.849585074447536
0.885299374284994
0.896051361485879
0.916969001198662
0.886682353146471
0.918045462433797
0.870765262471632
1.02248268215285
0.968594531959051
0.964537000932136
1.00525731424235
1.0307430799513
0.762406251589925
0.907528595706105
0.957058662446487
0.877614973529539
0.926501316004816
0.994984451960795
1.00372987520854
1.05607337150029
1.05397025421989
0.867743598687789
1.01262396496241
0.927828846074912
1.0410609746309
1.0507158746766
0.923320221109658
1.0096702441927
0.8555725225348
1.01712954641757
1.1416405002044
0.909126334153696
1.02372068043123
0.943037026674737
0.93929041203283
0.978352986572607
