0.0597444626398132
-1.03471708533651
-1.02103168343705
-0.930058029272102
-1.0727901952742
-0.808158871612475
-1.00384988110629
-1.03533750743441
-1.053986197149
-0.836121928631666
-0.866610459930939
-0.969644134514391
-1.0672173429626
-0.838123103587727
-0.861312886905469
-0.912377198218887
-0.986493055326002
-0.862504938854285
-1.10769724624273
-1.07771582801373
-0.855067032014122
-0.881416010940085
-0.915115031733952
-0.928245563466216
-0.917325502968083
-1.03439540384815
-0.873923877981636
-1.13183335847842
-0.846685417333142
-1.04738189064503
-0.868038892548444
-0.854361037301235
-1.00150598799559
-0.982742938014372
-0.870702275297511
-0.843596460892926
-0.959172042034856
-0.880337463288374
-0.863915249261349
-0.873413474482543
-0.916398591239657
-0.853815725775811
-1.05558331457725
-0.839720608140848
-0.866381989560283
-0.875662478553786
-0.881409399663387
-0.871903570478893
-0.781931590457234
-0.836245763208031
-0.787341410849016
-0.81260512399365
-0.86526302004608
-0.911454382413216
-0.865733858116248
-0.990880356712582
-1.06169004587743
-0.756969246361537
-0.862829928321824
-0.885934181260844
-0.82616509636204
-0.959010007231282
-0.879642258234593
-0.884128016401513
-0.746360944408554
-0.799205106929981
-0.696285776603022
-0.895069893666095
-0.841460075318856
-0.759836126694239
-0.821141275150318
-0.911739111687835
-0.945563793465295
-0.722214505556073
-0.874901283078933
-0.806546620865659
-0.825211492701521
-0.829526053034853
-0.732378933623142
-0.934322101894565
-0.85667389626864
-0.873610180507117
-0.938241781281741
-0.910453043502081
-0.729952058792877
-1.05801154957453
-0.782209802730804
-0.887132376319506
-0.676263380801394
-0.845576283011831
-0.9096548016857
-0.8272211293554
-0.7295997858881
-0.904174772385809
-0.764470415137176
-0.703568148062373
-0.685481194433116
-0.988108392310237
-0.782659923562742
-0.747799848208531
-0.873586553101704
-0.788875978288018
-0.905247723699247
-0.847137228410311
-0.827348451807469
-0.795041420016466
-0.779165987828095
-0.944042928616811
-0.846327480788372
-0.74093874401412
-0.667056369043232
-0.758089969725482
-0.826247784426622
-0.731089223121997
-0.73454411075944
-0.709818512408326
-0.84962076029247
-0.827835918929945
-0.738635376809825
-0.695413064680256
-0.773177289070278
-0.754460258862311
-0.800295709259763
-0.801803038419079
-0.800214429243307
-0.787359460656203
-0.603165167235443
-0.714468608275674
-0.875408775381565
-0.714596958792978
-0.63082871271196
-0.760918331612193
-0.665404098547239
-0.556548308802336
-0.724940193860593
-0.637367481238859
-0.794821367447613
-0.799087052693804
-0.675199740949278
-0.658031831416676
-0.786125577217689
-0.785317372077478
-0.858737361501359
-0.725014941389975
-0.699857673133966
-0.612183867905496
-0.686169281791412
-0.623055955084044
-0.781919740378901
-0.706713628808957
-0.66841526329912
-0.70553223808565
-0.692048338390471
-0.656552463755664
-0.793580754843446
-0.678698897681993
-0.66014620724446
-0.660218614304974
-0.677569077165165
-0.63793296908349
-0.585663039363615
-0.479468042064677
-0.598737447662666
-0.794886639923967
-0.633221283083602
-0.731080756947594
-0.657503972246709
-0.795099936598526
-0.801479441563896
-0.530237476268154
-0.638547371805661
-0.619778216389445
-0.759695100566343
-0.6861476458511
-0.557919900079662
-0.737539746140911
-0.587914970009241
-0.502525076315615
-0.812318797146474
-0.590689593810483
-0.514790916670705
-0.611193200222034
-0.776782911273127
-0.736317685472069
-0.598414127541991
-0.592843497999976
-0.490001426105992
-0.683396566634222
-0.581982102732236
-0.686081664296686
-0.697987395309772
-0.660132160760404
-0.748253168131883
-0.617639459420804
-0.586361934948086
-0.761188513348309
-0.60505939328769
-0.553118542780638
-0.592641854870961
-0.438168901490967
-0.404396192355577
-0.626607224138003
-0.581678174234503
-0.707602482184508
-0.654690702995281
-0.637442591998814
-0.551001071955901
-0.656154397509322
-0.671626173103257
-0.638115399931815
-0.606820979598021
-0.501445461527713
-0.675972022330389
-0.606121619136344
-0.473086427869715
-0.497924817672733
-0.53290602140051
-0.523225830993775
-0.603282894998441
-0.676334321934993
-0.418192151798303
-0.615930422328734
-0.598612978105703
-0.480655332730638
-0.451366899805856
-0.516117956912496
-0.484123216572237
-0.683714636301941
-0.5053480253084
-0.494535446791715
-0.606135055356693
-0.503311595967332
-0.608364188258422
-0.457826157189833
-0.517142437212884
-0.46045597190269
-0.531290441305871
-0.323029546565714
-0.492565075437198
-0.525761423486
-0.543281008940945
-0.612528282851804
-0.61428290697951
-0.614592733674278
-0.37440651518756
-0.636855452783004
-0.508058169664047
-0.513515665485592
-0.5008324077498
-0.485001253495123
-0.50322832976057
-0.470741498056281
-0.541192907396011
-0.499105172344577
-0.414648386908383
-0.543230552869256
-0.533345885340011
-0.601817140671311
-0.439529582028706
-0.55143323368667
-0.411639962412456
-0.52753765892393
-0.617755797101194
-0.370858003275473
-0.480829583927075
-0.546886305137836
-0.439092992180419
-0.537830329903294
-0.438557708953747
-0.455322308968695
-0.556578007535382
-0.396290169500818
-0.462312959994739
-0.415163942413625
-0.484825787147963
-0.47575517639106
-0.516011239719901
-0.490962657963981
-0.472361698141687
-0.374849210014466
-0.433334543975334
-0.56645754193313
-0.443161764750131
-0.426879973506861
-0.344540943348618
-0.439403018082171
-0.490123840468659
-0.371180663466646
-0.431200094943886
-0.563185494982799
-0.418484467532893
-0.389725638332746
-0.438397854423256
-0.28652105418853
-0.347727407142936
-0.482885099370251
-0.316462756708179
-0.407051511043605
-0.355382457612578
-0.407815849681397
-0.381318559068423
-0.600587616485853
-0.391705007309234
-0.344637934396072
-0.336133070244193
-0.481565067330687
-0.257036178738551
-0.478535702743942
-0.485085216017031
-0.418811938884759
-0.457128824727673
-0.223233090133197
-0.35869834635868
-0.429794706358394
-0.267282498450112
-0.293820766601649
-0.523064879690156
-0.339657179734115
-0.254513013933295
-0.388196023852012
-0.0953885486981884
-0.327548797699824
-0.283147519291358
-0.27656650247161
-0.360958914623069
-0.431846129637421
-0.404972032352885
-0.423441481779803
-0.341065932848924
-0.43156252793411
-0.291068768486814
-0.363643536137566
-0.275907252854067
-0.302492658383383
-0.345427200078052
-0.368751289366819
-0.452037858252104
-0.373403712192856
-0.311016614372958
-0.219855065832491
-0.261224216496994
-0.41250797351643
-0.295280349572854
-0.342562514150621
-0.3415792457417
-0.370051615524118
-0.332788417551709
-0.225652833350779
-0.239587724225298
-0.250935200951799
-0.361377545113087
-0.354482509533718
-0.326677151402507
-0.300161942760411
-0.179513801103785
-0.311841133799448
-0.249327676032828
-0.383716201568698
-0.150713906312344
-0.199909617932873
-0.339673216909388
-0.258359557242179
-0.134497930663941
-0.252507526255807
-0.299743774651878
-0.242998297116193
-0.256116735240521
-0.188681911329791
-0.187846218446446
-0.123886841355254
-0.285114572305497
-0.423156751748684
-0.209378167922681
-0.161795434193787
-0.207953439003615
-0.383891243161109
-0.257583402117858
-0.0679863954417537
-0.3280586724793
-0.0323592161008959
-0.20989356742156
-0.227937864630606
-0.224875263783379
-0.239309756199565
-0.348355540766299
-0.24048624092234
-0.311872720567494
-0.324870570275643
-0.174230396884574
-0.103724122174418
-0.281274625992974
-0.27621678193096
-0.194942146405935
-0.263023049769231
-0.0546825977534348
-0.225955701162258
-0.149876501439322
-0.437262533269269
-0.109646777006195
-0.136797486314237
-0.18975052305427
-0.253589224372882
-0.187033137522376
-0.195812682205767
-0.286974517177101
-0.117465843262116
-0.118048923447721
-0.211948374471093
-0.267485264610597
-0.220445142005125
-0.0882738310854905
-0.21821661981878
-0.165290942878118
-0.135920112851419
-0.173566177374892
-0.251010235340819
-0.109320524695509
0.0382391573674118
-0.291359360990054
-0.17806101468031
-0.11439549863582
-0.10093438983955
-0.238647662534608
-0.199560415973955
-0.0989550134916056
-0.243670669331904
-0.068580280608359
-0.0911779716719035
-0.216124508427566
-0.22904276622794
-0.0509309520646999
-0.161089392424499
-0.189319905272074
-0.140789678291875
-0.129475666959591
-0.18967684311303
-0.0457981243288736
-0.049434581174455
-0.143441970633471
0.00741527328570328
-0.0667458522191123
-0.184528950587483
-0.203037673890817
-0.115857701369491
-0.171423803483494
-0.142777821694333
-0.148881524211099
-0.0856581352735674
-0.156253272543165
-0.0345747298625585
-0.145650787743849
-0.298391374226977
-0.187231068097072
-0.135022648217199
0.0430026185528398
-0.0710696545837494
-0.00968071052194915
-0.226055576456938
-0.149115033599326
-0.189768969338903
-0.108724258005063
-0.0208103372546158
-0.0585396485106365
-0.266964502427349
-0.126232541681309
0.11410319841016
0.0175406200224084
0.0591942038743594
-0.0997934761290004
-0.0543307862538776
0.095943594795771
-0.0409720905634724
-0.161227624247936
-0.0263173459600685
-0.0501708188943678
-0.130537761530171
-0.0934056506712541
-0.119910924482706
-0.0429284938287721
-0.136176611408446
-0.0741692955715313
-0.117490094695951
0.00498993567941968
-0.0229579364992883
-0.0848757281631376
0.069596831459442
0.00380933913644983
-0.203574163539022
0.115874220011674
-0.0855262713288692
-0.0785793799203582
-0.050585722234539
-0.0815915494733961
0.0220679927686227
0.0224455839522643
0.0477609237506473
-0.074023533437376
0.00482471833555251
-0.130525098657677
0.0244024592909063
-0.0706043110321448
-0.0323626707980041
-0.0593271891576939
0.0581310734006263
0.105471751706413
-0.102251147985371
0.0116690325866763
-0.0415303501262886
0.0610881902779241
0.0336186830807
-0.0384843970881466
0.073621704537943
-0.0660945483831659
-0.122550204855438
0.0581675243929164
0.156430808692546
0.0867356222657515
0.0164181065381359
-0.0496984805611136
0.136479800860051
0.0203230506718364
-0.0148016942007954
0.00182834842265326
-0.00212418170731546
0.0940226232879403
0.0640926319577361
0.000857776199231485
-0.0298890307730543
0.146083677902
0.0260455343149922
0.141477854094147
-0.122473747782461
-0.0688127843783439
0.087469459893678
-0.00951768847819214
0.0264317329999955
0.0808568431707983
0.0256406565045266
0.112395860555968
0.137657454245102
0.185755736888513
0.276298555088399
0.100876437535852
0.0453666998973768
0.078560516085157
0.0243267466149348
-0.0516181295504407
0.0533385459514926
0.0777113040703908
0.0921134753150569
0.0904162797334175
0.147855274855552
0.108067288305592
0.0503450017437571
0.210553271331948
0.0551333208288696
0.0142745672383209
0.0779147097494143
0.108851432780729
0.133054812984153
0.204177552594952
0.305806280449262
0.220138754930991
0.151426209426536
0.174590745309839
0.121832374193046
0.157883071466139
0.32754892602111
0.137721066888175
0.0273081663983112
0.249901115377451
0.0237462155588149
0.155256712504125
0.0768051653581263
0.165971199343976
0.178364610528335
0.070344225879973
0.221453528911444
0.0694546889176993
0.0969364704452887
0.226411973871089
0.0234252300222327
0.132665698767644
0.167151731636648
-0.099190176003728
0.0198901374495518
0.0932316405904775
0.245342475429439
0.217904937085881
0.185735792360759
0.0944153467584855
0.154190245114113
0.307698222529064
0.119584403248619
0.109526252433798
0.201807637750373
0.120578684297706
0.138554062283321
0.0756978498154843
0.145395313411329
0.225297553871528
0.194468022188666
0.0664995297661107
0.159296880218556
0.125817333709365
0.0432559615963477
0.344846350958249
0.247917401206152
0.180242145945992
0.0111016502434843
0.268527532915052
0.273498589841144
0.281404311195422
0.213573305155562
0.272610247657633
0.207411057751267
0.212453889183495
0.156975486539689
0.232417108579095
0.374787485708601
0.236902482986441
0.21184559080772
0.323214070783019
0.211921300114742
0.167475950996383
0.21381452735703
0.0248230731612363
0.18747580653666
0.235991112958835
0.290456146209233
0.250225919603533
0.358573598209661
0.243505675795698
0.397618309721837
0.318950097022457
0.346286447892652
0.329685088926134
0.20659074320688
0.269993589094437
0.294482937777691
0.207480404839834
0.386586541080726
0.239644110470144
0.208050491947061
0.32864602329093
0.126569842538853
0.246562602562804
0.381553215715433
0.263938061163604
0.208154727577501
0.314944825644614
0.301141339701767
0.3731849696355
0.34568428192039
0.144356593741171
0.424972263101961
0.300338956381039
0.437872516217144
0.295160859593435
0.273617259865802
0.280121674139646
0.262260488862585
0.2944951529383
0.487194657662533
0.285726880847734
0.433337862976642
0.473287672272437
0.190680024220742
0.268713293439498
0.20476018062459
0.23844619550116
0.365969058759054
0.237348837948219
0.257744594266507
0.355063156420509
0.329872157192156
0.393349237409122
0.344158999618793
0.456431029806808
0.517021356684461
0.32189385647849
0.359687421377802
0.378560647734655
0.522725178468551
0.336407457099112
0.436180948841394
0.244017417819615
0.120134093947495
0.433185570951951
0.422642060338734
0.304917785220244
0.236262484666719
0.453918128119256
0.302225178683931
0.437388100567311
0.263887639514231
0.306808658751448
0.400546586866739
0.492865648637841
0.429220318916984
0.351393556196055
0.335677430261595
0.333099046139449
0.33237139851184
0.446090513324702
0.458061437402623
0.477859499666186
0.291079560865705
0.476100294210172
0.390996154260146
0.302591724832278
0.522870793316277
0.542224643383771
0.416982506337777
0.372004879294522
0.462515305113136
0.487094437300722
0.347889207245295
0.423134260319147
0.376410584480287
0.516269032044093
0.558050300354354
0.552096087588612
0.519663339637664
0.389908397443378
0.451499523791105
0.570358226609564
0.562895423052454
0.454027240054217
0.350861445963162
0.419669663325659
0.520954972209876
0.469303399241586
0.515874073159904
0.513352802849375
0.472711270607731
0.326184676490646
0.450998171995276
0.335413453295776
0.517610492535117
0.447605390116754
0.480180480846765
0.504030363594503
0.484307697165863
0.476238180236025
0.49644246717946
0.463296925122501
0.434685659622985
0.537617264980398
0.441758845425165
0.540187174848981
0.48527749651852
0.46083538763585
0.422641145226849
0.374916507377746
0.582010029839966
0.589113108136785
0.437247818909265
0.439173271681753
0.470358157062932
0.521517689791051
0.498861728747413
0.554189645751488
0.533296785413543
0.446455969667556
0.575127520350489
0.592871744934562
0.493613861558436
0.63016698032941
0.382106547051428
0.489540771569762
0.635232175478743
0.59310816580679
0.449953361943353
0.517183650343159
0.567224126307647
0.49767995737893
0.551226884073448
0.325739084170086
0.53567533505271
0.519732369707598
0.558252909807253
0.505748267432074
0.687198969481147
0.668901020429748
0.594364783380488
0.498425593471901
0.501852362720927
0.650531627465863
0.393498221012371
0.459857484397977
0.577730986466364
0.60294984051032
0.587989592964761
0.608272262568533
0.584488404167346
0.426310044554191
0.600207746685705
0.531346736366804
0.635355980808683
0.576285394528023
0.658861928779433
0.620891018116465
0.668545689912974
0.653624217623676
0.635773441368037
0.68498563150475
0.682226180316681
0.539150611228307
0.764321661437197
0.599602763186028
0.711459061160186
0.727023431650318
0.625058295900755
0.63057664387759
0.768177614899681
0.841250363039715
0.46419275120612
0.62971364064862
0.700207098090843
0.562457020994743
0.606272712784654
0.799535120379955
0.574646309593396
0.634460234502196
0.711331196934509
0.699484510612716
0.732471454470487
0.629127146729515
0.643492900789479
0.578501009919886
0.70044673428664
0.701598620418872
0.633694296997035
0.692092046725649
0.728384240256655
0.536551600947096
0.632623750279279
0.857797375066069
0.635070086338731
0.581144645092323
0.688716815006111
0.746264647824626
0.566420238986095
0.781953193982316
0.713909939526789
0.722719223727432
0.716993094433662
0.773976451648351
0.773825527987476
0.758905572202095
0.650807430275124
0.69335898324161
0.730067175316106
0.665335167071194
0.66881127855606
0.753422967902584
0.581289239763757
0.803842641701824
0.808546628043706
0.782800186751595
0.77358686172695
0.797771479548829
0.810785458097705
0.806376178555881
0.792932683768955
0.811892333397669
0.694987425977272
0.703553926294206
0.719527447354232
0.695144757519171
0.721487112380893
0.79377670086935
0.8456051710891
0.75240165361482
0.795387619110983
0.612344099344412
0.755824921102303
0.777065017251198
0.834507319761077
0.723990724632618
0.789129808004102
0.744749514999829
0.771838493762128
0.834438636681584
0.759609199982023
0.771281253930752
0.65495536026094
0.767500538532381
0.585819211488166
0.772472868201373
0.760876798880945
0.762069386185544
0.761927356570998
0.79772829473089
0.83688684673123
0.798415762354166
0.508663849355728
0.920100517793705
0.723620475455348
0.717638985849685
0.884209785651761
0.756342303572723
0.596552381902503
0.58878318727179
0.819591627904456
0.851079024651204
0.841907577293146
0.669827439616824
0.722877797349072
0.80125987320555
0.809286667815573
0.744713113342807
0.720144096373385
0.883846604663933
0.911426859400884
0.779911548204261
0.941800764439188
0.817080470575423
0.722758038796319
0.911773235462572
0.92085080605703
0.766531683528619
0.967415138829742
0.781802608447276
0.666536860237173
0.898173131563699
0.966108695090939
0.855732229173292
0.853620485284157
0.891242558778203
0.816893591047873
0.922002259090537
0.833063116538448
0.782762455527752
0.90046801701011
0.88953085157659
0.884817874412516
0.906355726312331
0.895701412123868
0.933648438516546
0.871231851671493
0.987427186824257
0.802885729510033
0.995743319407758
0.890567325129271
0.878415965480233
0.842749976303018
0.881337905019384
1.04975887890003
0.942215690189564
0.897182962665394
0.893405573458098
0.948380656367237
0.951547554115182
0.855164627075369
0.941760979212865
0.787749898277836
0.921407508237749
0.951937529641736
0.972672396924649
0.775762798389009
0.968239713153044
0.937740546088686
0.866468687565287
1.02264329022244
0.992594745532562
0.681216113225452
1.01224995596789
0.854811687819214
0.814693648193461
1.08156147281018
0.930994563639868
1.02704549445782
0.938854774929548
0.800050258687952
0.767944273789205
0.987126622676139
0.996587682483962
1.00981562990862
0.957706590997137
0.877121448444941
0.962511536116069
0.95916216742101
1.04190103990952
0.967029836064238
1.16126408833317
0.95364511922857
0.985393919518861
1.06256664167411
0.897653838759995
1.103922234912
1.07559224923192
0.829973374607151
1.00197864339496
0.943148437061738
0.982647651234047
1.04689444095522
0.955784075863406
1.01754318731591
1.07270355767989
