0.151839111662987
-1.08590500912518
-0.922376810458818
-0.958214534641437
-0.977219471812309
-1.05572022545833
-0.941311898873319
-0.944152895742521
-1.00507997648619
-1.03779822851543
-0.912677693590193
-1.01038143715106
-1.01021052661366
-0.928845839085563
-1.01929606467445
-0.984038634518053
-0.990802179523948
-0.974789349071944
-1.05195975660111
-0.932267982899646
-0.963666794292934
-1.0514943379214
-0.856649176359438
-0.889320705314335
-0.831811795577526
-1.03439745983046
-1.02317309152365
-0.969733308979999
-0.883926747510453
-0.955284482210127
-1.03656159497759
-0.937819271693212
-1.07693959614117
-0.874242750618653
-0.973927720497544
-0.883796834719129
-0.837312617445939
-0.947115775392977
-0.827261067725931
-0.788272008217969
-0.977792719733464
-1.00687594020302
-0.657657327229811
-0.928545780980753
-0.921548489434428
-0.81727488449079
-0.868381875968713
-0.932706908058733
-1.12649253906971
-0.995963515466742
-0.812445798273804
-0.827094181181666
-0.871772036835349
-0.773709578668864
-0.783727403602289
-0.961481849717909
-0.990458454496635
-0.771256078292574
-1.02143855112734
-0.878808200355406
-0.899011835680145
-1.00093632092356
-0.908920173004974
-0.835852960163336
-1.00398832820165
-0.920260994392883
-0.930124850953654
-0.779176926615443
-0.916651358176698
-0.979163546443912
-0.91613996921034
-0.94472066970838
-0.717879309965713
-0.997550013056613
-0.884356293606704
-0.847364542917145
-0.784524075039795
-0.722099590797905
-0.832411099091406
-0.742642135978022
-0.801075083591843
-0.918369981070626
-0.800344510195403
-0.943155604436259
-0.709709089239778
-0.947663449642505
-0.82792669630607
-0.984892229413591
-0.828352208382127
-0.823043543714437
-0.743544032969456
-0.823348634231063
-0.842395231581192
-0.79115145318056
-0.750611251327272
-0.875044073274281
-0.699767775134325
-0.850214617586137
-0.84612096687175
-0.890384485347498
-0.798630380160157
-0.890208383617205
-0.822769539377302
-0.748286878029019
-0.803180356540743
-0.763913191618774
-0.802613188153951
-0.864568094990183
-0.850629392794171
-0.968870200392492
-0.751858570222164
-0.784016825368895
-0.759342681149752
-0.823556220201978
-0.807103939699514
-0.760233602398724
-0.728662471505051
-0.858777115053509
-0.740802671478695
-0.709146441405526
-0.759160645272745
-0.760513297172145
-0.780767096809042
-0.792596461782307
-0.772827017383825
-0.72603805895013
-0.642839208888698
-0.768800060053578
-0.732593517244197
-0.801660194346813
-0.793032348164346
-0.819993535136037
-0.787338644382728
-0.8263596996435
-0.684983123104396
-0.537292290494094
-0.755814899055518
-0.634169998117625
-0.7350485349251
-0.657227752778232
-0.716067653334932
-0.617059670803409
-0.860745547689595
-0.665904745026458
-0.769766605643422
-0.803916587793885
-0.728896970913276
-0.714813693350891
-0.647655470566754
-0.755204120462831
-0.669862888139246
-0.634792751879123
-0.677747646075335
-0.627135919058731
-0.727772862165789
-0.702860981801224
-0.630983190310434
-0.553365516097962
-0.646091710109802
-0.66949301260447
-0.704267231021009
-0.681212305824288
-0.514567552826387
-0.728029769244007
-0.703780857713306
-0.783943486773922
-0.668443863356367
-0.702931857245414
-0.467361767321144
-0.707234806763684
-0.725496625446374
-0.675851842342419
-0.597241889402644
-0.735094377708152
-0.630619491279649
-0.683283264222707
-0.6562988778007
-0.690502032485429
-0.633999425153866
-0.825643337912716
-0.658396686764869
-0.69009030786458
-0.670684067617362
-0.716288963033838
-0.713499643307312
-0.644412386140779
-0.559564844790014
-0.701322667522407
-0.651503816810037
-0.742134790710188
-0.609676219397812
-0.683467962552189
-0.774366288163834
-0.668693050715222
-0.57838541555407
-0.370285131546413
-0.627593498186223
-0.554961535507295
-0.730507182661297
-0.618523287276753
-0.508394678631454
-0.583408935475059
-0.570594526801835
-0.6033459616093
-0.600890770062573
-0.544206103129903
-0.664889799587592
-0.444051054607269
-0.680043879713609
-0.552181968738289
-0.507937353918611
-0.645127186712315
-0.606780845561235
-0.565579501866833
-0.646819279092957
-0.626854846926621
-0.643424187625393
-0.461226764436297
-0.476393696045547
-0.487082143819842
-0.515206656726171
-0.650668032991928
-0.587201382179236
-0.562872346680418
-0.556574221814709
-0.539236331461492
-0.539177904923751
-0.587560425871517
-0.415206546658328
-0.547003483784899
-0.509094639722274
-0.407104802315248
-0.519372392495025
-0.517504911724525
-0.479457079394204
-0.486314906988933
-0.688874997693103
-0.384927271550623
-0.448512445835254
-0.668777714288471
-0.524740091860884
-0.549045909074016
-0.473232512101773
-0.473769756732677
-0.559096016595227
-0.51969856752227
-0.572160899250959
-0.541083085211371
-0.395508805918191
-0.581979085312562
-0.495052200123204
-0.60224726867736
-0.471484629462415
-0.386482779106919
-0.429453241763601
-0.586309357134801
-0.532019110859549
-0.313018243462583
-0.462390129014323
-0.486134230593098
-0.540877903982254
-0.474902063051952
-0.494221335466738
-0.334277399079951
-0.602553248230067
-0.475072172365291
-0.542785240422034
-0.399338294038903
-0.446777206764456
-0.500406703704273
-0.663501494001079
-0.408175956872132
-0.655810925265733
-0.489053380408015
-0.395314164842941
-0.488318700457732
-0.515754347400586
-0.444797847688665
-0.434436299026455
-0.504601317547871
-0.410108805688943
-0.460436763432924
-0.505645368262143
-0.554124825111363
-0.481685541747767
-0.391068065674419
-0.565165100041657
-0.456370634824068
-0.378542443302583
-0.441475008915932
-0.427443475491237
-0.407091264030064
-0.386167322945436
-0.586903583201614
-0.48595735028757
-0.347649525160988
-0.383844153180761
-0.452970697213631
-0.404048871607911
-0.327384005768977
-0.489827750987432
-0.547118262094345
-0.368074908052653
-0.374921793287058
-0.552046103880717
-0.425857689828351
-0.393436362776414
-0.308104243055882
-0.369939551874474
-0.335079566650457
-0.252240750468244
-0.452724357969179
-0.310039294764586
-0.567200170553386
-0.440513205439569
-0.324704285003104
-0.374098171824266
-0.324843024275949
-0.431814004649932
-0.368016883038548
-0.442910826576101
-0.263220995136661
-0.41750451645156
-0.332911414247005
-0.378597563325358
-0.36858417743478
-0.331248300488105
-0.321805239915871
-0.359516919526323
-0.335424729618975
-0.422840482654506
-0.252116155884713
-0.390715315794651
-0.315268347722357
-0.213218304832397
-0.29051860696244
-0.289797082643939
-0.497036276872167
-0.229409891093088
-0.163755588604465
-0.328185683567548
-0.397237858970651
-0.242671297053305
-0.254702566616598
-0.350139754830271
-0.376510171663385
-0.347272691173539
-0.543054429461226
-0.332941101972711
-0.333014302209302
-0.309831264011386
-0.260101770134791
-0.378440982754645
-0.168894296319639
-0.189569395079895
-0.311106182673036
-0.277151711003051
-0.257562219549121
-0.348546548983429
-0.27753147762931
-0.437587243456868
-0.213493573602759
-0.186999609347008
-0.39588685516741
-0.343711834946906
-0.347621108467682
-0.308861383951152
-0.257670852160954
-0.260985960222961
-0.38353370830688
-0.202440178978714
-0.228165863789051
-0.0354093160870465
-0.193732861524276
-0.359400889496901
-0.207188763185222
-0.256930620557608
-0.280045423814882
-0.231059579273105
-0.227946658579766
-0.42934373219833
-0.241573972986292
-0.245098317791247
-0.216286745834435
-0.217843244021663
-0.322858023068741
-0.00452479531659252
-0.0889104542553805
-0.21272567595718
-0.381180262043714
-0.385094958806987
-0.227290749074993
-0.271692154979076
-0.32898936243672
-0.27387615093793
-0.396348008086554
-0.156538768016014
-0.262788001038102
2.70635467384935e-05
-0.203123985019824
-0.262432757585053
-0.133092519610804
-0.143774660248819
-0.201682508915056
-0.123936728628419
-0.159001767972153
-0.223874288557433
-0.184738878603849
-0.273792144370062
-0.0860045091096221
-0.0997995332870461
-0.291521719727062
-0.146313909442823
-0.211370358258853
-0.172993940838337
-0.191162394746919
-0.20313611831052
-0.140651294218612
-0.370716645432788
-0.091804162592409
-0.117301211954772
-0.149797901518045
-0.206182482162724
-0.0650159600668235
-0.345147205528985
-0.294710319539113
-0.158968569241748
-0.257577939093272
-0.248892207284713
-0.150675126363485
-0.104859586027475
-0.214019157470489
-0.128601020725236
-0.134180830946632
-0.0765585349450083
-0.192848072687394
-0.00407518068770682
-0.171550857526997
0.0227479359733405
-0.0164275253715754
-0.04830982992682
-0.091165466371896
-0.17259893193585
-0.172128138676219
-0.0673969730197714
-0.0738168447752911
-0.158789841527058
-0.131347954494785
-0.0627248504848413
-0.152139489625541
-0.0599836456213693
-0.236155105584023
-0.0863004416880587
-0.199834794018298
-0.0345999737659645
-0.0654117398465673
0.074737907117038
-0.0970157812149543
-0.00833792467284302
-0.0801471847658596
-0.151768338288574
-0.141455500104377
0.0539673975152449
-0.0228139140533305
-0.149804979800657
-0.0214166080922398
-0.0395007740024532
-0.0826165047916001
-0.0657704602276044
-0.0477944848836189
-0.00596408529939094
-0.129736050842611
-0.017340655832882
0.0791866383009789
0.0162633781874458
-0.232366564067585
-0.0418922511911152
-0.0464274022057753
-0.111487427573182
0.15417260029579
-0.166629744875396
-0.111626004997252
-0.0162191472936135
-0.0842295778932951
-0.0811532948034541
-0.0641775305436268
-0.1560226797517
0.0476961349120375
-0.0943496186030836
-0.0448827877433495
0.00797301978058117
-0.21283249335859
-0.0789631126360783
-0.10773181111838
-0.0159923332233086
-0.0854533385589314
-0.0448882980006817
-0.0171658722523111
-0.0511749976833427
-0.173327717778726
-0.0350257005844136
0.0708420591365247
0.0928338140570359
0.0402316316786672
0.0930478259355189
0.0388114773939274
0.016068813253633
-0.0174864756082949
-0.0368230475834604
0.056141491781992
0.069953561683339
0.00493974054046079
0.0805423859860141
0.127865318278345
0.0207212056634946
0.0331618666943127
-0.118185431554497
0.112848103875623
-0.0621940941017793
0.0625641870892398
0.00338703055082093
0.0680971177109104
0.225011435619652
0.0650184585455949
0.115008254729606
0.0704916126530852
-0.0116787016179409
0.130583988028727
-0.0349699600635826
-0.030507964090358
-0.0133867880624632
0.0625839496283103
0.0964554265955285
0.13317324779273
0.127501176390341
0.0557883179805805
0.0438291166657517
0.0446406062938062
-0.0151305343984359
0.0820451805404044
-0.0862601084818545
0.148472918267778
0.203006277553495
0.101752115563181
0.199582775173244
0.100020923119016
0.045842413113888
0.0960164067910705
0.122978748375091
0.116869983096323
0.106655014146297
0.0517511267091714
0.0524929429530542
0.143232141452726
0.0394374781857936
0.0930970061949454
0.306385203262915
0.128391283143948
0.219145421043166
0.113484824762947
0.0811008126588044
0.11512358271615
0.235998782337066
0.102746250156323
0.131826831619775
0.317555117425841
0.0403769164535434
0.247525059878445
0.298799649869126
0.0789143722419032
0.131323881793925
0.255961063507166
0.0886891145998493
0.262129342007404
0.0768901484753496
0.361048248419463
-0.0169468274258141
0.15221203389083
0.0762833659554418
0.184109157067543
0.028638325075661
0.0496663058570614
0.154746915120786
0.145132614819514
0.279245249162891
0.207533705770275
0.150595812311821
0.247238230651165
0.187454145606807
0.339510850948462
0.221482344298057
0.324115049523673
0.0166675380330641
0.248605154972691
0.339990145105501
0.171541851699404
-0.0211860107755234
0.0745710689616905
0.192294629508324
0.230893421901499
0.199926727983397
0.223173637964071
0.0315412837430077
0.0955981673350896
0.0457855149770331
0.182085778329523
0.163253866745786
0.28770495196399
0.124783657489613
0.195516039069743
0.331247439113183
0.238260481613139
0.120744518731872
0.322585178050634
0.197240769631158
0.130346358596999
0.180332548051012
0.176911293307624
0.304520864348416
0.204390926649982
0.191812168592605
0.175247320287669
0.459465123128189
0.386969708305378
0.185156727241606
0.177398126209424
0.205376054454144
0.124545753256114
0.223648572045109
0.26520305385883
0.247285554565169
0.29690448088243
0.160048332836593
0.411118863931094
0.280920334537858
0.28956080325584
0.332372817690462
0.230642813517788
0.316243011909327
0.338700434199141
0.235836507676776
0.338342421474046
0.342093031771832
0.254823173608306
0.280356435269166
0.358126097164196
0.250436586786182
0.397622269497084
0.222591083860466
0.332750650377462
0.166041497394151
0.324335295347908
0.476367099516968
0.31885196911397
0.274166743691374
0.351317949124752
0.299131903821312
0.364509763855448
0.421730282416684
0.181349682077782
0.522560535951157
0.272298305616096
0.268461298864923
0.24640055906282
0.455960527820844
0.291407731838896
0.525309250538844
0.228320198062146
0.242725961793708
0.3349191771512
0.458475177382597
0.238082559979077
0.308965279628523
0.218976296322392
0.151715525641617
0.405013160964434
0.34067809685234
0.33874460491807
0.282721680476562
0.273746784852192
0.254247383276616
0.315446568428587
0.359031225043918
0.241342030962521
0.223459918050007
0.298636354089388
0.569873348169899
0.348288205677656
0.43772128410721
0.403900974149956
0.419066135896731
0.308171610112841
0.433388644440381
0.3367787921662
0.588413043448718
0.434715199578042
0.38490385261053
0.442757490175638
0.377442333811985
0.45857721824948
0.421571574041996
0.475971891556878
0.322588416886948
0.421887358104926
0.23683198532931
0.446453528593427
0.243584726969515
0.356414961249728
0.309677257318054
0.460203282693638
0.540583924386318
0.41868686097563
0.473847640847613
0.391379858940728
0.318696679459617
0.443216046743974
0.481357732409336
0.357504177494047
0.27168116598982
0.389409910337006
0.511319065835575
0.435735115985007
0.528804901024792
0.467917845478716
0.407314792138351
0.591252565793675
0.451726781847555
0.21882804026486
0.400045877339245
0.505932731951529
0.532587013480181
0.475164586065955
0.443434668233494
0.520625488362176
0.420681258339806
0.489519693282153
0.36034231234268
0.507525590700523
0.494227496482008
0.455207541804304
0.523113083083829
0.430718893496469
0.470865845887937
0.48838063013143
0.381832655778561
0.550773006313174
0.370520095246378
0.389098044372519
0.448500184009934
0.508797277046471
0.446789895899118
0.498230599913421
0.472933670233521
0.462661262488879
0.528877201748226
0.55500782140927
0.62026281846425
0.485345271402771
0.42122846269145
0.489053008838583
0.40107908653243
0.437665189155393
0.516516466862818
0.692149810246637
0.443577922324415
0.430040243605389
0.509161233425171
0.489195743244131
0.681790653229374
0.398021348005543
0.522418409706395
0.490615790876697
0.462673243304537
0.541302492331863
0.646386229522197
0.555957912491393
0.361130914568712
0.531130539613216
0.598108724347523
0.472148487824454
0.669471819694643
0.646999396033589
0.662671176545683
0.643384961459552
0.59661635369409
0.540029735610742
0.475385961788449
0.557718230124026
0.648742259848587
0.599054110758457
0.517669866797748
0.637432328286219
0.645470053832657
0.551658341554458
0.544108325379376
0.719846098165948
0.491152110125553
0.654380394926675
0.613216412048422
0.823090596162504
0.537432932578421
0.473977330179141
0.546472238526847
0.64196312171907
0.599546793467429
0.672368424157103
0.603258093232893
0.656004595703224
0.732376234286611
0.68588239403128
0.64459161227087
0.63517972027428
0.636738913578133
0.732856922664097
0.639167451293375
0.601955717898266
0.647525339957895
0.491121564144178
0.590392110026924
0.523173594622445
0.651188450066586
0.429958042303538
0.709948280605928
0.539331290770486
0.585595082590521
0.518567574044169
0.559203708897801
0.672530201048818
0.747307792002183
0.729923915481646
0.548546826221939
0.68506663429919
0.650343931893189
0.650881964538549
0.789224551364983
0.639032598144961
0.592225321623503
0.61385754732541
0.716824739964009
0.730816122559264
0.824929151759157
0.545598495626343
0.676034964378074
0.792418388757505
0.743793736922032
0.685156905387674
0.626898499708128
0.845613244469362
0.640382988778372
0.785227454274968
0.800847608100361
0.674350703709369
0.764360432855537
0.778238353634679
0.727465846776583
0.756553148503906
0.801879792171983
0.611281617700893
0.816582484600008
0.736286471137067
0.724240453849202
0.714342684049925
0.798423425617517
0.758020114357632
0.774797109694259
0.858229203717246
0.666050313867063
0.670620847427412
0.617825173311077
0.745405257383658
0.746468271678769
0.640584083546674
0.767704739548144
0.712171908161418
0.649258830233895
0.976805022752697
0.810048749885714
0.6956891815448
0.949758293842507
0.710617980588775
0.786339235124223
0.533773007772053
0.685931644174612
0.721498334551286
0.726228677763054
0.791859180966662
0.754745729957608
0.8079135559617
0.841076622940009
0.730843196843389
0.807403072738036
0.796909044839718
0.662669253083178
0.716239572779365
0.720570670404656
0.745082169244127
0.78765709548009
0.750042431222845
0.781763420475436
0.897697524434483
0.762658857514539
0.690120766417162
0.777715937307436
0.731866777367925
0.768227867009951
0.784775707099736
0.853193365815038
0.80086740656263
0.917293640027401
0.858655483156851
0.724571377817919
0.981050576733822
0.75988379497687
0.871033358122674
0.80464414849852
0.920543074588589
0.788256780149099
0.686572473204941
0.836419493294502
0.888562590429028
0.799730809194559
0.674084576191279
0.866833626199898
0.876257086551392
0.907879866547408
0.928206265316658
0.870739750216966
0.888985167354281
0.679073850350214
0.9498869652549
0.923519095145685
0.83276774112092
0.804904498911897
0.817494817598957
1.03404439500983
0.88296288047355
0.930987207271361
0.850194040219325
0.899205906851845
0.857965451368726
0.936464914873424
0.937354441212208
1.01765811071263
0.876834976874884
0.931234669819272
0.936246295545338
0.997712791060725
0.771543824010553
1.03131308315534
0.832552437339532
0.873584009676506
0.788889573387687
0.82484597035422
0.921373958297881
1.06191720040994
0.939732595305152
0.842050036228657
0.996865280221785
0.954348513473301
0.940587488384016
0.914411363271611
0.926834302931385
0.99382955820615
0.86954199629433
0.79252554553593
0.895196927383308
0.939552925216672
0.825836812411733
1.00063793817158
1.05038403538528
0.848241821091205
0.849061896284038
0.940034166448248
0.832713471148751
1.08855716070883
0.864591889448171
0.980535291109526
1.15264159512292
1.08708719774476
0.853459961828876
0.946769900368525
1.09962851942267
0.858901130590094
0.925968132353646
0.880242055046477
0.822604408670125
1.06672008163766
1.02509933442866
0.960806969059468
1.01936927302998
0.88392472428626
0.85732900956913
1.00029709347025
1.07565329745461
1.19496378243531
1.14230635647482
1.11738476163407
0.985967453681293
1.07321020378604
1.10208607210495
1.04637457309706
