0.168286592840597
-1.09734672555904
-0.917934472718993
-0.948093943294097
-0.973916358815419
-1.05042710622735
-0.93460523216346
-0.950286475172547
-1.01626117380292
-1.03070689975827
-0.891821176650616
-0.977477098555222
-1.02092783188596
-0.93030550874311
-1.04163810795159
-0.974888804208376
-1.00551817605963
-0.973718140522255
-1.05194206391108
-0.946749208197407
-0.935697199911671
-1.05075183856722
-0.875749040830523
-0.906968257821653
-0.834238207946704
-1.02021015674178
-0.992186856359003
-0.967885136223736
-0.863504810036494
-0.956587119353819
-1.04895102451828
-0.946559583348131
-1.07649818645388
-0.870079420718126
-0.996399636940055
-0.878206357684082
-0.846945135840717
-0.934912105133256
-0.840661200900982
-0.80666046621504
-0.98591048464704
-1.01504435227804
-0.651314021647567
-0.928198361450708
-0.930263254075036
-0.828142970126493
-0.877488377128642
-0.92279007569968
-1.11933891825936
-0.979509735501709
-0.813601973388568
-0.836427580393201
-0.889060559149828
-0.778545099791304
-0.779757562881422
-0.969200035116199
-1.00630773377163
-0.762447738862105
-0.97495305719436
-0.878893711284895
-0.91631906173631
-1.02275225553071
-0.895198201002526
-0.815917489456484
-0.982742936404481
-0.922934267160791
-0.922381957005824
-0.768962900218395
-0.909356282025896
-0.983898303729805
-0.916274075053417
-0.957224883334608
-0.706290259535624
-0.988759784267469
-0.879463248155499
-0.835325133638812
-0.789360699336362
-0.718560353571301
-0.857780436318096
-0.764836924345433
-0.810842562940216
-0.925364811490316
-0.80362192981236
-0.947205547992124
-0.694312217742988
-0.945586897673605
-0.810214759801801
-0.970554260811672
-0.825640410102843
-0.839001757236757
-0.755190303155517
-0.817232487541257
-0.830204392849214
-0.798638033433532
-0.770502477312413
-0.880546802944359
-0.6850723288522
-0.863049302191253
-0.842739099912203
-0.875114843517334
-0.777947583648577
-0.903078377315929
-0.817781635208155
-0.745373507663209
-0.81633377505378
-0.766774114656703
-0.797242448653237
-0.851795203563015
-0.827290615570233
-0.977898053419079
-0.761199393492423
-0.811323090669785
-0.754061279811048
-0.809197688136575
-0.793343794866774
-0.756068249507568
-0.703141619260119
-0.848080827925251
-0.746841148490001
-0.693182027720012
-0.787237046268324
-0.784095193185169
-0.792192798251103
-0.795253303139883
-0.777582542158152
-0.730918570103411
-0.651445210055914
-0.765223995856486
-0.742201760101963
-0.808220362086777
-0.788730480824828
-0.821794490100469
-0.792476254719699
-0.823813705371557
-0.694787946931673
-0.526041096958394
-0.733473429343502
-0.630474429971725
-0.712246584566895
-0.673050804513616
-0.709446124321843
-0.604406493361248
-0.836516265882042
-0.676900456718093
-0.766812675809602
-0.782101524235906
-0.709479539319112
-0.699811616473178
-0.645483079473307
-0.75712342935592
-0.661264520300555
-0.618047044962841
-0.67021770081105
-0.621943804188766
-0.735512809257326
-0.691159733844693
-0.646311024039809
-0.560329459221611
-0.647967330602264
-0.645471126356028
-0.708573849733742
-0.68743091034226
-0.55218988630873
-0.715046450942927
-0.695348404047026
-0.806379895494562
-0.652709867914235
-0.713446818146752
-0.470927811324672
-0.722330461700674
-0.740926129004386
-0.679326224051994
-0.599473974730912
-0.724347598576873
-0.635076467247428
-0.690090438253279
-0.644031449217387
-0.696305693630372
-0.625731260179907
-0.802767973126181
-0.658811718600126
-0.694086948807476
-0.675655586650161
-0.718745605758507
-0.704939390105494
-0.648424079993927
-0.558988512740532
-0.702831920178854
-0.614833946793665
-0.726253578318401
-0.624599526368379
-0.702170927094886
-0.770971674381238
-0.659384605728939
-0.572430485588762
-0.368519947772505
-0.624659855969771
-0.571613209336049
-0.71948074108365
-0.620100149012138
-0.529201315217963
-0.569877055763615
-0.560106340717954
-0.594614320667105
-0.596143560016684
-0.546655838865285
-0.673527604541409
-0.477008713585883
-0.677730442920931
-0.558890769231405
-0.512601174330782
-0.639684787862239
-0.597155999443611
-0.544942674573244
-0.622720063193946
-0.629986629915482
-0.637786325693111
-0.451552817718412
-0.49482248148901
-0.490238617070347
-0.529761436258739
-0.651460493373946
-0.575352884158262
-0.581479134063773
-0.54623451213393
-0.544507529268354
-0.526677109664958
-0.607685963984214
-0.418876699283728
-0.553526231036442
-0.513042069646159
-0.413345222288098
-0.502354672294175
-0.521436058511319
-0.467550945263845
-0.50017329214065
-0.695504193791124
-0.409527766031558
-0.451638434620478
-0.643086236467394
-0.54092382998269
-0.561199539375684
-0.489888222141335
-0.451329620959317
-0.568639114461184
-0.537784179253763
-0.591535627101008
-0.530238304212777
-0.385845382341726
-0.569986926119215
-0.487525746401473
-0.619029717870194
-0.461843439050871
-0.397326039059103
-0.466425356847152
-0.568513919895761
-0.533936179011094
-0.31546199928889
-0.464188006798578
-0.473383667370526
-0.533600463286531
-0.463725791018009
-0.488711504723685
-0.34361382931433
-0.608134691609736
-0.493074112830091
-0.52492772249454
-0.404573887795758
-0.458102646664315
-0.498796922265996
-0.642139370528396
-0.416354625053043
-0.67183719199534
-0.485073737589745
-0.406506763057606
-0.484904637552545
-0.518309458332033
-0.450516451499388
-0.437883968596254
-0.489310202796826
-0.424314827326936
-0.44620395388517
-0.491593806042729
-0.571768359484404
-0.495682529996986
-0.355788439378107
-0.561942160121855
-0.469246493277958
-0.368439731758472
-0.444054122130506
-0.443267974883957
-0.435083790539608
-0.371405708135574
-0.602660777700614
-0.48345900838056
-0.359448045080125
-0.375249754511072
-0.458224462027957
-0.397131076400162
-0.312152624775326
-0.456297569790492
-0.564304540232217
-0.373502980902152
-0.370469047051775
-0.54314516746403
-0.40315093317379
-0.37099241499631
-0.332509222241948
-0.367823429168404
-0.345721814000952
-0.247969347263704
-0.452863055575274
-0.321750434193273
-0.581576219312673
-0.436810162590006
-0.335203673055805
-0.379844184453892
-0.32265791161035
-0.428484030991459
-0.36153347179715
-0.442641187547364
-0.291506893666278
-0.414361991852686
-0.34644293288912
-0.37822446604575
-0.359502886213425
-0.330979039822846
-0.331550971795641
-0.362889966421857
-0.332083490181469
-0.435497682523145
-0.259473107931169
-0.397044570903817
-0.306841913736847
-0.232985379672576
-0.283360476306311
-0.291403614853059
-0.47943170406537
-0.252092218325249
-0.1558327036559
-0.31442334247141
-0.399241677735202
-0.224749461638056
-0.254506234031591
-0.327133368744954
-0.377626963757506
-0.361946117265471
-0.558059212840771
-0.319686511605106
-0.336024214739487
-0.30707124213219
-0.251044142126983
-0.381707514070828
-0.169541539336169
-0.184229292937718
-0.310910065943568
-0.267984342957232
-0.270414937309021
-0.334636749698211
-0.293550165692741
-0.435560588475197
-0.228148175527743
-0.175728232846421
-0.415845984921671
-0.365368011187467
-0.347402547497711
-0.316169033043749
-0.236533047563142
-0.236247329068152
-0.36013268029912
-0.188847967954608
-0.207479535447724
-0.0266675325958726
-0.204985175567186
-0.366921246360078
-0.219766413204806
-0.269573206251579
-0.274253945422479
-0.23386601330619
-0.250820082126439
-0.443564726383205
-0.264809650791328
-0.235617535453109
-0.203555890889517
-0.219925091862445
-0.313113379855213
-0.0160201656340077
-0.104074975262563
-0.215840486973354
-0.368834503403255
-0.388295831347832
-0.234630354896355
-0.269398446002835
-0.315721287056327
-0.230322255412023
-0.407962603229
-0.168379022056841
-0.280700752257392
0.00675288573913329
-0.188782632853714
-0.310112699088524
-0.131600182770911
-0.141285780074318
-0.210143629251473
-0.136447846576946
-0.173806766726949
-0.236411147919867
-0.209485075353261
-0.295067795427867
-0.0903194111649602
-0.0927571690485211
-0.266981905313604
-0.15251003123296
-0.207991524191445
-0.190935960506564
-0.188366778545318
-0.216033617213575
-0.157610943258697
-0.36718660820139
-0.10868506117564
-0.0814297083558429
-0.16159382797385
-0.21508285798368
-0.0450874590875145
-0.334645293460524
-0.293467422326792
-0.156504725003259
-0.253549381898515
-0.21350529913727
-0.16033520945526
-0.124038927135183
-0.212250605536036
-0.152155217221501
-0.128084585653247
-0.0575054840627181
-0.199181743558507
0.0146071314613638
-0.132988209395852
0.0085464867842597
0.00272758072420181
-0.0493505571081956
-0.0861745874342776
-0.151322533417714
-0.183513745388305
-0.062921816805468
-0.0693014019697927
-0.168739793463597
-0.150365219483858
-0.0523797825695851
-0.144089809148445
-0.0720183371810301
-0.242223638672595
-0.0808557859435312
-0.17392806977706
-0.043132398313942
-0.0887121685101968
0.0781276899611917
-0.078163595254227
-0.00356767749494774
-0.0443054509391933
-0.127575272650247
-0.121989204029304
0.0512690530694381
-0.0409799115270194
-0.133913789245832
-0.0398215960838843
-0.0541554354964322
-0.0798950721136835
-0.0742997968353325
-0.0460810171683691
0.00462820779293051
-0.138793054130749
-0.0153230905242877
0.0793419770553027
0.044075552032187
-0.224175936530454
-0.048255221599704
-0.0654955059827128
-0.092026943542994
0.125204224802446
-0.151311507112501
-0.10125797613887
-0.0250929929878978
-0.0839772645645475
-0.0842911822750785
-0.0616277684185532
-0.155833314252059
0.0565016100099185
-0.0962323960687362
-0.0382023295267984
0.0102783366925151
-0.231773795487031
-0.0931009019354769
-0.0879280049788976
-0.0165381107853497
-0.0532233480966859
-0.0722862062504849
-0.0214659773175722
-0.0652061447745381
-0.191185331265117
-0.0375660670690291
0.0501433550490716
0.0822553539966467
0.0414427832093244
0.0927698054827579
0.0411161132127441
0.0159469131448366
-0.0207751502442168
-0.0497202335079429
0.0687920029089951
0.0547294810568857
0.00903905370799947
0.105843000675895
0.133802410821842
0.0184127606462386
0.0145551344345727
-0.124589972649996
0.0981746222820978
-0.0666278718724275
0.0595497656729814
0.0128780448117813
0.0902777061868746
0.198752922023929
0.108167253704682
0.114145104938968
0.0732893042681737
-0.00259249216073479
0.121449335868686
-0.0163440060497093
-0.0360335575309603
-0.0199786082041895
0.0580192221444759
0.0919397215764799
0.147932949052314
0.11798834343176
0.0398339572936697
0.0393920085522975
0.0416221531328849
-0.0235668038277004
0.0736636110588668
-0.077259337460225
0.134572108308483
0.177838508565883
0.0884011572611372
0.204506495915994
0.088123156132511
0.038909847336249
0.0976724802324312
0.114315015323201
0.127853495534557
0.115172509997613
0.0606039493188222
0.0556642215062349
0.114933792516649
0.0267237101377725
0.119591934502517
0.289029870189977
0.123928287232181
0.22577181689536
0.127016371889657
0.0750369641773093
0.144757502977262
0.232150223235812
0.11227058043385
0.129332237644905
0.307609984417252
0.0550458717323334
0.250122159174915
0.31451748215127
0.0823106690791092
0.113767635898867
0.232156581519556
0.0910032187434096
0.256231977903938
0.0752538221030945
0.343510470825271
-0.0129889596055748
0.136248929508484
0.0787193574777782
0.214373712700476
0.0267634699510626
0.0446220838545108
0.141439064714999
0.137863216924358
0.277706326708691
0.207130093012589
0.147481311090416
0.256026869522537
0.173143504597082
0.334473623919027
0.203889006845906
0.300826769370371
0.0379048737343548
0.245175663842533
0.343353510474265
0.169821367255177
-0.00175303834639049
0.0878658850779303
0.176220692588105
0.232035950616574
0.204098556214668
0.217144676595723
0.0271311770925698
0.115301647236092
0.0410798793834904
0.193283351328928
0.165256537466058
0.285071595482939
0.101947075233282
0.190718640998985
0.338376659254956
0.223956508383435
0.111012276278697
0.313443612196557
0.194126411506588
0.130028764291198
0.194333307820372
0.185486721896492
0.290332542824373
0.218091335780625
0.187406284954502
0.166712384028014
0.443394200304346
0.392708457839687
0.17147488072795
0.194515731806205
0.212014727125714
0.143452873349218
0.215568142853245
0.276686452782723
0.247439531856566
0.295967471817994
0.166281154788297
0.396556278718798
0.285036735079453
0.270692584096442
0.335210974547235
0.218949110539706
0.318925923785408
0.347932041237462
0.236592889644033
0.3576308762654
0.354578083364406
0.262416700383643
0.26621816965896
0.349908448559814
0.247940679221405
0.406388899912288
0.224153391538734
0.349516325541212
0.170810013741681
0.329471844097789
0.474888072443142
0.333775280837064
0.261626342464188
0.357313117905833
0.315657057890102
0.378756253283482
0.418020674118975
0.180447361795985
0.538139351634127
0.260487978580044
0.268316322168721
0.284503920310251
0.458045081701031
0.295288824707254
0.52275735970778
0.211398523339135
0.24312703227952
0.300952541636846
0.464269818822233
0.241033468242188
0.309403396816151
0.245749979839644
0.15296520732664
0.437793914162638
0.333827560125091
0.371584048663978
0.284732255085464
0.293103988262603
0.2605369573758
0.289568193839567
0.352041383517285
0.229148980148801
0.211645623640573
0.297418726037269
0.574556669477085
0.356941603341732
0.437193504835754
0.390003678660707
0.437885357262903
0.291673310068084
0.440342516102957
0.350284281435033
0.602618916841311
0.430353797128089
0.404159417667443
0.457302746401957
0.392393397856803
0.44145229811808
0.421611795251264
0.479976375421451
0.319109657345867
0.412575326414229
0.227990256430646
0.436474395658828
0.251916990690125
0.368592437585523
0.300278179476779
0.449407438434804
0.558316968232931
0.384031870224897
0.472424742066221
0.366529566577219
0.316392196438891
0.454727087590446
0.482737682248555
0.373741713519123
0.269332597342889
0.393569217691218
0.499358014106267
0.434636742101517
0.540508078855329
0.478912263146461
0.430740157731024
0.592833310359573
0.423123347995697
0.229811934567584
0.411114905520756
0.516791735589862
0.540636622595903
0.482036070985926
0.451585942903701
0.523446433369431
0.415006446798352
0.494848228502558
0.363490152328097
0.519915257538701
0.480136929041483
0.43134606771517
0.53765438513988
0.416975483793622
0.467448530833648
0.483929074927819
0.395320150025677
0.565530597277296
0.374124760403445
0.393816072586677
0.449887814153901
0.525044718313883
0.440521758802517
0.501037649987989
0.496186559473699
0.448430767211633
0.512051979084822
0.53782810553475
0.610176754365784
0.521895290578347
0.425453204496089
0.504988148856264
0.376385804887469
0.427454248601921
0.517773027911581
0.708725305728607
0.458454414286597
0.415950795486455
0.510200196896308
0.499845914078206
0.686038352160421
0.390101189233947
0.502432294779136
0.48896666972485
0.485088607527615
0.538411294481986
0.626248954444981
0.584106192376041
0.363140361177598
0.540533640887752
0.584451076705111
0.457571156334604
0.657597420227585
0.659082612285014
0.665869600120391
0.645739237572769
0.586525893047711
0.524072133071492
0.499615585062065
0.540965662902429
0.67391443608269
0.625556998474542
0.531136160513764
0.654552379833008
0.652435631916365
0.543094470772349
0.579437101249812
0.716625879205322
0.495604983314056
0.650055145472009
0.611584742215376
0.799516268961613
0.536792753067418
0.435515708240754
0.542474049608993
0.658049706545759
0.611776689297026
0.668586672737424
0.603220044051479
0.658209478034752
0.737562698894966
0.685490251163254
0.629455875284115
0.627215790475756
0.6436976056039
0.708691291982998
0.65797135485922
0.604592061377062
0.64104605850414
0.478780641954754
0.592710896032487
0.535382842968338
0.638513668863891
0.450273464013168
0.736043617062206
0.533365463490208
0.569911322908989
0.504220048490386
0.55492108478374
0.670159544573694
0.740754677606114
0.732663697031371
0.558587480020948
0.67860366921925
0.635099983168357
0.650354290038676
0.769974765715046
0.639260453329489
0.611176464515888
0.605830065145022
0.709742082707322
0.727202123438367
0.823225496759366
0.551622482247533
0.668711166355121
0.781065625905128
0.723791474521386
0.688921352639317
0.616100220950999
0.843841043569041
0.617107582821127
0.780160036258595
0.790205395337151
0.676392365606667
0.749744879029558
0.785556638370706
0.739372720113332
0.768230785618353
0.79469664831748
0.581673012587507
0.802967252915668
0.756172515785262
0.723829931917992
0.716543733542272
0.786448261371675
0.765639398651416
0.770984448159625
0.863214429359733
0.66673585147241
0.660982656954634
0.613797945761782
0.759464946798362
0.758415377645087
0.642467639266264
0.765205506335028
0.728911890481192
0.655894333617312
0.981394109186455
0.801325924016195
0.70520591129021
0.916670233496895
0.710038346476818
0.791692380992491
0.542038817656552
0.720864382049914
0.737553682841946
0.750860501124632
0.759487888897559
0.778498712571449
0.796645212955828
0.850326771856841
0.725520005387162
0.789163357946512
0.791330478021014
0.653320965842508
0.737971945597435
0.709901532905695
0.726841822195153
0.807463437054327
0.735153545811335
0.768111479416927
0.876092045091746
0.769984486715646
0.703401103760716
0.733627080833182
0.748658687011555
0.753330150789998
0.788116815347246
0.845215950735968
0.826511382472544
0.892670354930044
0.850325921376302
0.714577522188333
0.950853711215615
0.736453903250283
0.869773588621888
0.794121029740364
0.923517777220896
0.767670657522562
0.701734399074584
0.836902758015428
0.882762860893409
0.822955746286143
0.663754391793567
0.880411205460716
0.882308358786717
0.907180673766283
0.925919404036005
0.864185296321787
0.890290727769751
0.662390360345439
0.947089993053913
0.905429271231731
0.835359869952575
0.806340597879256
0.823953996534375
1.01571449922438
0.883155430710455
0.929706385980893
0.849323965886606
0.874172616804113
0.86981713575639
0.909021431142587
0.954973627918899
1.00907899361481
0.900807948169752
0.931845470095735
0.974645309345381
1.01211670634825
0.766029506339425
1.05396488658469
0.829001497164144
0.848374169710364
0.800507764798754
0.841925885771929
0.918857976964279
1.0479986534145
0.91712382617507
0.846324705826365
0.999059066164492
0.958640835011231
0.929264405630467
0.90212739168569
0.951395595821627
1.00182068404291
0.878789177224422
0.797102196787492
0.882856640891461
0.938358891078004
0.823410344261363
0.97395474512633
1.03947732506511
0.835490274765479
0.827851926642493
0.938908071106925
0.853869911816827
1.08482111792602
0.880568002499313
0.985745353115176
1.14304389379853
1.10871370393771
0.847861924858826
0.927316436468496
1.11283158223589
0.854948085413325
0.919148618134298
0.893217617450522
0.844396752112849
1.06179501577508
1.03995957857649
0.970466876736811
1.00856555864887
0.89060700979528
0.872631374407145
1.00497854970321
1.08424353250237
1.18983985495384
1.13092084952048
1.0976862764135
1.00364221848498
1.05831985171958
1.09334889692038
1.06610290040179
