0.164487039658531
-1.1064577281009
-0.922651644257532
-0.952797758314939
-0.995965934957589
-1.05066353633564
-0.922685542055711
-0.932862075344273
-1.02602472073751
-1.03713458079481
-0.903931707706047
-0.988593494948885
-1.01582504887676
-0.908336507581991
-1.00876877673522
-0.969395464395069
-1.01638392004507
-0.953898493968515
-1.05255929267953
-0.922866525807108
-0.948393165987407
-1.0561947760379
-0.859417959416041
-0.896903655236785
-0.821172798676612
-1.04638979087287
-1.02908194850896
-0.981299883401146
-0.867949806041672
-0.964504549250213
-1.04944636827887
-0.937157921911079
-1.07957368399533
-0.874501436103124
-0.981292833594208
-0.880425028481585
-0.854495291585582
-0.950521165813988
-0.838977799819826
-0.791965922306676
-0.978292208303532
-1.01915664549388
-0.657187914089119
-0.931976824844394
-0.912388860167468
-0.813846093031161
-0.882529075155463
-0.918339637715682
-1.10602083724525
-0.990631252259133
-0.8186949030546
-0.829826635015461
-0.857711105932027
-0.798196657793594
-0.78136663070329
-0.974252286193662
-1.0014310246809
-0.76906290316242
-0.995908019204402
-0.872158120638487
-0.914996417035951
-1.00135531526262
-0.873762605657027
-0.801188344341263
-0.967247174084773
-0.906205108995252
-0.937254720062429
-0.780390752755463
-0.916484326098842
-0.985797726456032
-0.907959187692536
-0.960591179546934
-0.698252260227179
-0.999932709624099
-0.894288860161723
-0.849993831316527
-0.79647777789251
-0.734844909179778
-0.855860618590769
-0.76547256199953
-0.809682302115894
-0.912180401278492
-0.831110863380058
-0.944389650091035
-0.705522297746015
-0.96040864493731
-0.82760539790327
-0.998954852971839
-0.833631870558398
-0.843816390934059
-0.733250421566577
-0.821909326015064
-0.821757853561604
-0.797307552659328
-0.764167473879133
-0.894047174743055
-0.694183365717108
-0.849053027422279
-0.858281816496546
-0.867483707933647
-0.776918573327637
-0.881217261473135
-0.814977205322509
-0.759861546233863
-0.824017006441633
-0.766627569218417
-0.805877437247631
-0.872679699203552
-0.833747727215144
-0.965672954242545
-0.738912378061726
-0.795249607412631
-0.744341818441929
-0.81946596226157
-0.778306206023324
-0.771970205436185
-0.708123113537537
-0.874523648290376
-0.745039781936156
-0.698829022419601
-0.755921823888471
-0.775121796872037
-0.793279310134661
-0.808003110400277
-0.791293432315198
-0.736322058412721
-0.657305693378726
-0.751475144338308
-0.751484073584573
-0.828217478936754
-0.797788422956365
-0.809067445483907
-0.795810323330118
-0.81568910877711
-0.710741952198412
-0.551707565186487
-0.732865860629241
-0.627838903161255
-0.718368450910064
-0.678665742178487
-0.7038556437972
-0.597573533010107
-0.861457710474077
-0.671830491688035
-0.790227623436638
-0.792651358909878
-0.717657907799915
-0.722118918422893
-0.66622699400398
-0.770335582102257
-0.680102562798865
-0.6344112666554
-0.684494528663622
-0.650081011067226
-0.739125208090609
-0.702590550260899
-0.630759410887888
-0.571355472594975
-0.637214735265404
-0.64419718439928
-0.698733992090484
-0.697136719475846
-0.539535891019751
-0.731843455012373
-0.691013585224425
-0.790384439651424
-0.653062895917934
-0.673430486332487
-0.461287889630303
-0.719687022324306
-0.740353312574054
-0.674008948709926
-0.593373890091855
-0.739638949585611
-0.662629784159112
-0.691398067176544
-0.635734495555369
-0.681568248827166
-0.610642295088136
-0.807149389972086
-0.670493945968766
-0.700705621147781
-0.689904767481648
-0.712470892922946
-0.730073720859273
-0.624301178858102
-0.573154663966875
-0.727308379639942
-0.628728830783347
-0.73127239560241
-0.635574773920545
-0.693057148085131
-0.773058205681768
-0.646366345132899
-0.574428598012476
-0.38305542290033
-0.632788441721166
-0.574431005174643
-0.731686388519789
-0.63280363069303
-0.507612335654993
-0.577670883618391
-0.582731630316354
-0.584761346152176
-0.59728291591524
-0.571531487829209
-0.666356371580823
-0.473763559564941
-0.683367386476964
-0.545642167124267
-0.508143404559023
-0.636373644525627
-0.600600118998724
-0.56246146556396
-0.618910231502354
-0.637330363227964
-0.64399765200085
-0.452428298767205
-0.484656886275096
-0.492914340718102
-0.523096827900142
-0.643043644827778
-0.573524856569839
-0.568785574059349
-0.548774950859957
-0.535093199722023
-0.543907664153633
-0.595746748807963
-0.430674630586519
-0.518720434845482
-0.491019053683154
-0.418041850704601
-0.487004913914418
-0.539538425964631
-0.473014219515831
-0.505609169679902
-0.691462521796454
-0.400337591108487
-0.459409757669569
-0.639259080034918
-0.51708499495023
-0.546955473331913
-0.464461153868062
-0.465477208654243
-0.57230550781289
-0.524533720726608
-0.588942726577381
-0.508368827627769
-0.390174845059071
-0.588179483958411
-0.485384769925256
-0.614978928300128
-0.452255177992436
-0.409369503979144
-0.44667166426835
-0.571038786579833
-0.542315120371104
-0.311399610686188
-0.461407522430423
-0.464407640894825
-0.543061020230505
-0.490294027857841
-0.49115255459081
-0.349958959458714
-0.614881579268028
-0.457158147299932
-0.526239734451635
-0.397738230403945
-0.461330838774764
-0.493659878922023
-0.631624686958066
-0.392400390960968
-0.63449954692105
-0.49063341600755
-0.381711983199097
-0.484236540194664
-0.527604633351406
-0.443511382863741
-0.436847486352396
-0.492701455180233
-0.405674741917233
-0.45628585909621
-0.511939991208803
-0.550769322038571
-0.503134759061952
-0.392560233488112
-0.555451945614998
-0.434293106186516
-0.373711600149335
-0.445351776546894
-0.44831371473824
-0.422861021677847
-0.37925878801987
-0.570466616121025
-0.470399365386389
-0.333852763882038
-0.375928017554575
-0.441497270929111
-0.389049112312492
-0.341994210221739
-0.477268014611354
-0.558420685404225
-0.368903724170771
-0.381267699473016
-0.555732498154879
-0.395019728382665
-0.364250863046486
-0.314261253366219
-0.381570004193032
-0.329969140473842
-0.248112529279433
-0.464066685443855
-0.32694570066734
-0.576832710769345
-0.442783477568355
-0.310582691645978
-0.38974055370986
-0.323252668328524
-0.384618708770842
-0.361318086453816
-0.419651575364199
-0.275340385222504
-0.440757603054759
-0.342299232128995
-0.391263619172832
-0.401815731851186
-0.338994577351206
-0.324683769603442
-0.363350771822953
-0.320477349253184
-0.421085499180891
-0.262023891654804
-0.386964510652069
-0.306048548948909
-0.219741167160454
-0.278862062679903
-0.286185799105292
-0.492467045376316
-0.258340289963401
-0.143463108141499
-0.318791328291231
-0.39896627086748
-0.205562905056854
-0.263120788700105
-0.344547428508302
-0.384232911533544
-0.350662711785172
-0.538906198073183
-0.353898152353776
-0.350067218605114
-0.29198736585195
-0.262292248311319
-0.391538168861788
-0.173651135095192
-0.173522673244382
-0.31301608773083
-0.26398789227211
-0.247402277453829
-0.341924135789233
-0.296675372856345
-0.417795891396052
-0.237560249952283
-0.173987416764619
-0.416446554730784
-0.369326309696612
-0.357033328277455
-0.328627897536559
-0.240195488345388
-0.249427323589222
-0.37147621277186
-0.199517595385111
-0.220933465044558
-0.0514324696490725
-0.20378914589071
-0.358539716107087
-0.187608858730367
-0.25380698033416
-0.271828936017527
-0.251726105252714
-0.243606152744921
-0.423545416909024
-0.257352518479743
-0.252230673571638
-0.218811627331101
-0.211646322978471
-0.313930844315781
-0.00720865877592424
-0.0845397785869019
-0.208035853460517
-0.377969979896127
-0.405649231963959
-0.24997591746389
-0.257676841641419
-0.313630956816984
-0.262762990918926
-0.391074879751187
-0.167161695020837
-0.269787315432235
0.0204668668259171
-0.202704346423483
-0.268239111485849
-0.114180094555128
-0.15283354205446
-0.199591835316693
-0.140931217986706
-0.161967563646361
-0.23407338334154
-0.204913044215182
-0.292853213916755
-0.0910194932587851
-0.0974938286898442
-0.263471854779358
-0.154246314079118
-0.204694448783353
-0.170524816880181
-0.195078482206502
-0.208060156839797
-0.147990742196629
-0.365898510939059
-0.0940257229977032
-0.110255325651142
-0.131699485753725
-0.213970047131424
-0.0450003067186412
-0.339523869580322
-0.284240751763403
-0.170502599606398
-0.25119894354357
-0.233570704558762
-0.17393987961464
-0.100411833965948
-0.197878273992811
-0.15373475929641
-0.114630618102351
-0.0495729729158027
-0.198089759815526
0.00201280689525103
-0.134442031823323
0.0248443735661012
0.00786161795462566
-0.0505744883178127
-0.0824418653661467
-0.16716014029051
-0.181488189763076
-0.0708219911888479
-0.0640306761611841
-0.187040363423524
-0.131950133196717
-0.0476268615676831
-0.13651409288068
-0.0626769437144942
-0.238235557031965
-0.0672721193938321
-0.199253542485809
-0.0315747245159057
-0.0988643971366891
0.0665997543741628
-0.092877239828009
-0.0273663931038243
-0.0626959145953561
-0.145661302783479
-0.145729254088325
0.0598189915584627
-0.00934546011135655
-0.146108879098629
-0.0208425739030705
-0.0271474390674183
-0.0848532314435689
-0.074004396880512
-0.0339729205915564
-0.000650092227250965
-0.142543407774896
-0.0212192854770777
0.10292435068606
0.00777891030342561
-0.209243814947159
-0.0545633071131968
-0.0709180066982729
-0.0891246841043893
0.131988799648635
-0.159789911115099
-0.0933923392230819
-0.0185244879015964
-0.081902896785615
-0.0744225176604614
-0.0803061904026435
-0.144036113877906
0.0588610033383109
-0.102625123889027
-0.0241886840420327
0.00879772856144175
-0.218615798263396
-0.0717457927060718
-0.106315451160683
-0.00244551867882501
-0.0586555864018896
-0.0675258966375597
-0.0298937278882951
-0.0568948293990373
-0.186923985617219
-0.0239627278232344
0.0558605103554571
0.0923758928085363
0.0405535743173326
0.102064436487478
0.0363963591139888
-5.06128755714748e-05
-0.00694304390299101
-0.0354882636160372
0.0683837384506994
0.0539236696317131
0.00925228238501593
0.0987178041531515
0.120360192891704
0.0166005443213343
0.0200947813437114
-0.119824522749102
0.100163618944132
-0.0691747916857107
0.0642472621412711
-0.00362462143930412
0.0632367208803926
0.198903715362733
0.0879490368232348
0.110856525718554
0.0633362637249389
0.00325243461648512
0.116174550526034
-0.0292967752788763
-0.0255913250451233
-0.0224100903274348
0.0700411457703584
0.0933583550526835
0.139842106990444
0.108478522054511
0.0564974448230674
0.0282934263290664
0.0375398988235902
-0.0302944537899171
0.0890392055545355
-0.0767625237922882
0.147390582612265
0.180297053071205
0.123314065904215
0.187715961753535
0.0981124511544836
0.0318570018478858
0.108224524470532
0.106259977197796
0.119753195779252
0.109792475122758
0.069032001976028
0.0383836849337341
0.131392305828889
0.0387667301284946
0.113403815281422
0.29111078711912
0.122306460328455
0.249718030388482
0.121729921143097
0.0701921631288254
0.122958588437929
0.244800997738492
0.100539469863542
0.133648564001399
0.324481397327953
0.0414407246847833
0.233910676065027
0.308310774438898
0.0762002353437363
0.12479271793394
0.235626176622002
0.102830103140666
0.260524456601553
0.090871558413141
0.341695939283328
0.00661268398121643
0.127763287884916
0.083376919200685
0.193482477818595
0.0356571975293134
0.0286059842772783
0.142564873034911
0.169191465669109
0.284770579670915
0.218502621259983
0.131167715316849
0.247045472073019
0.192535834617387
0.355291864376023
0.199209233847977
0.296202912224836
0.0346019965693245
0.226707548746091
0.332903319477292
0.168653975355035
0.000884326327322043
0.0734402302821363
0.183973476840031
0.220648230068267
0.198788146028411
0.223114327847808
0.0371825219543255
0.117106562091828
0.0487010486578904
0.195218487253092
0.159661451943961
0.316725983432886
0.12268723639218
0.174424189189665
0.32695601960139
0.206524751060275
0.10879169383954
0.305798636365886
0.196952740877429
0.142911697523416
0.210779117232849
0.178378926961123
0.31641612902478
0.216889799302499
0.192178070149944
0.169083643988711
0.452575056701635
0.400951825912428
0.200265444851522
0.209458372573073
0.200626413691336
0.141714670400752
0.197268659940328
0.248841175112487
0.256076555472285
0.279109602081077
0.152633404095785
0.392369488821814
0.306658282808821
0.270057637149691
0.301830389873465
0.229253204595541
0.305900235247104
0.33987225639823
0.229215040515108
0.332727835695844
0.333287451526272
0.274072851904329
0.279834006215878
0.362178778123462
0.266480074960662
0.410679797980773
0.241773320446729
0.364059041922408
0.180764743817465
0.297670595169527
0.481659226715149
0.343935831287227
0.267754714228582
0.368683638352683
0.335084338811419
0.392474017361058
0.402966217291372
0.192981364440305
0.536217730026218
0.272037866144267
0.281005696262957
0.259395124104662
0.448549305714545
0.291900917596316
0.542207481278279
0.249226116560412
0.233793610530611
0.328392543217406
0.448400028665745
0.237305643834545
0.31798942240035
0.243058607034871
0.148739499199274
0.42259262520471
0.34201869098201
0.359126891919007
0.265963007964106
0.261990091919295
0.254687154296516
0.303625199571503
0.372497625195588
0.233008276802974
0.194806212099732
0.31976079335525
0.560333121275883
0.348442325053377
0.446904797338705
0.399305637559729
0.418136355205571
0.296547407067203
0.424564864127512
0.344009667370498
0.609725966030703
0.465866460836365
0.379580077961832
0.454961243347323
0.365850327544722
0.48106342742074
0.426705910263589
0.46097779084059
0.30860888989331
0.431460874565242
0.220068598846499
0.416690540368538
0.251641852034297
0.384718919433588
0.304693563510347
0.434722483181245
0.540599105979604
0.390189442748661
0.47826353841973
0.366523255860774
0.314827608802108
0.435952653008548
0.458353619335217
0.376043758434698
0.273121235449671
0.390172052654484
0.477868214799469
0.421799300045731
0.542198164807103
0.46689980741335
0.416141022873253
0.620701114438506
0.451886512021811
0.239071854534818
0.405459268383218
0.523838942963092
0.524060671356909
0.480626756447597
0.464561957595227
0.524772809947103
0.396131671236733
0.492849063453597
0.373332305391904
0.490444664381979
0.479693122562402
0.443382104710002
0.540299644569184
0.419844549480085
0.487373172787299
0.469565588437345
0.389221618743096
0.54735682634723
0.393174202073752
0.415232682866336
0.443144731962692
0.530456591284277
0.438553532897397
0.498963722805918
0.480273786584799
0.455230910689608
0.511456099141557
0.551712182574602
0.613934022914445
0.49902854515955
0.412387012373592
0.479165898189
0.365197991394044
0.452045741732582
0.50813641650805
0.70652475039332
0.439679973925733
0.421739144102805
0.498475363779072
0.495799262402957
0.679100703805773
0.396420692839989
0.491517945399284
0.483428621009316
0.433254896148287
0.507253807577543
0.630957984761045
0.570991809130314
0.3561552985976
0.514545471241002
0.56341379655129
0.489653100179522
0.652303400721072
0.645312211566685
0.659261204272577
0.63096630422876
0.570140085187295
0.555908983049252
0.49448966241302
0.545222838183447
0.65288963892551
0.625467281080554
0.51853685706286
0.652992216231253
0.644917627016163
0.557225967145205
0.545590178408579
0.729340743946046
0.49401690316963
0.656070633502984
0.589245606022406
0.783598701878791
0.511440172348631
0.469730023909359
0.543636490346877
0.660609267202045
0.629357208076016
0.654828596524252
0.616445059076218
0.676908020485782
0.763858821055891
0.696445843059102
0.63474790645156
0.607918746366445
0.637662909684572
0.724261999696993
0.668401530620985
0.604090122541705
0.644570802482804
0.467339170284507
0.614376723723741
0.524297685994166
0.667986779697169
0.43904010817983
0.736207801188987
0.54931687722353
0.57541740675728
0.503667088208105
0.562838896521418
0.653818588870043
0.740567209048575
0.719583307821157
0.569410465583993
0.692757488176622
0.652128573535964
0.675543725165467
0.768621072160741
0.637768347162729
0.612988470632871
0.603048578812911
0.728941484975582
0.723909962557596
0.819647049537796
0.550126335604536
0.663632074762838
0.814720582306354
0.73417169237137
0.652821719357275
0.619289825221875
0.840326310402275
0.610737854061013
0.781494103531691
0.7896395027507
0.673045873397285
0.758880388957309
0.772838311115746
0.740080822564057
0.771433183484592
0.776863865818579
0.587801625712913
0.807442754811705
0.756120682052606
0.741515281954627
0.719420570393322
0.808392186362581
0.733433557461834
0.784857240991014
0.843676080219054
0.659658452515163
0.658556865875874
0.603589296188043
0.758094215371775
0.747300041244941
0.617390318935908
0.763660495271824
0.727505771345354
0.649450260367024
0.971579023427448
0.804709035779286
0.705076995171848
0.931555923257226
0.701930898510074
0.783139907778172
0.545129083637269
0.703374806135788
0.733646534975326
0.718734299493587
0.757047994282933
0.748539853133678
0.816190758235423
0.852948060783057
0.736474665287126
0.809198878954984
0.802288783937754
0.646766715583671
0.727107684198825
0.727931819920786
0.730853848414038
0.809981537069485
0.7631695917395
0.780894961282044
0.881280216224051
0.767319439576975
0.694505226566851
0.780251899036914
0.746578812575024
0.760941147608742
0.793037922544689
0.866217498116033
0.816613087154157
0.916465979054698
0.851134569220895
0.73799840434735
0.980634876021834
0.756475594955447
0.86558767662558
0.79474210007027
0.922305975058978
0.795281231900988
0.713891066021768
0.835955314609425
0.883521716228713
0.81842083758483
0.670744845540475
0.886256826089955
0.875282403735405
0.900010401764888
0.915522697687847
0.86569235604219
0.895664923152124
0.679996400883433
0.946618225066507
0.91735898442639
0.820891786402524
0.798758349663686
0.833816805926554
1.02428250111342
0.891744664714032
0.950645010298503
0.832911455546533
0.898773649010262
0.880442867503629
0.942429057040292
0.936279222462529
1.00942031590479
0.9012351693101
0.954085990923877
0.974243728301217
0.997860983024965
0.752963063383919
1.03062617738406
0.825026500469296
0.852608048280853
0.801141651894396
0.813493494807763
0.921901131650584
1.04407440757571
0.940789745271316
0.854311549666597
0.994007027970123
0.956400027612599
0.923508498801332
0.914810084677852
0.935415682311396
0.983200265218495
0.871343439147058
0.789326597714315
0.899384383479166
0.954845748404576
0.832018646665207
0.989103660841664
1.04336333579248
0.827449348200454
0.849417093329101
0.932790831625005
0.851867348536475
1.09448369242656
0.875375989240984
0.975290798517516
1.13780868044483
1.10467713762364
0.831673137743017
0.893725874379333
1.08494432137014
0.872652888274226
0.921893696310548
0.87283773583409
0.826510630266239
1.04909747762904
1.02476885597989
0.957621687315086
1.02657080233331
0.884801614223574
0.867959305346866
0.996174509615592
1.06580368003903
1.1743564607886
1.1460071764524
1.11955170569261
0.983583090172099
1.04572681616143
1.10047826195923
1.04869454389084
