-0.0768582441699989
-1.05422706066411
-0.945987359179835
-0.876673419485761
-1.00728749283259
-1.12397613122656
-0.887895393310617
-1.00870774381046
-0.971543901835311
-0.959993407644292
-0.933101241091559
-0.86408980681731
-0.952097609720136
-1.02063796659063
-0.979230550716938
-0.942631457297724
-1.02116098981252
-1.08429592332311
-0.958749281751885
-1.01369431351604
-0.881428736434686
-0.934922197902113
-1.18438629108876
-0.957765928189886
-0.872957885201817
-0.863446462884572
-0.952690644315803
-0.971973947811824
-1.01606913127824
-1.11677402247997
-0.949347536733122
-0.848212726610188
-0.904947120692682
-0.902061870226136
-0.904364645811856
-0.878812479734532
-0.864817653558796
-0.937733544731943
-0.843549328241753
-0.812746032940345
-0.845045626290314
-0.905590212594052
-0.879890135781254
-0.953600816682701
-0.949111793292842
-0.788257157775732
-0.904619708013964
-0.901452264360024
-0.870034467539097
-0.886930578051136
-0.933880293498115
-0.872110764839434
-0.873181536101406
-0.896151147223118
-0.984698941767676
-0.844169974810567
-1.03496050835157
-0.87835191907669
-0.979780791966598
-0.959699329645837
-1.01654180039223
-0.775163533958162
-0.91804532055902
-0.827703109440747
-0.744978658899153
-0.743103110263985
-0.874183993889552
-0.839937923435339
-0.832178127927451
-0.610395616805065
-0.949822506878137
-0.827634735619987
-0.806136297647522
-0.957833888003572
-0.905068286252472
-1.00976128757237
-0.877467523659045
-0.794987181815199
-0.890321003420448
-0.817075380574748
-0.788609563971914
-0.801124000747406
-0.785830688755802
-1.08827319896396
-0.75577984646315
-0.800604390357012
-0.849897352893363
-0.801199854565838
-0.987932362847111
-0.768775893645934
-0.768934187214214
-0.771731255953938
-0.928658660349491
-0.635257845526042
-0.83675928942338
-0.813132796557307
-0.726474281718471
-0.860354778462564
-0.846364447061873
-0.800058362063802
-0.810383771280028
-0.935752104573693
-0.876613193223697
-0.961308761394355
-0.769391029361699
-0.835575698300808
-0.637172272524534
-0.868039992946031
-1.03123002692108
-0.80150097879937
-0.827184130874205
-0.857479767672399
-0.761415697526938
-0.689590078190263
-0.805287557831472
-0.871784124448652
-0.732950614462671
-0.793061224629676
-0.677659828333349
-0.717352946131096
-0.752856029057817
-0.643570815793811
-0.784632956663304
-0.640263095353733
-0.656240413341443
-0.763578918128254
-0.615699126875675
-0.807995655787605
-0.769884493490625
-0.654435278584927
-0.857001280477599
-0.690335691076612
-0.933333523855869
-0.692420028516516
-0.756155676525638
-0.747214544598322
-0.795600129720171
-0.820790072520317
-0.699376078640578
-0.744941447929804
-0.573929280701815
-0.629532477879827
-0.722007341084935
-0.708424818940998
-0.55907739477501
-0.589724882836335
-0.581525688924905
-0.768296428857499
-0.668333392196686
-0.816055023752431
-0.747698341176442
-0.644022689395759
-0.762731932125551
-0.826125254112231
-0.668524191898463
-0.667575087212375
-0.691462886325166
-0.764166232185473
-0.671606710748544
-0.594109032585793
-0.819147183344345
-0.565012029844318
-0.699285704150845
-0.511459851566664
-0.699241540602476
-0.740096541896772
-0.705595791818721
-0.565069375575357
-0.570604901958537
-0.682521354855275
-0.65424543979877
-0.797794046075935
-0.621041367823208
-0.651326332171707
-0.639890944622251
-0.686962459307009
-0.777275109844656
-0.674332493345346
-0.8758807251537
-0.628221382686136
-0.577612406205173
-0.786292866223057
-0.680681644125836
-0.620601458173685
-0.560932286736615
-0.60965542570774
-0.671219964412572
-0.600597441592978
-0.621901051557663
-0.558795387467925
-0.785847930820005
-0.605543637370264
-0.613927927201241
-0.670210446263538
-0.573555895423977
-0.55526606886727
-0.386889732011481
-0.607907046407763
-0.744809701775723
-0.722890395159452
-0.57736732603759
-0.747908699525681
-0.456535087080645
-0.61841241509119
-0.580946825245154
-0.508234771998602
-0.556390713150523
-0.759212841333707
-0.64606926238483
-0.470221776382158
-0.671938154217433
-0.475991288118585
-0.723529003047404
-0.540301976704538
-0.607333253600565
-0.528832415462006
-0.497805615062375
-0.515064739029175
-0.564724469159923
-0.480092758038967
-0.671119242565279
-0.537450281087863
-0.637757093074328
-0.568326641578991
-0.658925837949217
-0.536122873159919
-0.53829593863152
-0.478241348494393
-0.669254929976483
-0.77873705208803
-0.611239784070215
-0.608066071144838
-0.574679488864656
-0.477502618110565
-0.664785751502692
-0.51548339704874
-0.493681080410073
-0.4303714781426
-0.605919427181145
-0.541280975970547
-0.606747782919753
-0.340014654984282
-0.49282462213331
-0.481370474142406
-0.576807823633411
-0.599999171865241
-0.517400696662357
-0.508340598487081
-0.351385560523254
-0.313491792030756
-0.478086740842577
-0.494643364686651
-0.515122393340647
-0.516611695030859
-0.418440357560659
-0.528238689956954
-0.445919409577244
-0.569495527004312
-0.419884715771746
-0.560239251621018
-0.436339924393895
-0.492307821095128
-0.314161100885298
-0.524811527293089
-0.411749785974618
-0.607923193450584
-0.598681125372943
-0.49620494788931
-0.574047409235622
-0.425912226557997
-0.426920182992281
-0.46397998937164
-0.375521495133983
-0.552071071167626
-0.504244829640671
-0.511320301329975
-0.52170707717477
-0.353513191553063
-0.444331762792488
-0.335868577193982
-0.503279681558378
-0.586975968963673
-0.409618697675249
-0.507874947871869
-0.470533477405198
-0.41133804968207
-0.421520356424368
-0.402196016892663
-0.414370201511645
-0.340228361719429
-0.381299562836331
-0.619925788624582
-0.412477659210156
-0.520183747102189
-0.420359959412713
-0.396918400612593
-0.391877827824925
-0.374982070512954
-0.488099460559282
-0.414795313621691
-0.427292148474672
-0.355913853313162
-0.449452816974231
-0.519221112841408
-0.48517163071044
-0.406845585995202
-0.264119416525056
-0.374333695153373
-0.308662808539541
-0.272485802873466
-0.415897124788014
-0.345970676090627
-0.301034643265329
-0.450658955330853
-0.495335226076343
-0.470833076611563
-0.23537196248833
-0.271697745748128
-0.281832299097255
-0.39982718086912
-0.425923693902017
-0.269427694435734
-0.347802156979177
-0.411742782535926
-0.479714107598023
-0.445563439594954
-0.414947238244355
-0.406605703422133
-0.406592566158449
-0.408664121823829
-0.177389410221717
-0.416683425586556
-0.327657882544215
-0.322760528624652
-0.438619151426069
-0.320258581594236
-0.433479458260659
-0.270475068548316
-0.187648400856745
-0.324203133721927
-0.393581692123374
-0.495232704588754
-0.353374327863124
-0.31834367201497
-0.379316457005804
-0.198842959208278
-0.263571495405237
-0.360624532565962
-0.130401595018537
-0.188879381635146
-0.349363301332153
-0.248831768213113
-0.213554971379794
-0.164247229331938
-0.396614300206835
-0.357459007701193
-0.166203201287067
-0.242364337218678
-0.271464523157836
-0.373354432809827
-0.338012706226574
-0.270757484081099
-0.35984263504033
-0.191067627578229
-0.234107609506071
-0.270339321186647
-0.191855813999624
-0.270995814473527
-0.138070437549295
-0.191347077253338
-0.250190670976523
-0.0523856254811984
-0.35738698643891
-0.215611583589492
-0.1417524611003
-0.196667897656579
-0.235620202902173
-0.344637848035835
-0.244755085577164
-0.371402887387499
-0.120912117871583
-0.23691547210338
-0.22150193403293
-0.330387765236802
-0.274355914326135
-0.207429621979119
-0.281500179507708
-0.170762839516613
-0.326232623997213
-0.11371325171215
-0.237757879252929
-0.177335945405587
-0.147002973808827
-0.137371800786842
-0.280416597622786
-0.163290577095921
-0.382593346361839
-0.255513001071852
-0.273016104692772
-0.221998463651318
-0.015064973508252
-0.356709572132865
0.081070532461918
-0.240608792383618
-0.163140385997898
-0.13472546685703
-0.119658310706125
-0.120581001658864
-0.0522099699704375
-0.077191228018123
-0.0857177534029003
-0.233678879400176
-0.141206704251157
-0.0846209448284616
-0.206872973820651
-0.0510796917469023
-0.251162623327362
-0.0886143755873844
-0.0507976714230275
-0.128096739095836
-0.0773446071396999
-0.0832165738079121
0.0289854610173799
0.00261686780731153
-0.113928581596433
-0.0983891637657079
-0.248579996988519
-0.0848677612747769
-0.0501436462937874
-0.0469961295666294
-0.199152331497176
-0.206201680749064
-0.100719852699549
-0.103035149402467
-0.113888356457258
-0.104438268643704
-0.287530368717365
-0.169383557553259
-0.0942105088256666
-0.256418133426107
-0.0381691320881797
-0.298208292659326
-0.153763567897788
-0.0889753992555431
-0.110780064031326
-0.198386948754098
-0.128616286271361
0.00530618479077809
-0.0681179068040843
-0.0343201136934366
-0.147816318490207
-0.0882248755241232
0.0580674581541405
-0.145431574377162
-0.170231962268275
-0.0407340586550369
0.00642163759280885
-0.09471768488847
-0.0333429401834386
-0.0229669849023082
-0.106212067254406
-0.0939666462322842
-0.144250230518552
-0.228551036966414
-0.0956283109548118
-0.120521109667867
0.0811009869811799
-0.235794443286323
-0.038600585416708
-0.0741978461249125
-0.164651986274182
-0.0670777378886771
0.0802898318728799
0.0744987386859214
0.0287127186911203
-0.0962285508996227
-0.0193208922135042
0.0571854199743386
-0.17160307907886
0.125693015994032
-0.0579378052637785
-0.0612544798140918
-0.10489895543804
0.0723357462276188
-0.0202400807642948
-0.129903193355395
0.108461117380948
-0.0928140372380915
0.0317881062179784
-0.0736571429193594
-0.0173485507494005
0.110643407786259
-0.102793788721171
-0.0986696234459214
0.0417311487298661
-0.0314524213285901
-0.0359425054437796
0.165334168170231
0.0374427626364378
-0.0935778369260516
0.0595150889541141
-0.00529654506820095
0.0795803518681675
-0.136475224341214
0.130850823419917
-0.0169603976138146
-0.045666896828564
0.226829837430425
-0.0688127046700341
0.0334157697393449
-0.159800215547264
0.00262835253774749
0.0513677809189452
0.0687272020629863
-0.00343030898271121
0.0277577649695535
0.0827614703274243
-0.0726985570467354
0.192629898663361
0.18060119169571
-0.0664454870010705
0.0661385498537477
0.169621879698742
0.114451019601935
0.0118386068444651
0.0501562869682659
0.147621064123984
0.0574753980811178
0.268491020136868
-0.0193930607331914
0.0288065548302891
0.0441420138222969
0.0138003405453741
0.0918983108481257
0.0886451547281758
-0.03142604858849
-0.0290421393235316
0.163953260796575
0.0938905830781957
-0.019706545622764
0.112765239304097
0.19014862385409
0.178543624530681
-0.0208495723030703
0.228810540070383
0.0739099479553959
-0.0305246693649581
0.0101265981502444
0.0178047209068514
0.203262079217557
0.117686302640497
-0.01307523930451
0.226498116546763
0.0180415149870781
0.0158674724043077
0.0693009449788796
0.080908725868031
0.0624036366234548
-0.00597026116012095
0.106696194300337
0.111063146642892
0.153382967952637
0.131609662150238
0.0244814472103329
0.118747559794955
0.225871049028326
0.198395144459614
0.252656951773904
0.0638526090476012
0.218294187142438
0.161685545493402
0.230988363494955
0.155101770315795
-0.017959668644987
0.159562239560416
0.25764237475486
0.298169857488686
0.235158820237182
0.133111801176564
0.259945044379269
0.278649030597412
0.113487544343912
0.120710602160482
0.207915964129628
0.153864933242425
0.126816258160878
0.187370486986157
0.259363175168347
0.329102916207236
0.125656437055229
0.158190029022053
0.0731957457430798
0.191163991332268
0.138501062639272
0.194046611303008
0.165689637849906
0.0209994951260199
0.12906520108004
0.219734113578058
-0.028601716021923
0.232158333874291
0.0793242274663371
0.201656825533006
0.206149874270454
0.227480279300287
0.304893441410221
0.102477470718642
0.238365086152802
0.141005889050832
0.2734445423692
0.162506569167211
0.352265985924417
0.27311306437271
0.166995981282019
0.225528595740618
0.344696159477963
0.292880471799973
0.0913820130347376
0.292935288140283
0.367772750146513
0.255061182004396
0.271444766533452
0.301681480095976
0.331093508042753
0.225465271881812
0.279969678133497
0.227132801336121
0.251224048497051
0.301047965258416
0.283314450175731
0.132693727329643
0.331836560971978
0.277662696274737
0.387278234411891
0.358777914472941
0.140966941374114
0.358490399378921
0.192149273732618
0.220945156041625
0.285140792374468
0.377274200894608
0.232095384802727
0.250276314442906
0.306579819759129
0.363566478070181
0.461683609005494
0.478680155593342
0.161954920967252
0.365981641171604
0.395616310594561
0.303474351502559
0.211790741139695
0.136032745582224
0.21447385720606
0.216477631612615
0.223733539575112
0.392916479024761
0.202397906084402
0.4636177741285
0.202776293133569
0.471624077270081
0.34699736132208
0.286052471144082
0.316339753250163
0.357854544708531
0.203899790299896
0.0757060926276161
0.397208530666956
0.384141738445765
0.341177556683036
0.415503808343699
0.36004672555687
0.320753034754442
0.476370834354433
0.184762573402862
0.461872881551109
0.436613480968503
0.180306169799263
0.432026073366861
0.389715500431143
0.322629836772255
0.280476614953015
0.385240910501718
0.486914674049405
0.311546815652245
0.352372234941506
0.42380067812826
0.389526942620396
0.317437530257794
0.394902702403117
0.522019077141935
0.275768675109132
0.338611687453744
0.361900196930327
0.520885532726087
0.298104475719853
0.449405878484741
0.34016577866729
0.408846920429385
0.36667996690373
0.348299427930071
0.426159925792411
0.438485008359717
0.484129066809665
0.433913731407689
0.31069402867758
0.358939528888727
0.413392306623635
0.486692242753295
0.370401253820444
0.477874144298968
0.431714998838317
0.347560047049611
0.366988716505225
0.344999293559211
0.473302792824567
0.428929997002574
0.297947262367234
0.586311703274544
0.318090893951596
0.449554862341016
0.458298597217582
0.391777185336045
0.397603777710875
0.462681815483424
0.363192755208137
0.483715219527349
0.444352158018567
0.455847669048946
0.465488098619927
0.540366122897422
0.491764238780262
0.548369048902172
0.384951166807568
0.4913982992437
0.504745433246932
0.558519278938185
0.301570410828838
0.510774410529748
0.386827374991087
0.601839543863684
0.587864259152081
0.509327649430366
0.50830737379572
0.482268546824961
0.509455057639409
0.508125263102936
0.521468572759099
0.507966728791701
0.526996380617561
0.516185953868304
0.404309732879105
0.537450737241395
0.449125321704932
0.5366617254548
0.504781116773747
0.36783229141138
0.573156468783192
0.420339372365825
0.481303669508177
0.327909368513929
0.396705845395057
0.547785838687912
0.674328296831291
0.513569564362745
0.496801008220931
0.488004565566339
0.495211161848796
0.595676413536249
0.501630291919054
0.616026392989871
0.443281550382449
0.808094949418135
0.455827803653336
0.542250697985765
0.504245569708638
0.527360597303677
0.68984540304037
0.509095539936012
0.40647579425974
0.570062858428462
0.55968634123019
0.543246455572607
0.488222800057964
0.608465429425906
0.562996523972136
0.732040269618741
0.668973758750223
0.506341990328564
0.445601225514979
0.692833217526668
0.508000141373439
0.618572632265276
0.658405792017442
0.55055001007696
0.479873804226955
0.644157778497114
0.573870811053485
0.56232269634585
0.701617356877969
0.65894970391232
0.653624029483988
0.600704914380788
0.754690338201573
0.76748036962168
0.6166046240624
0.708014139822264
0.66177939662743
0.466950432337563
0.699079044012088
0.519074602210651
0.578105102318362
0.666129545663927
0.678762816692014
0.628390878285321
0.565952492278233
0.856568171738481
0.550948090404427
0.668497610118638
0.716458306583108
0.70268710242627
0.635041376112325
0.59662685645422
0.515604601353606
0.719246503990329
0.666450114175369
0.643645167723196
0.558560149561872
0.725079402389329
0.576906443803971
0.814993024425831
0.649279490531624
0.728382718108761
0.564927415312593
0.452065533212747
0.702206052057933
0.79234388234976
0.562261802630541
0.753610200636768
0.662381105114339
0.582852942209895
0.716635341736446
0.514050937761521
0.74865706425833
0.805531776135717
0.725079273994486
0.589334059313763
0.81071641363147
0.832363590103287
0.545661496530893
0.687752912163151
0.563320348009605
0.719923856997971
0.753457854157915
0.791448208426477
0.821373215771043
0.79292632722295
0.554604865445459
0.703232749479834
0.557223706927389
0.755044593647149
0.861936376467584
0.904391376316523
0.728967585937573
0.777931898096368
0.693598964110243
0.630925210237154
0.852835042367658
0.763149711403189
0.591853008611915
0.898945871183254
0.807703711585555
0.75822042987207
0.73853679841346
0.741905676156413
0.747686563474296
0.755325658585051
0.705216509901006
0.752894287510648
0.769595731542243
0.810450418313004
0.862028034064206
0.814319239063417
0.754917395177451
0.755298187217115
0.706735769847114
0.683736553652847
0.771584780871114
0.729284351513632
0.697841557965684
0.782059208280272
0.84330502849569
0.934752618356663
0.702024344237373
0.965462213092475
0.729835040583212
0.864401806648459
0.696875578465936
0.722624730813215
0.878821947242023
0.94758481383625
0.81295699403899
0.778942221041334
0.81288815274772
0.651923910932854
0.717111720784186
0.670552527883779
0.672401220383005
0.755067318083024
0.853415780434691
0.779263633548555
0.814605691049381
0.814430190514465
0.776894121034523
0.794479633832724
0.720193613503626
0.718587176536225
0.913460972081738
0.665871522089644
0.708475736204478
0.883932743367811
0.92567881717301
0.755958086031377
0.796403393063342
0.939314243964576
0.961935986709497
0.887408473474719
0.788014743347156
0.813623159043799
0.877595120372681
0.966091435648144
0.929174150903252
0.915257159181389
0.778078025938845
0.880446486158166
0.759636620623565
0.914858498646933
0.935848816910294
1.14162584691817
0.789289845700261
0.866257792843735
0.931975944933512
0.878280531413285
0.846523667248883
0.988804907546455
0.892827418136866
0.741744076446778
0.864625227693775
0.732051372398349
0.993268454951745
0.769852281531387
0.914775643024563
0.992176670170634
0.739305651670465
0.858798779702219
0.942916586695031
0.90901172895417
0.815003520336506
0.966917508585014
0.802695990913809
0.969943823007121
1.1859636204969
1.0245850024757
0.955746141188211
1.01790337571056
0.869487501507289
0.877474744232989
0.878642592041561
0.909743497625055
0.86820215848084
0.913035861402795
0.878275868825266
1.02269579935106
0.953772185404796
0.984265482487672
0.978787246315832
1.03288756145417
0.788985020206967
0.88885046879131
0.952758515346056
0.901640684577763
0.936546745713829
0.996291118721651
1.01468183525131
1.06367511567252
1.03884967820486
0.881479312459631
0.992679336294335
0.927714658602129
1.02183751272038
1.05441263970892
0.953410037880705
1.01550597570781
0.851742530387073
0.990945248609367
1.16018827144127
0.900162667310182
1.01408213080954
0.941322427416183
0.935208588061578
0.991206999910669
