0.0430753864254173
-1.01959630301585
-1.07545772693994
-1.12240552611394
-1.00137687987615
-0.867340341056673
-0.915416830216939
-0.984533721826717
-0.901162836059507
-0.930484491289767
-1.08539385031882
-1.0523886968251
-0.957564032192761
-0.961234658776738
-0.931354422639609
-0.875912724860975
-1.13828817027753
-1.09680215316363
-0.929475560372025
-0.953205296061377
-1.01711642168527
-0.943136443478647
-0.908281075654645
-0.97676308233814
-0.901891266963236
-0.903660109570463
-0.955284764532989
-0.986757381241358
-1.06443962749241
-0.830972908297809
-1.01018971658397
-1.03232877792699
-0.979715966883598
-0.907748521296612
-0.96279453770652
-0.93457382374056
-0.916170650098026
-1.01770664476678
-0.912179803245321
-0.837778430378454
-0.831217864809734
-0.873583889825676
-1.07149632888524
-0.960587438086145
-1.0111450952844
-1.03916472261707
-1.00681952907584
-0.832905652917293
-0.887927340987568
-0.867818256004886
-0.92518588819171
-0.980629319468098
-0.730252658630084
-0.908655496461563
-0.819756631041679
-0.858534047654942
-0.945429112191904
-1.00304270666976
-0.878822304613281
-0.843630919921868
-0.955922718877818
-0.817994295297392
-0.736757840412242
-0.849104365516296
-0.946347778219123
-0.701186842227768
-0.819378020635538
-0.868228623242738
-0.73984629280356
-0.736208732343957
-0.782687556034416
-0.793482049580148
-0.928209243798127
-0.851729853190009
-0.822699938400537
-0.708502368514106
-0.908396095335275
-0.867616068473674
-0.879329444608781
-0.982813367473071
-0.886189611120454
-0.841565618224703
-0.86772461990276
-0.711247934763411
-0.746109128604318
-0.817854813644158
-0.820659781861121
-0.708083805412771
-0.700460618280451
-0.90629519045311
-0.716612501777943
-0.838167538960221
-0.719758660029934
-0.985281288986595
-0.830280397932854
-0.829086103737276
-0.825624663488931
-0.691114393440009
-0.805142078716627
-0.686235045188826
-0.831977544642202
-0.735629852004841
-0.835528466467575
-0.811510170071878
-0.837283202867007
-0.754092934431019
-0.709424942544891
-0.713446238279753
-0.937830051994333
-0.816618719008025
-0.941391018620746
-0.710299023829645
-0.769823153453815
-0.704791001119468
-0.820534963471089
-0.798707347984635
-0.760611913052697
-0.827174855366712
-0.961137871987974
-0.649374739659994
-0.803108127544684
-0.86581907122173
-0.824894630105579
-0.724691214616807
-0.747172302702074
-0.680261881941209
-0.771584079043906
-0.691098556085964
-0.719828653370405
-0.93969357824377
-0.698577408241817
-0.828473823564005
-0.623821992389071
-0.710590754675561
-0.689003627230329
-0.735461394181812
-0.800052927897908
-0.769073325249005
-0.716276261834911
-0.667712450612049
-0.649446626884355
-0.857844544575312
-0.662650879735028
-0.789936240960513
-0.787259922814118
-0.747460888683961
-0.668620842761573
-0.776136910048729
-0.750610328128059
-0.802388695006235
-0.690067484650631
-0.765309494838881
-0.792510149451112
-0.648362447819624
-0.808387403785326
-0.657494445133094
-0.651036423156048
-0.644548461575401
-0.745736046708237
-0.649034271418412
-0.779208259893089
-0.624841191423834
-0.612309103221053
-0.690284388588195
-0.662460699975316
-0.817727089452287
-0.42074463563799
-0.553058309593355
-0.655511532417847
-0.640905644053318
-0.733458721596532
-0.664418426110304
-0.587655929973669
-0.706145216154861
-0.637073438400733
-0.577158900564409
-0.615913018998147
-0.532150918456061
-0.654584494406557
-0.723939426093557
-0.677955872821844
-0.515927575864566
-0.49324170596551
-0.625813581514879
-0.665340939171118
-0.639671464733029
-0.57221732160527
-0.52754442649721
-0.507831311384374
-0.653483118227627
-0.706451099438724
-0.604245927241856
-0.656731480539697
-0.58586823853953
-0.559554787204303
-0.60028743861056
-0.659537028926217
-0.765933096604064
-0.686884096844204
-0.563045355219174
-0.667162095726567
-0.660944652807183
-0.625696801513989
-0.441581600638976
-0.530198751358951
-0.65887159889824
-0.563177738122119
-0.646581365174927
-0.717038210549387
-0.497972808974703
-0.399304954582018
-0.555430164172594
-0.670303552658646
-0.53605865812634
-0.721663480282177
-0.742191241785679
-0.514964998948887
-0.696063594239946
-0.54449175800299
-0.623795151997582
-0.620116404373973
-0.654149829893233
-0.437662832587016
-0.547263718187325
-0.592803740082802
-0.514006984673518
-0.344940495846516
-0.438001310786493
-0.667044067918654
-0.596593482206041
-0.382350446122342
-0.576925634268864
-0.535067350168712
-0.642464221140064
-0.517410082790812
-0.395529087896756
-0.586389370766175
-0.495824471144607
-0.616316589699358
-0.639328783636089
-0.609471272343431
-0.492210387185058
-0.455754101742165
-0.480923251218637
-0.35157831886246
-0.558719521545887
-0.495787392488729
-0.509039332357666
-0.703061563984029
-0.430515742957883
-0.593294899910656
-0.623722517603322
-0.534839004744892
-0.39325555829847
-0.482744163988824
-0.47892816359657
-0.574253247823526
-0.558636724179
-0.611982216044571
-0.422940741326483
-0.536862381786307
-0.599712997428677
-0.460927907512581
-0.496424124241714
-0.492808055639998
-0.403122086133447
-0.463822972460109
-0.391160147891354
-0.453969523678428
-0.456609308583621
-0.555206797928624
-0.451775877667363
-0.581842363115795
-0.412356972039653
-0.409099101937986
-0.487489713471313
-0.382569832574125
-0.51127223739273
-0.487860663213112
-0.476994097872864
-0.442458967372392
-0.368728083731512
-0.415130335872305
-0.503786008805463
-0.395872123291405
-0.335790136944371
-0.555862588641517
-0.534185498080295
-0.297251241690577
-0.490555911168302
-0.357510166312579
-0.488544135968924
-0.388189036137753
-0.433652172081286
-0.448076333049507
-0.402251411526481
-0.479826964196388
-0.322102320996511
-0.437403349462583
-0.429583675902594
-0.460077681469873
-0.3112394558053
-0.357348380769245
-0.29600972460467
-0.296585944394799
-0.425414449141773
-0.253341726273993
-0.44165755972258
-0.488094515154437
-0.413188760725978
-0.342203946647722
-0.356478764008244
-0.337807708235759
-0.420553047461772
-0.499011800936893
-0.391106624718249
-0.327968175461686
-0.33084019208566
-0.358991681571698
-0.450601006770081
-0.400711221785623
-0.262521751711989
-0.315015834703305
-0.425792977446503
-0.288120666089097
-0.203319603332
-0.267282005755487
-0.289483498092837
-0.298355848628705
-0.406437530671838
-0.540847398800894
-0.332346583129471
-0.319413166816513
-0.192940252939683
-0.313392762155594
-0.359522073875632
-0.34410805668024
-0.284749238526483
-0.366689082325721
-0.211723462593017
-0.390998464126822
-0.32117092387561
-0.397642996804161
-0.316018355548411
-0.299096293402457
-0.39670270586702
-0.261281275079221
-0.271149220480203
-0.394853411982165
-0.430269987457892
-0.312200663522209
-0.518654817751458
-0.293985982531904
-0.275227198505793
-0.179584182388995
-0.2602686219691
-0.342365796706027
-0.396029176664883
-0.258156755257953
-0.267003378284179
-0.320955011383367
-0.174065866946718
-0.20383649531551
-0.370770933891554
-0.400641987022673
-0.304898422780536
-0.24111388210331
-0.291002775525291
-0.300855725751111
-0.210147099717318
-0.288913661597263
-0.270035389858823
-0.28495487524481
-0.216069577201362
-0.238347981873642
-0.374653137408642
-0.286216840988295
-0.439021247484605
-0.184716659053986
-0.330883034551393
0.0500724116376601
-0.218582667611591
-0.306105318160204
-0.228807597953301
-0.241012439390425
-0.223218798274931
-0.18118087329844
-0.0448080228390744
-0.224486628176042
-0.197643316717929
-0.241518094167991
-0.130423054197141
-0.265324600304666
-0.111302754996939
-0.418194091831552
-0.221570858203787
-0.252264784158056
-0.214568772098757
-0.176312450293936
-0.293587735832247
-0.204137394683556
-0.151911235347337
-0.140932281217336
-0.180424913895129
-0.189372481425731
-0.14872527958255
-0.156429010373981
-0.215728534271881
-0.149730544084565
-0.2286285561909
-0.182877763470553
-0.06569022919666
-0.315192466719798
-0.256494880447561
-0.151862483112802
-0.0829760873262866
-0.189430454852898
-0.0247120969112732
-0.216807956720232
-0.229936008353768
-0.038203015702414
-0.233001187719361
-0.214824005163875
-0.143355348586797
-0.110747522640618
-0.20218277817941
-0.0611652278860198
-0.10319965032901
-0.0972992506874667
-0.249256935975206
-0.0648783710877365
-0.052486666325384
-0.182863083293819
-0.195479824958455
-0.0151082966726096
-0.158192907207769
-0.261518771007483
-0.293275009129555
-0.0461583615944928
-0.135784779323289
-0.0899296865064706
-0.245021272042937
-0.129198530054147
-0.120077868412039
-0.102548199153674
-0.012347880447855
-0.0727628627746679
-0.1385038036524
0.052640834221488
-0.106115937811537
0.0685297817290923
-0.229023716141481
-0.121416191972984
-0.0413403878181044
-0.0153283327545127
-0.0587087435616549
0.0271260648129313
-0.192050646948494
-0.0310757972100068
-0.0950904061443577
0.0348465119458433
-0.1658845079207
-0.0777229642363153
0.00107291783147534
0.0478746171480473
0.115248091082666
-0.0783713771016389
-0.0630443476870336
-0.0764299276116875
-0.0523610410012029
-0.0100549102992614
0.0496406634425551
0.0276988058589242
0.0471401837047895
-0.0528447771825867
-0.0499580536700192
0.0465282789776599
-0.159063837724136
-0.159018116555801
-0.0989167180060293
0.0995333951866868
-0.0638176531337242
0.00835255552432259
-0.0190637988000152
-0.17454455916423
-0.218542702080531
-0.0402508765617146
-0.026204639764761
0.177416448300267
-0.0289872573983052
-0.0250102313857689
0.0502610749482388
-0.116105792527832
-0.130353324220671
0.0592710480464252
0.170913113807837
0.0565500708493932
0.304770772566708
-0.0093200014889151
0.017467035983541
0.0236415266535032
-0.135587423643501
0.173046427697663
-0.000341845187331681
-0.106593468759806
0.0555749968189696
-0.00716606229912305
0.151871568498212
-0.0916998853974843
-0.0844269082739694
0.0387196823657279
0.00151752457856427
-0.0371234512658838
-0.00773596574989594
-0.0391005977908586
-0.151041016359305
0.0333113941059367
-0.102032592298028
-0.114153348795975
0.0158539504678026
0.163686235907187
0.0827388522151182
0.0886240983955673
0.203695588696968
0.0582136655140524
0.111031196606674
-0.0459481273113881
0.168516635710002
0.0890440502966034
0.106735170155896
0.0547106493604081
0.225390976958893
-0.061856799892456
0.139134001196418
0.0651092221416901
0.0391661706021346
-0.00850869355231568
0.065321854497615
0.119637558298509
-0.0302821305124359
0.109970358857671
0.0248460208204138
-0.0141804762426251
0.16181406522344
0.0934635736462716
0.0347224264330213
0.103194499491663
0.176124103180771
-0.0317321500345439
0.0353288680061885
0.178540517483476
-0.0288941633556159
0.170668943519217
0.00488101616138595
0.0908624345742426
0.0694150210245404
0.19442588623783
-0.00516248749874128
0.0532652251401406
0.162436644125325
0.149407852158497
0.100135236323911
0.197063771442419
0.128604051050176
0.177717075346793
0.117065236297987
0.100630609468387
0.156531312706497
0.0226009693775178
0.10872791918731
0.105000575897285
0.197625582156554
0.183351932128736
0.200293977966504
0.197155645581434
0.15251646659048
0.05610407980216
0.186526556060448
0.0470625671408756
0.144743507759566
0.0114312084258401
0.268370030948454
-0.00232911679700472
0.173605901163656
0.0861689063836616
0.359983938269637
0.0239811935567005
0.11871140224921
0.21652689280839
0.280987600241386
0.152838825835362
0.149597518099236
0.234558923894378
0.239644127409436
0.205750759199209
0.179177730576135
0.0705281138104279
0.227010857017544
0.231427766244987
0.0962374531258865
0.214093096677891
0.0630133509189403
0.17567700655542
0.147086955262907
0.378863399904856
0.311632768720958
0.214480346916223
0.153844479397743
0.275768470496457
0.0374164413650779
0.102661240110089
0.185951876690729
0.166936973578747
0.0669461801172758
0.207876664854825
0.214917016198003
0.0341385144413921
0.171420655772132
0.294920940638302
0.259447731849365
0.363075623448971
0.195202430150299
0.256049086984165
0.26565761464573
0.386678116969504
0.209977953793149
0.150444934851477
0.232707147917364
0.364296684857087
0.318044211987178
0.169502362456582
0.283685320813633
0.298463375916352
0.101883695379614
0.349077066614397
0.35714290368158
0.296337415226254
0.260266043838751
0.175841483074357
0.265474501380259
0.219959941851902
0.180946250900445
0.310154951683439
0.284399309643754
0.314209886243198
0.244644779883718
0.362634806937262
0.15044859532774
0.289709582354596
0.382030897386315
0.33801023283229
0.299814067791333
0.433087106839829
0.303824415514173
0.267520646403521
0.363813975298357
0.362911347115775
0.379373630796066
0.240119631859491
0.379592719098168
0.360842332478143
0.245634115773495
0.370465862928036
0.32194498913182
0.335843013392155
0.271639803372148
0.29146530217926
0.332416372883546
0.318048691182931
0.392605803341419
0.355874646598365
0.287341567229683
0.289882677609333
0.397743150389667
0.411474937308411
0.332839231657276
0.185072813351904
0.343016891175725
0.356266073382858
0.265251324345207
0.333173105182826
0.322391973611927
0.288693882764996
0.407172168337888
0.396924816110978
0.430777708825099
0.391916492755445
0.291354267346211
0.273132449028865
0.333067263109661
0.325535086774901
0.306344498048531
0.350240869456643
0.378976609812952
0.329643896921194
0.543968107635566
0.546957821567974
0.445678894122401
0.47174136655675
0.376089637958917
0.414746944941618
0.5527147949845
0.44822319614282
0.479172372408907
0.409518183505199
0.355378636977109
0.465509717610099
0.198651316206575
0.235389687045951
0.411208663635759
0.293360866800669
0.411780730594875
0.499091289045063
0.543493511989718
0.264497838775817
0.551616450935838
0.428993436774024
0.384412231139301
0.425796646023659
0.367053716772622
0.395174042756012
0.313680348572998
0.652576464081478
0.387453838968567
0.653140889586282
0.551589517132776
0.347610374189217
0.429708023698508
0.280925592999137
0.419447893249584
0.501338637018561
0.57529479561415
0.414053044586776
0.535935962854032
0.428595006729107
0.445035981404467
0.450975282051751
0.418196364771775
0.459276740448488
0.319405222266864
0.38565154160756
0.436580270724474
0.458815866382739
0.406973815764519
0.430819900637582
0.575728297412422
0.372468132047209
0.52816582474859
0.54491381770368
0.489748209473278
0.653436373897746
0.447011951447791
0.595888153370928
0.538596851791888
0.599343692797293
0.414545728193201
0.547409967890243
0.461730621593393
0.505372165070214
0.563387940326465
0.551278123618629
0.53334584385892
0.478201007632321
0.561327340921278
0.550936704290607
0.562865355783903
0.453667287220879
0.629686996796547
0.420248119795782
0.503930508095631
0.416752579742132
0.574410044576739
0.537395749464715
0.507680549419844
0.539521753012028
0.673378136214756
0.602466468066349
0.461368986678066
0.406101517791109
0.514684908282897
0.557514455362564
0.662303252192689
0.545596653710656
0.580309609627376
0.679460283021689
0.523343746258021
0.486783999572529
0.682177588027029
0.538456244879585
0.555397828414514
0.686851574450643
0.640177470726269
0.332805274703554
0.550643124869689
0.628593469752509
0.509671900949689
0.700226764042586
0.671199029521635
0.469900282181635
0.588200352789176
0.616123597632409
0.601619857873619
0.483575554962748
0.552356041306787
0.545081941916018
0.730151936119571
0.546585960588299
0.440187543051964
0.670567952891327
0.482208502612168
0.745035038109508
0.714427255602363
0.638792872892612
0.586935723669655
0.664173890774855
0.605319281482799
0.70221208457957
0.642551792583826
0.536637355633478
0.64942441820273
0.727631457228927
0.58382722712168
0.726560607354778
0.632769713673614
0.649534497749911
0.605571379731088
0.785999305254928
0.688486042588302
0.690792900896948
0.680913277625964
0.692727513847892
0.60041833356321
0.711820053445783
0.770025513123438
0.737415112915257
0.773788208626889
0.60054671099587
0.687446074863459
0.628912160664288
0.687273943582383
0.700543287249964
0.816691429358368
0.823692001218227
0.731061844605065
0.466508586146596
0.657563245555198
0.648209503123627
0.68861276747284
0.638754124246532
0.725012209827175
0.668915682839037
0.713036797101498
0.722917353293654
0.73764513750907
0.782655887906223
0.71978803990073
0.793349994571607
0.798969580541289
0.730519186498489
0.693564285838663
0.871070680104693
0.627235883295677
0.63860316928328
0.790769343749368
0.704540730621732
0.594860130638015
0.634339218218773
0.578376996118629
0.650021048476685
0.749835256231069
0.703336162523646
0.741390956125862
0.684288159056073
0.596107298747149
0.71576292699955
0.825593103081368
0.665027542850343
0.756482362171329
0.676878994140663
0.716263083297062
0.834902303979577
0.774938573747387
0.837532874962007
0.716790048871577
0.858538653767153
0.742118297305968
0.818287628530538
0.726129349687578
0.81796589672005
0.930617734816862
0.754298422728784
0.784796467798576
0.942608880469664
0.906156595208924
0.692825659409433
0.842631309594253
0.831995966924155
0.754346715033967
0.846291069826326
0.821992232803136
0.843054470455293
0.719809941815119
0.670022749196827
0.894361524121269
0.767296237250043
0.694458390274674
0.655727028128076
0.793535149000824
0.992024120016381
0.847878143915872
0.843715966595276
0.845665891975938
1.00266202198729
0.752528926158493
0.754205489002518
0.842386587367444
0.755911318204081
0.83461582557726
0.947318352874701
0.930097414968123
0.833736793685742
0.913421817603964
0.800511624812259
0.761232081094139
0.825333719872228
0.804610441739992
0.763616599876663
0.791669504141419
0.7620382958818
0.873662306967499
0.995199922773711
0.985773224108035
0.938338792639354
0.784684089874683
0.806841692944752
0.882980137904401
0.97344752587771
0.748744148945311
0.908337288753085
0.823626335657433
1.01977707054919
0.884705745227855
1.10525164106637
0.834292023681604
0.940051239478682
0.880483126006092
0.951020042340578
0.888665711629749
0.809228612507764
0.924940237066745
0.962434065806442
0.906661720907804
0.801737729687429
1.16348137113278
0.979220706191893
0.823227548706386
0.787274952090506
0.895414525970136
0.920450552199266
0.689034104028959
0.941984163897238
0.872364747388517
1.00633375963865
0.91823990258197
0.941567892204277
1.06912027622065
1.0272881576817
0.955521283100924
0.998520985277362
0.90265532556404
0.974151376479032
1.05401042351229
0.920111616775883
0.88859181335714
1.00538121764054
0.890288026140497
0.983777559597607
1.03648232055184
0.972216725046019
1.12109378258417
0.943627612487938
1.17223347866248
1.01775662947648
0.918302389058916
1.06948453467332
0.896925941393377
1.0930037236612
0.915592308046288
0.872312500170674
0.954290462875232
1.07333354062103
0.982660115848939
1.06170160207359
0.92549197293068
0.893325739264933
0.960484058061558
1.0365817226488
1.0698993611221
0.989657803203009
1.01909667370553
1.09945303986918
