0.0558336489653456
-1.00308458676347
-1.0514900692633
-1.11086209008038
-1.01153820737733
-0.837659422851818
-0.928831122240126
-0.992731699138305
-0.901242098072213
-0.919405659450245
-1.07127980694049
-1.02760248476114
-0.939258696423453
-0.976467641866483
-0.921731002022678
-0.877468543675103
-1.17307825266493
-1.08615862639497
-0.931140273313055
-0.933482009510417
-1.02411800480266
-0.945339528775202
-0.91116799572205
-0.957182257999753
-0.89339410223856
-0.903247662522318
-0.965622831932456
-0.969570535800878
-1.08001090302392
-0.844936470855664
-1.01180934189818
-1.00641037566847
-0.97869052667685
-0.907552960981315
-0.968193999624755
-0.917807798866557
-0.93597367131485
-1.01302771217278
-0.903403308136802
-0.801333868816014
-0.846439219766625
-0.875873616179967
-1.07089540054347
-0.94459845256138
-1.04146829934139
-1.01018877770547
-0.990322623807979
-0.804134175733823
-0.8915488358676
-0.878713151311406
-0.926692004757825
-0.959803646015931
-0.736373801838469
-0.890385420832062
-0.826286061419389
-0.863377073478277
-0.951726713370737
-1.02354112454903
-0.902988923283208
-0.8341522820245
-0.956373587588096
-0.844436447774661
-0.722799677650305
-0.863048839882956
-0.96031469356254
-0.696032673312244
-0.81507239037384
-0.848883987876842
-0.734894831192143
-0.74821580338572
-0.818994020900657
-0.792160001184779
-0.89925079276301
-0.846344296158594
-0.802172734948968
-0.701803200584813
-0.90438693491283
-0.871853842199316
-0.880300235527061
-0.983534862089239
-0.915069054580541
-0.870296214988658
-0.882477094698341
-0.712109958489528
-0.763344014459331
-0.824972471195546
-0.815938614214267
-0.709651995656574
-0.706811575715594
-0.897826351274479
-0.73883440241756
-0.836132344438516
-0.735498590667832
-0.996235828256235
-0.842429574577571
-0.804119664438336
-0.839392441778536
-0.673667814017087
-0.794956466200862
-0.688322112095976
-0.829592994183268
-0.745046071372363
-0.824828931414235
-0.811919851969306
-0.852059130549344
-0.754571298636151
-0.699175843756405
-0.707232069228417
-0.944637265698496
-0.819736553656401
-0.915727845780446
-0.730233365135997
-0.762999834846852
-0.705827146039954
-0.82938353842974
-0.812641275897377
-0.752890057413721
-0.846199352917714
-0.941645625210016
-0.651410109678476
-0.807414394571331
-0.852546416283795
-0.832365712223905
-0.694934733338071
-0.753834736489114
-0.705309143177668
-0.781504517866747
-0.715098397719179
-0.718372619376197
-0.92377065961212
-0.711432968996655
-0.835879299447321
-0.641957392073562
-0.705099253439541
-0.66367410983898
-0.749041605998292
-0.80632087250139
-0.771063034376981
-0.717433676229013
-0.670485473897805
-0.614742341235725
-0.851761420889357
-0.689197256693542
-0.786057687925895
-0.781965616270295
-0.730130775898858
-0.702667020535676
-0.757586685794953
-0.761222138937415
-0.797176848347063
-0.68306322152265
-0.752132446244436
-0.786165473972278
-0.649714234175815
-0.807723683034179
-0.659104462372568
-0.654305562247474
-0.660336263988938
-0.717905779169513
-0.659351362181143
-0.798973007164366
-0.620463975963029
-0.61880978104429
-0.70199183029182
-0.668571516348953
-0.803345893826898
-0.435717759698443
-0.576955259010561
-0.66583712883123
-0.649205572324083
-0.718840592164934
-0.667801263338823
-0.582583713379196
-0.704607065089047
-0.640159027331783
-0.58178345242614
-0.607910176870696
-0.518852057278065
-0.675403454697301
-0.732502015766951
-0.700936767967506
-0.517939746280002
-0.479099592750565
-0.611028166863017
-0.640660375162594
-0.652212475298569
-0.558258626125371
-0.534431565450973
-0.503699072988821
-0.649328445637557
-0.704742984623873
-0.629855787915361
-0.663393667822021
-0.600013938078629
-0.567975587120768
-0.622682500073699
-0.67142152385679
-0.761382586854301
-0.687838009375007
-0.570825499797799
-0.683632063540944
-0.671158119106305
-0.638778062919738
-0.431274414789366
-0.529162044265147
-0.655024850499591
-0.57736213706044
-0.656439487581364
-0.703371923649112
-0.504691185187986
-0.398052377956927
-0.554748644645046
-0.656715998155658
-0.524003481875959
-0.716116089064014
-0.741716654000213
-0.521851334185044
-0.70031601930188
-0.525798788226047
-0.623774509376514
-0.61324881938795
-0.652760556583648
-0.427626767861337
-0.541585563525632
-0.596548839694406
-0.50655709115825
-0.34961272235948
-0.459355754132498
-0.664306685625839
-0.610766554739492
-0.390992195939478
-0.561774862883882
-0.519279378417071
-0.648205280255307
-0.518735446296594
-0.395791966132003
-0.587483042678476
-0.513122386760522
-0.605708356202905
-0.642535136082826
-0.597537619490598
-0.506071076783974
-0.467639299565492
-0.458079573340517
-0.341507814124944
-0.547851411932156
-0.477056817544438
-0.526407025136184
-0.681095601786152
-0.410850472738955
-0.591273491496971
-0.62851503753067
-0.534323781358651
-0.388208209917169
-0.500194415697338
-0.481152079722105
-0.571975642487729
-0.576730343629321
-0.616113268356054
-0.427147113250919
-0.550787197966699
-0.560265351487955
-0.476828537772021
-0.482939075916047
-0.503386104862699
-0.403593431428859
-0.470839725508559
-0.383463624051724
-0.47357450608702
-0.460749462737274
-0.569693352401396
-0.440027343813904
-0.584568904580067
-0.411386593144088
-0.381184091354654
-0.48045027864163
-0.384654062606706
-0.532868706492435
-0.500904754752961
-0.472870696892875
-0.43631863712174
-0.356726243496887
-0.441093235999047
-0.516870341903834
-0.404446792868514
-0.356042945614513
-0.526703121270014
-0.518717483804702
-0.28548878869992
-0.486656665490027
-0.355037015993472
-0.476990549183223
-0.405778967739911
-0.427503599381809
-0.452433273782971
-0.412910967948664
-0.46548222236156
-0.31457088344328
-0.446835256726827
-0.426014147293944
-0.453781955949522
-0.314197285103159
-0.353434686843883
-0.284333589629253
-0.295842140294919
-0.420664698293096
-0.268433313645144
-0.45403336659944
-0.483424032408266
-0.446098993355324
-0.35261708667496
-0.345448029877283
-0.343837536149809
-0.423304356464473
-0.480050060723376
-0.395923609409162
-0.315689326415131
-0.346891350162736
-0.351113661404289
-0.427455171119471
-0.40867020509536
-0.285190914901763
-0.303742224713194
-0.414735318584809
-0.28875389261775
-0.231859614084729
-0.263120010831031
-0.310385333290347
-0.307789734267121
-0.402987506109741
-0.542844222984528
-0.35664778016423
-0.317251964241683
-0.210761120201771
-0.289745845623799
-0.359712966518446
-0.329257882175221
-0.274148734769969
-0.355847718705606
-0.199730811219584
-0.390879518712022
-0.320920317937198
-0.407639802722839
-0.346324869471201
-0.306905878735547
-0.418116844583697
-0.261854752375424
-0.257699707369046
-0.403579084795696
-0.422250911511232
-0.316432448118636
-0.509914785581141
-0.316549644404741
-0.265806941587008
-0.195972159981054
-0.244074693434278
-0.339787167852069
-0.415175281528103
-0.268828631569864
-0.285038224210098
-0.323306913403489
-0.164659881859956
-0.2157747581849
-0.349606765117851
-0.41915534073913
-0.284731054976886
-0.249688412935188
-0.299936274119599
-0.294554043194281
-0.228547161875147
-0.279287559400955
-0.273573435248715
-0.275314185802433
-0.243046219138276
-0.220106887852478
-0.362825479174572
-0.290197554071942
-0.436065648764496
-0.177832302366097
-0.34653034749171
0.0585342027643642
-0.204653801385506
-0.339607226498808
-0.20788414548562
-0.256855544040458
-0.229078208838173
-0.181241421316857
-0.0380559128511374
-0.219615976932284
-0.182638995038536
-0.239649657921335
-0.127492456852613
-0.245428443002243
-0.135737237522231
-0.387482786478071
-0.207761177712364
-0.24770414364979
-0.21940381247224
-0.144180312437481
-0.30644710983584
-0.192230233158216
-0.14450232012248
-0.13774840085947
-0.166305101433374
-0.198764723200451
-0.149798928381131
-0.147458681381177
-0.206164547737985
-0.158361941210268
-0.216836916432512
-0.184506393571026
-0.0650161437473608
-0.334450427042746
-0.262570410249502
-0.140256231948969
-0.0823310694734502
-0.191629683116962
-0.0245613920249152
-0.208238483948927
-0.231697349071202
-0.0318106935318205
-0.238178327487233
-0.212825370481311
-0.123503161273094
-0.0987024068452271
-0.206950085798299
-0.0595399050132655
-0.106080336815241
-0.0941275403061365
-0.287185417157077
-0.0850213926294639
-0.041801221917292
-0.199273403047927
-0.22242672425833
-0.0209043185084692
-0.173536744464871
-0.270505157039235
-0.279489984500284
-0.0390082960857144
-0.152748489773478
-0.0709457892630336
-0.259220032298079
-0.106484264700684
-0.117215134867341
-0.110628858271003
-0.0175670523653227
-0.080970484268049
-0.135524041308693
0.0404618025182367
-0.115614997572215
0.0451928903263576
-0.220278172483251
-0.113022959365825
-0.0398426528320325
-0.016273797364601
-0.0792257260320829
0.0341899993270595
-0.18899968551536
-0.0529705827646868
-0.139947105554376
0.0300320826539238
-0.144524031960706
-0.0769130774735567
-0.00468874355746111
0.0504485832708993
0.113581216355886
-0.0862959824848832
-0.0880097680754604
-0.0996930650838136
-0.0431137573159363
-0.0176481084790682
0.0443174172460821
0.0381502026456038
0.0566813148048158
-0.0662971946489061
-0.0341871375064302
0.0188511604559612
-0.134416440666974
-0.146783406238791
-0.0781707469164171
0.0947978727807851
-0.0380557931154169
0.0147415007260391
-0.0197490370407687
-0.169699225190214
-0.214990225046126
-0.038273485032248
-0.0236105775271003
0.151406919330561
-0.0475618350594465
-0.00489095671316856
0.0454547578509488
-0.132077045381224
-0.124403897948747
0.0663377109859887
0.171186338848613
0.0547757198330942
0.313833395686849
-0.0260107701656374
0.0318057310372213
0.0154005909179178
-0.138320219482315
0.181625754408988
0.0189017731395072
-0.100611809460477
0.0633516175850943
0.000168498124342099
0.114029554569666
-0.0787071868594243
-0.0773560641334994
0.0508625349788811
0.0164541728477437
-0.0481978714295048
-0.00184130992088852
-0.041383928089835
-0.171568224535492
0.00103417311629678
-0.14199229510533
-0.129245593258058
0.0305187016445429
0.167018136419376
0.0495406460081462
0.0651559069491876
0.196310874016749
0.0817597504782208
0.0887279511970758
-0.0645141814191487
0.173848484246924
0.0833448470748061
0.0794575056258698
0.0401553279738474
0.215631835979775
-0.0445166883995157
0.120291379869226
0.070295593873081
0.0463726495580156
-0.0187216495110037
0.0766327567613814
0.101265587472533
-0.0128257858827268
0.104124722408502
0.0430244526254334
-0.0168846358004344
0.164225181281866
0.0989247299083374
0.0517301250092304
0.0746438533700816
0.194245752894294
-0.0361557782326656
0.0273127071683045
0.166173098723408
-0.0215234888845127
0.154182063884532
-0.000656613335946376
0.0979817492535962
0.0766959643851887
0.170151346470121
-0.00454980469585205
0.042526357073983
0.174635585732941
0.16088138625319
0.116278966306473
0.217034939768197
0.146288192654313
0.16310901800761
0.111399208535196
0.0799327540471729
0.164545585705655
0.00493553649040239
0.104791704977821
0.121256968647543
0.198601128657588
0.232771856969755
0.179155153703343
0.211472929492204
0.136609388393836
0.0549107414725073
0.189471178952512
0.0481765080503014
0.133100774380681
0.00334698551548751
0.254313545751815
0.0177801384805738
0.177797353530515
0.0851808343310541
0.365514480928482
0.014336909600668
0.125871599814279
0.236376008511018
0.261650030546859
0.167863240881021
0.141348086372956
0.225208263056396
0.253361465275926
0.201644091852322
0.186783731601563
0.0892760857341205
0.223344085558885
0.237633424198047
0.0927010718246327
0.215219579891484
0.0505675375184922
0.167263972681088
0.154816473238838
0.373086755305222
0.308342235017673
0.221812313554537
0.169732661712686
0.272777487498468
0.0438225367981024
0.132449268345735
0.180657882647937
0.159944759071036
0.059462645549017
0.199571896783483
0.225412144853796
0.0163574732079771
0.166632882726091
0.275821435528154
0.261658435176525
0.362427705342769
0.188597897576342
0.243511143727279
0.271751980356231
0.369898347558132
0.207211994372341
0.164947863801168
0.254806629936763
0.350617351448083
0.318140370836716
0.164793095971249
0.260906752550445
0.277275288653011
0.0879892519552977
0.342566378292159
0.355043724825049
0.298547604751419
0.279046189347556
0.177746302557995
0.227049672568512
0.217461107954194
0.197564309744407
0.338627989360746
0.282611749405443
0.289149208275457
0.239860621596856
0.378481499455805
0.132098322378708
0.278646743686521
0.378500295975487
0.331885683830279
0.296071097963304
0.441788503455163
0.291188910721847
0.269215502798393
0.365528972866201
0.360685210881729
0.370077954350916
0.237657166939455
0.361615320487936
0.352649679214505
0.25831393807422
0.377722412121539
0.301904469827474
0.329629723922419
0.263956633519992
0.28296787421587
0.329570026945079
0.30233053422577
0.385863528576821
0.367913213883198
0.30764759724958
0.283097184671927
0.383581662609755
0.414778646532025
0.359596738052308
0.200915400112983
0.36288068610759
0.366030305377678
0.25730353291584
0.343039731870582
0.321959841834143
0.291463679175117
0.399785651327885
0.39980685513296
0.422726519425935
0.393694982868593
0.293508956907649
0.264148971963458
0.34450357504611
0.335767202210675
0.31899562172987
0.349089618069514
0.393931979723341
0.323736463437204
0.515984086771849
0.5660453593157
0.429253581378635
0.46835793400941
0.369635711664815
0.4252435643159
0.551775923198275
0.462912621770975
0.472418186317919
0.412985363725647
0.35980773117047
0.447529779466582
0.180823863274836
0.247694702313355
0.397890842199489
0.291907178288603
0.444446799853292
0.520765515121486
0.537705502483366
0.265066344142765
0.542238933240916
0.422360588572056
0.374239975230808
0.419067668444253
0.372217319039421
0.403749564876537
0.30728697211407
0.64022461866912
0.363941281672134
0.629928233323642
0.550988897931511
0.370211475555472
0.405220220856786
0.295567688660526
0.430477353244002
0.483677130826671
0.578699014845844
0.427058410677331
0.531650645537396
0.417665320830027
0.438793834759894
0.481529429589486
0.401230764436506
0.45825315718917
0.315705890280413
0.402545607141533
0.427226067134295
0.440057987362491
0.39984591494949
0.433286853334241
0.587461799579348
0.392081224992277
0.544443204833
0.541800740813372
0.483868516056965
0.666925666556495
0.462203866486562
0.601495947372527
0.541042316731115
0.602343154318727
0.436240400752177
0.543801244223476
0.466009383648011
0.492368358431492
0.551268070599909
0.562790235456896
0.517576424605963
0.478729582651398
0.571207275506916
0.542431600887868
0.54693132061616
0.463973702154152
0.655379684100713
0.420936919815613
0.52216969612851
0.399044825630298
0.564323427578271
0.530949836322244
0.49764711603726
0.544908860476725
0.677468919126177
0.608855900376517
0.459426721079082
0.414414214656606
0.519377469816074
0.550744404004988
0.641652921603976
0.544804985259452
0.589145987071262
0.681513766942275
0.547432996456136
0.485433835043952
0.704539452127718
0.549685471106699
0.545130755653052
0.684234869226546
0.641020065173439
0.337391352914372
0.532345834679088
0.634600548909076
0.508191433579817
0.712787335245714
0.661373487290815
0.470020599300962
0.579191349209025
0.616103154985297
0.585631902003812
0.495691284148528
0.548035246045976
0.561177778307179
0.69349549731186
0.552012633508177
0.436672568106308
0.68250711103219
0.499103739438537
0.722538723913284
0.701889122683531
0.643934487103848
0.57515867863936
0.673261110544846
0.605081874755815
0.703443115896397
0.649411964868042
0.543025726652502
0.653970157587565
0.727059932480733
0.588712773373018
0.729955444938541
0.636197058184806
0.663910694453964
0.622964012709161
0.759787059874053
0.671238787879386
0.670037980656021
0.683640370743052
0.667119719362588
0.607816356865543
0.742305398753239
0.762284043998331
0.770110787914978
0.776332963585687
0.581299163757156
0.695405266058537
0.632738561868413
0.664814603270151
0.693882281520082
0.786644036579333
0.811090245560802
0.744323862925198
0.460203437801818
0.665628433504924
0.646025923777566
0.669897295148185
0.634643006569523
0.68993198601334
0.679389801286561
0.709423932539878
0.721609090179099
0.722527783104315
0.772605512322953
0.706885805769875
0.8288774340231
0.808398166652678
0.716986003298961
0.687870718973681
0.855164836406407
0.644288283935346
0.671378266657609
0.767973557839083
0.715614652410962
0.595648132297052
0.645933602868736
0.601383438626925
0.651029649579441
0.733426951963669
0.683904806456819
0.733845600490122
0.675184651239801
0.587952817093173
0.709586493938401
0.814509824719536
0.664002585904535
0.757012533933969
0.654377266513365
0.720253712762813
0.809035242707089
0.789159454298682
0.84082155910384
0.712353537962482
0.883685811946024
0.740920558460858
0.806120129031963
0.722452218398155
0.826691212594824
0.92368053471605
0.73285041820525
0.785300977010102
0.928101631819102
0.895986971651125
0.699182101222216
0.841768092120698
0.820827437067098
0.756383576342348
0.853440119294798
0.809481643314216
0.825686826648055
0.731620135710494
0.674583507068441
0.89670740997817
0.757538171926541
0.670789659086672
0.679932480283543
0.779205186110168
0.970153333321139
0.857811945040062
0.839778948060405
0.874669249013337
0.985805890748606
0.768532134531569
0.748573037606844
0.835572337674557
0.751873062852934
0.833593557278801
0.950323159966713
0.943809730026185
0.831236569921918
0.919994481341707
0.812065336237263
0.75344406715449
0.828822400411223
0.796293277522449
0.763436598915733
0.777695535280096
0.770922142185792
0.885156776706713
1.02050737484969
0.977031882321118
0.9422900490565
0.787306446465218
0.824569124654689
0.886500058701222
0.972408463769827
0.758008634778115
0.908106698718828
0.807302625701751
1.03818701159083
0.906968233604797
1.11849054544471
0.829616572013691
0.923692309118586
0.896647389954078
0.946247478635085
0.877788423733213
0.799922976654275
0.93765729442254
0.974480697507175
0.902501374620321
0.828321094996414
1.1745498290184
0.953810796953504
0.821506459254257
0.788000055634777
0.912750524154057
0.945582976021995
0.704265952948913
0.938643434320943
0.848809954631232
1.01982156822588
0.890721567817873
0.964444189688039
1.06984905091502
1.01447385333202
0.961519443883751
0.990390072016675
0.916072115700068
0.96921612913009
1.02482073989917
0.941523053593538
0.893499574871661
1.0052032687033
0.886285232778727
0.983610649386867
1.04814393467068
0.98547567395833
1.11416001697011
0.932181355061014
1.13712536480056
1.00254688195525
0.919911386147925
1.04676455614761
0.858616106797537
1.09375436558394
0.920353834667571
0.887066841066385
0.961224392717828
1.06137432737982
0.976127945728868
1.09489130276498
0.946109282184785
0.891638404169814
0.962163458402944
1.03944771207731
1.06393656402702
0.984172285480972
1.03425517803426
1.11480268061956
