0.0615428385162893
-0.986628834572721
-1.0583422839366
-1.13824633274427
-1.00188062593965
-0.85811402094226
-0.897002422365022
-0.991784514117287
-0.915079114671199
-0.942389620997412
-1.07461888557349
-1.04036587238046
-0.940284349209599
-0.954196103173312
-0.926039127033288
-0.898599957913543
-1.13681494236958
-1.08330050331493
-0.94142274504022
-0.936061628445169
-1.03014655994482
-0.920097357944996
-0.906642748241471
-0.980601970811304
-0.902649431349377
-0.88680812551801
-0.972481151233912
-0.964387971655234
-1.07902723462993
-0.824168937185583
-0.992560786929978
-1.00123744843956
-0.995758075390692
-0.920732418602944
-0.955781592632503
-0.930522379438296
-0.933054215148201
-1.01363549890654
-0.908905067383036
-0.83103008038818
-0.823868811253424
-0.881107815922931
-1.07795089977426
-0.948613766604135
-1.02539678741441
-1.00441261100356
-1.02268809479542
-0.79297210577329
-0.895802930851828
-0.866574127431877
-0.914179172328959
-0.997428815320546
-0.747912245701674
-0.898186618802754
-0.810448123537743
-0.853741685065085
-0.946131239225244
-1.00921694264396
-0.903599788855534
-0.839744610923998
-0.948483809751377
-0.813851510942263
-0.740092485554609
-0.859177871096446
-0.964271211191923
-0.716258454699904
-0.827305248975011
-0.865367420056895
-0.737879496315661
-0.733652595585105
-0.809586861995898
-0.783956587513488
-0.920062472466253
-0.855192653820392
-0.809535481081091
-0.688565377666628
-0.902363700042138
-0.878272005889202
-0.873686535093661
-0.990840630300261
-0.896060969555949
-0.84451700504121
-0.868407929988615
-0.721294312340038
-0.760897518897672
-0.824615210675397
-0.805811151525209
-0.682384831390489
-0.695240314287579
-0.897628822209028
-0.725806815033364
-0.81244694341966
-0.727547691646185
-0.977565337466324
-0.831536895120245
-0.822740869952279
-0.820514001942891
-0.699505828994278
-0.791299342839445
-0.701138468186874
-0.827938776934032
-0.747551839549646
-0.81919172159434
-0.793858912516999
-0.851640879227088
-0.741925511447594
-0.709107635182099
-0.715714530235624
-0.913511463837281
-0.817405461061192
-0.920202744879105
-0.721976783702488
-0.781798898015219
-0.712393946648183
-0.80902872389095
-0.803971908266244
-0.74615768527287
-0.828890358377357
-0.948147728308684
-0.661832484167976
-0.799338638729194
-0.847664830122294
-0.834724742223803
-0.709202392450252
-0.752070277638517
-0.681205258230009
-0.771557069077588
-0.712708276063903
-0.705232660527158
-0.956140616659705
-0.708232301014946
-0.851140347593313
-0.644590195005493
-0.706861430367411
-0.688434230940371
-0.73679302191381
-0.802699122111637
-0.770742719019576
-0.718319446705972
-0.663232045832012
-0.612470423143055
-0.836789758444022
-0.694560195729208
-0.784868636656018
-0.781202540088385
-0.752677679275537
-0.68015944095155
-0.749296256642883
-0.748390683127101
-0.81203997551848
-0.681261919121312
-0.775596636932531
-0.788105376365637
-0.638540452074796
-0.787973529365746
-0.63543972587762
-0.645093304791096
-0.669277867511216
-0.735777056533382
-0.645823656721872
-0.787308652684033
-0.610844179132977
-0.601180090444086
-0.702499485620796
-0.67261179083463
-0.816847969158937
-0.435843151813583
-0.571267339278505
-0.644581557846016
-0.634555805304532
-0.730711430052293
-0.671541171143423
-0.581465697613542
-0.692195104959372
-0.649952052731619
-0.58026740049673
-0.626898644093068
-0.519122770152167
-0.649116598055884
-0.71667518817191
-0.675607197595274
-0.524954194715134
-0.477654059965859
-0.641032630260871
-0.641176581012408
-0.647562601774818
-0.569061384944757
-0.518090916188502
-0.509744861651368
-0.653255992175686
-0.69612686954563
-0.637193698381153
-0.64893605670326
-0.600021982618296
-0.560663677084165
-0.603868181194696
-0.651247506676642
-0.753617313670904
-0.688701467408031
-0.570451396201078
-0.67830708755629
-0.668040617469459
-0.631440831492202
-0.438300417993277
-0.520041346094511
-0.649436640152376
-0.579873194869979
-0.644736396292388
-0.720183171333198
-0.511778766432051
-0.366155840124368
-0.557303142826489
-0.686221080615959
-0.52552372708743
-0.700153050973064
-0.728614297285498
-0.498173378377383
-0.674803762276011
-0.550923481253583
-0.638568203792272
-0.608062018396953
-0.652419657324899
-0.421506672783071
-0.533691768603205
-0.598811478886761
-0.527798642563097
-0.356889738939849
-0.449584249175154
-0.673506459270783
-0.602843239804372
-0.379453385658587
-0.555632194832643
-0.525481673162193
-0.651752809897093
-0.531602894918873
-0.392119249928527
-0.60289089866565
-0.50464983794883
-0.618074109607479
-0.643476173032181
-0.591030937772763
-0.521588562608463
-0.487314755964766
-0.473055234053513
-0.370597104337611
-0.565362642602806
-0.466984234032586
-0.502588569205806
-0.680239749967496
-0.424624265761646
-0.619356587571333
-0.625578876867856
-0.535183325044999
-0.410611395800373
-0.505144367191008
-0.470791022882353
-0.582620263686515
-0.566694379603685
-0.625110965680599
-0.438982153819922
-0.536625293684324
-0.559277185986364
-0.471026767889064
-0.505213741784662
-0.495862728630122
-0.404745398773254
-0.467197849341797
-0.378956908523705
-0.461690004054818
-0.45578788047073
-0.559301030066715
-0.467476791691881
-0.578872870095422
-0.413051918554593
-0.395104705269025
-0.502358085053107
-0.394109150231201
-0.513206356597631
-0.482563528696287
-0.474974361908503
-0.428324180703175
-0.382331826524769
-0.431041736527117
-0.49293851377452
-0.393789799664749
-0.334721359380514
-0.555526298730794
-0.520735381948607
-0.296088825484353
-0.482673158606079
-0.374872244339475
-0.462227250136724
-0.404001448086414
-0.411402793510711
-0.438392838730405
-0.415156150772395
-0.49447691017894
-0.308965339556335
-0.436533564912478
-0.44724743192013
-0.440175427805227
-0.312897081447602
-0.341988833296684
-0.291680362862756
-0.303282985471628
-0.425878560981917
-0.274000964770096
-0.461754688433892
-0.476502269163459
-0.436518156762567
-0.35384658022395
-0.345645825466334
-0.30929038690494
-0.41259419760277
-0.488359947021084
-0.379630203772957
-0.317972185516246
-0.347606614305646
-0.364251399609406
-0.430971290840793
-0.391872185532347
-0.285433301864349
-0.304637625869185
-0.421247509638007
-0.293462223340298
-0.226758011506362
-0.27270652026206
-0.320136485208561
-0.295603843852906
-0.408357040432731
-0.529109907205672
-0.345303050880602
-0.325672937056303
-0.222852946877764
-0.282243721606831
-0.36558869725934
-0.326366903250557
-0.27856765589397
-0.347545280201892
-0.204460078880678
-0.393480905302613
-0.314825691030118
-0.404142953221563
-0.333044298079929
-0.311610296707983
-0.400559803224013
-0.277976308958792
-0.246083633681436
-0.392540357583312
-0.420994301365479
-0.313484789903222
-0.512772392008058
-0.305158987613924
-0.287298763566473
-0.17322102083928
-0.252015184339493
-0.341653256656324
-0.425008407332636
-0.284190052418836
-0.286971959009518
-0.333298113388705
-0.182676592834655
-0.235930601003836
-0.368701756969274
-0.404870851717142
-0.290030883377484
-0.24609135360349
-0.298648082316906
-0.2963798911185
-0.223556402228247
-0.271039597299019
-0.282578915562378
-0.265799458743809
-0.253878185196141
-0.247657229616843
-0.362806552433893
-0.306935140794368
-0.438470465835178
-0.20180851311346
-0.345075563414456
0.0609292163219229
-0.193324331642771
-0.317306345272462
-0.204352229857109
-0.230718081580775
-0.220189166304411
-0.173028851934855
-0.0337022823575505
-0.233439357292201
-0.163198514704625
-0.255106881330755
-0.134999569919176
-0.274353659724284
-0.134100665428709
-0.400100078725733
-0.201072893941097
-0.262701150862431
-0.239728930464833
-0.134544042135641
-0.315926165749181
-0.202458488169567
-0.160008526899281
-0.121334070166
-0.183486781726292
-0.184460612447653
-0.148171561469861
-0.175643711550998
-0.198631126739756
-0.171830151025393
-0.204106288615916
-0.205555373405348
-0.0499091797307848
-0.320339662908166
-0.256969992687483
-0.15107455528861
-0.0873641169905813
-0.181479076325091
-0.0532016908646215
-0.227493824612064
-0.226147675362856
-0.036286266658575
-0.235164689128203
-0.201256437520862
-0.143262141968369
-0.134005120416798
-0.207831485041979
-0.0425572213221331
-0.117312187959594
-0.0976575900267828
-0.248196352990929
-0.0682157331263745
-0.0356355354279814
-0.200169283536318
-0.218584150466927
-0.0272742840313842
-0.180847904185469
-0.26693386793043
-0.267496624869539
-0.057075699250861
-0.149311089681681
-0.0792339297112348
-0.241578083002846
-0.133787008138044
-0.116034351314595
-0.130900331784003
-0.0107411510800661
-0.0765669547141499
-0.132287965004508
0.0535741347333673
-0.121919937312062
0.0691493407536516
-0.237333768817889
-0.101325640854058
-0.0508495821273048
-0.0229779265910454
-0.0842986247177597
0.0326874678736681
-0.189065467959032
-0.0554548153889113
-0.111513411194598
0.01519383857677
-0.158619500258807
-0.0577865244556716
0.0102093153017274
0.0335041386781895
0.128120500506055
-0.0724888240788693
-0.0917775126122516
-0.108056073159775
-0.0613698121652551
-0.0150776700183882
0.0144203720020992
0.0144343476465581
0.0360387513888466
-0.0707419798426105
-0.0575814302168126
0.025866700509725
-0.144016971407418
-0.137774584114925
-0.092769576993724
0.0807880677259209
-0.0454867774979742
0.0150120532745582
-0.00904196317480637
-0.157162512039108
-0.228422616912678
-0.034438944679332
-0.0196709389182401
0.154852927180574
-0.0311283826985325
-0.0210105457328231
0.0456346577698524
-0.119771843186711
-0.11640666458673
0.0767869879687667
0.168817329235843
0.0673679919126651
0.309668761534846
-0.0275397186626395
0.00979231506373377
0.0234870152393824
-0.150739425527892
0.187379028421041
-0.00247359659395456
-0.093569024884344
0.0545055309545303
-0.0157585558375175
0.143769479046126
-0.0806601682906368
-0.0842713890090951
0.0639365201749073
0.0164671079271316
-0.054135685992747
-0.0271932412394733
-0.0425640569884641
-0.162860029461549
0.0142046936448932
-0.10840472054185
-0.11703855764686
0.00368035770924161
0.143611298327632
0.0727419694787178
0.0669570550107644
0.19440859054955
0.0850748376633244
0.103246791819343
-0.058690105266987
0.179890073777441
0.072778715482424
0.101866443149196
0.0595722503236448
0.208212087503613
-0.0388493571894571
0.121202817336965
0.0829440897189278
0.030434921182522
-0.0302764982129212
0.0672906731405478
0.128490904969325
-0.0119954571120436
0.108014239034809
0.0186408209619877
-0.0150559763760177
0.152452106976003
0.115891767608148
0.0673961544123603
0.0937683241921709
0.174563008429027
-0.0168568710635648
0.0139721935051063
0.182639671672573
-0.0194637303625125
0.154331946291753
0.0124084432214867
0.072416656050913
0.0832249614085614
0.158477229858439
-0.0102480105384341
0.0542499934738503
0.158406318698764
0.162316945205714
0.10958718907447
0.195485054360167
0.147616757403166
0.18424803250062
0.116482771930786
0.0898280995790052
0.165757745845027
0.017778540706741
0.0998659930169328
0.135623923474517
0.189936047229647
0.219450028833089
0.182411552699164
0.193132523778673
0.131235129637855
0.0504402494610977
0.186109184092042
0.0366442288605349
0.157786252123741
-0.00785922334731121
0.2678259495538
0.0217558587365623
0.176119147819893
0.0806593922515258
0.349736988390027
0.0260743392887972
0.121618846440578
0.200091539314717
0.270478126293668
0.177449717722902
0.163925790163144
0.246565601676933
0.226495732072599
0.217211739426179
0.18957228538814
0.0686013896970792
0.226834012402537
0.234255352272799
0.110865686055857
0.238018286689603
0.0316580312970578
0.172296302245785
0.160487029041301
0.372552730295431
0.315848192413935
0.222833248801187
0.183670388681665
0.280699134401533
0.0216268222466913
0.101045377917001
0.178089249459175
0.164031111294119
0.0683007459933014
0.19680217662335
0.189764323419992
0.0288691732832321
0.179802135435733
0.262444375802745
0.282010276683134
0.360130388387839
0.18365793736584
0.238190587795938
0.256951663134261
0.364086281080371
0.194510668315861
0.156108637274971
0.235114517817774
0.36241471113923
0.318376716836952
0.136455947218265
0.275454347116782
0.300962610368886
0.0952103132531925
0.352341474487751
0.370401531391901
0.304053967192212
0.251752913138153
0.187770875121847
0.228630805007936
0.193859769778456
0.174590322804597
0.325341401279404
0.283982539565621
0.300140691326837
0.249645336214145
0.384645593859145
0.132518881551985
0.294101940400978
0.356619988755896
0.312794703713565
0.291691498027668
0.442204780925832
0.310195349108383
0.255178897478398
0.366930602337942
0.354106273485776
0.37677353101917
0.230127129552038
0.360751895911052
0.355922920913618
0.268690997662964
0.368281814507307
0.306626609268449
0.306876641952564
0.268356495171243
0.274306634687354
0.328420327789064
0.30958986188422
0.381131507303878
0.353702394708875
0.306045217616552
0.305423737143724
0.40920878243979
0.419019195481775
0.33375650361748
0.190502203525703
0.359902587011322
0.391924537947799
0.247440515418769
0.325643196830253
0.328578052496678
0.290511479431718
0.41847243537297
0.398337967996183
0.428590660616727
0.395450713136116
0.285389755512452
0.258351948845102
0.35667341181378
0.319252206128319
0.32057452036205
0.35807179046181
0.387584948800755
0.335359270298873
0.535342555821094
0.551698229460229
0.459992552162695
0.477460091336949
0.377128846507387
0.42004026842305
0.546932183502552
0.441773817645844
0.478868578507624
0.406704144475571
0.352967259184223
0.459966958255056
0.196475256196489
0.247372624679814
0.403304460871599
0.293571601570643
0.448662982003037
0.50540544709901
0.535806854917084
0.254708437125307
0.530121824523454
0.419330518316461
0.374217962229069
0.424306671886657
0.352465786492182
0.405252344565011
0.285877741966686
0.630731553030907
0.388308382930984
0.648407501650556
0.544897658218974
0.383929241359224
0.399973931696442
0.288403259757016
0.425616527204904
0.475360519092617
0.580799293903762
0.428805827554915
0.531638550132491
0.431404300921563
0.433760537485175
0.475263808519938
0.413457721372612
0.465012457713471
0.308066197833728
0.402648172527544
0.431183611076337
0.46791696620945
0.396606360856691
0.426552385523534
0.554353146182489
0.371841372316663
0.540618621054577
0.529162903960512
0.476977938284075
0.672721163120501
0.460491501860483
0.594429371580391
0.528754621696968
0.591385808292977
0.432350936249515
0.540498084877465
0.46107846381208
0.508719711350692
0.568295839121351
0.550377143097158
0.525151129283445
0.499496869066701
0.568242566264502
0.547985822211689
0.56295276051041
0.4794931719845
0.635075225916588
0.398087847683626
0.504022734052675
0.404942594597202
0.561231197445964
0.537977609688575
0.496727088165377
0.539534006469427
0.672981862234916
0.588011014172645
0.477558468765056
0.414053819075939
0.504906836095864
0.562922986022808
0.635820811097996
0.53389197078878
0.572273142664798
0.671529872239484
0.536138009297182
0.492428858112027
0.694619732518416
0.537851029005239
0.538628957510689
0.6719677793418
0.640485866485411
0.344782696675254
0.531324631854323
0.649250931382582
0.511495269631441
0.705821406613553
0.696480989802485
0.45002549926611
0.574601467282176
0.597010469975252
0.585390880143244
0.496050224203341
0.555380063612901
0.568482490781099
0.70261109722186
0.55727889669628
0.430575617551553
0.673915595165467
0.481501658750249
0.739137252077427
0.712132037620566
0.653126430920675
0.574651557795593
0.656536169458108
0.604268544716435
0.711041011332373
0.661836232184315
0.53310925387896
0.659698454104289
0.738318757602312
0.58978573710387
0.732827270406951
0.614770663210723
0.649301464039371
0.595132797203367
0.76032150346686
0.649121452739606
0.680205050618031
0.68125435280047
0.691863347560438
0.605954270702983
0.707200264898123
0.752237968177359
0.749007177461116
0.768946795392419
0.567482256128393
0.67494460670927
0.64507949296764
0.685038002240859
0.707631502430047
0.796374485733562
0.815266542702709
0.751459832801049
0.484090665916662
0.661364979536252
0.623485134548171
0.675517707041151
0.632782394135797
0.704082504414821
0.680046122500231
0.711494017271808
0.72785348839454
0.736167462654868
0.783941717282563
0.726223315312262
0.798541760802812
0.80176960762412
0.73428330518741
0.694361601392419
0.863682971749472
0.635032228968121
0.639133479819392
0.780245959825258
0.718478370944436
0.59644963931651
0.621792594434356
0.592888112737992
0.656619075465299
0.76111446250358
0.683350880259883
0.73495363861312
0.680050928113375
0.579128625517159
0.735914988650891
0.831889859187573
0.651183014702107
0.746158831321795
0.6667436648052
0.705051883536864
0.810061305421484
0.776531448513971
0.858144404680161
0.730643523712783
0.867965205937642
0.733862219887936
0.815199952869621
0.734872673132204
0.832512192744476
0.923857153445697
0.72986003919915
0.771422587392543
0.955096273510655
0.890536775403146
0.696876945929242
0.856340286636738
0.849936814237342
0.766948045081902
0.85592905702621
0.803476310378366
0.835654178872699
0.723137996590421
0.709023299376795
0.905341880452219
0.778331776935738
0.693244115094101
0.668075974500273
0.768283108579873
0.993435195718591
0.841593528565326
0.860107591558326
0.873252617200918
0.984808638125488
0.757966179261249
0.732923760461062
0.822505622227033
0.75141357565387
0.828812913256801
0.927890878856058
0.935945498101754
0.829070404895272
0.904029898866278
0.823758418667328
0.753592507761492
0.821684593003788
0.792951853359116
0.770108199028971
0.77824712701249
0.791724275275878
0.873598652541149
0.992877868597477
0.979676753548967
0.958506386637793
0.794201196240967
0.81963679122033
0.895968759886809
0.989404657923281
0.743622654344549
0.902698388418578
0.820622040398405
1.03800382771059
0.878896959094457
1.12325356687352
0.842792781835012
0.933845794756286
0.888049273486691
0.925128184912745
0.881310687980658
0.79617906369776
0.914860838175883
0.978666775995334
0.913357893387166
0.810663821302809
1.14439242846799
0.945094511197902
0.818785208010225
0.766416572255032
0.919645075442138
0.935771867311784
0.692564177154699
0.95458154235649
0.861602176462427
1.00042620909105
0.894397662392941
0.937868762304219
1.05468524566014
1.01576103457671
0.957979424347661
0.991960886435903
0.908245930825864
0.964412878766253
1.04910300891532
0.918584441910497
0.886299155208592
1.00286367706961
0.860756300184968
0.98905189082042
1.0243812546531
0.96726562991582
1.11371860933807
0.940829444567623
1.13412009205098
1.00609492095028
0.934906154348109
1.05611875478067
0.879570610746937
1.08606878121249
0.911463487890978
0.871214327249704
0.952831092669632
1.0809887751999
0.967233295292905
1.06050239203737
0.933266061892372
0.895723298006049
0.964936323303528
1.02049877625687
1.05991388396276
0.995635322238258
1.03238389440626
1.13628148530811
