0.0782608773425955
-1.03773865729215
-1.03519870385085
-0.925758204040085
-1.05498060963119
-0.798909613014082
-1.01284611283466
-1.05611877061613
-1.04972627257488
-0.835278543568235
-0.852134152105029
-0.986957469104184
-1.07751725822202
-0.827717775133286
-0.839347252369449
-0.921454862186904
-0.981718988720048
-0.850739304572187
-1.10141776154129
-1.08908516215225
-0.872012409962837
-0.879586679433286
-0.940257081883908
-0.952582496402109
-0.926737795547793
-1.03520546992437
-0.886628116768639
-1.1258222445686
-0.845594037943237
-1.0143564344992
-0.85675781357583
-0.860202519052972
-1.00205585015077
-0.971685664887894
-0.873302698373673
-0.819137658058259
-0.961267112244813
-0.85566568272476
-0.868048718594038
-0.869431042571396
-0.944865010745686
-0.847877671253738
-1.04657098552185
-0.836773676206359
-0.860936976097381
-0.87400167832364
-0.900672543392885
-0.873652882003825
-0.783248257655485
-0.844864172540419
-0.801897925837892
-0.858284783148579
-0.884092067242096
-0.91736720336948
-0.864187250208521
-0.98139989945672
-1.09213276821188
-0.761814012305731
-0.887017223142497
-0.881906533636304
-0.824107801643761
-0.942725732633803
-0.883345422915566
-0.871049681920625
-0.728502311829884
-0.806002618382993
-0.689810629464456
-0.889954948753261
-0.833385981117282
-0.767530496167347
-0.821660731614895
-0.90712133288482
-0.956264040381852
-0.726120412093292
-0.887612093031717
-0.796000482660323
-0.795654301074226
-0.827210701610789
-0.753724170027138
-0.920141266276544
-0.843894241620257
-0.866366169283152
-0.945300027364748
-0.923788073015672
-0.747595136916265
-1.06033281088807
-0.787049063083301
-0.860535802144355
-0.663535423474242
-0.880547549563883
-0.880096404450315
-0.819562392850282
-0.7159175772699
-0.90838906074958
-0.766009672537397
-0.703080637812866
-0.688459154402876
-0.971092880658767
-0.764856945584716
-0.732376478292577
-0.866206622132179
-0.78589232916666
-0.920502360579564
-0.836439739075881
-0.840927286098017
-0.808870274016909
-0.777786637008713
-0.926457347121154
-0.812499421433918
-0.722465232862621
-0.677257509750236
-0.754267829499405
-0.840192568374308
-0.71271037313256
-0.737532752639987
-0.712449723772853
-0.834039518405118
-0.821566220533186
-0.734922053852744
-0.716410896434157
-0.793537397546185
-0.748928150521126
-0.79119272615168
-0.797013294831443
-0.807147030806167
-0.77950935210513
-0.615635755035749
-0.737841484081622
-0.869570371866813
-0.702451839645337
-0.638973196854476
-0.752813372597072
-0.671393943599268
-0.552755194365447
-0.705526617385486
-0.61889850505824
-0.801952950077106
-0.805804457742016
-0.690731046974116
-0.629780879104659
-0.779202351804987
-0.774878780482384
-0.86329198132271
-0.723865671811927
-0.702488722177237
-0.630345409899335
-0.66969099690116
-0.611771208586743
-0.765694490348265
-0.714352155294209
-0.651087383879823
-0.717186517362909
-0.678206270977787
-0.657945744244673
-0.815220861376049
-0.679218857709508
-0.689433691787665
-0.66062308566881
-0.689885178007859
-0.663993672002153
-0.575344282370666
-0.491553801977884
-0.615438193928315
-0.779873974242259
-0.653780364727888
-0.720710382076341
-0.640945024359857
-0.783919177701888
-0.785498928106914
-0.533658851081265
-0.63315265116699
-0.610609752225244
-0.754508691907205
-0.687151939802368
-0.564518409225505
-0.740391453332135
-0.574329910533402
-0.50038824836463
-0.82685048005465
-0.591407889075229
-0.544905003050772
-0.61382271897075
-0.786839001722925
-0.696375976191453
-0.588287948526607
-0.575747490069046
-0.501788556448895
-0.684173765549589
-0.585458622395618
-0.679158761470033
-0.696761959348225
-0.638501386773656
-0.757530179259767
-0.609167857900979
-0.584148346744334
-0.739336261877355
-0.600222830301901
-0.562169761280036
-0.604981620784775
-0.443343258051655
-0.403309730112156
-0.616473049111043
-0.581030457489737
-0.71258948810831
-0.649140685551921
-0.641572082298362
-0.544686846722627
-0.667047377907778
-0.639648289533595
-0.652036786564164
-0.593590278848743
-0.515789129828852
-0.681806280799539
-0.608184047651182
-0.462430228901354
-0.491482109658767
-0.514841769226622
-0.511309272737225
-0.617768322481187
-0.662056411221006
-0.427671708134511
-0.611633170144456
-0.611485215121209
-0.473771342807387
-0.446065297565601
-0.51869783542413
-0.493753018169206
-0.694728175189949
-0.489223711214309
-0.479856161448845
-0.578763196214151
-0.494564573361799
-0.607496139841421
-0.454885750961604
-0.53538057402037
-0.44908020024249
-0.500235109967339
-0.308282241695467
-0.487041996866255
-0.53049645661592
-0.541617853997687
-0.582454586608252
-0.617084585144209
-0.606541046993672
-0.390899850543593
-0.639752195912903
-0.512884192284313
-0.517530011574907
-0.473295120218726
-0.488314552515889
-0.481979154944612
-0.479526749145404
-0.538591167350593
-0.503983178417005
-0.396497195280907
-0.531460505873169
-0.548495667895249
-0.587647040138242
-0.451229685755065
-0.545141127074054
-0.405575057382068
-0.541521303449613
-0.584322569142736
-0.367109239280411
-0.483310643798761
-0.522644871781851
-0.451027293903267
-0.538796651005116
-0.446983823218914
-0.438893400422371
-0.540680429675041
-0.387854678462224
-0.461804534416501
-0.406936822454126
-0.49419119340831
-0.485839590373979
-0.523382679576129
-0.517097153291194
-0.46935473306005
-0.381596529704689
-0.424873856023171
-0.574014381211301
-0.470092328017037
-0.419696553001026
-0.346038194944143
-0.449719417001139
-0.493463907619668
-0.353730693620821
-0.45261580790398
-0.561494537096203
-0.416066444908198
-0.412948011645697
-0.431954768439366
-0.26791391009546
-0.383112368974328
-0.489940459719907
-0.331372870256153
-0.409656746587065
-0.351640316082684
-0.402624445234562
-0.399641282490174
-0.605327202326056
-0.38800304976662
-0.345519222814149
-0.327860979827691
-0.482990331875995
-0.272281596446917
-0.46508179709604
-0.480422650618943
-0.410009476687988
-0.473003799672966
-0.207937444699331
-0.370038029418188
-0.412926804197101
-0.262017552885804
-0.305528644626007
-0.532967954389111
-0.333757740518978
-0.256079624600152
-0.384913070547624
-0.0979537418387762
-0.324913219427064
-0.296617464291095
-0.286276987360213
-0.341296803377
-0.447857419744326
-0.413905499691214
-0.410354666030835
-0.354484778370901
-0.421589328131426
-0.307278129711823
-0.373368389438004
-0.293080358077447
-0.301297378755512
-0.358902959124872
-0.359009393817001
-0.474065204681596
-0.375274196449343
-0.312769878255705
-0.198841325514044
-0.268751275928879
-0.403069625391933
-0.293971859803677
-0.367523434877629
-0.349970722877278
-0.359934780732715
-0.322075033031099
-0.233003052901101
-0.232036237533355
-0.213124394778075
-0.367548061771385
-0.368065315909903
-0.322589752447347
-0.269222147823817
-0.179927737755727
-0.296590785334297
-0.229412322953876
-0.384897520804403
-0.161158961390775
-0.208853296548984
-0.356939783427636
-0.260320547633776
-0.145833888071
-0.246384007886199
-0.298826790917727
-0.241478783114739
-0.296651473942382
-0.172296896522582
-0.183823287842654
-0.123264731628572
-0.291617993196537
-0.403531409583976
-0.20653819883807
-0.152885454463311
-0.197861555603741
-0.367535371656701
-0.260111033692841
-0.0904694215244253
-0.355793910317967
-0.0319962505726042
-0.227061853274651
-0.23585755574273
-0.239265073102317
-0.264399366586658
-0.330849493787827
-0.240597585257462
-0.303255277726042
-0.296665793449783
-0.16727964289254
-0.0902609326485977
-0.274740840320186
-0.276550560366498
-0.210032213783733
-0.265562437481313
-0.063499381664356
-0.234766274407199
-0.137346818346607
-0.466692861813473
-0.109864484071418
-0.133190923935764
-0.179665709892553
-0.278572274480885
-0.197495735639348
-0.166817987990781
-0.288712985573437
-0.123641685787134
-0.130255034648427
-0.203667682179162
-0.284886154770176
-0.218348473147777
-0.0951042733841618
-0.208782138788381
-0.189875091003948
-0.156705932074429
-0.166167762500844
-0.228137930668242
-0.103217806164189
0.0157827068635199
-0.279933119645013
-0.148670717993681
-0.121788176307792
-0.0859089174019167
-0.242599382321263
-0.213679355953271
-0.103834630877527
-0.267648623440206
-0.0912282689153914
-0.0749765052170202
-0.197439377794566
-0.226978712607503
-0.0705348046410902
-0.174302033269344
-0.200401165198484
-0.129101462708651
-0.157093158406865
-0.191486393927034
-0.0548758432448488
-0.0652008208335176
-0.146035103134224
0.0130088657003935
-0.055460023981342
-0.198879481623842
-0.212723825809492
-0.0988740721022206
-0.171122248608864
-0.120817722439137
-0.128881486957649
-0.0978748629142928
-0.136198969387513
-0.0286399270396379
-0.157481017584107
-0.312664709220862
-0.195343055137917
-0.130732019422853
0.0523689366211281
-0.0532457672965718
0.0142064404457239
-0.239638699257379
-0.166669690006712
-0.20350490086722
-0.114671694488124
-0.0295531807828258
-0.064835154909261
-0.27934946815627
-0.121141815136389
0.117036483674699
-0.00724854941335987
0.0519341557921233
-0.0914689356206748
-0.0409627043382491
0.0915544273654732
-0.0318647044039015
-0.157113011174271
0.00674842895102714
-0.0478375155495725
-0.139994018445659
-0.0820545874854616
-0.106974556834402
-0.0348251295664758
-0.141360821287029
-0.09414533285686
-0.122623241755502
-0.0166612067225497
-0.00806763109812537
-0.0821624463992934
0.0784941969758462
0.019070928950822
-0.209102119113414
0.106015418785611
-0.0507469400915551
-0.0874122025018483
-0.0712494396302545
-0.0897202076937703
0.0394649153601097
0.0167613156066527
0.0522274835753328
-0.08305242285135
0.00140166189393926
-0.132144815104825
0.00801958592179603
-0.0936494217721486
-0.0477188937092825
-0.0529843957500537
0.0514709195143211
0.110579977031991
-0.0958853952919035
0.0180598253610311
-0.0601190325022294
0.0568326998952952
0.0422776063213888
-0.0134931651417991
0.0913293733270194
-0.0441995201986349
-0.10250669278339
0.0645282740869919
0.153590524490768
0.0953253925247618
0.0306613229333416
-0.0331487404659383
0.14859234518248
0.0176258927458357
-0.0221864659646808
0.00815032320392276
0.0146773687038848
0.0880191862465458
0.0716487491709998
0.0129949140537644
-0.0352802265093112
0.152351395818975
0.032986178153149
0.119640667560158
-0.132731829144776
-0.0607831309268604
0.0802903940190308
-0.00380927103062154
0.0372808279882063
0.0965792937887566
-0.00734047663623156
0.132616982557849
0.148125768935669
0.184402951373716
0.271407873370442
0.109401326127323
0.0350454290345811
0.107113817248976
0.0253159769062159
-0.032880887160023
0.0537440018979
0.0526733148715278
0.103585366167916
0.0870832314689967
0.136868863779496
0.0636995110955072
0.0603678466473169
0.210012876425078
0.0495726070071666
0.0382637784374947
0.0926246517167356
0.115335750147502
0.129195674877397
0.180467540863864
0.328128293572406
0.21391057536468
0.135247463900457
0.166865912728019
0.130925652839153
0.160755790288997
0.313655100211545
0.128115877636631
0.0246785152964201
0.255594381881604
0.00903260212599624
0.154352805291209
0.0954313782989012
0.17110590479816
0.174776347411834
0.0703978737815078
0.233239223138686
0.0691338708267629
0.1133642224753
0.216376640460482
0.014901490437823
0.105620575213855
0.15037257767009
-0.0868206601483134
0.0315005527251201
0.0708232789731951
0.235967307408025
0.199471316743861
0.150893500652383
0.120182729676612
0.154994830302629
0.306239853462955
0.109936385617904
0.0947468345299703
0.200135978238601
0.123032367986548
0.131479182212351
0.0803317122577953
0.13456780062164
0.222899896883261
0.182947950898999
0.0860268581861545
0.159664784595058
0.140784758803393
0.0218746852423651
0.310509695796885
0.284168768610413
0.171394363211709
0.0187007681606972
0.273257875351043
0.245411193033241
0.279455178516941
0.211957343283687
0.311794693069705
0.198971981673978
0.201755128133329
0.144797120186592
0.240566909413577
0.375972944474801
0.231396677783845
0.201714758016876
0.327147603849312
0.191813556515783
0.18376416502578
0.199234223226619
0.0243641630574511
0.1599520270959
0.232410116815215
0.299327979362169
0.252059292407246
0.347939795920734
0.23526596833712
0.394640166748854
0.306742140416351
0.337062864379249
0.299548781477263
0.194526976522336
0.286086768484658
0.291251570895856
0.206098107169262
0.387802772986241
0.244784686249416
0.220043974629523
0.307688280429871
0.123482705382552
0.280810978516097
0.397917528325936
0.263413570414556
0.214728759247329
0.319912591850732
0.315020425444895
0.347803826302406
0.355445851602352
0.13165470519489
0.434546628153645
0.329450523491703
0.44569161006769
0.308433730919142
0.274540749603191
0.294674439564504
0.281116858655393
0.297167133468902
0.485305674076595
0.27871006927577
0.426228023534551
0.455845822412193
0.176520629716729
0.262078649432818
0.195419537326982
0.219424765927737
0.345356323038649
0.238099464106687
0.250967059236421
0.341957414216476
0.318947312414942
0.407763776851945
0.355710769054998
0.433648589599157
0.535703952596174
0.304689247072959
0.356723496170326
0.378519571412458
0.530851409743058
0.299328994599879
0.461264596273371
0.257375603708975
0.11633807761201
0.426090788582824
0.445388101863651
0.317909713923917
0.240918345336788
0.468496192972822
0.294197148953012
0.419828644949357
0.261433961665931
0.325042254539585
0.392274051708403
0.503257270010817
0.413488851626138
0.33434153600869
0.344786984076722
0.338834363457603
0.346832507076269
0.431865873876521
0.454566336947235
0.49011905963182
0.28844710292953
0.457652212924146
0.397800017242264
0.297789758421034
0.519104006918592
0.542479707827552
0.411824622411131
0.388138518468005
0.460420508567896
0.460433462075267
0.365625140996886
0.425014576864378
0.362168705548309
0.513127097620262
0.541390552886237
0.561123033789326
0.505677856558526
0.381795638023721
0.472570321900465
0.593235905130462
0.560951333146709
0.431779667860223
0.345059018041955
0.427982456340352
0.541232222468643
0.479189353052402
0.527475469085428
0.506627769083452
0.493845500758873
0.330529115367866
0.470591752605376
0.336825314553472
0.546763287233299
0.447128412281978
0.460760117704753
0.483055063735235
0.479654171378331
0.489122900251665
0.503801184909164
0.465399418207777
0.4292540350707
0.532171728475179
0.408317591331877
0.536260441228583
0.470760406132529
0.46671838878834
0.424650118648465
0.375637151008262
0.614232967506164
0.612461031153794
0.456757458935226
0.448738271824463
0.47880226442557
0.524130083284496
0.486524255362055
0.54297178633846
0.519216216165898
0.436010519055253
0.565450085728245
0.599834211294569
0.473809743730666
0.647983768665716
0.379252421537477
0.464365959415552
0.634953057201847
0.569577161819761
0.435428141616646
0.512872759171934
0.572204871709894
0.499165181707464
0.526936681373102
0.330400062912216
0.552535652672666
0.514633272295104
0.57074401242438
0.527017656778974
0.69411479857236
0.669726720371888
0.604025408989032
0.504354883979724
0.504304255816206
0.634669796223416
0.386451345713511
0.440052922587788
0.564192107235138
0.590282058552356
0.578562939055554
0.589370132473808
0.588568911898939
0.424496107707821
0.583441427114803
0.522564155274048
0.636727586083535
0.576250386488194
0.656947603751771
0.624841286820983
0.691857601176349
0.670137063827954
0.63571530362079
0.682091915103881
0.669843447589033
0.531805192449807
0.785191590357387
0.622513465231662
0.706069487436145
0.698018863807307
0.644039770327499
0.636624248607492
0.747675301894417
0.845976253012067
0.480859164687395
0.629763609420902
0.69443245766295
0.568908031398255
0.606148780473664
0.803474200672713
0.580540249481792
0.629454609338133
0.705413420266184
0.706142854263159
0.752699517623246
0.628259606051899
0.627673359895416
0.559443735939773
0.672636050155539
0.708373158575844
0.64829946347146
0.669027660251089
0.727461054742351
0.553565685617571
0.639894949966662
0.827196831069502
0.643146641467518
0.58011845686713
0.669660282644159
0.756709256412564
0.569516069136918
0.78947515461244
0.726365973896655
0.711079427384266
0.72162026139318
0.759804038259024
0.779431645926866
0.766190018383295
0.65154796566929
0.689414295951588
0.728337241506052
0.653631252942678
0.667624313869461
0.758995991843053
0.591672628571713
0.79136276636675
0.807749192780264
0.782934490345163
0.774939253477502
0.82400952012888
0.809310648082804
0.810317602290819
0.770432200793508
0.809765225795043
0.694794883835601
0.706193884917756
0.725970021392978
0.687506016527823
0.694741989951496
0.803832537398297
0.826540661991547
0.738027720264891
0.799500717132263
0.605108959915709
0.76047350980509
0.773575629883283
0.817599075524718
0.735776643886829
0.793225751821693
0.746267540998208
0.754881176356399
0.843291608743728
0.76376392167145
0.777174623665702
0.662300102254118
0.765549395078627
0.585655883116726
0.785654740707709
0.769134645568096
0.77809457598368
0.754405486306091
0.787065418227165
0.806582282484506
0.795359161546462
0.523367833449897
0.918973687372739
0.734859635651987
0.710856979871563
0.868651252357267
0.737863336202255
0.605956591262269
0.583622737877658
0.80682217735035
0.82944316555343
0.857478857047483
0.686490496741277
0.724513833687064
0.78719314603213
0.832589879704322
0.752297912776886
0.701008928226593
0.853474074708932
0.905082248692394
0.759719024518527
0.942300281884415
0.816156638912802
0.742291652366896
0.915232117471883
0.917763105431583
0.760683786994108
0.964667069056957
0.78066914795658
0.64177474920717
0.934457129934308
0.963363945422048
0.874595459467142
0.846311482736174
0.890248621594469
0.810866242451617
0.917927754977608
0.839402731821323
0.772630482210799
0.901030526308565
0.892490832900454
0.860207166685908
0.904173218520327
0.886008277848742
0.925331732204944
0.889903994066158
1.01740709597404
0.803148454432027
0.99741192822671
0.885941012930801
0.875961513066668
0.818845946618011
0.895097083885597
1.0400815101248
0.918368099678211
0.899783228298278
0.890183313226316
0.961845620229534
0.963944661862225
0.832312002436176
0.965033959981039
0.805870546556999
0.944431059498109
0.961995563342051
0.977202736362866
0.774532169809102
0.948295729000743
0.93845449479083
0.887663460281901
1.03128377188078
0.992439248410731
0.683736378521706
1.00859953327034
0.858914405493082
0.8027164867946
1.07982618103082
0.921615087204685
1.03484881784632
0.936141247367575
0.797719959253638
0.767546628733075
0.960014259711769
1.00425824863495
1.02143694659089
0.975296925642681
0.847862274923244
0.945416332105403
0.948648788992147
1.04246808661092
0.967942891979938
1.16111807334558
0.964094480739003
0.978255085178618
1.05946055301176
0.915987981010071
1.11078545228958
1.09055325488717
0.880806383716791
1.02593862545922
0.935613181850314
1.01195204189914
1.04986637494637
0.956801474560749
1.00302366765868
1.09840006078446
