0.15026558699582
-1.10198789434845
-0.921012370413306
-0.945395114601697
-0.969290213617132
-1.06468552572804
-0.943001992297303
-0.950405856237279
-1.01020571311348
-1.02096412286786
-0.898967116977995
-0.956309399103645
-1.01144033164581
-0.905730645660481
-1.0236256278602
-0.970490485359635
-1.0190711413577
-0.969155956133821
-1.08277470941349
-0.945183073409762
-0.948506607585209
-1.0449523320381
-0.867008788191317
-0.898683752744448
-0.842259514015716
-1.04645599128592
-1.01229833027729
-0.950767176097823
-0.857435945297813
-0.952771749080395
-1.03844885294948
-0.950498235802904
-1.06936330392223
-0.876769306490476
-0.973145239112087
-0.854321498389437
-0.867300122727683
-0.966311288109656
-0.815118036199049
-0.803914705930567
-0.981408498334663
-1.0205704345806
-0.682590834364593
-0.919913994022211
-0.930234455235584
-0.824054320625808
-0.878190974077244
-0.926519657622718
-1.1081137169649
-0.991563815981253
-0.82352194734389
-0.835214684493645
-0.863197860760439
-0.781001765417792
-0.794742273339403
-0.982890883191959
-0.984527307378128
-0.770618665996307
-0.993785390151992
-0.887658299457648
-0.906524002016565
-1.02344145545056
-0.898987004201042
-0.83949849306459
-0.989780333513248
-0.921667103839871
-0.929268013636516
-0.77707997105566
-0.920431173616908
-0.974673565157654
-0.908987978111714
-0.963534283464755
-0.721790088485934
-0.990562628772202
-0.875440392749644
-0.844883602524295
-0.787130588482011
-0.745958405600804
-0.845967486624399
-0.771012914721572
-0.80345502898257
-0.909166949800664
-0.804639258723736
-0.933539691950054
-0.716396903251699
-0.934496164477377
-0.827565928012725
-0.981017495194241
-0.843751334595688
-0.840200964382133
-0.748549574082581
-0.815276906172379
-0.83921303319452
-0.7817550184651
-0.763312229575429
-0.890590244714504
-0.6751221632068
-0.857344524042512
-0.842445967236965
-0.874161041121867
-0.78074100760299
-0.90466103840973
-0.838011479149204
-0.736271225251836
-0.795655692368244
-0.77475573143929
-0.808331963296102
-0.876853629908377
-0.859726861309338
-0.956395458664684
-0.748462132807951
-0.799215819374811
-0.757772394308815
-0.81323388786591
-0.794689459094494
-0.746129588222888
-0.691656924320883
-0.864981804960156
-0.766791104205882
-0.692723272459332
-0.772344995142867
-0.785418698267404
-0.784708368310733
-0.79975018458836
-0.797488900301183
-0.744592366858603
-0.660153252660457
-0.76836345844646
-0.741656950414621
-0.822576179367218
-0.784130174852538
-0.816633509195945
-0.79221937131928
-0.856241426338164
-0.69456439221092
-0.53811823901362
-0.747280078951216
-0.631067945124874
-0.737813870612023
-0.668330282357317
-0.712325263610946
-0.585315390857052
-0.840384754753145
-0.677078673900431
-0.794484594204991
-0.805937416011037
-0.707706612198751
-0.680991862651028
-0.65163979851147
-0.749709823234036
-0.661818658516942
-0.649138040687848
-0.674194211833212
-0.643790741568791
-0.744796834738374
-0.706200960712471
-0.640498235361115
-0.568557043322227
-0.667034107592954
-0.666926635760274
-0.699352887199877
-0.683104630763635
-0.536449711896315
-0.715374779872176
-0.696431473077528
-0.794189508746267
-0.659953970876118
-0.680701550005873
-0.47465547871045
-0.68752574807741
-0.716731711281885
-0.701270129746486
-0.611307507080575
-0.734362904070851
-0.644345472364898
-0.716739910391394
-0.642417153096919
-0.679048948246997
-0.62817861793794
-0.817336666851516
-0.672591404514129
-0.694071598929591
-0.668932286166592
-0.706149663106571
-0.719485995353738
-0.643502122553153
-0.580875288827008
-0.713940249559003
-0.624917086897874
-0.749171794166336
-0.627992074753581
-0.707850438798405
-0.770733747904463
-0.658755471910421
-0.568259369905694
-0.362533589121055
-0.628478807068376
-0.567914375310907
-0.720340480712128
-0.611544108946631
-0.535730393175862
-0.588483622066879
-0.565357034169184
-0.583460505781039
-0.607503577891952
-0.545988085113895
-0.672030459666301
-0.462271882377428
-0.668127457511317
-0.53236015171862
-0.503259118640729
-0.64303956910541
-0.617935259953534
-0.546431664295031
-0.64678477193063
-0.623362457570368
-0.6381270633184
-0.43986827892026
-0.490701113545837
-0.488823487027546
-0.536331346032409
-0.643446821473192
-0.589431373694199
-0.563457424309821
-0.549204997164845
-0.526790335365478
-0.54386055810011
-0.592696704640271
-0.405358781210938
-0.541283879965449
-0.515147387648727
-0.423063019355444
-0.491781463985505
-0.531797466877629
-0.465748309963119
-0.51625582886246
-0.679412160317452
-0.405345899368773
-0.43500836338408
-0.657587606474001
-0.514166566460603
-0.531781776065549
-0.458585850611459
-0.454211536694943
-0.570531346056596
-0.545392238752562
-0.571245490810299
-0.532822084817857
-0.395023296068075
-0.57690675604096
-0.487415073063928
-0.6214328282405
-0.479322608744029
-0.397493410209849
-0.429307072300442
-0.57408865271438
-0.523735320663987
-0.322601075593856
-0.459363976976969
-0.490026528260097
-0.534848946183976
-0.470367702146636
-0.494954410228101
-0.349447049228372
-0.596180192782316
-0.471822932900962
-0.539226296481937
-0.399036927312699
-0.463975274573551
-0.499945981776851
-0.645408538382774
-0.374901707584733
-0.653841973443631
-0.503071026400155
-0.379881513567106
-0.477868580680906
-0.522563857438886
-0.445698933712563
-0.423778587421382
-0.500987970503167
-0.417957304225564
-0.461816322322553
-0.498271152467877
-0.545041275096319
-0.48801303279308
-0.397037966494559
-0.567860012004461
-0.448553432550446
-0.375636607270913
-0.44750904097694
-0.424913078090043
-0.426120577145766
-0.369891464635439
-0.600896003360121
-0.47902710088017
-0.36501533076243
-0.376325958730611
-0.444211513073864
-0.397572658758984
-0.337409732020461
-0.50242550666275
-0.560208740968149
-0.372288291456252
-0.382875137619308
-0.569462573375407
-0.403139287825737
-0.378061919525694
-0.291518495751835
-0.372026287940374
-0.335165430263679
-0.243465069022403
-0.456118981438125
-0.318020176183809
-0.576150125390792
-0.45046677236538
-0.321055953812969
-0.387336049861177
-0.330818879226682
-0.388379164256901
-0.370916036982195
-0.413716144410994
-0.289950705128276
-0.441912409272607
-0.335526749361258
-0.379008358103011
-0.384701493176514
-0.344530164819547
-0.303892959619081
-0.362901376822721
-0.326141514363657
-0.453541036466494
-0.2494762819803
-0.381663583799225
-0.319250598683129
-0.224068326164566
-0.275808283990788
-0.293288092284008
-0.486136298289024
-0.238529832813977
-0.147065508717938
-0.335563337443998
-0.396274527211034
-0.21908258688311
-0.255821235057269
-0.338617186638255
-0.379996923831177
-0.341136333770201
-0.541018318869873
-0.312607130771959
-0.309855426196052
-0.306143202433793
-0.249414086400336
-0.388166486278198
-0.176932560429713
-0.201988205595246
-0.2982812844206
-0.252377644222838
-0.246195067134736
-0.334957246860965
-0.309041345026483
-0.433786853699141
-0.212182175284314
-0.172289086159843
-0.406438621906705
-0.338591903026862
-0.365614656668473
-0.308592433260175
-0.251663265047063
-0.263928773180838
-0.362838279725338
-0.189404517958909
-0.210516017356844
-0.0414489922194227
-0.189177141128047
-0.343560509649511
-0.181276884114585
-0.256342105309345
-0.288241560053261
-0.247690481165749
-0.235391187501807
-0.439254003804006
-0.259706029776561
-0.247482735734959
-0.223897835743569
-0.23296867208763
-0.307683647492536
-0.0124044281762447
-0.106411276507958
-0.199190832628929
-0.36400999844125
-0.385101869156537
-0.238709627618121
-0.245209437147107
-0.31819098509451
-0.268329071147424
-0.391523632423219
-0.157087621142757
-0.265652957011643
0.0101115473581521
-0.181464702303946
-0.290224162846061
-0.147230260962771
-0.128278922339404
-0.213435396692652
-0.138176328341856
-0.157222683389676
-0.220884869835687
-0.222091422372155
-0.300430854149289
-0.0635396380166227
-0.106494406397642
-0.268517051025479
-0.166090260703277
-0.205254815117822
-0.173802942999528
-0.202641248796667
-0.206457509216037
-0.150549796963462
-0.369563001515828
-0.0986725250574178
-0.114054009056876
-0.173295857013879
-0.227104361853119
-0.0661540252817083
-0.336051303926382
-0.281215493097131
-0.158942960788723
-0.247019051969802
-0.222017777110693
-0.176632679440122
-0.119644175557273
-0.214031273348734
-0.153638269306427
-0.13241445923396
-0.069185539046158
-0.185286332760811
-0.0129765725328292
-0.138441931067252
0.0378381576762735
-0.0112519095232481
-0.0486615571085563
-0.0885510873256702
-0.17580769504898
-0.167937516422895
-0.0772841958250351
-0.0805037160352619
-0.165667151333626
-0.133780554054897
-0.0545868517583994
-0.138190385155102
-0.0906359785470847
-0.254403092416806
-0.0591395712476168
-0.185108967924887
-0.0419127520376041
-0.0615556573588106
0.0770060587372717
-0.0801263322434776
-0.0201061170044466
-0.0779025400576543
-0.144329980546289
-0.130893802898171
0.0528221223752035
-0.0200163884674922
-0.165513052889787
-0.0178126082189751
-0.0438303879229714
-0.0745527850632101
-0.0647300351693062
-0.0432502068662992
-0.00188417584913917
-0.126248045885902
-0.0182892862374742
0.096550420644274
0.017689394132941
-0.206308873592997
-0.0394442864027777
-0.0529901948996832
-0.094626432533305
0.141500259118146
-0.179106153407137
-0.0966162817300199
-0.0232966725178587
-0.0885931342958309
-0.0766374548349085
-0.0686468795646991
-0.142880130964469
0.0425016173564946
-0.10491593380918
-0.00681874719786646
0.00976984593181505
-0.226837067191261
-0.0462145113483852
-0.113221149124799
0.00356685346364294
-0.0758078708017151
-0.0648867960078158
-0.0169104852104356
-0.0789679574478898
-0.184371271796661
-0.0523591589373786
0.0665114028233988
0.0647690765818314
0.0316509532265838
0.0899344110836277
0.0256013550529816
0.0268328534416567
-0.0247279843163778
-0.0410075739437924
0.0773915192606068
0.0549220903604162
0.00495773418184276
0.0946221701933066
0.108068793037915
0.00199419776363977
0.0292099612625681
-0.130225526869907
0.109566651063223
-0.0750989869757567
0.0788198165102396
0.0186937248440439
0.0751000276272253
0.211662816871732
0.107910278128524
0.105429149397863
0.0551192855038023
-0.0144052826629253
0.113809756339248
-0.0212501573901406
-0.0140035242996977
-0.0293470757395929
0.0606457517788247
0.0980191032583719
0.137970354519826
0.113384712718538
0.0549283481570933
0.0529606240818243
0.0291264729902651
-0.0219818822144456
0.0826389558768561
-0.0715485264387284
0.136592997609167
0.184557004437433
0.0868516626430073
0.206918287521933
0.0866825042574942
0.039683112252937
0.0913056511269992
0.0932025855140104
0.131291816334995
0.109535813009733
0.0624227705200362
0.0443383356771004
0.131357018936274
0.01669845745908
0.117751405886704
0.309362890647818
0.141460374880316
0.231790281885109
0.0909799414347982
0.0798521206411131
0.134083248876477
0.240671659264903
0.110680854864581
0.140115217140137
0.319773348083786
0.0412919711607331
0.250402822010256
0.316857740923703
0.0868468089888052
0.120352397718139
0.243859206046779
0.0930601630915339
0.252813761799667
0.0804894258587018
0.344433533545453
0.00472645791225185
0.120508393974827
0.0852848702244557
0.177157474351512
0.0368375202255684
0.0339912914451035
0.139948535378164
0.145469543280622
0.275562968150086
0.196859140541965
0.149583463467683
0.260707318929868
0.165678156190047
0.341947305569222
0.193974144059088
0.304456857569476
0.0226388420632677
0.24684097777349
0.31782860922719
0.166558711822869
-0.0135832029739478
0.0811013392251016
0.179531627135263
0.213154119553978
0.19185372552553
0.210092656283664
0.0398002390625782
0.148859388227214
0.0495405467376818
0.203394794396496
0.152573025667041
0.297060648541649
0.109109438108423
0.197112180776636
0.337814160194238
0.216505988270194
0.141967289702242
0.311808363015606
0.19256182288125
0.129936856958223
0.172524921725654
0.16783008739578
0.285578510834758
0.215634423429904
0.17986338789374
0.147374263794244
0.458291994349411
0.406295104829924
0.191414540761701
0.193847716252885
0.210336371677071
0.128713625321195
0.197252354707298
0.269365763014392
0.255816406856735
0.287817086414559
0.173064932297825
0.401037972520071
0.285881282929468
0.257250648210797
0.312347514881995
0.217552762665574
0.306352163566876
0.342884882239176
0.245033878307535
0.340540021451986
0.341780980695996
0.26568021145177
0.275740163471282
0.347508899291078
0.255566181011823
0.424836548161882
0.237845667865613
0.341392566004073
0.17457933205432
0.33149300994458
0.463261015446561
0.339125759288173
0.254977791208003
0.373973427150384
0.329687334213856
0.377083234457473
0.402810762528104
0.171920795583679
0.518721610010174
0.293822081873201
0.261019357033498
0.269674162329901
0.463300047941312
0.298229561329029
0.520753699239464
0.196069878561475
0.243831009757052
0.319526105417888
0.452719703209193
0.221409685591075
0.313176743355843
0.239617262857814
0.145902668347405
0.425772805081971
0.329553591988881
0.354257294055509
0.273432533527191
0.293926113836454
0.241212203204106
0.289942892277193
0.361728141524217
0.229423284151903
0.202867798002464
0.332689532720375
0.567787261019861
0.358417474701279
0.438371685013115
0.387324968870458
0.414980673038501
0.320220711503629
0.430663764235683
0.351289153752759
0.595495472752591
0.431697841964362
0.381890300803111
0.464196002236453
0.372428486876782
0.472092174482034
0.428252869620397
0.494836384418128
0.309966437086204
0.412564653996412
0.217910756979879
0.425391296100966
0.25016704561676
0.364355818615433
0.307731565188307
0.434621002844357
0.538961040892914
0.402403778315222
0.472706704684865
0.368232855379481
0.312379680707506
0.455116632006215
0.472377735820591
0.373585104043901
0.28886868174619
0.383365278224424
0.49818027139781
0.451931736782743
0.535134311984365
0.455492781903669
0.42865756325518
0.609924135930633
0.450340120410211
0.226062027102277
0.397073968939835
0.539365405732403
0.521146736949235
0.482078370708474
0.470278786366464
0.533847914916659
0.422671932976377
0.484420190371757
0.382641756943799
0.521750186910755
0.485131782149152
0.454027526150351
0.551831919271068
0.419918377178562
0.465549124747298
0.480529819235597
0.403894496357178
0.572770327540645
0.367671301714453
0.385645336882568
0.453051055726741
0.502770211363202
0.438468610506079
0.492567577636094
0.480210193126023
0.451861011106111
0.539840856812666
0.557903531937075
0.598496584695799
0.500825765866921
0.443602479772756
0.492230145718974
0.389712410043801
0.445875318970557
0.501756703614005
0.701806709651286
0.45461315300431
0.402507859802337
0.501409302203005
0.473711107575778
0.669093581966925
0.386029498877961
0.504965599493024
0.506773747565205
0.444536918953234
0.535971286702725
0.64900659907825
0.56398441714236
0.392963380013174
0.52051260302911
0.572840148140869
0.47693461687602
0.645701379762125
0.650709453102767
0.654944021494625
0.632705120302482
0.577935553111359
0.566161485924835
0.477067829074071
0.572417168549381
0.64932717273899
0.614978810672483
0.52389688812147
0.668816525471951
0.655658515771269
0.574233674728677
0.588084342678217
0.736985215915419
0.490368056849553
0.657009713603004
0.593387173607563
0.798171900716711
0.526723526118387
0.441643304101333
0.538510108311417
0.658419467950059
0.604819016957711
0.662264846153327
0.605495894916035
0.677794092635989
0.735102997240004
0.696992267443306
0.627203405850433
0.605533293309207
0.643157050466121
0.731334319952336
0.642306448174817
0.606374413297405
0.623157511712699
0.469589808722415
0.609326448889184
0.535493597911664
0.662681025408096
0.442351526271565
0.739026472619796
0.542242677265136
0.597973994671394
0.514198133422613
0.568745469652993
0.672741238219222
0.749350852757621
0.733002770119613
0.562811884520978
0.693942530302561
0.657958085351702
0.647639291197912
0.785855824516795
0.664452792842476
0.601713209941571
0.599542708130516
0.732021628294569
0.709819457853332
0.819181843200554
0.546780485527839
0.68169854364835
0.806547068054378
0.7515437464284
0.690642095833072
0.638842869984442
0.835915890075555
0.613650191940799
0.788877885449256
0.793788975568237
0.667926217730884
0.758481323549802
0.791531565520166
0.742365823831639
0.751741883141296
0.807880903464846
0.596142512884326
0.822817873529742
0.777281483885866
0.721389544839084
0.723665429470792
0.791710102051206
0.749707230590839
0.770967379678361
0.839655490917525
0.682756054331938
0.640142179409956
0.602873996898393
0.763135621925374
0.764840533741036
0.633083272893969
0.769628070214726
0.722777468210441
0.659038049082562
0.96846142847115
0.797651244204686
0.719512453295479
0.947725124706368
0.706229986076815
0.789040511353382
0.541967117657455
0.701385194367437
0.717200521876741
0.728586193765038
0.763069203895349
0.788006342730604
0.81434954500634
0.860186583212699
0.747652783136368
0.817052865638773
0.796771345647524
0.67455818883823
0.735343054406827
0.720090332093502
0.709835723276697
0.785750659117077
0.757353422577081
0.764995051875114
0.888349613443282
0.76306670189381
0.691895613286734
0.79138882996038
0.762067858479779
0.765553458109356
0.796404304490346
0.856510851941936
0.817922928051563
0.934227068402779
0.840989048869226
0.729642112576175
0.986556207768117
0.735493607409354
0.885255179565999
0.811515726030136
0.90458424303313
0.778034311216777
0.701316829426499
0.864165106733649
0.878899517253629
0.833026996318092
0.673606766846074
0.882203018729871
0.870654116957086
0.894922231404419
0.945464022221208
0.85857112028543
0.894593337417984
0.693752365925634
0.955905793524968
0.911704685053729
0.859292597502557
0.823230020587734
0.812292637717609
1.03414893939014
0.893448694986422
0.920684225875178
0.851458182923161
0.894895786008686
0.872640870870064
0.930167495609849
0.956088176159406
1.00185323023056
0.884215374874245
0.919917170363694
0.93608066395905
0.998356011958237
0.769414278440371
1.06524070294706
0.849437905897717
0.848948016191213
0.780072717975966
0.817876936107353
0.92094960932524
1.04865889662987
0.92550226159918
0.855251269134552
1.00540558792543
0.941366694130358
0.937920670330561
0.902872419169822
0.929134546449941
0.983305492149276
0.876941303853045
0.814102391025517
0.907936635889871
0.954383803251282
0.826725131289881
1.00011838545397
1.05329742054704
0.843758047280048
0.839327578952618
0.932445180981373
0.85505016447863
1.11654989044275
0.890152426667933
0.969270551531749
1.12981458841377
1.10305475767283
0.858565197976036
0.928910648347496
1.08810493894741
0.844045373658409
0.927067864531696
0.86085372640383
0.829518769482889
1.04004506023363
1.02302493621674
0.954671573524844
1.0142199198215
0.895343032643054
0.851497561060648
1.00851623871707
1.08318042257773
1.19218360646884
1.13392329974285
1.12170602020763
1.00358794666098
1.04504789736311
1.09065496456968
1.03165619380496
