0.0659995682799471
-1.04148378088555
-1.01851242430215
-0.920136666070111
-1.06416351275132
-0.820189429927774
-0.98533794067526
-1.05251185322103
-1.05259053188937
-0.827649078505767
-0.86109655418245
-0.978947850115664
-1.0550830422961
-0.840218425228125
-0.859657679926957
-0.923516475653511
-0.962164950375216
-0.863068265324725
-1.07677468974912
-1.08522816206559
-0.874874342989658
-0.883474761105365
-0.926802653283742
-0.94157253754678
-0.939837190255545
-1.05201837421148
-0.858514554332977
-1.13911822362529
-0.841404939333757
-1.03829056565038
-0.862310313957916
-0.863100577422757
-0.990172427793716
-0.953772133554321
-0.870140467830736
-0.831485393748479
-0.966533817351463
-0.872371581242329
-0.86021030839174
-0.872325551954003
-0.915427180201731
-0.846958787718231
-1.07173177232606
-0.840508360817421
-0.879731238449631
-0.882200730455811
-0.891831377694591
-0.881628002248522
-0.780251182510745
-0.846779604691209
-0.80164872221488
-0.797358103373411
-0.866521259848898
-0.923393063056713
-0.872582450330857
-0.963185118773829
-1.07895059373236
-0.753745703189688
-0.900266453856337
-0.856705200913657
-0.822663174964432
-0.95834913276807
-0.900881575941115
-0.865116851076479
-0.740635233847608
-0.806585348888354
-0.704174011558135
-0.910577291673854
-0.815344753812261
-0.792655274821185
-0.813889574392468
-0.896040412535213
-0.942133932910774
-0.719156826699586
-0.874399028643921
-0.791432498137156
-0.831089128842988
-0.819342262868718
-0.730785280447749
-0.939049397943003
-0.857293103733234
-0.888439309297054
-0.935248446760378
-0.908929396771693
-0.727779478849965
-1.06397641216066
-0.792143955327327
-0.876065128455191
-0.664883687234727
-0.854613266722046
-0.921240391884354
-0.823527277793474
-0.729095632142539
-0.906543375155625
-0.754174462926159
-0.68763910651411
-0.703006360359473
-0.971991709684674
-0.753590515833213
-0.737946953565054
-0.862110215534844
-0.777572718465457
-0.884465712847464
-0.85457358419945
-0.817076962125324
-0.799168043382051
-0.795853581149798
-0.9595496622512
-0.817617751026061
-0.747899976393958
-0.657670424118333
-0.753727741954735
-0.818626412538255
-0.724943376837832
-0.726082370446144
-0.716639380774615
-0.851330022785576
-0.838461908920538
-0.729899540257828
-0.697187033615392
-0.781430201705911
-0.746373339102374
-0.81130643745974
-0.795413711361689
-0.816512760580233
-0.770685203006416
-0.605780701095133
-0.725945697303661
-0.860278182284741
-0.708469216561974
-0.623698175245373
-0.7614893619153
-0.689371081606414
-0.558252245797992
-0.747874956457168
-0.658370376767582
-0.793452278130325
-0.795805250406072
-0.692442952098838
-0.646156326605384
-0.803381050879075
-0.787117130280307
-0.884188398889558
-0.729048522723764
-0.671684955708582
-0.616303516024882
-0.693609033541219
-0.614944334534631
-0.796628080547481
-0.717369955067824
-0.661874374264914
-0.725261420692932
-0.692817492192231
-0.667793719688318
-0.806170273340702
-0.658665310142277
-0.682037320447238
-0.64320176367086
-0.684463913395486
-0.657288811643895
-0.567479123929342
-0.495778033231204
-0.609501042039646
-0.778075752392243
-0.664996875367848
-0.738594244612629
-0.671742661971285
-0.776362641474435
-0.774940717896622
-0.517281909386578
-0.626789060273667
-0.624579266816175
-0.751543094130162
-0.665587761111115
-0.543509444849708
-0.752871222928117
-0.557610110461084
-0.499900901441711
-0.820788446699044
-0.583977117740624
-0.530404903440949
-0.614670735675035
-0.788663171187464
-0.714928956686195
-0.583595095901533
-0.584165489831375
-0.477488504173616
-0.680790556944943
-0.605468019648978
-0.690236697971033
-0.692663611957899
-0.667672290027468
-0.763041669702607
-0.623246109316793
-0.587646220018208
-0.756602359105951
-0.606667761197511
-0.552659148222694
-0.613255864858346
-0.440997373869283
-0.388769094688622
-0.62251729105865
-0.589587225560651
-0.688894133583198
-0.63117539164475
-0.627644668511377
-0.53069514331739
-0.661598778204936
-0.654901914708471
-0.647644919059048
-0.604026669259904
-0.498831090179347
-0.673007081731572
-0.624289250184774
-0.47754892274991
-0.521656002621042
-0.51578191074641
-0.513442288200557
-0.595248495852515
-0.692349695387342
-0.430184178263346
-0.622570740091589
-0.616579235129309
-0.485736056202561
-0.431074935981866
-0.511962909959379
-0.496075309388286
-0.66952480284041
-0.469516915406107
-0.481966680483671
-0.551779725308158
-0.48951157645041
-0.609527571613004
-0.46391647916731
-0.505395594609204
-0.444608802540241
-0.497718375053363
-0.308444356481857
-0.471885689208243
-0.520967086212936
-0.551851743590738
-0.611054189099531
-0.620783454990776
-0.604832032564633
-0.399034500454264
-0.64903227928741
-0.504956802414303
-0.527945077603904
-0.502364599741855
-0.485453960594483
-0.492179059856275
-0.457646485987425
-0.508554050859463
-0.487547536370197
-0.420550877676656
-0.547935111366267
-0.529624175039929
-0.57800207861982
-0.456188198847143
-0.542652864965735
-0.400270636005546
-0.555662322190217
-0.618633551677137
-0.35303377894593
-0.477464192599666
-0.542618937614728
-0.442646403007743
-0.530344408866353
-0.462338907255835
-0.466039089107493
-0.570344518133863
-0.39965716059134
-0.465077872074759
-0.417023771450474
-0.474225484907001
-0.449707522401
-0.510733117007995
-0.510078000830327
-0.475462591044381
-0.376027862165664
-0.426935442514313
-0.57447356274619
-0.444974995530648
-0.432053505101685
-0.34797843048553
-0.450997227048767
-0.517542132799909
-0.365925903369742
-0.455108820865047
-0.566509562439347
-0.412390332066245
-0.392003700489174
-0.442480937089546
-0.297427197504895
-0.389918845163583
-0.494485908396077
-0.335456478212137
-0.403232708393355
-0.365128248027031
-0.424028011005675
-0.394612112503796
-0.594842695775244
-0.407058512142209
-0.332989715131128
-0.352623042147654
-0.462756837703798
-0.266216685611604
-0.447083429760975
-0.471374403760083
-0.429415489655388
-0.468431901114712
-0.180937251538396
-0.371881202547153
-0.413947416485375
-0.270816667210818
-0.303092980135181
-0.546233788186935
-0.339968242881888
-0.255948030932835
-0.394292303502146
-0.0976920043399891
-0.306781020806353
-0.280026096735595
-0.305543211828353
-0.354798727553924
-0.424067574089655
-0.426679417177979
-0.405963718756004
-0.333633826981891
-0.422732825420638
-0.289840910926861
-0.395880447225036
-0.289195379251319
-0.308488256903376
-0.353478446800992
-0.387292324176786
-0.470180624457025
-0.376314029047284
-0.338201165652935
-0.208698496163101
-0.262568735480707
-0.395697972239241
-0.308257053595242
-0.340342207933576
-0.332934195658514
-0.372467081944387
-0.326444959074883
-0.233466679580883
-0.218791273799699
-0.219505257509437
-0.359988576695667
-0.382129625128477
-0.324432842439514
-0.291478055386578
-0.188148257032527
-0.318266003936402
-0.249220308630657
-0.368470310017915
-0.170027277138314
-0.209377453575144
-0.319583424711219
-0.252534972880188
-0.162072086536103
-0.249073978203738
-0.308208431166849
-0.240095305168895
-0.259461808331913
-0.16927945314718
-0.178934737133601
-0.113919023440097
-0.295779362150275
-0.419507518145462
-0.213841785722154
-0.14703595444525
-0.199407206393265
-0.378501458060024
-0.280313825463295
-0.0729677200872792
-0.339968736836915
-0.0306302325443659
-0.225916321636046
-0.252628241725353
-0.240861787992238
-0.268182411596351
-0.339137045608015
-0.235909347896584
-0.299924066533243
-0.316151830212118
-0.175901192649367
-0.107645510621397
-0.282065293698875
-0.27973718914228
-0.214870274134236
-0.26687513856721
-0.0633003471464186
-0.216040065834045
-0.155944941230875
-0.423642691900077
-0.108284671853075
-0.124014484801053
-0.190739299118085
-0.2753094536669
-0.180109663612741
-0.190316817355748
-0.269043678295625
-0.132737930874903
-0.12649082624686
-0.204523761290167
-0.288011171917102
-0.221669129591617
-0.099215284011285
-0.244740846550845
-0.170784400222135
-0.143596439676647
-0.17611918727651
-0.244711368495764
-0.0864175829672913
0.0441852013323513
-0.286283737021839
-0.164812536896918
-0.115369905963786
-0.0784515455152992
-0.233603913857132
-0.194281170048402
-0.105555905436274
-0.252094286499272
-0.0969978073666519
-0.110354167873771
-0.200885444901625
-0.240058497698835
-0.0468743933270258
-0.170235013134249
-0.197252789722889
-0.136566972866285
-0.165290637127969
-0.204845438109836
-0.043056458071589
-0.0351481621802687
-0.165896528374868
-0.00312526792299939
-0.0485275440359529
-0.186601080831571
-0.214930901756548
-0.0883117267643203
-0.188025458469963
-0.123287498034445
-0.137989234392188
-0.10226563480358
-0.155197087320281
-0.0222738536644067
-0.148447293662064
-0.313462478773259
-0.220898467768263
-0.109669147065194
0.049659065678682
-0.0636482377012764
-0.00899335280489865
-0.216799510235676
-0.161200938176702
-0.202236308354537
-0.117522389443459
-0.00949392918571798
-0.0707065045210954
-0.261306912161277
-0.0992885642581688
0.0914622429291593
-0.00138161845768207
0.0583075704046335
-0.0916093677807315
-0.0621019966366869
0.104506684428722
-0.0454437857076616
-0.157853305899859
0.000167931724548895
-0.0567622548921044
-0.124450691759995
-0.080840579134029
-0.132381957696595
-0.0521177911195732
-0.160438382377839
-0.0651528920137587
-0.0989325975713738
-0.00374506280574044
-0.00743812441095443
-0.0738560448106406
0.0716908919110084
-0.00422536360687416
-0.225332788755137
0.130756951590915
-0.0562423717465825
-0.0794285260825965
-0.0620349310474964
-0.0698529198220691
0.0273011898272778
0.0338200322771059
0.063939505135468
-0.0719930297414968
0.00515313330769031
-0.0936295794487146
0.0411464232858304
-0.0763348570039221
-0.0473918713452775
-0.0356780139194225
0.0382001044325737
0.114271061949368
-0.0994932214210428
0.00475914262391349
-0.030738306185032
0.0764241387746401
0.0451504014337283
-0.0347862391480737
0.0821148685716542
-0.0607370648596073
-0.128585338026157
0.0549235564552872
0.16698644158395
0.0953776343624909
0.0357621046095859
-0.0460399160146907
0.131209266838771
0.0114207068934701
-0.00610383120345248
-0.000581144992063459
-0.00594696312769061
0.0949301871293715
0.0722815956371717
-0.00618060476352726
-0.0635773733899473
0.168525841864333
0.0518414151479824
0.130575649673607
-0.123557492279293
-0.0463551929908948
0.0906443572249612
0.00950126844119186
0.0194532581950902
0.0906919092063324
-0.00294366228243119
0.121632413574501
0.137323288179739
0.196692837667778
0.264181674517926
0.0979251840671171
0.0516677952126544
0.105015514043866
0.0290271193625252
-0.0410172720640471
0.0720264683925255
0.0858290709015675
0.104968516221918
0.0942089717409702
0.137943368455552
0.0742227248655467
0.06109829229089
0.214380372468073
0.0476694405930622
0.0462612379459757
0.0982292944443746
0.0913206459740736
0.126455581517327
0.196357724561406
0.333699291415976
0.227696981811913
0.133880421906377
0.186677128358611
0.105769351222473
0.174812121554478
0.321490286727732
0.136801228800158
0.0205023461173294
0.241859478274654
0.0247392416745554
0.163813055376511
0.0948660629872867
0.148932187627833
0.171867851629443
0.0676633528019876
0.220927549780422
0.0552100691768795
0.0963521833660153
0.214024473586511
0.0201007265812605
0.156822115351045
0.155926188714114
-0.0804707587811461
0.0259638681611785
0.110266716499099
0.248880408162543
0.220089762166929
0.187751164212238
0.115797057071545
0.15868044149274
0.304303994560537
0.129269882736712
0.110655216506859
0.196403910173102
0.125791677575281
0.117896820748856
0.116444617828026
0.137121218217729
0.221116530268062
0.166359374918623
0.0739410480945863
0.17185568104489
0.13758764177378
0.0355043830834951
0.337172785789154
0.274987939492859
0.174912697510842
0.0333859392558159
0.274314865380617
0.251149993925483
0.293622109342874
0.234752214495792
0.294370845565498
0.192994294205878
0.199969256666977
0.168591303310424
0.209658878153425
0.391231681493236
0.248063341941322
0.18986289936768
0.318568374391566
0.196652078294543
0.184235692226901
0.210735871140328
0.0291846187205897
0.173086901675611
0.232937871165792
0.296565567832578
0.26737663478561
0.342182906944761
0.230594672687036
0.41532719019026
0.34108036444432
0.362381186233242
0.339726647647717
0.185964620141945
0.283049472108641
0.302015431023032
0.220632715754575
0.366326122264707
0.249415276276777
0.217842081213512
0.335296950735746
0.125637998279376
0.237496177418744
0.402287284006518
0.274885423131584
0.212481158709205
0.311015767665698
0.309666502072682
0.385366972008464
0.362090176602729
0.122183430277545
0.442746492770659
0.291963039587699
0.438974412237023
0.294605714176274
0.275125038806765
0.293940676715463
0.288361038982138
0.270683976350409
0.467905485502117
0.26810863440196
0.414767340567214
0.452297169871246
0.190247544951024
0.292030899507091
0.202860006297253
0.246855210742962
0.354176224214572
0.243445844682763
0.251849715458064
0.335629519661407
0.343153350827549
0.363384859351669
0.346515796159189
0.448326130926237
0.510799785294591
0.330759058651843
0.355435858866274
0.387512468503215
0.4954936835543
0.314831157247085
0.435921692679608
0.238015997818194
0.131913589393428
0.442957997285132
0.438591946979138
0.298433099140884
0.232014563783306
0.45646427500733
0.301517603746763
0.437523960549762
0.254750781537511
0.322684370209405
0.378298876292945
0.494259927263638
0.418789570484661
0.375382073260445
0.33663888487037
0.318747050422208
0.312463614441074
0.431403972412485
0.45136896140388
0.487718017715938
0.281815163637949
0.470647782459133
0.385351059027789
0.278649600452196
0.518069682319731
0.543036297948643
0.413958344536055
0.382913953145093
0.445516407208675
0.448724840057932
0.364576915101103
0.433080642565792
0.388724315391431
0.527128645625225
0.543535780251858
0.56280358400742
0.521392209376101
0.386043753249727
0.473805918970962
0.569839865022489
0.561577183762199
0.440544733889591
0.351197978596122
0.417210445768922
0.542388147958683
0.478603606266329
0.518593077312121
0.510879478185931
0.481833519168462
0.324047331304318
0.475811848208871
0.344245273624085
0.545073623861226
0.450647730839405
0.454115507835668
0.485143649842629
0.454499418751572
0.485522480970036
0.483090376715802
0.462653207515015
0.418864601051737
0.541707248134417
0.431270624678288
0.524988634631208
0.47498464150374
0.474407937066271
0.410250255194465
0.374321881350328
0.550455430498226
0.598442503892151
0.457014823662035
0.445363940268512
0.476809901138869
0.526581387351389
0.485812081694506
0.539415320589378
0.526743392676137
0.45343493109267
0.592030948085375
0.599690898985392
0.479701373033027
0.635281849081905
0.369341360177911
0.482093770905321
0.624971658779042
0.597275865431209
0.450883933441148
0.495862757532803
0.575871005370316
0.473026078194882
0.551158507381768
0.320612537475557
0.540611479243194
0.5320926976974
0.548478841238902
0.523027190154166
0.673203751158744
0.672755650980739
0.585456354171738
0.489548272440663
0.484369696708312
0.640033798715326
0.389018161673503
0.44605166378468
0.578008029654814
0.586791147447686
0.566557148285473
0.603516785335227
0.602345978855408
0.405402331006168
0.579108557311598
0.541953089829899
0.624003297846247
0.569458590341704
0.663556992602633
0.640876845345292
0.676430567317732
0.659040910070238
0.62235042468324
0.705489276075388
0.683100949486301
0.522004044934279
0.795350988406056
0.594684744494043
0.694643094948228
0.714070319048889
0.620439718203744
0.644124239333839
0.732796428981717
0.858550385111221
0.4779847691962
0.625991493769565
0.709477868901192
0.554034656269425
0.606031040727485
0.790344828551453
0.576350253604929
0.603665475943516
0.706678394790979
0.71873689588198
0.740877541255156
0.640420751854079
0.641553498716486
0.575116481849393
0.694815720879809
0.715340468795115
0.643571104302637
0.689366790527392
0.734477389216608
0.535292576987556
0.629795926532455
0.848324969832304
0.63200919930461
0.569981178717626
0.654589188485137
0.758094920463506
0.542877187625185
0.79052390167967
0.70611499737475
0.727023218205297
0.723052589587384
0.750200547199987
0.789313418585915
0.760501215313309
0.661542283625785
0.707402601740553
0.735706820198723
0.676938072906031
0.692981889744478
0.745082468075723
0.590166215597543
0.79876613957015
0.813662996739088
0.790061619542603
0.76131400070361
0.832545477902498
0.799772130426399
0.797051840723711
0.773325431242397
0.782369139408499
0.703162225334408
0.693310777793962
0.7346577695254
0.696950686330405
0.730020792795031
0.808384404223041
0.83887596058844
0.730534075895465
0.813026302730959
0.593282286145782
0.752390284532977
0.782380211085521
0.830392627926085
0.729493700734279
0.792784844801041
0.753811305451031
0.744220355777298
0.839055408700764
0.779371986917588
0.745168874419352
0.683374277496858
0.779504981313622
0.577284882814996
0.796140170133148
0.777886101493846
0.750985856397092
0.76658966781942
0.789886984494391
0.813567990573652
0.800005915562979
0.496190204413823
0.906218719773966
0.727708492929393
0.707910438464796
0.893139763220977
0.746799131415782
0.603439715985633
0.592596601389977
0.830948503369116
0.836400371877385
0.847283678392505
0.666897906915245
0.700869586359015
0.783763260445913
0.823329853767506
0.756982991890461
0.697625359328034
0.872669420443615
0.889331994082994
0.735874716825045
0.915406613901165
0.825206942505286
0.741388328633344
0.919529073403271
0.928116775588656
0.757292583879722
0.961304759866751
0.805645937936237
0.65016484052988
0.896766964077107
0.966711678992837
0.879692652396049
0.835176155844467
0.876999929435165
0.808634018253213
0.934618812227258
0.851332834165995
0.770577453888697
0.89867890425353
0.88999303147085
0.868984493650446
0.907043170440505
0.899262396800822
0.925127584703685
0.887147032695403
1.00193942359024
0.813861498588722
0.985050244118274
0.890165539640993
0.866805255979941
0.860975913034047
0.892838429045514
1.05461117289907
0.938248464055488
0.902432926729599
0.875566880367034
0.949294693905953
0.971281480491147
0.834270606816896
0.943819204157684
0.786799455337259
0.914908204277982
0.963032080504331
0.979137806914425
0.789099513051161
0.952811198956597
0.922296659518171
0.88946637035787
1.00264944765357
0.987655195972475
0.684124377449555
1.00682637943197
0.843921024922082
0.80462509092481
1.09912415845046
0.90615427925279
1.02133371735785
0.933891908870607
0.784845874510644
0.770638850426341
0.974559318422933
0.989946510684818
1.02844217678891
0.964634889534539
0.855123536963829
0.953265227387594
0.939266525690608
1.03550239519715
0.959707876454781
1.1411703102776
0.9691671100272
0.970526203992661
1.08946755474631
0.916294158185741
1.09986614597014
1.07021385030103
0.871198558723894
1.01060683989893
0.951347839763822
0.993466085414717
1.05325795150554
0.968263920352235
1.00221718091481
1.07088482124712
