0.129703734718336
-0.984477767516798
-0.94374275621514
-0.931266940313855
-0.971320802188552
-1.02516714049409
-1.05951305266541
-1.02295148259658
-0.869126747554752
-0.880971110054089
-1.06129733634904
-1.05051505727772
-0.952685836272684
-0.992085769204159
-1.00027172638373
-0.997009721335759
-0.934516328822172
-0.997952839595525
-0.814824428391711
-1.01412197526899
-0.820722892810336
-0.752892594877709
-0.829207698855948
-1.05232021772573
-0.996273185992191
-1.00782469139101
-0.892935449434444
-0.904198459932491
-1.04805895979768
-0.8401703623479
-1.07024609704553
-0.951666101505625
-1.00327793803698
-0.976155497794056
-1.15833201537373
-0.856846895558927
-0.942614204816374
-0.944897225236371
-1.12269819153914
-1.01122762386563
-0.963525879709003
-0.849438502142519
-0.825891577000744
-0.729578053909164
-0.824916131738017
-0.834379359792671
-0.851785064770762
-0.967317794076082
-0.903011694979253
-0.94340170006145
-0.8987694414086
-0.898065346796121
-0.897265228419296
-0.754655065609944
-1.03795084422833
-0.704164367340689
-0.92488003098128
-1.00248541306158
-0.833282605772408
-0.835867482711026
-0.906301367243352
-0.821001996751892
-0.830028663763704
-0.854735965764741
-0.78943543577214
-0.93918245865587
-0.793820921182218
-0.708143537076699
-0.910729261624625
-0.752206592958563
-0.851398161599091
-0.904818752646317
-0.73008448378214
-0.786312265220848
-0.690033664854928
-0.969459120662721
-0.805347211377614
-0.769323107798229
-0.864126005813673
-0.863933523636844
-0.741625217322578
-0.82485366274105
-0.899227603144038
-0.78922469796679
-0.659239528237932
-0.806454580876863
-0.87444756731165
-0.767224529183445
-0.893086123497381
-0.811615532462102
-0.787049943534261
-0.795779371614333
-0.844957923396307
-0.908249372406674
-0.790958609253833
-0.752216104767366
-0.682685070252116
-0.835359706830939
-0.662655464545063
-0.815635487451448
-0.833609946297962
-0.826172937671353
-0.829881556524496
-0.877917487742186
-0.887709743952133
-0.785020787177278
-0.937216437093547
-0.715534102614031
-0.731383002271333
-0.740879244605261
-0.807423438436634
-0.733074976079752
-0.688310129714784
-0.67596177714823
-0.815281079351388
-0.732420082619107
-0.795010650582433
-0.841608304143532
-0.720584464310427
-0.788662337682316
-0.701508298003924
-0.820170501736071
-0.822662785906003
-0.613738005658792
-0.736496026521603
-0.745056556739129
-0.696089334327138
-0.76772971746424
-0.725855442341491
-0.73588901217508
-0.589653021436953
-0.774950335277631
-0.851218383095165
-0.746191521745807
-0.717914098838674
-0.728716112203942
-0.762224868982434
-0.634599872244885
-0.848812149299851
-0.640205924445287
-0.523317770709931
-0.670307670559427
-0.702510986148908
-0.738484831833213
-0.796649447609946
-0.658412978422472
-0.824456266635507
-0.560073972978247
-0.632044871143472
-0.675153883230973
-0.673517632361926
-0.624318899600447
-0.641753509367679
-0.764346175705399
-0.650526110951095
-0.731591534476172
-0.727523000173254
-0.677906511225022
-0.571116535209076
-0.524209806656367
-0.629186170019128
-0.57480579406031
-0.690731164392465
-0.643471720912242
-0.530598180928828
-0.626751355895409
-0.673091970382471
-0.55708569711517
-0.756716490710959
-0.565417039915859
-0.569304548554326
-0.645911966009923
-0.704959096986542
-0.597727324023287
-0.658075553424127
-0.669621277057336
-0.619118048890284
-0.731660055269337
-0.6571568308008
-0.488773650337928
-0.733388850484554
-0.499239315496503
-0.648709470418728
-0.712656878980961
-0.786654229796719
-0.550334209019477
-0.649274795796421
-0.698690827932816
-0.681899260160775
-0.56508747935274
-0.758575220071956
-0.744109155549005
-0.595340180732808
-0.557833611070297
-0.591996279648205
-0.546059121177587
-0.548048082228517
-0.699169909698326
-0.580517118442084
-0.649651628835267
-0.598255513670991
-0.602976763004942
-0.582037666853613
-0.528789631421999
-0.626756502209821
-0.53132265943441
-0.579544516316919
-0.561486379872381
-0.514132115354283
-0.48348515209046
-0.590943550774198
-0.598528297300235
-0.519971927175002
-0.459989880586358
-0.603950139134202
-0.506317668157262
-0.565703968174967
-0.479270951441294
-0.562778708781593
-0.529201872269031
-0.476224529401431
-0.611758251590868
-0.619467797624138
-0.644216864075144
-0.600327514768809
-0.582270828283531
-0.576969853290637
-0.478777835864009
-0.658779880970982
-0.475865562088745
-0.612425664611664
-0.563941073303078
-0.393118670862549
-0.521005309055312
-0.480003909911736
-0.631880402718193
-0.401350164398146
-0.438162888183622
-0.540026823176544
-0.444467659946782
-0.621659182862437
-0.548129651628563
-0.485182521219642
-0.554377587778437
-0.613395056502887
-0.648220124215297
-0.4907940324156
-0.48996652405551
-0.479179867413589
-0.290938863771949
-0.421785625766393
-0.454750429306523
-0.43710981146358
-0.554506256731778
-0.560194740693227
-0.507797177989293
-0.498832367677124
-0.474819744810402
-0.55482238819781
-0.500868282450991
-0.658090516693768
-0.365063179578806
-0.461410260023465
-0.380264507553987
-0.66140275352649
-0.5089586148633
-0.60931476368732
-0.508277010498193
-0.298891908994015
-0.561336098835053
-0.432938946763689
-0.461623200250412
-0.436244796091132
-0.654562664847838
-0.476476373411195
-0.465945457597736
-0.559019049654913
-0.62670284089026
-0.650021807620565
-0.604799705090488
-0.383359647445059
-0.347771477001796
-0.551621790275648
-0.404720534911219
-0.357432275843113
-0.434843214155061
-0.267178950904724
-0.441985689738524
-0.46751140986501
-0.473266885765193
-0.437143838366011
-0.394674359411095
-0.474946905365821
-0.399590186101127
-0.313082940725994
-0.479139151154869
-0.496483756406401
-0.488963429339643
-0.30401768759268
-0.264693063846448
-0.375462934837228
-0.409062536155618
-0.432206546927153
-0.402116759404488
-0.301043866559773
-0.368006029918973
-0.407683657274814
-0.597756386885837
-0.480852107136195
-0.3169634912445
-0.386091607664151
-0.292821709796885
-0.198886836918868
-0.425755058624876
-0.519294947338835
-0.429157158724091
-0.369870438371063
-0.361553404950901
-0.297017929482899
-0.424888758424409
-0.390745144715595
-0.437746377032863
-0.318811476872199
-0.253670125150063
-0.3199121514604
-0.33995312317638
-0.426219219690911
-0.135039926182311
-0.356027082307314
-0.499733168956701
-0.254628486024818
-0.420265178827791
-0.302387504401705
-0.182137242001975
-0.531790204628652
-0.216617585486456
-0.416299835878461
-0.267261372050366
-0.33367100780382
-0.364392378733305
-0.32451783415833
-0.367079316423657
-0.3731903672687
-0.324424422679082
-0.189548474034976
-0.293607447443363
-0.321719371936599
-0.319933581191325
-0.287392170524962
-0.338884447369716
-0.38191552909599
-0.368477989021247
-0.177409255216811
-0.198684472712065
-0.191300276673453
-0.268958374803406
-0.301781607326397
-0.247076822002254
-0.235917311480876
-0.287175933796711
-0.292268778025836
-0.312716869338315
-0.333988337652666
-0.27741617074177
-0.210810547484651
-0.255383079538464
-0.310171319717339
-0.19242493018205
-0.351551761223981
-0.325600643717598
-0.139416317986594
-0.223310523721039
-0.11100855405033
-0.346915187746531
-0.204568685927292
-0.294835041423395
-0.223257555996942
-0.159871758574332
-0.172977654186101
-0.276986540639961
-0.216844285263431
-0.309056729262953
-0.40161156545951
-0.163436291389979
-0.279927966684621
-0.174060482285275
-0.132163532609592
-0.268291081151622
-0.115751210137045
-0.218749291810761
-0.213122756231595
-0.220734752533768
-0.22913012706828
-0.241890251183123
-0.221668338866463
-0.17067913407025
-0.219931778603295
-0.0511865333161449
-0.184420932167966
-0.18083719061052
-0.142948541390305
-0.137607863394263
-0.132471559405474
-0.250586731571215
-0.0994037554918554
-0.320651008229523
-0.19738296249022
-0.282697865936229
-0.184328227595805
-0.164267228085407
-0.110913868303238
-0.274044005424667
-0.195823396214269
-0.16285796812125
-0.263869370578662
-0.0891140919029461
-0.115121688406233
-0.163598395013882
-0.291468401288991
-0.250309997868698
-0.0661738155008962
-0.0469818909000035
-0.269743397457114
-0.0657965622226295
-0.308207726189995
-0.115554064705565
-0.162967368151767
-0.0293661008326992
-0.00727437039181942
-0.163475082675614
-0.167067910195595
-0.168139350788948
-0.0656808626486774
-0.165726161416032
-0.0254742813377228
0.123462736307146
-0.046821465535807
-0.19182904312382
-0.176759560078138
-0.102961957127778
-0.146627785582826
-0.219747432100316
-0.181038725859483
-0.0725945231622398
-0.0530821110021979
-0.0433175903401879
-0.145830652621492
-0.139492349558864
-0.0124464904332176
-0.182818512428852
-0.142522649603979
-0.00915799425923685
-0.173813064151802
-0.0834202425266215
-0.0906847804293217
-0.0534278604886613
-0.100313038040403
-0.0609211160050655
0.0627640663956773
-0.071611686160664
-0.119195844022571
-0.056415297395927
-0.0897336823589927
-0.022135280594051
-0.101081926743168
0.00156645039775657
0.00436614539669479
-0.0511305589599446
-0.108001758127729
-0.190140686292759
0.137833425399972
-0.0312157364364866
-0.0361841819957168
-0.0825731260722089
0.0390707208027847
-0.0772737665649781
0.00345452395150046
-0.159046609028626
0.0193664196886105
0.121414978111327
-0.0683119750080647
-0.129813576433447
-0.0484416197016406
0.0919071020488879
0.043838165829921
-0.149840015208269
0.0113243430907472
-0.0337037863708927
-0.0268619096948038
-0.0470434852832633
-0.0593909647100788
-0.0421808550514271
0.115565295388126
-0.110247475836154
-0.0291228087735738
-0.0390668179400267
-0.0331410021858166
0.0121436030152052
0.0613440774978459
-0.199105797870279
0.00369647280187284
-0.069735454031494
0.0350593983311651
-0.0647038244987612
-0.126354978739983
0.078264395671853
-0.0500464222788221
0.0911543912759826
-0.000253315825580091
0.0781279034536459
0.146114974152347
-0.0320113966185201
0.160857642002485
0.032754979152701
0.064136432106384
-0.0165479825977303
0.0653834717322838
0.0889966430699231
-0.156263995610617
0.0171359695648892
0.0406971783393632
0.0995434374528533
-0.0314041519621817
0.247937229759635
0.0250576977540465
0.072006693538954
0.19216761522096
0.116597913688384
0.0644377397043984
0.0575088716842868
0.0488974457993702
0.101981388081863
0.0305343208335899
0.0641883193173172
0.111001236351261
0.0603367328177741
-0.0292490899533419
0.0698043797885229
-0.00295828292450349
-0.00353081761568369
0.153765964833347
0.110863498397739
-0.044446904704899
0.0106357551463554
0.0456938383307201
-0.0252578892734774
0.0533539093106243
0.0533540474260718
0.0578410738028099
0.151737767215327
-0.060690468064992
0.146057000130613
0.0098479137691544
0.172520715392322
0.109695652383906
0.0597973693213228
0.176282514867704
0.330466972894041
0.0997438221170444
0.123190567345884
0.190114764533136
-0.01519288696955
0.0873887646421337
0.0737618260658371
0.210211535081628
0.248509626810332
0.171185926710451
0.180296955752037
0.0401442770974224
0.0903154194703635
0.180955695464349
0.235599575655381
0.144668681359522
0.0189386691163356
0.0862381862476698
0.22370433414021
0.213225792775806
0.0984157124712392
0.207560292502698
0.0761692601139503
0.332597438055718
0.0591964375309382
0.12887503195554
0.149371327865434
0.264188945234182
0.185980482732457
0.0573564347033489
0.17777172486031
0.266896167293867
0.223477201921392
0.254603549576401
0.208632049166815
0.16214175728421
0.153194579189596
0.0216378234623812
0.186066503488805
0.119792237377117
0.0772580090703671
0.289666906649584
0.150922739415082
0.217020754390478
0.166713369175765
0.173372425944161
0.179696473568815
0.101898768086243
0.225839489826956
0.318918927756097
0.196816365340916
0.240096017869087
0.159237470180064
0.164552113980315
0.237700692849753
0.129272989365716
0.195928304478133
0.330979375256407
0.141684275551514
0.300687953831319
0.260224700136961
0.28954970300096
0.262849307072452
0.237093144363754
0.400050906276118
0.197663778438645
0.255331546725977
0.216497870417526
0.300569118866441
0.303582079116416
0.251569183928688
0.156257921122522
0.175431572279394
0.01877521240246
0.197680559953563
0.27570606188965
0.355761454991958
0.16989431829155
0.166672203571217
0.382964099247756
0.366164287379623
0.30234929960611
0.16894069444141
0.374415669682287
0.269731716174577
0.139641884986295
0.45759751583157
0.214539465019458
0.220453424257758
0.270057378952558
0.202805497735821
0.249641757430167
0.231621009949229
0.270317006931359
0.326008101033369
0.311851621940868
0.226859542615302
0.332869425685585
0.350092719665065
0.261811769273921
0.383302189121074
0.196455287415639
0.214566128484291
0.489467344242259
0.401014114114544
0.409931180855763
0.331052620155982
0.232876253823991
0.209241339276518
0.32295315271988
0.30023078481168
0.380843603022298
0.361835584991238
0.29374837684668
0.421626619634443
0.377844643334057
0.394520513756176
0.426154577215174
0.424518484018031
0.29951678112347
0.336399567028261
0.274417702299327
0.234120049077382
0.503469174616355
0.344893525340106
0.375744329450972
0.191917080681475
0.211216421497355
0.351900538643757
0.349530365269504
0.271684899858376
0.233283349989081
0.342193655934914
0.390664963768759
0.386155105934123
0.302582854441981
0.404534027735148
0.330638164323702
0.330067948235732
0.479795544604582
0.503697164314523
0.37870323172995
0.527312014812124
0.228917144626643
0.449759420386666
0.410111344395397
0.494369741906091
0.422839433435577
0.285400623735801
0.505045022173984
0.393689377900678
0.573057876725648
0.416175347647429
0.499653907934882
0.595909616046175
0.420320085839639
0.445296770152583
0.384250245443
0.380338447844869
0.358193682688122
0.323764345521985
0.556651634738861
0.370134383100004
0.455267043402695
0.42441880013055
0.414872323579515
0.391386501919364
0.31716278881006
0.242286018414537
0.40608685003048
0.261012401709777
0.421582258278129
0.407527860176952
0.427996042382274
0.365619187771571
0.439328544218824
0.482658420038026
0.374103652008885
0.334999783859768
0.545929669457838
0.463896839298736
0.566070349814602
0.575703284116436
0.583727242032892
0.584615299447778
0.426334257872909
0.618336505585564
0.354490313685829
0.561907253847991
0.475835599994804
0.442597079566215
0.496072541648121
0.417082320110414
0.415072430878028
0.560463617719414
0.524957219430278
0.579457363476175
0.395341086187868
0.442472677153876
0.427040228747927
0.370171763253867
0.666134632310393
0.4638379861645
0.606728055277734
0.598781268055882
0.570609673360716
0.47046474504867
0.58545014015537
0.463779006339947
0.568750019430553
0.691196931379496
0.588356238355406
0.639378260775599
0.552499345176098
0.358280574562086
0.612827812910095
0.533385230018814
0.61944434814462
0.533856048041671
0.426507256031639
0.504170236704677
0.626007309292826
0.506657680680539
0.507312651214132
0.595917571012738
0.499910719596636
0.379649812072438
0.472058296319425
0.565912333104264
0.57183344340827
0.502082900141035
0.555759869647677
0.602564436868176
0.742257593164948
0.744501077820117
0.57326663147076
0.545591899300473
0.393498547281296
0.485764812098823
0.62967720689654
0.654859191539654
0.65121839107513
0.520480584179136
0.578195582421749
0.683609947170548
0.673948390286706
0.515115439151327
0.615210362980534
0.568279562956651
0.646538725377808
0.598128577759936
0.525935489161138
0.618424946969679
0.640861521936861
0.620344698219722
0.512357949671189
0.706219601171785
0.655811564922493
0.673420104675439
0.664187664175365
0.630433409695634
0.5406715472838
0.701847056991454
0.551274360211067
0.634554134487915
0.676072318739857
0.572658810150059
0.699175111494342
0.60274807271134
0.661571934433932
0.522391693237024
0.699814635876614
0.682028565701083
0.649499487776352
0.666362540598274
0.704750119041066
0.776226518274651
0.733640032013821
0.718124026695957
0.733724556183564
0.657599763251552
0.676707491954486
0.438132710723129
0.637094132162897
0.756606754304968
0.728328506985288
0.606826754216683
0.778552896131532
0.587957654460493
0.757599068069299
0.619605020781014
0.661223099794958
0.635670689753497
0.630630363151624
0.686669518040238
0.675072221990468
0.810281451043527
0.786738960973239
0.776090711758974
0.825738789636829
0.679945962494812
0.717263771646878
0.686033356908812
0.670126034629306
0.775110065655655
0.742374379080633
0.66222089658663
0.883974320438824
0.702260477162225
0.692823826637512
0.823868515042379
0.857395419019096
0.754569933335323
0.577475128690346
0.594175210966105
0.658315418288063
0.809062943127412
0.776793975751383
0.65527968618755
0.677736756352696
0.672675630924496
0.837359109180288
0.818184409433255
0.729372863002846
0.723698133940149
0.79733242490711
0.831909094427989
0.722582438219508
0.817556219482719
0.874463687751739
0.601716336470448
0.676491450216755
1.02481256753654
0.56798968942237
0.76003584407011
0.883196525692626
0.751700528765201
0.949515830116536
0.766132315381711
0.757004898087964
0.854046282874813
0.712187221098143
0.621855579515823
0.793058587492548
0.820801285800571
0.743503155570934
0.869230482298594
0.73550360452568
0.904942039763141
0.952417043263144
0.900090931436521
0.899283570122517
0.710464889348852
0.857463976770631
0.686678365454878
0.852099259320944
0.870640931363118
0.90071575194314
0.813751047308587
0.754644081714725
0.898719046270906
0.767760577044129
0.946888895204108
0.863852204872293
0.865287374892083
0.816057449787047
0.838391760436308
0.771943285445863
0.892552625960399
0.812245474081592
0.795999154540048
0.782633563219551
0.802047688868358
0.835774196755234
0.775464428751006
0.747747102973758
0.902423544301155
0.876215083679257
0.86799438287488
0.902125557715493
0.892071283628133
1.03410268169877
0.905908894075122
0.796634121956826
0.751523031927819
0.931299041170918
0.861990510325226
0.919932193694505
0.778245309268283
0.859574903701121
1.03864821707343
0.991580332033385
1.02469154115247
0.958543234750051
0.79619453349746
0.857588492472299
1.02988467734936
0.827168304036589
0.952225047375072
0.939226860432924
0.936132923445043
1.0423822269993
0.860693095967501
0.81420955355762
0.804187189372308
0.972513576766192
0.907572679277612
0.912794405399421
0.873042734696959
0.850808536256747
0.967451907844024
0.916471157738478
0.959646025690442
1.02856147123279
1.01445855289091
1.12427570106336
1.08878129925357
0.912644967952119
0.912810759093316
1.07613871093045
0.870241295002231
0.929845366675002
0.839165639202841
0.885161882796726
1.07366715171228
1.04256279010124
1.011750962811
0.855611365715787
0.958825229131835
0.900116556142869
0.886575605120148
0.950902125891279
1.00504185870532
0.907146152271193
0.945215878054499
1.02071226208011
0.858290399490933
1.05442379288268
1.0068780594934
0.870064634568609
0.94556170941048
0.91233620518163
0.989866559259689
1.12365669573452
