-0.0676087120436539
-1.0706302727583
-0.945150799232644
-0.921796843849229
-1.01174846519036
-1.12436612988553
-0.908948231846521
-1.0098277376485
-0.97068063379798
-0.963920646283077
-0.912237115976454
-0.863103231311897
-0.949289613058129
-0.991705555129637
-0.94874169879332
-0.961416607617679
-1.04454735381111
-1.06412106669296
-0.976677651090309
-0.988829280519086
-0.875682751192685
-0.954299570162315
-1.15236654181298
-0.919981961862217
-0.88069550791302
-0.889431304376136
-0.947600466307499
-0.981965178770443
-0.997608826023855
-1.10722302137808
-0.963436399942018
-0.831803872890292
-0.92269958975973
-0.914097057129862
-0.910189619825589
-0.884814839867202
-0.851661195526647
-0.939826818549988
-0.838223434059134
-0.838393130357304
-0.841702946778125
-0.901978302527801
-0.87469659482739
-0.958756228433984
-0.935674409996996
-0.800967293294555
-0.892120668645042
-0.915933027281462
-0.884401799381126
-0.916519203712658
-0.940398204777734
-0.884296665440639
-0.866275028814998
-0.892357895126818
-0.988754835564642
-0.839332991152898
-1.03425518466217
-0.886559279298969
-0.966202626129767
-0.946799403868749
-1.01679113529266
-0.787126100985865
-0.88951662702723
-0.84370027639823
-0.73246808512579
-0.743461205908634
-0.877969204692722
-0.84154934341185
-0.848218090312826
-0.628280905553439
-0.927965126834814
-0.806278900974025
-0.800219519076546
-0.932861041691151
-0.891503156267378
-1.00799109044467
-0.894489142484109
-0.804539113830151
-0.886763840599377
-0.814118433493505
-0.78965342418354
-0.794365480144183
-0.789559823185976
-1.08297451071069
-0.765210068905522
-0.799353494356214
-0.843845647589461
-0.798004664729535
-0.996982400619927
-0.78852735564536
-0.773686872629941
-0.763750452787735
-0.923928651955601
-0.626664548835553
-0.82793297873989
-0.836192165716919
-0.743356201131601
-0.848227305446289
-0.846596100405779
-0.811888618688602
-0.792223399813813
-0.96160312789647
-0.896285443998019
-0.945716853790356
-0.802529767146262
-0.843531855152165
-0.645711514631586
-0.853075329057915
-1.0270913097716
-0.803909064658738
-0.822209816065746
-0.852606434311321
-0.770521966563869
-0.692326083845278
-0.804147952662583
-0.849233247805053
-0.739744972996011
-0.775022702296283
-0.675997224318087
-0.731688316779493
-0.766408503271823
-0.635344670530613
-0.778894251526844
-0.660902523548662
-0.656286292837572
-0.759285543718638
-0.597518272715814
-0.813382510373571
-0.762469720882652
-0.650575077429744
-0.862564513395304
-0.678793912007836
-0.921503810751398
-0.703239426140737
-0.755702497056423
-0.712455951067088
-0.784192017375347
-0.830162010876969
-0.709165773582537
-0.741805863074076
-0.589545654878438
-0.632787655649078
-0.751287947605208
-0.729639640241979
-0.586622124702387
-0.590967889080985
-0.576469129327147
-0.759474275575488
-0.677074390075846
-0.803064584310613
-0.758438042073966
-0.657368225721803
-0.763352174881527
-0.824085647970769
-0.650751794994097
-0.645204405112085
-0.697520251548902
-0.773634168915028
-0.698309869851967
-0.596770929494599
-0.827856294215499
-0.571966656230906
-0.707492553707401
-0.516781032438994
-0.712838181552137
-0.736230527091932
-0.687483627182637
-0.55246065329704
-0.549939236293569
-0.697323178041706
-0.66586333809379
-0.789154307817763
-0.622351762784812
-0.640473056496515
-0.624521581814691
-0.692131347611486
-0.755825569605156
-0.70191930994302
-0.832509671401788
-0.641681210499742
-0.569141715486664
-0.777956543960445
-0.673849458461794
-0.60590864780062
-0.535283880904055
-0.604644371457528
-0.669104354757267
-0.607005799264071
-0.626688030454299
-0.571797705455347
-0.804536610341127
-0.626466009053984
-0.606825259326833
-0.682791524191814
-0.562615466162062
-0.559228979376297
-0.391980964006292
-0.610225753150468
-0.743993128746214
-0.736101755119463
-0.607436935506524
-0.757409798145061
-0.486505670624697
-0.626750556203196
-0.562409938859617
-0.52630111652381
-0.575303858860727
-0.775125605558492
-0.640109931402491
-0.480656203706002
-0.665669422432359
-0.465736876909428
-0.734294251310567
-0.539504092790369
-0.614289962039566
-0.532815391581136
-0.530024999399525
-0.511814119981281
-0.561995080263699
-0.469631577991097
-0.667807384878094
-0.542932934996487
-0.632637931276116
-0.56974044709099
-0.636974332789003
-0.527114642190081
-0.563906755999446
-0.475157516241188
-0.695449194505463
-0.785088112321775
-0.596913946712038
-0.601155606598661
-0.56097325586164
-0.480425330522236
-0.652761015144222
-0.517464969106179
-0.468785373082602
-0.430702568106697
-0.592128596269415
-0.511972445132143
-0.611017249402381
-0.346206618257444
-0.505388359831643
-0.462444966487059
-0.571502899149682
-0.589489212172504
-0.514272863241607
-0.511813613964459
-0.352720650019174
-0.327306470830697
-0.503531344602337
-0.501440920300273
-0.504774172627737
-0.534078173229226
-0.419923440836895
-0.557544787804956
-0.431584091761545
-0.585567866884829
-0.410274262555811
-0.554732272997149
-0.425518480122284
-0.482667042130557
-0.302321677172276
-0.513677185636852
-0.407149733938731
-0.596052580281472
-0.610836059017991
-0.495430073817772
-0.593614994943332
-0.440151365249449
-0.421484691910497
-0.463557770179005
-0.37896826678915
-0.544763814109116
-0.500564197804342
-0.487131067447146
-0.548889588061644
-0.37269127127347
-0.47003081425801
-0.319212142775535
-0.515382637896616
-0.562030778258795
-0.40853014034769
-0.490569233168243
-0.483334270345033
-0.414068656682193
-0.419930166767289
-0.378756013369652
-0.405403179124172
-0.337835314007676
-0.374524074271982
-0.623605824868736
-0.423994382518806
-0.510796326888203
-0.426096119100408
-0.406348057534095
-0.410256349278818
-0.366452437256576
-0.479993807332548
-0.412804871898776
-0.410063646194258
-0.332343390051124
-0.441173324552899
-0.52535102983859
-0.47325031551159
-0.415284865083865
-0.265937527877459
-0.368666281354917
-0.308575501954709
-0.26853432525256
-0.430580126026404
-0.34700912718903
-0.313625489746575
-0.445832419308178
-0.488537401206491
-0.461255196633282
-0.204898393229672
-0.286160157704066
-0.259512934745138
-0.398611625641352
-0.413185325541351
-0.245884782929748
-0.340206678334679
-0.433870894788874
-0.460683616235782
-0.43230765369045
-0.416793423307857
-0.405575049587975
-0.406139553548058
-0.41090006087463
-0.183066959093103
-0.407878771083005
-0.306790520606352
-0.309278207910717
-0.426316906937616
-0.306802253954634
-0.440951779911344
-0.266697697823941
-0.180324344470374
-0.309462659624691
-0.398039470355596
-0.504376952489892
-0.354777297398398
-0.322989442813243
-0.397132822974963
-0.212584448174616
-0.271317392706152
-0.359801347042703
-0.120615586807691
-0.200698460411176
-0.343475339690471
-0.2679442258139
-0.185606012706225
-0.139957197449833
-0.396760490508044
-0.35920599520885
-0.152889309535459
-0.245143048556361
-0.275402320863697
-0.371653723584128
-0.346770780235263
-0.267561308341232
-0.358486781398378
-0.196643347653153
-0.220715516436122
-0.279593829153984
-0.194036130590606
-0.255599443259337
-0.142684201326974
-0.194396635982395
-0.257405068505289
-0.0780526659021495
-0.334616821620172
-0.238949846540919
-0.15443328923903
-0.186640991096718
-0.236707270817233
-0.340016646742238
-0.202871282795678
-0.367038344701749
-0.129873841853115
-0.232426660904854
-0.19391852252561
-0.312122422520915
-0.279675487202529
-0.195332327312749
-0.259565837637722
-0.168951269841677
-0.335294117390118
-0.107541361475471
-0.239035440971227
-0.159109827264712
-0.158014377752859
-0.139664221303103
-0.272386837715254
-0.152225798236505
-0.389545721285525
-0.257267619133317
-0.259509415233743
-0.227349950630569
-0.007679822151502
-0.363524883515962
0.0823899979417559
-0.2380242947175
-0.159549563636195
-0.158058565902601
-0.145575031188165
-0.124445473430123
-0.0562477528318781
-0.0769350892966905
-0.100253805967462
-0.266638159376745
-0.130901809257359
-0.102359631166726
-0.216815496795639
-0.0884575872868906
-0.250358793120263
-0.0845527984972758
-0.0786663433718674
-0.132697086999166
-0.0650041440602627
-0.106140720290039
0.00652688245831388
-0.000634310837681921
-0.120331429859885
-0.0821761619673139
-0.228392349238157
-0.0625388661982
-0.0697705190706022
-0.0521097595604662
-0.164404331849424
-0.234957954790793
-0.098053136961535
-0.108609718412117
-0.106549935832833
-0.0923271170461645
-0.27549950470197
-0.160666162140557
-0.0837430213862682
-0.250545832726638
-0.0504694222259642
-0.300655672130912
-0.15334396960954
-0.101699812611962
-0.116226891549469
-0.211763836998569
-0.122944382351725
0.00640076378323641
-0.0905012562810333
-0.011264598160963
-0.161059008558619
-0.0853205821004635
0.0430141843287965
-0.161737411576901
-0.161241433874591
-0.0171272571981965
0.0239967136616988
-0.0792526993048755
-0.0336767512244922
-0.0331464526958874
-0.108774056812706
-0.0914157930034155
-0.144683457374187
-0.211935419960818
-0.106419109922866
-0.126872429893619
0.0941903861905922
-0.227789600084727
-0.0363489436206432
-0.0735054727179112
-0.135750211146344
-0.0791153049679545
0.073191810324055
0.061829999642482
0.0297898968359673
-0.0928107778642173
-0.0209994519589333
0.0520707266734137
-0.167289611687916
0.106407514084133
-0.0489244477004941
-0.065851775985355
-0.111074657013084
0.0805787122056542
-0.0299949143312995
-0.138860164938468
0.0997444395212203
-0.0611038235332166
0.0278096003167121
-0.0767369150386504
-0.0183211294639211
0.113208970808664
-0.108023777312074
-0.0917875806800551
0.0424367224332559
-0.0599032622907149
-0.020106275626083
0.170389705698515
0.0678723460598511
-0.0860662710165453
0.0651812691351577
-0.0104016143990251
0.0978284602844711
-0.127631093392015
0.130383977021021
-0.0149274235927844
-0.0410702667088742
0.209225318943433
-0.0625382618172406
0.0203914779937897
-0.158789505204713
0.0121583142263343
0.0534662135131556
0.0651120415326055
-0.0153952070600876
0.0241237623415691
0.068537450746646
-0.0590149712928464
0.18694164949782
0.198924506171693
-0.0498023861627421
0.0541618530257982
0.159073666774721
0.0922424793409928
0.0247764188596655
0.0520944408157112
0.164165779033472
0.0752721782024931
0.273316608505638
-0.0250160137341478
0.0353962200181544
0.0605210110839722
0.00884861673162603
0.0954578375928714
0.09403998747461
-0.0272805061158482
-0.0493698450894503
0.171605978029797
0.110588468266413
-0.0209747881925714
0.120037568199607
0.201023966115061
0.183438407482369
-0.01841476283578
0.216108675246342
0.0549471505573103
-0.0433539530709584
0.0310606188443944
-0.000436613356025931
0.204405669044684
0.153651136685719
0.00431082904248232
0.248117085411848
0.0328639407311673
-0.011191732248973
0.0700692032939515
0.0973357533335192
0.053440307049893
0.0150501885485377
0.109068481033424
0.0958189571342932
0.17247128269489
0.128636233700674
0.0137339786585668
0.110528684236105
0.215590630653671
0.208568254979756
0.267301623011656
0.0425932105169494
0.218364508652582
0.146009239291164
0.22875646125351
0.121288702564299
-0.0202944830149861
0.170011885661956
0.252604607925088
0.279331613094678
0.262948536487946
0.152243252402972
0.284183268477122
0.27910331531128
0.123810498354109
0.109517548276418
0.196981172207072
0.156845413463374
0.13844621335794
0.162772072699594
0.243432141470921
0.320557680848341
0.111386196822057
0.127440863920579
0.0864063810084234
0.189806377291264
0.125591812354389
0.194789926809054
0.167059007832891
0.0186796881575341
0.127155624317784
0.215694348080714
-0.0344461155837978
0.230066158705954
0.062344338571385
0.203643325698474
0.173404947995355
0.229561115954066
0.313832839131987
0.118106787403954
0.230265508351271
0.112741315056043
0.258998663911611
0.169645586102952
0.372107318931367
0.283148763193379
0.143357017495958
0.203058067573837
0.349780520999115
0.318132677752165
0.10169454432259
0.288293616461897
0.328159560361272
0.26039391998131
0.262301804734666
0.293424107566265
0.323448142389056
0.240145193619845
0.249998945289076
0.239678797703649
0.256327729244302
0.287854822308738
0.289775655972311
0.128833488956343
0.342199116083918
0.273445378711361
0.380317229472339
0.34751765019203
0.160935699361253
0.364922486734526
0.178669823065768
0.238385906268836
0.27916072057516
0.404342027503761
0.228570267030559
0.256050229191055
0.309350751347634
0.367558963928975
0.49247785238282
0.477173749362322
0.161558139269465
0.340737723650575
0.413124765688793
0.309616836955123
0.200296100462276
0.129106724716428
0.202988200979141
0.216225292320398
0.229585756475821
0.370683250065173
0.207729174559325
0.452387562111265
0.204416177476932
0.470235987182211
0.377033632352126
0.302572499913697
0.324763586708486
0.381203903426749
0.188079713403316
0.100536209819196
0.40762012068127
0.393723435285232
0.34618787414099
0.445641967250309
0.338325006949699
0.295431261841917
0.461220430179078
0.197635764485645
0.45195060622082
0.438933841548902
0.193772238844311
0.434237209032071
0.382044750135652
0.368981259443329
0.262903806075064
0.381625822698472
0.484639071442714
0.299380498030588
0.343642750144678
0.420078037497896
0.396954132499675
0.330786282186155
0.394335829392075
0.523087159475983
0.299396268013002
0.342437907811215
0.364719690230351
0.527139418713427
0.328825562108151
0.443440229816986
0.358739647683959
0.413311934254278
0.355101119524603
0.323187348165751
0.439795764985216
0.444825279124391
0.490168845067799
0.452942661428851
0.300425582135249
0.350832491386793
0.415304149819718
0.471852925429104
0.368281781192174
0.487478316745448
0.47060992098541
0.340909719585069
0.391688374739308
0.342078837111018
0.49429528452996
0.423001132996127
0.29738044847578
0.614114887734356
0.323098051295915
0.440913626427371
0.471021024872341
0.381814860916595
0.407082905609712
0.458713574089736
0.330973077641678
0.478472290306568
0.467919255757749
0.437129502605904
0.446546058699881
0.530726288729873
0.499660329546404
0.540638824735225
0.392259644381889
0.485447526649533
0.504875583609821
0.556781376994912
0.299685411352817
0.46419737744305
0.394682903799396
0.586616891096717
0.604389739778941
0.513876259202497
0.498878913022529
0.489079451073417
0.505745174482844
0.519533811622299
0.528094501377276
0.485758927209868
0.538082259984814
0.507475783044154
0.414709974362826
0.541166946999613
0.451124068062853
0.537695338397619
0.492907937243845
0.341705887572335
0.581488094447386
0.422672701099542
0.475754098487114
0.341429673259737
0.385422337128319
0.558461708925114
0.681867070521468
0.50801892314879
0.522803138051976
0.487124802164198
0.50360181236044
0.593082399688055
0.503675270308908
0.612412904974165
0.43998131624894
0.801630014199348
0.46435667006441
0.534954948202229
0.524369463637275
0.530294200332818
0.678085566643315
0.524432794093079
0.407079287379082
0.582204084552854
0.542286359016001
0.544192287289131
0.488027720354377
0.60377942754169
0.54958324293686
0.707649630715911
0.652885582023932
0.524650732538924
0.448647231428803
0.681492118321932
0.508499424427955
0.608416902617481
0.668283654006278
0.536974400629935
0.469115267005239
0.641961525958999
0.583491518000256
0.571107651191767
0.679021693877237
0.608863325403308
0.646333873823742
0.570941820204173
0.759510990110819
0.785782831199532
0.618038987381633
0.679014194439437
0.668255825331915
0.48897471531344
0.733654096187278
0.531169756683493
0.560969148192699
0.652294882438293
0.673070768534131
0.620026235689207
0.561119308940267
0.827169176091435
0.55568488475627
0.658024940418945
0.724653250648559
0.715861337234863
0.662155828762728
0.616106419982559
0.501977553268386
0.732576319150148
0.671179485013336
0.658003819065886
0.583352304875327
0.736170441223318
0.609040308915334
0.819189143935015
0.664089392199179
0.736137222574571
0.554732432558205
0.448040931866546
0.681478855247234
0.806400609406791
0.538753747602517
0.741845989443829
0.631291888010802
0.568828071632104
0.716603527876732
0.516395527832538
0.744937450333772
0.794449076998978
0.742162683414704
0.628454078390054
0.821257010362691
0.848646109415168
0.560527063571913
0.688827879455446
0.55883509455719
0.707130044812481
0.763715332831006
0.777116445738228
0.78843902849971
0.790083232962781
0.545833412486213
0.739548745364469
0.546286716182044
0.714839432497056
0.85593047173035
0.88842999206717
0.725572880089134
0.76634059740475
0.720864318476113
0.641070742272608
0.821662694780597
0.757291604880347
0.598767020877889
0.915929436757683
0.81914631039826
0.731262576974998
0.71942445585963
0.736365260329916
0.743088421265471
0.783956859886621
0.704432343821935
0.758047129495367
0.751251335112725
0.811656381132479
0.86235616794582
0.824613476923365
0.750661101063689
0.737500260896203
0.708507773959194
0.682500585521415
0.753711214153989
0.746525879255339
0.705448564585659
0.799658342991242
0.820559707844374
0.913370133846695
0.67218637113925
0.952872769104924
0.70637947982795
0.849621273829898
0.696583259737867
0.732796821764445
0.873129725009973
0.960522480787749
0.817267111321483
0.787434374257295
0.809635351431641
0.650206399658411
0.719791828644017
0.695534697825361
0.671472873591481
0.749580486051716
0.870384520700913
0.775192180101967
0.84000832055265
0.830021850783547
0.776719781139737
0.781814841470389
0.72430512610042
0.726150256706424
0.904187634317711
0.650862681414057
0.720207393553943
0.884729464064532
0.925683986830909
0.741574982482956
0.805721752686369
0.930047502242057
0.988361531438616
0.918366257826205
0.7918903803701
0.832722278738814
0.904458552515426
0.966117107462035
0.918017837497869
0.902974597321849
0.785416838027653
0.867766054431476
0.744783770023692
0.934497818274612
0.915791895725729
1.10291028719209
0.813648273715376
0.854075677387007
0.931917807079284
0.894919251827763
0.853406274142112
0.984180785247144
0.892706567132372
0.754844472510891
0.860640106084973
0.738108703452613
0.974512232625431
0.776834662509643
0.915714460101427
0.992121988810427
0.752887632648029
0.880839859223543
0.954033638861661
0.915122781961442
0.834686229372738
0.949738767042963
0.777013108522858
0.960078766215376
1.1809820922035
1.00694831317741
0.973307939367508
1.02141954974276
0.872111973888829
0.877547398751564
0.874240499217496
0.909521177427516
0.893641366375975
0.911692101846997
0.887355712474196
1.00839788057357
0.968524949279986
0.959384169112392
0.968726719405294
1.03204729645996
0.793659030208954
0.92457838608681
0.966838892931273
0.89488053092977
0.941610504990233
1.0020049557234
0.996264908320235
1.05569159107077
1.04744008976657
0.887111868437695
0.989540233241478
0.911749164224449
1.03032809222242
1.03265299256597
0.949332518340332
1.0048678938356
0.83460214858962
0.999082973616736
1.16702671760588
0.923572888329455
0.991708392438547
0.950040256616042
0.928889770163807
0.995827471333535
