0.0832460866499227
-1.0309894422177
-1.03612968208773
-0.918509521374314
-1.05242651685482
-0.804180237076352
-1.02667223445041
-1.05661551106233
-1.06309130930147
-0.823785698074825
-0.839228940259792
-0.982712850571134
-1.06445904902892
-0.834594868227851
-0.856067278373137
-0.926733124882438
-1.00131764712506
-0.835485790343294
-1.09808430399476
-1.08825244718115
-0.870302284103832
-0.889131900963889
-0.929986851347117
-0.952358142567592
-0.91939524188027
-1.04719011808612
-0.855332144216544
-1.13194671558865
-0.829962849876173
-1.06387621454407
-0.855255284619187
-0.84587852930737
-0.994147650694961
-0.95045753689228
-0.886582709660661
-0.826630696569329
-0.965241390449397
-0.885945820084209
-0.875165353283538
-0.868925814495717
-0.936329687369484
-0.839585062331676
-1.06996778133659
-0.833428510998531
-0.867494995763418
-0.892664591356247
-0.886886586099287
-0.881072983218848
-0.777103270180277
-0.848087320982913
-0.799076983112867
-0.832628172567889
-0.871969451521249
-0.921526983002945
-0.889004889473646
-1.01107990690336
-1.09503618221439
-0.761932506100474
-0.882930941805604
-0.851792226924752
-0.811964036750781
-0.956498329436278
-0.879655340419962
-0.879461046000255
-0.735645997642157
-0.79735729523007
-0.684082292709299
-0.894372758265863
-0.849405227427682
-0.760247509922415
-0.814875604131713
-0.914026104895028
-0.951811728747133
-0.713721058207388
-0.866349403744739
-0.799212959984658
-0.815432643687215
-0.832255626891402
-0.739143772083212
-0.937666749566908
-0.857463128142874
-0.882834216791692
-0.950776138155542
-0.922157019393938
-0.739497147611502
-1.06891980589375
-0.778885692478525
-0.878674455231521
-0.682853291477504
-0.849506229913765
-0.918465507142185
-0.838794141466714
-0.722648726285517
-0.900290325522163
-0.774331824550216
-0.694644952222698
-0.692490745634393
-0.971421371754522
-0.77574091787686
-0.730714918904062
-0.865250751258588
-0.779679466227615
-0.909253618811369
-0.8412466758962
-0.840272881396447
-0.817022459912785
-0.785049071367352
-0.947119711234296
-0.858004862173583
-0.755186661482066
-0.667803053536869
-0.759064534462539
-0.834168219390267
-0.74149741507056
-0.709476746444165
-0.724703960403791
-0.841478316119318
-0.850906079679685
-0.730249552085838
-0.713098174053082
-0.795387667502567
-0.738566220904591
-0.801413251035886
-0.796372170955668
-0.816638275524642
-0.779862563712295
-0.628438121923346
-0.729785881627845
-0.898433788119231
-0.692536473264612
-0.618416687141415
-0.767546490044656
-0.684411141217073
-0.558432857968129
-0.731478628582297
-0.630405698098852
-0.79874335065979
-0.81448692546838
-0.701772700505308
-0.635355960801934
-0.784289168491798
-0.80690565803277
-0.867974004118304
-0.726304353824833
-0.677042108887849
-0.626220534170477
-0.679137089658939
-0.617719162710007
-0.768711553848652
-0.699163650111513
-0.659525830173957
-0.719559463102343
-0.660797352221639
-0.664811979246721
-0.796479532076137
-0.70341068310297
-0.683713493934334
-0.647123403483811
-0.68701849221212
-0.630084185347165
-0.586591078050702
-0.492154937255562
-0.601728982677664
-0.764837534921143
-0.65526528076347
-0.734263622178529
-0.652082505710579
-0.78728656667756
-0.798017243646853
-0.533271660989481
-0.628328956307877
-0.608847003379578
-0.741401113437663
-0.685965120665816
-0.544479494560189
-0.768344405255238
-0.591743081146178
-0.483572157812828
-0.827733736434335
-0.59314305031822
-0.539056938153034
-0.623301403606938
-0.791697781936613
-0.735535837178704
-0.58575091850255
-0.593441350677507
-0.48228991497482
-0.682137045862495
-0.598999257647997
-0.693805604762234
-0.695437495804025
-0.663176958186264
-0.773558353907113
-0.619989538805935
-0.599585700559147
-0.763270899212326
-0.602197347392976
-0.558292025019832
-0.610721514592784
-0.437709787587083
-0.390634504161048
-0.626099679163059
-0.573809778059816
-0.697085722246595
-0.641954192409337
-0.648181178835914
-0.530789767409708
-0.679272648615754
-0.664606383190719
-0.642789683164961
-0.628529658489502
-0.524181292498484
-0.683102764122261
-0.608386724000644
-0.479481572093469
-0.50504164666102
-0.528165318213459
-0.519773907453019
-0.600794161255746
-0.683393369857387
-0.426399201650758
-0.612385677822318
-0.604126249089603
-0.469405199246313
-0.471846801343344
-0.524099814475939
-0.486353432766251
-0.688466821145705
-0.501056631130141
-0.457903908604601
-0.572770299767523
-0.476198393040676
-0.608450631988149
-0.444837553997032
-0.525713316475679
-0.437181346747296
-0.502257957943656
-0.304297803731531
-0.493816261934962
-0.516323297338717
-0.550885084004861
-0.606776029097138
-0.614538620854948
-0.604099914326391
-0.362782505635722
-0.637991297241047
-0.518953340027911
-0.519671323085947
-0.484272474965746
-0.494783352213913
-0.493583503281555
-0.463970531416947
-0.53253757249061
-0.491095146241232
-0.416757836379315
-0.5335026362631
-0.544189040603031
-0.591182854836659
-0.451269367867634
-0.553656008351344
-0.411670868309017
-0.552754995750461
-0.606977326065175
-0.366163644545051
-0.464159343859322
-0.51475453139317
-0.446975823491592
-0.548877727700117
-0.46320071809099
-0.43094937175666
-0.553735219549072
-0.408489322640182
-0.465250010763144
-0.425577802107883
-0.474012576485747
-0.469615761621372
-0.522416818813149
-0.494240179073526
-0.479545418945109
-0.385182683914883
-0.444986193842391
-0.568165010481064
-0.456435207303993
-0.422398059588364
-0.342231034257277
-0.439998922549951
-0.499832054465529
-0.363878467641367
-0.459378727983601
-0.582141795454762
-0.419447628373874
-0.395694724273162
-0.433470708050844
-0.265246306465267
-0.372093818984343
-0.494095775429602
-0.337802725885581
-0.398157683373323
-0.380280413269553
-0.427973257170078
-0.395634942982246
-0.588007578860345
-0.40203794484536
-0.319930659356445
-0.341375477533804
-0.483335351260287
-0.279201500046077
-0.47340028611335
-0.474506678186907
-0.418519042155254
-0.461223741851354
-0.214735044014204
-0.361883979964286
-0.405471401931845
-0.258102097276356
-0.306748004707232
-0.512628855700272
-0.349052693340347
-0.252041504417318
-0.380608350085869
-0.0901655017708412
-0.328497487363705
-0.265853046927293
-0.291085157227245
-0.349807718217292
-0.428672914708168
-0.409353559898262
-0.409701337292172
-0.341652187039938
-0.401207126444722
-0.290397184064262
-0.378412907549116
-0.281946807877398
-0.300418925294506
-0.343008241201397
-0.357998101836236
-0.465321494169739
-0.392356653151451
-0.33684208203048
-0.209532932255178
-0.262066348290219
-0.404149448495809
-0.315506967349889
-0.347285134193623
-0.349903838416994
-0.364290641944175
-0.358435677980855
-0.22604061237241
-0.23977808664286
-0.224335993653471
-0.346027576812786
-0.371662784523794
-0.334463340399328
-0.280829370716083
-0.18475234658158
-0.324977596076909
-0.235838303337158
-0.388001722264382
-0.157431786886366
-0.198413127753796
-0.334226651293092
-0.256131839068989
-0.15802140589883
-0.232049485481866
-0.287215032633451
-0.254798591068383
-0.272774588755326
-0.165236522884035
-0.186032702927569
-0.137000043106512
-0.301274733567937
-0.418489335106178
-0.199539749545129
-0.169153581290187
-0.193090674880739
-0.371867131821556
-0.286670173363976
-0.0786381297157263
-0.333717502741387
-0.0347073411995114
-0.232777486567768
-0.222099352666004
-0.250180474270529
-0.248970445326458
-0.34317863933813
-0.25106515840052
-0.304728360186679
-0.313539164495494
-0.180875101472305
-0.145333690293367
-0.28401209849033
-0.272697014469958
-0.201503922872293
-0.248660172640679
-0.0617613777164112
-0.223578558171922
-0.129864559611479
-0.438129644793447
-0.110347729750966
-0.141901765794724
-0.175749340238055
-0.271032265150782
-0.18513493648986
-0.195208256448715
-0.299109443698605
-0.116485501222202
-0.130136860865323
-0.207338055308445
-0.290264891370395
-0.233632930619853
-0.0910427553554161
-0.210957715038413
-0.183464038424455
-0.157953768751278
-0.183880747655068
-0.255852937097986
-0.0858707406791605
0.0372810918574822
-0.300703299214981
-0.16193733786654
-0.118644048636458
-0.0724747385761903
-0.228978293001899
-0.191425537350045
-0.0883691370451801
-0.274376582371301
-0.0806500957686676
-0.111151720918576
-0.191037925989741
-0.219605079290137
-0.0664657797951716
-0.154536827181038
-0.195501130998403
-0.110865529924921
-0.175754900920566
-0.187840059316345
-0.0375587657864669
-0.0436136122351577
-0.159901123531869
0.0059676750853078
-0.0562110254988106
-0.193401727728097
-0.207164745752
-0.109472917915204
-0.169706244461295
-0.124114766670538
-0.145229091541189
-0.0900637467590065
-0.131164000758349
-0.0242015165526854
-0.164781293050656
-0.298875253612237
-0.205957153446962
-0.12291094838132
0.0535495418776492
-0.050194239480172
0.00304080684495578
-0.245278467171744
-0.17421981107066
-0.202018297753671
-0.105302604504476
-0.0351367331403328
-0.0682556367405893
-0.258577927430987
-0.123019934175837
0.107291325809092
-0.00248219387646684
0.0534312300475809
-0.0892531782677548
-0.045197475416662
0.0891577388294035
-0.0385420020072324
-0.150390382283634
-0.00551438492209274
-0.0532078505856602
-0.141416470655577
-0.0663215763634431
-0.128251696768456
-0.0399996915014185
-0.148847103197233
-0.0696090723372289
-0.126919876786428
0.0120089267697832
-0.0209606985590521
-0.0933774724019008
0.0779445392936857
0.0182804572918948
-0.222541235305208
0.121944010342984
-0.0482752466986477
-0.093128034000011
-0.041373323306795
-0.0760281729333855
0.0303060449974077
0.0173772850675502
0.0561186591232759
-0.0842911706720518
0.00084163275215558
-0.113499390739909
0.0194323635940592
-0.0940557652253203
-0.056773078049375
-0.0655672401536827
0.0556659732107174
0.118712645193636
-0.0838113218806516
0.00376519015786128
-0.0533754598234166
0.0675341955855725
0.0371141803709108
-0.030209297460595
0.0809827362641421
-0.0597385337108089
-0.170864184870554
0.0536823637551207
0.152379002273494
0.105781542928358
0.00999800647426254
-0.0501799021067523
0.140947038164847
0.0150903888256183
-0.0169492831479962
0.0226792434259201
-0.00541900475318516
0.0960072221782874
0.0722602666242945
0.0108019228374794
-0.0389002321514206
0.156873905141194
0.034882094917933
0.140252147546681
-0.129327227234502
-0.0716671314522651
0.0884918654672222
0.00570890177168347
0.0188335247681841
0.082629317793244
0.00158108844427886
0.119188928508737
0.132901960757918
0.205899850290291
0.275228081234529
0.105164038141273
0.0553185061363853
0.108320125327923
0.0363885482166561
-0.0269437785016222
0.0712157792857387
0.0820709894446566
0.0736136602572379
0.0839817647437061
0.160609535490775
0.0869875999702411
0.0259324744094349
0.208200485195008
0.0524419596972066
0.0248230808111167
0.0951866892887624
0.112775400970811
0.122726589334293
0.201275212164798
0.325212381642954
0.222853850793483
0.145568897333189
0.18949851722762
0.111816833425764
0.172384619152809
0.324124299202244
0.12266890005857
0.0102660146899176
0.244673934658787
-0.00984190464216969
0.171225251744787
0.0955930527746501
0.172154315824297
0.171436864046835
0.0967583015215218
0.224912558437323
0.0690504262364424
0.0938106498744824
0.204353805000497
0.0283298089162556
0.141470850504757
0.153355293952096
-0.0982794664111292
0.0379455171996695
0.0671324737295791
0.232417251638332
0.215440801068499
0.180876438979343
0.116572613581384
0.146995572444451
0.294172777929439
0.134094484738963
0.100377299867855
0.201308598668006
0.113139714020352
0.136264026102252
0.109649355510727
0.14282288996618
0.234425322738817
0.190694359933503
0.0760056153757701
0.151908818573902
0.152096259413667
0.0322788396338772
0.320455385367997
0.269755277630279
0.187431462967221
0.0124419341735709
0.263527996400388
0.240996913572028
0.265781446659448
0.224787060561849
0.308312345084789
0.209203082440971
0.226195817571245
0.164840888739727
0.211134555785672
0.379659187551008
0.255583931713465
0.181787288385587
0.328460362456822
0.209513091707633
0.170438177895241
0.198006453443729
0.0182518669958978
0.186938114595691
0.221457132903361
0.299949717159619
0.257684431493071
0.357756565279615
0.210158612911638
0.396779196146368
0.332744873199421
0.345865327077791
0.344302283054884
0.199100317894595
0.295937912302781
0.295095152167527
0.204380036228132
0.361583524271369
0.250422958201131
0.220736287423535
0.328506024929205
0.131298199276255
0.248338905995994
0.39040078239738
0.27391381296649
0.198843645407522
0.301573148369508
0.309351345267673
0.381365191952446
0.352394569442688
0.15148232001233
0.443019257734277
0.312433388031735
0.428873742164497
0.320632503878366
0.261359977238321
0.297313481330117
0.27753648599601
0.283181047986288
0.486075707108143
0.263990557831353
0.4043395278466
0.454917114540877
0.185298920886119
0.276950336752194
0.218294734081134
0.234618977784687
0.348791674126933
0.237370606131205
0.253658578366352
0.333203475625394
0.329571494786256
0.397666422330382
0.343209400184246
0.463266068322641
0.51057128966531
0.332946174762642
0.350676231398313
0.382331468492764
0.516635882891272
0.30970920541725
0.447605836147092
0.235791471821869
0.120958166604538
0.437510842135986
0.427700455666499
0.317769916595723
0.22749428864919
0.443113324177845
0.299972944307965
0.442155787951969
0.252298258221896
0.326624433969087
0.391548533365315
0.49466942304355
0.404444782639246
0.341134519399324
0.323230534079172
0.332334432977967
0.318083887676558
0.426756391577404
0.448649327579616
0.491930653524609
0.292189717784294
0.451848494927437
0.399013681681695
0.267133869916983
0.510557264062583
0.542555347847981
0.407593257159443
0.374205668775228
0.451645465312023
0.473745860620884
0.356741847994247
0.422581929313081
0.388833643204998
0.531183415633625
0.551639634472516
0.564207374694185
0.523680597004828
0.389615036935586
0.472983270270869
0.579135670007567
0.541817837821002
0.450947346420858
0.356286752095453
0.438300130150855
0.509456734913269
0.471898974126998
0.512466557531959
0.51736921752
0.475433843683374
0.332590606276356
0.454965357544964
0.336953833839594
0.530957822913384
0.442791231491926
0.479338344618593
0.485890052373348
0.4544663021643
0.488049228108623
0.525086493427449
0.450656436427946
0.431428933368626
0.546082385319638
0.427504762121282
0.545049110559109
0.504791960809941
0.466367072742621
0.436784892730105
0.369131568738436
0.57964667941373
0.599753183296953
0.470164905927733
0.438849163391252
0.462445813915071
0.529661517837341
0.499640843802396
0.540014510124836
0.553121341565622
0.454879046631493
0.588278764514304
0.587193362284955
0.479789470035842
0.636928243554297
0.354477456925072
0.47795076248841
0.638728513063504
0.580676026805793
0.439455476169445
0.506575119673111
0.573840910831899
0.484220913082221
0.541218883027494
0.322391932671127
0.544917187376079
0.512106636613693
0.588722456674964
0.516889998025228
0.673728715346427
0.677965513192297
0.577276360437106
0.477049118884703
0.490900604057685
0.620745685166051
0.40953467559388
0.467852488627546
0.570533299598835
0.591758460004897
0.567128095911703
0.606436837000229
0.575173971223652
0.419418815496006
0.592617161251113
0.543453660512612
0.638085356564919
0.582640176791503
0.657735464312005
0.63325234621309
0.672781855354019
0.659257482083147
0.629628322920303
0.688037871745134
0.685662636439601
0.51398718824217
0.768997263593644
0.604700935141384
0.708440542320618
0.699793758279523
0.631488808558301
0.646064717094772
0.742591051693794
0.832159555535451
0.477119336752982
0.620249966567254
0.707769999051367
0.558828738494456
0.610928237270671
0.791373675763658
0.578306088646613
0.636425436832391
0.713794437477624
0.713580744644845
0.744248641210452
0.624447849571175
0.63687912138545
0.576815460498067
0.707361805537802
0.715488133084762
0.654615747261974
0.675541326456064
0.721791427212823
0.552403704342956
0.633519009268085
0.855594044215501
0.631301161180851
0.572222286685012
0.670033898904494
0.73670106758516
0.564115774274373
0.803074239185677
0.736021761840628
0.704403095233063
0.714098649446795
0.75276625558694
0.787786311851129
0.761205332907755
0.657748972869531
0.687456122986166
0.71449602066721
0.688527339531998
0.681005175440608
0.740639140958994
0.59601746091723
0.821764578545688
0.806834676973469
0.79198701273711
0.767695254265008
0.824624714730082
0.793898229096103
0.821573816269144
0.77937401142093
0.803187393675423
0.688948370973556
0.701329192727738
0.726690307843956
0.698404664012117
0.699716305537418
0.809357442007789
0.835323076071451
0.728703337112161
0.803733560220348
0.608706273220855
0.755102754046607
0.811350132001774
0.820240262530983
0.741943623281274
0.781765050445429
0.740158972381013
0.751456951827925
0.848410130345139
0.763449481831537
0.784169883475622
0.655627895325894
0.766959570677787
0.580319840869417
0.795514146821918
0.776922612227787
0.777180470911405
0.759527415806866
0.807530188137213
0.821028830751514
0.789274477254225
0.495785305697304
0.910488223961842
0.726227166594069
0.707531506610231
0.874125136289677
0.764254448468244
0.610462452871275
0.589636192235972
0.834515766083227
0.824837759620848
0.849852188581457
0.686431215215583
0.721282696668136
0.804613806252355
0.834789750805205
0.746626086276034
0.713963426790342
0.888760282912509
0.885754864901149
0.742573440521905
0.940460654019079
0.832777673599775
0.724568350985942
0.90785693141349
0.929853535543317
0.750965591742348
0.943382565912116
0.782072511145459
0.655863536489426
0.918383854087362
0.969004042663541
0.877681405128168
0.856370122609223
0.869844964233429
0.815083897198592
0.917602314999236
0.843662029389069
0.750498333443801
0.912499665192419
0.901566629788295
0.873539150058861
0.90925470312114
0.881004641210136
0.923634860929749
0.875307919749416
0.99106585114425
0.809188647855144
0.976985059923272
0.885181106663494
0.867903484384728
0.844061497685751
0.911295703345008
1.065361239731
0.933670472711542
0.901059476460948
0.859364381452212
0.955323081417688
0.95185030473654
0.826992163094411
0.941046054973631
0.781820304326287
0.940403798039785
0.953586667599884
0.963098009953483
0.779944630137111
0.946657552791126
0.926870766823616
0.876043608059732
1.02082663855842
1.00060557908712
0.689227500481595
0.993398170798565
0.841880798231333
0.809263746560543
1.0824553590548
0.926711060804803
1.02926717046486
0.930459989275189
0.779701266565599
0.778551924178033
0.994365890540257
1.00035041572495
1.0350199506515
0.948496394862593
0.865369559306583
0.959364947318239
0.95493868732455
1.04550651081932
0.957984812812569
1.14961490420585
0.942960258615633
0.991929012823038
1.05409227517282
0.885986278793462
1.10285836674892
1.0622140787245
0.874001693570324
1.0112165332882
0.920787017860135
0.973334852623634
1.01835188559045
0.980886898089729
1.01448311094496
1.08060187417451
