0.0467080347263512
-1.00398328572169
-1.05543082785147
-1.12947019700371
-1.00856964979806
-0.853205268038176
-0.933991562125792
-0.988468155435747
-0.889889168608705
-0.942273096532938
-1.06878240682616
-1.03930719115369
-0.953391773334778
-0.951064118160163
-0.930828326880536
-0.897325873304558
-1.14766510017236
-1.09113293426177
-0.935938394342551
-0.94565819681819
-1.04442264093999
-0.940165525627017
-0.91647537563529
-0.980711184474996
-0.891037364292996
-0.903888475719624
-0.956769776604972
-0.968876237004042
-1.07596263408998
-0.833843711826335
-0.993202375577968
-0.988223671579151
-0.985601685277909
-0.924794654461011
-0.955032761478587
-0.925573233867079
-0.943854648473105
-1.02665125854878
-0.910011742611325
-0.820951452094975
-0.842071859161181
-0.886454215361392
-1.05476146945394
-0.955075411684243
-1.04051015564273
-1.01582881558384
-1.02346215540444
-0.798724911191068
-0.889830621102594
-0.886271151759354
-0.920755850708489
-0.987400296364628
-0.741983983577104
-0.902774154985506
-0.81353702421438
-0.842822817628834
-0.950711885908049
-1.00183709682338
-0.894229172600806
-0.840447001991916
-0.946599867226763
-0.821017089841236
-0.722412992225691
-0.846487372839257
-0.942548942443712
-0.709780127069591
-0.826159779818988
-0.864787594251102
-0.727212794669294
-0.75097560623265
-0.795924152246999
-0.797145658758862
-0.908355320983232
-0.838677675769021
-0.828569035566463
-0.712842410263799
-0.91694923475552
-0.891372614849616
-0.880236113696513
-0.984030408087228
-0.910475110555163
-0.850006167167103
-0.877100383373076
-0.723754733809502
-0.77119689352102
-0.83412903926588
-0.837424476479507
-0.688549777615877
-0.695037624026945
-0.919023307014358
-0.724784972040848
-0.827904274850378
-0.715302211727314
-0.992497855631862
-0.838401339699534
-0.828066727223732
-0.821082563972532
-0.683754179073558
-0.787519849225702
-0.690365953737188
-0.833269556454774
-0.745105406522183
-0.841652574221051
-0.82387028856764
-0.864168526116607
-0.749978973888469
-0.691640079495711
-0.708933381498092
-0.921198181689052
-0.804832133029469
-0.92323311406976
-0.703303229253011
-0.777795409878664
-0.732385456557906
-0.832849931968117
-0.810750958953346
-0.760924395038544
-0.845866282858709
-0.955270919854116
-0.664760155262268
-0.819848979378373
-0.853293497926574
-0.846675526320259
-0.692365149692677
-0.732573164814098
-0.679443197939891
-0.784289907555164
-0.691866100356481
-0.736965168109297
-0.942316932786355
-0.673888634024492
-0.825227690941799
-0.631683128651944
-0.727760594176328
-0.677726792994551
-0.736942388862084
-0.789224048526196
-0.794019774534789
-0.734306212743166
-0.681877008223683
-0.639144746916974
-0.855069753151467
-0.698870733163715
-0.776893612294812
-0.78704076908628
-0.737049556527661
-0.675064934071023
-0.759078265233222
-0.764176353387728
-0.805958778821461
-0.683875256900471
-0.756846070781616
-0.767849789983827
-0.625995843959152
-0.797278064677886
-0.648661741364148
-0.656476818753108
-0.633909596975466
-0.738188707027057
-0.625754920670906
-0.764307788911469
-0.619694583470148
-0.61624575104161
-0.689573060678644
-0.663416874769074
-0.832323208167134
-0.435246100985935
-0.562088532707514
-0.659261497735394
-0.640445990914044
-0.736625367811953
-0.665129242803741
-0.597940679081311
-0.69480683778377
-0.648838024910555
-0.569516047769716
-0.585727122338902
-0.529820504239622
-0.65758780542898
-0.719971780628508
-0.689125321623584
-0.521630522668161
-0.490067998292819
-0.608585884452934
-0.648633999662187
-0.642576824958853
-0.57694325579023
-0.523220556470121
-0.501319967849523
-0.664562377384911
-0.701325537962665
-0.610161923413989
-0.67008750092193
-0.614663575969395
-0.572668707815269
-0.611085904329781
-0.671777754359379
-0.764345186129993
-0.69280985719702
-0.560733434762166
-0.657523075498611
-0.663190784345725
-0.64064221557116
-0.440993534463027
-0.526734188109479
-0.648620907732498
-0.569368877170225
-0.623301014678927
-0.711149221985097
-0.508509724292674
-0.376441056936252
-0.552932349314577
-0.664704867743127
-0.529159586085515
-0.709906083833026
-0.730703906338996
-0.512172752455135
-0.707172926380126
-0.528751788421763
-0.612785582301341
-0.606459165205997
-0.659591551063592
-0.433479027701888
-0.521059852378197
-0.598937405418961
-0.521101404570273
-0.340408464988961
-0.456098954762572
-0.668259285432699
-0.601546768700686
-0.37800093467347
-0.585783080454138
-0.533225579847945
-0.654891973164121
-0.526949241590693
-0.397024802027855
-0.596104770321076
-0.514639777825873
-0.625166047772417
-0.657016615358752
-0.597881372793051
-0.512101135412526
-0.465579169719046
-0.472240036417892
-0.3474406011874
-0.559391327028327
-0.500177118016557
-0.505967613144596
-0.690888458740108
-0.420226160617859
-0.596709225769003
-0.620781042964834
-0.533047618407707
-0.409603323168201
-0.483840407577975
-0.47225798465644
-0.572914979229614
-0.587206973740756
-0.607972486250498
-0.432023994688586
-0.545056368619523
-0.552535686665031
-0.477978621910579
-0.511685177446736
-0.510187450505923
-0.403192586379187
-0.474516264356047
-0.3991893160322
-0.471983692798043
-0.44928962463409
-0.537167456509373
-0.442029954002927
-0.586299201370488
-0.398784167601338
-0.400620479531319
-0.470476182226232
-0.397322984515215
-0.509457195920685
-0.490060344970332
-0.468190988986525
-0.451648881568405
-0.38122628846145
-0.423250825166922
-0.497866604584766
-0.399857038142833
-0.341899433524948
-0.530625977252492
-0.510326100603787
-0.275185913090801
-0.499051289701946
-0.374411731213156
-0.473021357242361
-0.399096763736297
-0.436885421169585
-0.457235052486441
-0.418234949629097
-0.469215704236456
-0.324494345480865
-0.436434271256272
-0.436468106221537
-0.446624974816652
-0.32651310189551
-0.351049935141017
-0.276956955458166
-0.305370286702581
-0.419598000716827
-0.268721810451028
-0.457033974055406
-0.493527412666851
-0.454594177295134
-0.330187511470847
-0.347325941655599
-0.330450276364128
-0.424239458726123
-0.479458719151014
-0.370283097404056
-0.310049661325753
-0.352610220350349
-0.354506638634428
-0.446777104930422
-0.38676239764678
-0.28249059746872
-0.29202745503569
-0.412546448206554
-0.295997605661864
-0.229520325821237
-0.276315367124514
-0.309098150909413
-0.304390947332543
-0.419604027294482
-0.525657885804873
-0.360159257323926
-0.297207713275482
-0.19702170370339
-0.306114381950444
-0.371056319442704
-0.326970286400005
-0.292517748970643
-0.37714338244332
-0.195669585442934
-0.376219654410402
-0.293234518765231
-0.417742878106244
-0.326003915980369
-0.315656267583669
-0.386550933706657
-0.263415910092159
-0.260096766660481
-0.37390299827222
-0.425870795780574
-0.305234548128804
-0.496865037807389
-0.295649061391082
-0.267863672722791
-0.191776678330162
-0.237286183760232
-0.332940493207797
-0.415101698523107
-0.266128374872131
-0.272199024442382
-0.341075216937552
-0.169323085537297
-0.21790636329607
-0.357307139911199
-0.411634091052246
-0.305208136785844
-0.235993368348534
-0.278732946205354
-0.290085651429928
-0.213153068418005
-0.26969788722012
-0.284967944430225
-0.262710608743038
-0.242851049507995
-0.210630785566561
-0.368193387517082
-0.283965935699096
-0.444276558360128
-0.195715516786379
-0.367208859512155
0.0648752557675792
-0.200675361344669
-0.319554265750277
-0.185184534097753
-0.243147238950872
-0.226350498495304
-0.168408336360141
-0.0440880319816894
-0.233267680769768
-0.182956370232058
-0.231841400630607
-0.124141488783887
-0.250064340655907
-0.125293715371862
-0.417611084730457
-0.188021826584389
-0.261458899944501
-0.23044699743446
-0.151341416394669
-0.321608554127514
-0.199016855346221
-0.149963711801926
-0.121425310727014
-0.193458751366695
-0.223826579258296
-0.172738242423379
-0.158296203767025
-0.209364130917011
-0.143967099852495
-0.217340439571992
-0.190070760034457
-0.0531819241860191
-0.328186981929561
-0.259894113967381
-0.148912578228427
-0.0697543436261948
-0.190554053417945
-0.0380616094400446
-0.219425878006765
-0.236018499405578
-0.0482111769537288
-0.214468736470248
-0.21044637763376
-0.138334136001263
-0.119423617287614
-0.179090162476718
-0.063810370394431
-0.114452867268035
-0.0910039824774782
-0.255129562669164
-0.0750191107289492
-0.0333745714118378
-0.163145552293259
-0.190200273452373
-0.0324562698103764
-0.159337952851593
-0.27593615294892
-0.290121907698478
-0.0444416762205863
-0.140462042542003
-0.0923486372389108
-0.237176831587139
-0.12195797092729
-0.122827936091339
-0.127341811370139
0.0201050733239633
-0.0561156658578546
-0.129763112824569
0.0230702370130854
-0.107229879765404
0.0589235506387336
-0.228769085423097
-0.127158638880972
-0.0415659967811149
-0.0288271264445487
-0.048739669903181
0.034696073134844
-0.176354052923528
-0.0464058844798097
-0.117778461225255
0.0429058509818006
-0.175726073101726
-0.0731204605223513
0.00484593468511629
0.0230317028619863
0.117603259966146
-0.0573767954391218
-0.0960575414851694
-0.114620046995745
-0.0472285439507477
-0.00979357661243839
0.0319339466924355
0.0160232401941038
0.059402769990859
-0.0584642231361379
-0.0697873610893567
0.0485327990875975
-0.130891739249453
-0.15663883329555
-0.102432364136348
0.077948780843909
-0.0481525923727202
0.0183634007624986
-0.014113465786399
-0.160578261154501
-0.221277994590512
-0.0311607995845788
-0.0173726087165148
0.15022345121673
-0.0459997047026779
-0.00599256524482158
0.028748142948374
-0.137161176177451
-0.117000749432383
0.0756954470655374
0.159133275696122
0.0703799411523916
0.299953608519752
-0.0184970732173805
0.0168919859321466
0.0103481695690242
-0.157700570312721
0.187325812542703
-8.34683121384385e-05
-0.10648934697312
0.047827378797565
0.00455975299508165
0.143405800283507
-0.0828613812970741
-0.0810296264396046
0.0525417975121527
0.00787137771702751
-0.0404307593831896
0.00529498416333275
-0.0231152109025238
-0.150797905302267
0.0184389286821348
-0.119825838610462
-0.120744898426555
0.0109806187670127
0.171280739920664
0.0868120153322987
0.091774756348992
0.191719862955676
0.0691403598661289
0.095223402847553
-0.04469801083152
0.186364877491029
0.0903624023364407
0.100327209294988
0.0475401341833245
0.209412135860982
-0.0360755985728521
0.119052085119533
0.0764999456503347
0.0648277098984854
-0.00646144528752109
0.0908907764314704
0.104360745260384
-0.0237299260914434
0.0963747238306989
0.0108129012938649
-0.030953154042132
0.162269555293785
0.0983825880586624
0.0523368315098695
0.0848970583849644
0.187872500417189
-0.0147308372138213
0.0314221796942123
0.176955539527282
-0.0272407219033713
0.154441569609466
0.0185007925639017
0.0848625861929596
0.0666651462259365
0.178514054292653
0.00632210838708125
0.0544273658211115
0.165424794665944
0.16015672094829
0.125218498574174
0.193297748450956
0.133654206118405
0.181426452652762
0.109213902276017
0.0998704766937544
0.15654327156132
0.0153143675758189
0.0791924709316034
0.116799226127035
0.202649816703431
0.22854883225376
0.200523327354798
0.189206840816264
0.13949118837302
0.0495920006851117
0.184819893331354
0.0575047084757469
0.133058796442262
0.0161384305348323
0.269377483739195
0.00833676033694207
0.199714452087863
0.0761626091687477
0.356632979078277
0.0345348405231579
0.129389565296261
0.232997393389867
0.27900887790056
0.150784388550204
0.161038911419689
0.242827532351331
0.222364263819551
0.214278026744088
0.172685239938838
0.0643141921327285
0.246574301906371
0.234491309662935
0.101137331962608
0.203610870956966
0.0679000707303125
0.168468773022083
0.143607322083713
0.344723122978893
0.307495203127309
0.226804932399971
0.174138691913394
0.285782428873461
0.0408279778078265
0.123070525682088
0.174619688305055
0.185764421365684
0.0615821238719265
0.200659069988523
0.189205048101689
0.0239819049584924
0.181434794308448
0.266389109971098
0.286501384996612
0.37802080976851
0.181607346824071
0.22955061780404
0.280078924976043
0.378357592102227
0.206564219468261
0.155385067602798
0.238368327350128
0.353654184849494
0.326442844808374
0.171537828683398
0.283047540863057
0.28364825506471
0.0926273512899045
0.333043156974808
0.385598887685808
0.278666979379619
0.269396516297352
0.167600876955113
0.244835324275894
0.215297119758555
0.194870420670495
0.295182273340168
0.298426022626352
0.2952711142659
0.2437207972402
0.385873717299614
0.129480657544467
0.272471424084754
0.384247284312601
0.338002069029153
0.288367965401376
0.446767762752817
0.289993564536646
0.28120499748185
0.378164883208815
0.346421942973303
0.377219934839516
0.238488733277567
0.369411167019164
0.345071467158669
0.238706519102422
0.38287125760347
0.30753935895444
0.33477731194987
0.271739361407703
0.285990879109437
0.330117465559348
0.313946035818242
0.375025962023494
0.366176882820356
0.302876886494925
0.313610389043333
0.389648034337314
0.380488167044622
0.334586323284823
0.177660500493232
0.357538394473339
0.345840128409509
0.261940306838631
0.352930242263417
0.305988507654336
0.283890721846112
0.401818343929681
0.388418526481957
0.434183467018147
0.399857511655386
0.292260125300453
0.265534962636615
0.347906510092213
0.311453772709279
0.319056182528564
0.354998918667891
0.39315401142801
0.331522591924998
0.522254336098415
0.545197907948051
0.442343137331131
0.493458345379902
0.362325929945005
0.433136448598496
0.539361998448663
0.433313688663445
0.499333683210238
0.411401736114705
0.361132012460347
0.455376861901656
0.210617765800941
0.257001783918538
0.402607555777087
0.293826064343622
0.42456382450035
0.538301838425368
0.533868934343361
0.254341778823937
0.52288972306364
0.420406117436142
0.365577236072535
0.422457175101248
0.348906764349134
0.378150893132833
0.301016260728528
0.628028339215114
0.391921990690981
0.64652605062489
0.551598001879732
0.374850788537268
0.431640033557243
0.288857649464858
0.440175700705944
0.483467403892223
0.571777154364418
0.442786359825151
0.523892862110128
0.398454231696089
0.435252208695944
0.468642874589101
0.426032913463723
0.462970536456732
0.320708208235504
0.385470435912425
0.441734614980567
0.448819091393234
0.38406523012634
0.427975947858511
0.585318786732251
0.382483198029966
0.540563324344463
0.540733122119052
0.471707177223754
0.64898071240063
0.466842193487188
0.600322817339205
0.533001477800092
0.6082492388411
0.440983536214036
0.538438361819912
0.472417154577455
0.513340462432624
0.564397826299662
0.533202807219132
0.510988648347608
0.485980253568936
0.539424157261559
0.5495665257894
0.566775976112279
0.479725805989296
0.649721830516267
0.424259505857697
0.511343069396778
0.404513373359515
0.590190152903625
0.567162859689802
0.506254171081295
0.541230229842661
0.64628011710545
0.584924221832513
0.480512992579195
0.412151530333247
0.502414288650825
0.567781583496095
0.678452573773454
0.536915427947244
0.566235338535474
0.678543747656976
0.569783993101821
0.510417669409363
0.706869144268485
0.553504635121836
0.566569144338571
0.694569327923498
0.636823104848678
0.327712085186305
0.519485674981222
0.633162845626257
0.503111968917744
0.704262216076031
0.677379603339774
0.445366746796044
0.554437548696173
0.600453827530954
0.589004093850804
0.492553022465597
0.54339206519416
0.553785631432265
0.717069657553174
0.548302994259301
0.442633789927898
0.662583701202254
0.482276020742504
0.740723577360751
0.711929856477783
0.642734746102783
0.567896993103568
0.681408374720733
0.599283950039423
0.685973931675505
0.655965564107853
0.539120847507671
0.659320591796423
0.733649743190112
0.582851584258676
0.724309915822765
0.645011195819586
0.646854354141642
0.625640682606908
0.75564615052826
0.65813025835169
0.686780490789919
0.673482541227271
0.676315632535928
0.59752432643984
0.731632363632049
0.749066196371526
0.74080914648063
0.764044819180479
0.571923050946748
0.673687431825807
0.628376231411931
0.68998839898176
0.71076775112285
0.80976726915103
0.831281515817958
0.734943053809047
0.462553232339888
0.643706479103499
0.650103550817678
0.693892273156849
0.626889928615931
0.70206986651785
0.674581730373549
0.703579299092605
0.722320987822654
0.739825726084904
0.769823818084772
0.720632116658388
0.826321263879036
0.814432897014624
0.733044939636747
0.675487802961121
0.855058392495606
0.652837764761422
0.634373679313953
0.761187345859189
0.706086486470505
0.574845280129259
0.634412284180503
0.597396783893846
0.666752224247291
0.748093342229
0.687413495558487
0.734918324720815
0.685900282054895
0.594628222993429
0.721333199008666
0.845595778107481
0.648672656217495
0.747837489662683
0.670325220054466
0.729322254038642
0.813955629580173
0.778378212406347
0.846780857735762
0.724599707834488
0.881764553547514
0.732955251001434
0.810634214005288
0.72856694346334
0.830305109613456
0.9249850184548
0.724175540036
0.768811249450584
0.942989867917408
0.906419044286344
0.713323066471125
0.840569981692907
0.858797187681632
0.742330528263535
0.853416563896552
0.809964999881293
0.835078588738994
0.733197028148127
0.723925658008089
0.907339290210695
0.755283562619145
0.680497444544623
0.678364562039055
0.799241653923141
0.984488109648841
0.849507121295433
0.867653116360364
0.851470358979218
0.99465563796502
0.751885431028435
0.752406263616794
0.831862985422511
0.75965122152973
0.829420490918153
0.938521285332977
0.941395750117467
0.847984985859389
0.903974559190012
0.811420446800623
0.762963970058515
0.824826631340367
0.796397010539422
0.769612466928432
0.788414411214058
0.782765001759307
0.867414381774822
0.996191249256046
1.01895434336963
0.93939381561945
0.788904093200259
0.818020789995709
0.890002974865235
0.962899541997034
0.769803916642292
0.92370045829075
0.816145159626363
1.04921262206921
0.879575068001745
1.09644787811685
0.828002126161641
0.943078828530788
0.874155140501693
0.932411661882023
0.869222806974093
0.793244059984039
0.926384734239182
0.980630508247889
0.910489745928124
0.810776267128883
1.16337243553601
0.961012228388309
0.820975546572585
0.796479347918364
0.915111872841054
0.95493290771332
0.684761514780492
0.929745164371199
0.847260586582519
1.01014536662393
0.902009727214839
0.939230912648057
1.06371433497579
1.02664342607529
0.950442397230151
0.97962729284889
0.922666954853206
0.956688220052332
1.0474282721506
0.918437619964988
0.894579865031205
1.00360372718848
0.873606564266759
0.993185585644779
1.04293983242452
0.979903681894985
1.13122983401424
0.933436890579227
1.13893336786854
1.02885274261791
0.947917273480396
1.07288378095052
0.867410836814367
1.08933752640634
0.911075884460739
0.877080120971837
0.948519542864529
1.0955367566489
0.957243208772534
1.0561328929035
0.935989889481879
0.903541177745251
0.95751565511312
1.03589646351885
1.04375093875223
0.977726605797789
1.03489476601246
1.13613513664341
