-0.0671134115648343
-1.07644062194385
-0.950360166511037
-0.899544394223674
-1.01759980922385
-1.13795501956848
-0.914438810406283
-1.00064842088575
-0.945828802878617
-0.979245077827715
-0.910136147973618
-0.867073273361872
-0.942869784794812
-1.01934345204709
-0.967933323509985
-0.960494945205091
-1.03197459750891
-1.08543428237769
-0.973978854510409
-0.98799119053657
-0.871282514546081
-0.953171712824418
-1.17184756262138
-0.949736326869958
-0.888293187563977
-0.887699200739671
-0.950511578751499
-0.983217370534794
-1.00474016765891
-1.11802851523615
-0.961106692828204
-0.854868798060021
-0.909438891031304
-0.904295638787159
-0.910287652216185
-0.872358067130304
-0.845526111269587
-0.947626918424992
-0.844823841650833
-0.843239270778809
-0.835142797707014
-0.90267356198913
-0.874679495670266
-0.931798598863254
-0.944966874547286
-0.812981152603822
-0.901519217717233
-0.916878652280719
-0.885746786599864
-0.887453895791689
-0.94217840170295
-0.890122884083686
-0.869854632873989
-0.910378758713037
-0.980661872737012
-0.863597298622272
-1.06198762238368
-0.87175934463966
-0.949710607772728
-0.955415117517757
-1.00187058273396
-0.785686714344487
-0.903371203278173
-0.841637012201276
-0.745795559437389
-0.727468682489306
-0.886820914212117
-0.834586655980758
-0.851143983485285
-0.655152610701908
-0.905761225710681
-0.842027113958924
-0.838721475739643
-0.946231784188307
-0.885593877134192
-1.02124903186772
-0.868263768095454
-0.808473436908735
-0.902233185181476
-0.819314479734875
-0.775326927759511
-0.8062475565068
-0.791597834764837
-1.07405745583049
-0.731847768016491
-0.797428599114228
-0.839216674521197
-0.776574074158186
-0.993631290851969
-0.777210644935147
-0.780055870628849
-0.769331868428938
-0.930562783312357
-0.63662193074505
-0.851911372036763
-0.80598059278681
-0.739145078219739
-0.862603096324584
-0.841018402707067
-0.799365591536257
-0.790833274360484
-0.942542673708317
-0.868716299316289
-0.954815525913791
-0.755355611499743
-0.837077973154268
-0.635787269056188
-0.861879082100978
-1.02193921507583
-0.834857206408901
-0.813720977649379
-0.878522648011136
-0.77897966496926
-0.703876378382185
-0.8031314877834
-0.855779648840851
-0.743043585663511
-0.789429706141422
-0.672152154077123
-0.719218992774735
-0.766572895287929
-0.642951707153001
-0.77823242072849
-0.645789555634617
-0.632088649382704
-0.771424810127855
-0.60631851104014
-0.817417775241537
-0.746398584642248
-0.667091892181808
-0.841517531692955
-0.68891130827925
-0.907559495121326
-0.719763111232338
-0.753214137288945
-0.712971426894256
-0.809635374775849
-0.816018852361351
-0.71071716804432
-0.746216281238059
-0.569545106806633
-0.619103940460881
-0.73870204541246
-0.69901684806095
-0.582947879176886
-0.592772402957255
-0.559450310515773
-0.753219328205008
-0.664936476972535
-0.818391863469857
-0.725003617146156
-0.639154455021406
-0.762869361577465
-0.824944066544162
-0.64644513533349
-0.665699018931198
-0.696813359103356
-0.75552606514202
-0.680378995728508
-0.59476933560911
-0.809890781965198
-0.576664005971148
-0.685571144838304
-0.515756583595902
-0.711487774551533
-0.773171902674373
-0.703977913098298
-0.569091897605248
-0.560602837769434
-0.695765150724025
-0.674983324238301
-0.778000783499505
-0.610622367113026
-0.643098537500743
-0.64181958272106
-0.67869866252623
-0.77137594331369
-0.693100458701327
-0.848565811989193
-0.635890634219804
-0.570558207056688
-0.806843115574255
-0.681264711244436
-0.603352317794852
-0.56108564630614
-0.611641438114419
-0.6661468906984
-0.614039460166459
-0.612883529833168
-0.567983275522827
-0.784433567343634
-0.615330170369829
-0.6325816413228
-0.690730577244486
-0.547700795459746
-0.548595586998381
-0.392803116939599
-0.613418690165437
-0.758841645812107
-0.747803523726785
-0.588829910442926
-0.774009661941854
-0.466556249885718
-0.623304659041709
-0.569215331954922
-0.520964718679153
-0.556813495440147
-0.750086363385706
-0.6442233950957
-0.47952825123783
-0.644182752913541
-0.482441122970448
-0.713484095426118
-0.537043001233775
-0.613584121819807
-0.542199605789986
-0.50966214724421
-0.515664293089183
-0.567107826566672
-0.499816068281553
-0.656516395212386
-0.537816688092278
-0.620931851564646
-0.548286242322043
-0.662621117247864
-0.539157141035647
-0.539248186886179
-0.473233742625948
-0.687968455324958
-0.772658326021366
-0.612334661248655
-0.594211043758311
-0.561744339084066
-0.493418196865408
-0.65515661501211
-0.530428348147608
-0.478636980118482
-0.443895219945042
-0.59691681365258
-0.52476312531006
-0.597498970537211
-0.348307708621383
-0.479524720314753
-0.475699430604263
-0.552955002662689
-0.598606907154587
-0.512808474801426
-0.507410641094975
-0.362001409236392
-0.319867343303231
-0.469514067857788
-0.481863050365333
-0.502831328025131
-0.527059525932543
-0.432759748164382
-0.544946052931292
-0.429329219938311
-0.573253952408923
-0.421869051088055
-0.55481397124041
-0.420184745601006
-0.488032505584537
-0.313597700812573
-0.510259065653474
-0.41323754675683
-0.617714529588202
-0.599545895812152
-0.521624364460218
-0.570365338441938
-0.436226955546858
-0.423088690451606
-0.466350901308496
-0.383597092394122
-0.532464142703547
-0.49528933168824
-0.490576566465823
-0.557126415225403
-0.361184099335795
-0.446826554842286
-0.338727287321241
-0.513700333496507
-0.56502541994392
-0.416131570951322
-0.49423586797298
-0.489178330617954
-0.413687527172309
-0.405969233287625
-0.398861515965901
-0.422974720709951
-0.329430666031286
-0.361472509254908
-0.61652192842252
-0.432116749524797
-0.506117295423663
-0.426192256594042
-0.386795510106038
-0.401553081104866
-0.363446222855964
-0.467458180924605
-0.429517524132092
-0.411843926062947
-0.337381321156692
-0.433028738487394
-0.510642309664178
-0.476974503147058
-0.387850273409789
-0.265812379509901
-0.376322681177913
-0.298184159319003
-0.269111468228
-0.440320153313025
-0.32849533985519
-0.311381936383686
-0.445631420941874
-0.504415406529937
-0.465088219050053
-0.216855518316872
-0.283382166801948
-0.265886039097328
-0.401879260416681
-0.421473023579555
-0.266284720978394
-0.34032106787743
-0.434315924867516
-0.461625148342868
-0.428474840322701
-0.404933525966696
-0.422987093022929
-0.416348561027121
-0.411637912617632
-0.175522897135852
-0.383108559175003
-0.309793147268986
-0.309343928404243
-0.410532333562665
-0.304460887221798
-0.443012676218373
-0.280931137906106
-0.194710980744197
-0.327345942118929
-0.403713166158906
-0.500670003074399
-0.354987678464887
-0.329650250995035
-0.372804292660494
-0.203692110570786
-0.270491756657261
-0.362539950752324
-0.140045912346358
-0.193048214291993
-0.361772651662593
-0.279124748715302
-0.200279546190944
-0.136208507268206
-0.417481295202192
-0.356593158044027
-0.157210330660767
-0.241375884020209
-0.254304837609013
-0.378026924075083
-0.332505082993808
-0.264714825131325
-0.354432237342689
-0.185917475449184
-0.24397506182688
-0.277402959436159
-0.197992734617713
-0.259461165824709
-0.139420869750345
-0.193913949940847
-0.257674336700372
-0.0566869899706158
-0.351900094672907
-0.230201711570679
-0.145487545733485
-0.22435078513143
-0.238634696603744
-0.349175796699184
-0.204996834509918
-0.361156023820442
-0.110863231503619
-0.226362922392594
-0.200550129966358
-0.320193720143917
-0.259491659675575
-0.188131882463415
-0.278642149007124
-0.159153115059097
-0.346282347664283
-0.106877652728259
-0.226375378418994
-0.150763857934709
-0.143483090847136
-0.118770887257924
-0.294142808998951
-0.151115639134539
-0.370821996267676
-0.248410192250145
-0.296444609418894
-0.22836253488146
-0.0255876987254611
-0.370966585251928
0.0965540503304677
-0.242869605457591
-0.171961566568798
-0.150973695160898
-0.141074446486353
-0.105553245146425
-0.0713934681959494
-0.0543239764979896
-0.0816998425978562
-0.227941498728001
-0.114670853764414
-0.0719393541270875
-0.211016437410678
-0.0497894948578711
-0.263587356800927
-0.0759400195594956
-0.0626978905453637
-0.143620226264173
-0.0679348646745849
-0.0829378250537824
0.0288679363257556
0.0107543730243995
-0.107373372999415
-0.0887094332730557
-0.262713467449582
-0.0547082860413848
-0.0577645496155218
-0.0741132708144908
-0.170442849159749
-0.231145583452676
-0.101431234968619
-0.104415559257969
-0.120077713511858
-0.102568605115798
-0.272165026766947
-0.170104108594755
-0.0883900967429827
-0.25305521945792
-0.0578874914437014
-0.285446015408029
-0.138093352128906
-0.0819662622882197
-0.102360263944599
-0.215971685533468
-0.144216342615584
0.0102977883653111
-0.0939509317535409
-0.0378306619577959
-0.154140821740617
-0.1036664246573
0.0437170773648248
-0.139713754178992
-0.177561372280399
-0.024087735307556
0.0170400159705126
-0.100057914441348
-0.017769107111113
-0.0154570266102544
-0.102540803091936
-0.100253116918254
-0.141797160667896
-0.221262000246263
-0.0919702883510641
-0.122943443715299
0.08507289079249
-0.220776690928115
-0.0360578951743255
-0.0730194668538345
-0.146733690771619
-0.0843059234118776
0.066702206097716
0.0760833079514414
0.0495784700385758
-0.0867844733135346
-0.0346266577571598
0.0378009066183393
-0.180724380462266
0.0990524769667172
-0.0387958414949605
-0.0680293298354446
-0.107942672646553
0.0624673789466878
-0.0253744487582611
-0.122016175310671
0.118528151183961
-0.0698345185608001
0.0290067286861244
-0.0997196651242652
-0.0496150261291897
0.107460396252294
-0.125812334407354
-0.107843573695967
0.0462537487741406
-0.0432005900218332
-0.0432701322266496
0.15970153428739
0.0336887498429909
-0.0831173773775819
0.0765512391665115
0.00835047793819372
0.105908365627503
-0.142114342620794
0.133540561518359
0.00388282421787996
-0.0508830234882362
0.225365060713612
-0.0508507453560677
0.0257766159241597
-0.125648488892121
-0.00572428147695563
0.040729233929727
0.0678685952521817
-0.0164992326339344
0.00370129425291993
0.0496802249778763
-0.0680536635053568
0.18305518989928
0.194895330505728
-0.0489056074985837
0.0487533416280418
0.165134395868732
0.0841314316411439
0.0259870344173573
0.0381523339168168
0.16209533386849
0.0519768883116293
0.282676977090144
-0.0203766551370333
0.0334875375346608
0.0674368924925703
0.00954731816527594
0.100908256191339
0.0974248289059913
-0.0365896804731241
-0.0220823383157322
0.163499152447233
0.0811648153336755
-0.0397010724954692
0.124178277847117
0.182465594780423
0.194139958945861
-0.0296145001431701
0.214982679409381
0.0781862139163211
-0.0355367361306747
0.031872454916819
-0.00453186435859725
0.200388551638329
0.121822004429927
0.00680298892612622
0.247089967740994
0.00777061596321509
-0.00340644588168894
0.0740345940504561
0.0957392845922854
0.0458237858953355
0.0172750160919296
0.0887622153867218
0.104025355365743
0.159268430297332
0.124371986543946
0.0370665767577857
0.115130079184402
0.212772239580817
0.19449566825906
0.261873559667938
0.0450382515969193
0.204466988355692
0.149770077913546
0.227276916882001
0.111180505082573
-0.0117911496405891
0.141719547697422
0.241594007747972
0.262046626895404
0.240649614686509
0.139356328969182
0.279293385162732
0.280340275324034
0.132567126686231
0.128494844951598
0.219106845696918
0.157393476299433
0.124571175327409
0.168177047422597
0.26881338645098
0.313783800075477
0.123079570677705
0.146969578662214
0.0667632653395541
0.181049350814795
0.121924051254138
0.192865720443299
0.196014880886545
0.000165654984663536
0.146173900739132
0.206840621758951
-0.0386850508540042
0.228063408425776
0.0632634335072913
0.221389509838381
0.193785677327036
0.250701103729914
0.305912436231854
0.0968746702057599
0.233438885698016
0.122798186943025
0.261433047887817
0.156647271905543
0.348812994770128
0.286146497701571
0.152500626481674
0.207711574996289
0.353655278924973
0.304276698228485
0.0898845565482934
0.292252586826942
0.322155828191935
0.258043578420451
0.261401760375007
0.285834452667815
0.320810248810039
0.224657456401561
0.263376157192486
0.226781203349872
0.274459953136934
0.297907514811692
0.278706701477467
0.11111752165489
0.342272754116457
0.288247555896713
0.381536927596258
0.368368631654197
0.157562848602602
0.377979420923848
0.172543578189046
0.253761509886752
0.302681753473299
0.389488101352033
0.24223768320732
0.257872554344772
0.305245423959309
0.359682508722075
0.481386038663633
0.490137888051755
0.151629129374538
0.366862011498857
0.390260769202233
0.309981659291907
0.215094209490586
0.131961639344316
0.215279306499353
0.234230499245604
0.223198213363086
0.409331572350071
0.214299363846335
0.44541283230394
0.207811588641473
0.466600437446921
0.336109158092196
0.290788829007691
0.315339700081425
0.345121514971554
0.203788055554695
0.0917250273312128
0.406771723197034
0.382020468913221
0.33577171346738
0.423586966310015
0.357148199549807
0.293323396840437
0.490509926551742
0.168267718882205
0.444033276280497
0.416203588523951
0.185116090394144
0.438023464641551
0.397941797613982
0.340286317078484
0.249748784817948
0.371469454340474
0.501064875189776
0.292600255139046
0.344857779453193
0.432129573650362
0.416271608744504
0.30628836238958
0.376746530549533
0.523735307972322
0.28544783610708
0.332328764075488
0.348586805165017
0.513075125625609
0.305171576458574
0.442444566181419
0.359028366867756
0.390728042714227
0.334214152137717
0.319288226752077
0.433731191199042
0.460011813878298
0.502748330590793
0.453389002134879
0.332066490877865
0.35521828948003
0.396203454252843
0.473255049062363
0.36423446247333
0.49987278646428
0.457776366982487
0.338514748054465
0.395518477736729
0.340180502793003
0.487622713717265
0.434029675904873
0.291613076746408
0.599050241515497
0.316900741034026
0.455550641036086
0.491943027219786
0.407396124029746
0.429189148219724
0.465168939661546
0.349320630037761
0.483408172135235
0.466059912653575
0.437959128575556
0.452078381699589
0.53462130327994
0.476793158146519
0.525733072456352
0.373827716525245
0.492990290716901
0.514728131907144
0.576008439189338
0.315017321383841
0.484578923393459
0.39177827044822
0.610196836960588
0.604203424498354
0.499689545386164
0.521991222302646
0.486568879715016
0.520079968674589
0.485745788446535
0.524644682168462
0.495857380523121
0.56012035120594
0.523487529508529
0.413866281912482
0.52265837260788
0.446146245006972
0.524229160236203
0.51670338849473
0.345987063551141
0.549792027250209
0.425557503562097
0.480958549139165
0.324509588291931
0.388571756082829
0.534280621350452
0.660789217874441
0.499233219853142
0.498507267874655
0.485090941558525
0.481077828537886
0.592596922135196
0.49867028572651
0.618065038624696
0.464679059283326
0.804770512523364
0.462295677482465
0.529362111050063
0.517548641128503
0.506806442796538
0.691877254161206
0.543714994303659
0.391031995011671
0.577910495244758
0.562758532105309
0.538224298983003
0.490532873016458
0.58870157008941
0.59275571442149
0.741674452593206
0.649418091232971
0.516990705821546
0.430652689801599
0.694320899240495
0.512982371665908
0.610183466228752
0.650497354394687
0.529379474624726
0.472122587802697
0.628981135928107
0.565572236477532
0.54924545194093
0.696899695047244
0.62915135445207
0.659262212109398
0.599581544480221
0.762116840416591
0.760036901563767
0.597685969775324
0.685645787867352
0.653149254016217
0.483515376275984
0.710025069178023
0.517048974474671
0.5757145394703
0.666368746167881
0.700436619669077
0.62722490494907
0.562950457214174
0.829061016439
0.548602734339337
0.667800513954588
0.725536042179614
0.688249612680731
0.645125777437736
0.600305921420757
0.493092851657954
0.733066010074366
0.676744108756723
0.640133942284189
0.568345229612305
0.751057927172088
0.597109077830982
0.813580872033344
0.659098515002293
0.730637629944166
0.561869268008747
0.451633359406113
0.690682610247804
0.798544303386809
0.557128760297895
0.75816362707953
0.646185101471534
0.570170591080998
0.733113885809978
0.525763709851539
0.73359863795062
0.796523348521714
0.733701656340207
0.605864114867008
0.818460045680383
0.85982149255422
0.545295025874111
0.689543862055897
0.568891422569713
0.705592167563429
0.776034845794389
0.772626002084918
0.810006913316097
0.800912946452826
0.542710678483364
0.70993481787778
0.54234240149019
0.722922364031084
0.870877389230228
0.869369427309358
0.723247026899638
0.760502295231107
0.718175111739323
0.644280566791189
0.849733204115604
0.770377603430837
0.597220605274355
0.912881697410529
0.824598075493527
0.758478501112482
0.720264268461508
0.75123680085184
0.756667887272232
0.75605144019414
0.70999510622722
0.759563346760271
0.768171963913297
0.830308472910528
0.875627588130545
0.799270460078388
0.744716484738157
0.750400853281032
0.696155021217571
0.716299534737994
0.767926459331058
0.755733755104236
0.706982476486752
0.796262799093687
0.837058143656081
0.923207175659411
0.682713270731723
0.983374833992017
0.713705170088932
0.854750772864264
0.689074104379053
0.730321048005241
0.892895703749881
0.941541679492015
0.828085419449008
0.776559075498366
0.832426717037688
0.660552457618397
0.728904710043417
0.673655518022402
0.66995850082695
0.733959539433326
0.860773972951945
0.766969052466041
0.826647700126156
0.826894532100043
0.759266656364033
0.786662431662991
0.7285704831959
0.722144401361318
0.915776192886124
0.648554831986883
0.712897832939022
0.8825703261676
0.930044753977733
0.766738673521006
0.803866171376536
0.937370925111501
0.96853791141377
0.919450474341518
0.781101350679235
0.819884310721749
0.890468757020822
0.986826544260057
0.92865166135084
0.91956285965264
0.785815674964363
0.859193337783489
0.757813709835142
0.921613161414062
0.912216516287998
1.12760669549868
0.780328929559417
0.847981305650113
0.930914308819271
0.875706970527043
0.853422581412832
0.988193676822976
0.896856150097678
0.737743591655818
0.855996522734037
0.72104477281744
0.983344869265451
0.783886580210098
0.909025924536278
0.987603648579962
0.763344957854592
0.867115062537826
0.954081422723815
0.927506777290419
0.825499770139726
0.946935412018691
0.773592390996189
0.973787958226627
1.18819424999347
0.994172807591818
0.961908591524901
0.990596432415036
0.874409586910343
0.875808641892263
0.89978410055936
0.902466974952913
0.888329851544739
0.904745961211381
0.883031033901817
1.00494307591891
0.986680123380586
0.978157064577109
0.994364394345503
1.03990238917434
0.782419028996904
0.915174906511027
0.968899716555291
0.894816231808001
0.941955459752044
0.971756206116785
0.986116565765332
1.06394948083261
1.070938275149
0.872673358052307
1.00315024782668
0.902758694492003
1.05596297734117
1.04825265610055
0.940318584991526
1.01221641107717
0.844848649328343
1.00234375714142
1.16012029626611
0.923784356355452
1.01276565579249
0.938199401920635
0.929754427896594
0.990489537194103
