0.0709306840707763
-1.0606070735511
-1.0092537870705
-0.927288414714518
-1.06357153354575
-0.833391166032939
-0.995151113109713
-1.04155932964126
-1.05490145080661
-0.814357560558753
-0.846771430217981
-0.991216368497399
-1.06474897367605
-0.838367823393853
-0.863880872007831
-0.918561292268133
-0.987753465411193
-0.849254642625988
-1.08464603868147
-1.1000141665012
-0.869139565600834
-0.884250554636701
-0.936756557552134
-0.944120679692279
-0.938510971710053
-1.05302751462018
-0.859807610951075
-1.13992448701771
-0.856148099081975
-1.03565160661973
-0.859085826266504
-0.847948127955467
-1.01403061248938
-0.969190721319935
-0.890501630121285
-0.843677404653866
-0.943433960257677
-0.894933849351084
-0.897240768021801
-0.889623330586937
-0.914049341961737
-0.821521993916123
-1.0404850890324
-0.849893881674746
-0.86910852063678
-0.891357448962284
-0.903634822577838
-0.870905695493209
-0.792483896424914
-0.861897312450913
-0.794637320814777
-0.834146306819653
-0.87301786050757
-0.919070661920915
-0.873879930585511
-0.985630948648312
-1.0879735578529
-0.757622701426953
-0.882234326487186
-0.865635980187167
-0.838085862172155
-0.978071748667195
-0.866622845433811
-0.884380254132985
-0.753459575984953
-0.790469313792308
-0.686259700677983
-0.889054225152802
-0.842053199331877
-0.774492665759549
-0.828511351321606
-0.896415428749476
-0.949177473731963
-0.736725891317044
-0.877164102518402
-0.812211507120758
-0.826003213792171
-0.850601788386647
-0.751395798501544
-0.93751400030101
-0.846884780999876
-0.897221313111293
-0.956323759891745
-0.913779098987822
-0.732393810847553
-1.06360070999232
-0.765251080445451
-0.860965321999645
-0.662653458418362
-0.842352036272184
-0.900142595619934
-0.826357051542719
-0.733719544585171
-0.895808485625881
-0.780558390772434
-0.688604119253676
-0.67954459923036
-0.982961618924448
-0.761094032464413
-0.743596717206303
-0.876047285833641
-0.75945993814908
-0.911260608292386
-0.841466057701988
-0.815162719802961
-0.790663267536993
-0.811742889465114
-0.939018398905505
-0.822191579706821
-0.727189923553011
-0.640354687007245
-0.764310217547507
-0.826616619174371
-0.741445342083576
-0.736370454839577
-0.716400009082401
-0.874107141067711
-0.834035496580933
-0.735066582664694
-0.702837379076749
-0.803039566047448
-0.74258138602901
-0.78900706908459
-0.797782479224825
-0.80905860351206
-0.772623580543379
-0.614929938963755
-0.724351142346454
-0.871209893485382
-0.696905172860361
-0.639502764727828
-0.754270119023686
-0.660593616111048
-0.568867972090045
-0.74108319578547
-0.637157206908498
-0.815116055169164
-0.796714115218802
-0.684723275625479
-0.649789066720728
-0.7808881870764
-0.787506169800054
-0.859755326457832
-0.739031825461058
-0.679471723640639
-0.642063311462141
-0.696074753890437
-0.607654360225607
-0.766605498534774
-0.702347569905663
-0.662801134584062
-0.713553630107097
-0.681380291890798
-0.649921349793081
-0.818787978241064
-0.68942557279675
-0.669048520546202
-0.658286042626219
-0.669165010205175
-0.643458343361611
-0.561571004337099
-0.48150083733774
-0.613071550640776
-0.740651481609127
-0.644400040133015
-0.740304298119658
-0.642286780191475
-0.805957584884566
-0.784208348304017
-0.527583219701867
-0.637037224286065
-0.621095654866963
-0.761838424117402
-0.687198781294919
-0.543736600914995
-0.748014743361141
-0.589065137531307
-0.481185044801684
-0.826453151102699
-0.584110992325712
-0.546126105602877
-0.618561803833935
-0.79201650371543
-0.697319996250478
-0.593136539531318
-0.585018010035522
-0.472664847057865
-0.688443448625828
-0.587148234850918
-0.671851445030251
-0.700818564092727
-0.674228104016432
-0.76798349255707
-0.627028795186347
-0.587875911323768
-0.778796604654734
-0.59450344024933
-0.579059142411565
-0.585046973331912
-0.464190416853559
-0.397468390330854
-0.613855759904003
-0.588758504196008
-0.699580023045998
-0.630935238182371
-0.646867606349602
-0.549511717501469
-0.658411377007279
-0.635334451032718
-0.640307404892249
-0.62317141809179
-0.497263514738867
-0.673824151442074
-0.603953181804285
-0.484005099810352
-0.509337061860955
-0.519634739688219
-0.52109295789102
-0.605075222321092
-0.677824494523077
-0.416820501622159
-0.62695529870177
-0.589226576363858
-0.478017196419605
-0.441796903301717
-0.518457924769898
-0.519094546788814
-0.681557749976278
-0.49595982819108
-0.446173167237699
-0.584888078338276
-0.496378146145132
-0.594655557877134
-0.455726517760653
-0.531579597598012
-0.441649515346099
-0.490759726384373
-0.318766261529876
-0.475526787204209
-0.521702015204296
-0.554405975951278
-0.594725756121975
-0.617124915335957
-0.604641697818299
-0.370006902847106
-0.63586769310622
-0.498487152069536
-0.514829255682221
-0.477520574969596
-0.497761582051507
-0.493625045408194
-0.468999871525335
-0.55048090201701
-0.491657551614005
-0.401754056180067
-0.535535026543527
-0.547163528365947
-0.596936536579671
-0.451249123095999
-0.53669385905391
-0.399463114481327
-0.526702305775248
-0.601702958950934
-0.358515108625363
-0.483602935729579
-0.541162912493851
-0.455334431459912
-0.524246139270539
-0.4602969059661
-0.458846883757877
-0.556408213513317
-0.376180177656893
-0.469200568685665
-0.437001477012842
-0.501721094560445
-0.479557666707931
-0.506128069343632
-0.503932219821726
-0.454766888292244
-0.373426817392238
-0.426900002346695
-0.560867629568167
-0.429152839220297
-0.416324366237781
-0.342296364576415
-0.427934461274049
-0.492263478875747
-0.362099547955723
-0.45338200145228
-0.57668302308426
-0.416396054963963
-0.39482497058309
-0.441971817889199
-0.277395668159904
-0.359659611806063
-0.499854188239787
-0.356932846523426
-0.403462001611375
-0.352930599201055
-0.416426111857216
-0.388773339550524
-0.607236388865209
-0.414015516299722
-0.357219660528346
-0.338584832780947
-0.476197484585098
-0.275181201688666
-0.47350073817789
-0.472834386928083
-0.404843842598987
-0.448191399041345
-0.223741358293026
-0.360050846491376
-0.412178199213134
-0.247186390952212
-0.291115337899012
-0.522721793932471
-0.325068417473317
-0.249968399663753
-0.377353205587022
-0.0797945622480601
-0.307743744751488
-0.286664725502535
-0.304650148028904
-0.347660137328453
-0.435633517276084
-0.420505127393186
-0.417184519902315
-0.356236090930155
-0.39912596633953
-0.285364334158689
-0.386987062805161
-0.290167355043853
-0.329652391145718
-0.34743665567485
-0.373004696713259
-0.446692878434281
-0.395419818188089
-0.321175014802953
-0.214560407026808
-0.277902211466979
-0.383666217432935
-0.281600042817037
-0.35462171766646
-0.345790685194982
-0.371921933847168
-0.349090327590078
-0.219584198861399
-0.220679807225352
-0.221048241606229
-0.34380847078202
-0.368949938592922
-0.324975856053725
-0.25699480696302
-0.163892674683561
-0.322093504482982
-0.239546843327335
-0.384242636688655
-0.154018959619883
-0.215148910962114
-0.334342908791038
-0.245766747761093
-0.163731996586691
-0.234325638353025
-0.299325207185724
-0.235382577784845
-0.263162718998782
-0.173693854288824
-0.193939824952699
-0.112195144321418
-0.294734564607303
-0.40387292861243
-0.203898383919751
-0.140405263095464
-0.195183243663303
-0.375697691625242
-0.269110241019909
-0.0910827083704617
-0.32830478775716
-0.0576120521881912
-0.203064815964251
-0.233652133395101
-0.239238850863416
-0.25442316227327
-0.325243917174276
-0.252099826226197
-0.308611942899034
-0.320117441330573
-0.194437315768378
-0.122519620614965
-0.277243055098573
-0.277675379163257
-0.215031042594742
-0.271495549951826
-0.0553098123665143
-0.243780076038812
-0.137416397445565
-0.441047378345306
-0.104065182951003
-0.120725992380552
-0.190927694727066
-0.261578648976603
-0.20079870634937
-0.192336794278353
-0.271120092526154
-0.141958622636136
-0.121091653049066
-0.209257085679643
-0.291136045288227
-0.193567536934383
-0.0932903125877189
-0.201750874222186
-0.16770453845639
-0.159109019883008
-0.170776854637253
-0.247085581147201
-0.103372447775785
0.0363909279667666
-0.296408717996279
-0.161201900656865
-0.103885330997432
-0.10248451619303
-0.241998728704577
-0.216437305949365
-0.1221143373705
-0.264273619473985
-0.0779462089990292
-0.0994037170897426
-0.192336117551923
-0.224048295993183
-0.05589722718522
-0.150664716916044
-0.194220515562632
-0.142765577845743
-0.143523975416301
-0.190835675215889
-0.0427969468940269
-0.0557290349956622
-0.182169072461528
0.0147281099707449
-0.0533200528025983
-0.193596529472582
-0.202044779953632
-0.100508465462577
-0.172437336439378
-0.120273047945361
-0.140977373146271
-0.0907812889424741
-0.135874395978979
-0.0441855747199148
-0.164094832851799
-0.289418718714418
-0.208266769635639
-0.122331986322577
0.0390533334048923
-0.0433816148249576
0.00256282541364856
-0.236823869443149
-0.159813832905299
-0.185161624203507
-0.0972310821185817
-0.0397721211516122
-0.053508412560458
-0.270557939828163
-0.119921430977773
0.0993103815341924
0.0275851765298617
0.0653942834504394
-0.0580304604185446
-0.0788517803873941
0.0984008519535348
-0.0276878527657799
-0.156350886610691
0.00313905017192185
-0.0503102863559088
-0.128158141143832
-0.100188955176762
-0.118386701358896
-0.0510791820324046
-0.139855884614888
-0.0926471830832205
-0.12943780504363
-0.00582197747081674
-0.0121961240421837
-0.0765829006147026
0.0862340302851089
0.0160389726084126
-0.216583678814589
0.118885290234258
-0.070503838450445
-0.0917132593719844
-0.0554272605894771
-0.0733860614174899
0.0190062722332634
0.0209048779031392
0.0602345545739191
-0.08684893779237
0.00446735242700607
-0.109150139275915
0.0196528800330005
-0.0938317536195556
-0.0484473219230236
-0.0608506186959546
0.0607468019415672
0.107617183742542
-0.0973309291800713
0.0166028471458548
-0.0495871374608896
0.0785419754970763
0.0625868872617037
-0.0208079184023229
0.0938427694068749
-0.0522713456888164
-0.142529431234508
0.0518020926152378
0.144603798985147
0.102044892292071
0.0270289871710058
-0.0400577806196443
0.126217063779631
0.0368074983361324
-0.0228209671661078
-0.00381183769867108
-0.00645996870319393
0.114667230052109
0.0725934888828623
0.00778868916195892
-0.0403371725160957
0.163900183383394
0.0315354118454654
0.129161023215265
-0.145086600879343
-0.0561983934288093
0.0844739361380963
-0.00675241523017199
0.0261687192229731
0.0965756222219686
0.0101891537893733
0.11559210834786
0.133863207953032
0.187047250352449
0.283346823711825
0.0958287932544082
0.0302185580727629
0.105961336347501
0.0265517891768298
-0.0403716218189378
0.0689869695763684
0.0718694487599204
0.0847085868604164
0.0867753660355422
0.138273032372803
0.0883373426036091
0.0587959532523088
0.214895024854501
0.0416235346134794
0.0301410591589729
0.1013268308409
0.095177013137507
0.140690712326397
0.20433497731313
0.311046485258335
0.21162058410828
0.138679911489332
0.179966262598322
0.141745305450001
0.166086262804906
0.330870507568795
0.130975934234432
0.0353385067642732
0.245982833830134
-0.00209118477710458
0.157541425303378
0.11259461251065
0.162022308199799
0.183072365357412
0.0754659311270892
0.233965939728953
0.0630064386726787
0.0684808813700548
0.194008609239493
0.0225425512911585
0.134226924529029
0.150020661205923
-0.113018017757708
0.016016673285582
0.0723966883879897
0.218948232141258
0.20109072370693
0.162904478977501
0.114221736353805
0.17430206995723
0.321414992693632
0.11688249237152
0.103361229036228
0.209503948633968
0.113491865750021
0.112638511495373
0.09237687030071
0.152562624636041
0.223105747554219
0.190443509625973
0.0663780007055217
0.177863198555286
0.137353536709395
0.0241991603290556
0.331273097159026
0.280254592034749
0.18323424859313
-0.00614911170097548
0.260337459921446
0.264584658806687
0.274689719205418
0.238181966224512
0.286647509196683
0.188007744690561
0.236466756202275
0.149778089057403
0.212917539591819
0.398238852663938
0.245020550465601
0.19131445011921
0.31945511631974
0.206980519069774
0.161491087132363
0.207537242061048
0.0380342685081512
0.174679459164694
0.224892381352526
0.274727986746514
0.260556902474546
0.348029164339518
0.226627462630874
0.379376080537896
0.318876552108864
0.345020649415464
0.317667655231104
0.214092465726785
0.294449857180012
0.299477609931893
0.202945949827081
0.343210799968224
0.26891487919903
0.219563578105206
0.317849023243723
0.124052804845879
0.258007581750465
0.39381547080663
0.268479503486154
0.223383604489941
0.312195084778717
0.311246609852328
0.389443185052479
0.362303208476335
0.139572078665947
0.447983290132609
0.309505740955357
0.437186913809243
0.296764812645703
0.290945230934229
0.312676771995181
0.277681940388624
0.282850277420629
0.508168817967912
0.27068817917365
0.423224189818541
0.442195458594916
0.18315971535034
0.284570344776341
0.195443925946139
0.228932519171829
0.343214428939605
0.257988925277437
0.261608818791123
0.344363291815915
0.321273577488459
0.407996856949994
0.342234901024889
0.463002815941645
0.518239830939916
0.324974945585438
0.359924630003919
0.391911141390334
0.522061646706295
0.301107384847661
0.440743904870654
0.254495398811252
0.118785339232174
0.441162511894684
0.417129063996191
0.313587483086292
0.255048214067757
0.467133535306479
0.303194770850393
0.450582002711653
0.242097759123564
0.288706876231639
0.400153003547943
0.500620320186211
0.424321260883628
0.331888175795617
0.35143513313291
0.315504914455562
0.328724673932063
0.425105476297568
0.464450662176602
0.480812566919728
0.273941312056545
0.457525911304718
0.380328455511774
0.277752914743946
0.495659209283258
0.543769247224127
0.393632618608739
0.37661670916282
0.462079118515895
0.466654557520058
0.361143765603127
0.41342002671417
0.3689296777094
0.525627372505371
0.547835876062047
0.553823859433057
0.506626949199695
0.399968858023437
0.49483616874612
0.575924659341867
0.564167524283321
0.433565564137215
0.347460036917675
0.420966308520699
0.534947761993259
0.476960431290907
0.520154974679292
0.509975749241386
0.488909091590727
0.328217462465213
0.462219238781284
0.332640028349177
0.549973029029105
0.442274724808337
0.464963619411104
0.481421131311974
0.455288280802328
0.484728411031242
0.493423622343639
0.448275286127741
0.422698858442934
0.536475165356373
0.416374959815307
0.533677670295962
0.486204791049184
0.450600707562719
0.43641076208225
0.394493936461461
0.578239097402511
0.594932815008962
0.453971202649552
0.443484692119215
0.456450206649675
0.534653667813828
0.487889008913971
0.521704449062988
0.534485477891861
0.452041930398814
0.592939116516635
0.600908269986371
0.502368020720915
0.633598767202348
0.36670621987797
0.475132208276365
0.621791389145504
0.5908284716124
0.430312047628721
0.523633720140487
0.571514004983152
0.47560324063919
0.546716614191473
0.333144279325735
0.531795227844609
0.509264288318413
0.58392292018449
0.528243203312624
0.670980656730843
0.66985641985071
0.613031077501762
0.496042307594691
0.507295209797865
0.634893039738051
0.416001203499979
0.463692598264944
0.576890933007014
0.588238602579501
0.610296535256297
0.60660600375432
0.587848173538345
0.406484521241339
0.567552145656219
0.542179710047548
0.636095259390358
0.569647854602929
0.662091380210264
0.631586624545184
0.666935123470236
0.663266229737929
0.624048537012483
0.682735642722056
0.683101301063877
0.533915533193843
0.781754955115058
0.591912302263615
0.713639753278757
0.706897991763712
0.624401145965549
0.647112980238728
0.749024751855252
0.838244318508288
0.47894865604007
0.619708423505491
0.693896266921969
0.552370080431317
0.613252400293912
0.774333920796415
0.582168886465349
0.628001964273759
0.715644170626079
0.714280220982958
0.780950962996806
0.615212584404986
0.629125421974232
0.56430155612657
0.699406032875048
0.721101771300318
0.640845824348877
0.688739029925941
0.737039904211317
0.547824422845872
0.618167291429974
0.850676893734351
0.645885169438695
0.565206683719478
0.663401581948547
0.769705108435586
0.560852129352412
0.771958699571793
0.723522994491962
0.717113371493947
0.709796230438236
0.768392391213371
0.796971843948658
0.762297025467476
0.651711850631703
0.676594342738802
0.730013133868498
0.674868660852974
0.699542297967821
0.751507679614674
0.595884326864796
0.793462883378482
0.800952362297177
0.79531668670046
0.770208032997584
0.834241345654024
0.787530249421097
0.801002853151679
0.77467878267474
0.801232411060782
0.692726762547115
0.712558804002391
0.717440718563396
0.675297502636624
0.716298401086513
0.789136877611435
0.820770929452041
0.736525387960722
0.777962425600922
0.594204757553894
0.750265769820959
0.788450582023375
0.80558716180769
0.71565063238092
0.794839379196881
0.755647778713713
0.758677862390272
0.839282755592284
0.770595767144316
0.761527965036699
0.661509546735719
0.775403292772008
0.576558847344425
0.793902193965144
0.756849656288978
0.75615081175952
0.747653413881173
0.793715080918278
0.843581614166129
0.790795160451999
0.514068521604446
0.915667286394163
0.749903981157446
0.709501144111717
0.876975807635269
0.732557114664151
0.628432390008326
0.58929142497691
0.832729717743416
0.833850555497645
0.85954257195602
0.688001757130864
0.713595055621918
0.789055485637822
0.822886239485283
0.747071183715857
0.685754867941
0.877483163938852
0.910827745118095
0.751492120648124
0.938654156724278
0.822410310924272
0.740370879953883
0.907239247717902
0.919185410066132
0.764650215821689
0.96365738551557
0.768015357191426
0.643078287341886
0.910989556853976
0.946928667430106
0.855930809017626
0.852636886247147
0.885178784045429
0.80853942417193
0.935539168764495
0.843944041227145
0.777759208459559
0.907396084437215
0.910781144093209
0.869387674957715
0.933359499487404
0.887489335661851
0.947738575287382
0.878523896349824
1.00134117929808
0.813530528585027
0.986859890827199
0.876975242593474
0.851588208993056
0.853278661847805
0.879781615169076
1.04408785263671
0.937011969573132
0.899137205333917
0.868841372701284
0.954130326101536
0.963462131933931
0.831110299127646
0.937347104157812
0.797179890771847
0.947874448095174
0.949376298100309
0.971643028129
0.780980580715091
0.957013007169029
0.932007617754073
0.888974174284785
1.02206486460851
0.988148017318859
0.694209490602759
0.995215778721023
0.844582547903441
0.797880135615756
1.07539671952872
0.93623574915433
1.0402291158369
0.933565970839956
0.790378197227743
0.758144939654506
0.981140042671364
1.0008236031456
1.02604065530359
0.941716773673652
0.879364945309805
0.95343635072792
0.955876577516727
1.05387889920447
0.980743440084466
1.14676216895438
0.983705047832386
0.979082563538496
1.07143640914169
0.889407421905698
1.09625915897395
1.06011542036365
0.869205213158021
1.03322799754811
0.946733462095223
0.975808359297433
1.04594442137625
0.995414971021567
1.00649289357872
1.1088459953127
