0.0593115519515312
-1.03245387186018
-1.01297606838846
-0.926143687084597
-1.08529315279784
-0.820593165912239
-1.01186787885074
-1.06286829260422
-1.06499621495951
-0.827674194574831
-0.849719239525879
-0.998390847421649
-1.06589017039748
-0.84713197457158
-0.863455372476421
-0.908654007701657
-0.991141123141365
-0.869842325823672
-1.10097340953298
-1.08683892941469
-0.869315310465067
-0.890861366441507
-0.915746129122337
-0.948590546614644
-0.947771786756925
-1.02424743534281
-0.85979351408385
-1.12926779761429
-0.843849181854736
-1.0344650505628
-0.858313361169021
-0.864813935790748
-1.02077928514694
-0.956178393486931
-0.875274241854937
-0.842100981705615
-0.949660855835676
-0.885574958349661
-0.887840234493666
-0.883053654438735
-0.917588750036925
-0.848398096798696
-1.06370083166503
-0.834533470553029
-0.888729725540736
-0.880223108039913
-0.890280896090333
-0.879540694261246
-0.781100461077344
-0.854605294518813
-0.792335533910383
-0.81792912436575
-0.879457336987717
-0.909278151182382
-0.889846911938796
-0.987421015822331
-1.09701482559799
-0.763073534951134
-0.883054683562487
-0.858383007405054
-0.827299200261825
-0.94389261671832
-0.881416021286008
-0.885706095835715
-0.741275281529981
-0.793130254174685
-0.678253091734087
-0.892425220143054
-0.816859229667087
-0.76346725448347
-0.806084491176072
-0.913395767516188
-0.955780323112135
-0.701362723183978
-0.874754671710015
-0.80645625777385
-0.813627816722018
-0.843485699057964
-0.754622416857145
-0.925674822848264
-0.857915859534852
-0.890746801065563
-0.944920382063802
-0.912968450812318
-0.725193195674395
-1.07177628798697
-0.787726366020869
-0.873558553795443
-0.668227326779233
-0.852831174529314
-0.895670533361777
-0.811490221809469
-0.737479129563971
-0.893685827481377
-0.784674724065915
-0.710565239455434
-0.684215817841617
-0.992516521192153
-0.75745560823697
-0.753387509686525
-0.860071181124392
-0.794853364642649
-0.908885125705437
-0.839099736799769
-0.849607947134654
-0.819664143934753
-0.793447357577927
-0.933989556397561
-0.825515836065035
-0.721517569207569
-0.670613461429078
-0.744622004483102
-0.819045581350283
-0.713909579932191
-0.734351610409579
-0.71757234901998
-0.844475256324774
-0.840796450966192
-0.753353859287616
-0.712480788229684
-0.787824531034971
-0.75550328130043
-0.798002108491777
-0.79269361037355
-0.792305690165996
-0.768667622772635
-0.604705495910435
-0.730021939941514
-0.876158566466645
-0.722108138843865
-0.64342097758609
-0.769299215157293
-0.659064959239768
-0.564864214633521
-0.717504157789496
-0.649336731578429
-0.80846004788471
-0.80977597377122
-0.692189454383156
-0.650398287301428
-0.773919993804171
-0.800194584427545
-0.852042135308242
-0.738623652164905
-0.690311662978747
-0.60526178857509
-0.689825632434373
-0.63214426164962
-0.776984261666019
-0.701430474120715
-0.650437672948083
-0.712372253805457
-0.676786806314943
-0.667638408465642
-0.814854307733846
-0.683125488697969
-0.67767634038759
-0.652682915257619
-0.706278100997815
-0.638253960104711
-0.58839715353096
-0.484889148757849
-0.618158373040497
-0.789583502648222
-0.664328540546433
-0.751681386686884
-0.66184473771011
-0.777183179745694
-0.789234055403009
-0.507162764010921
-0.637763624069258
-0.622483186354511
-0.753442042044116
-0.685613560782451
-0.544498014950046
-0.747081049146911
-0.573775349430618
-0.482295628573188
-0.831919588997151
-0.58470808807958
-0.532041812004911
-0.607908655947722
-0.790641416614946
-0.713940942738105
-0.592184988137966
-0.608468859282646
-0.494453239393709
-0.685931771154751
-0.595581125312393
-0.677394418498479
-0.705986489726687
-0.664998015630188
-0.763236632425055
-0.619399928903859
-0.59646095983179
-0.742938277460747
-0.602018199976326
-0.573498075070417
-0.601202251833897
-0.430240438110735
-0.404303767007251
-0.632771569144147
-0.586228271355509
-0.705722140150472
-0.632069199378926
-0.632721961061097
-0.55735210562395
-0.661154651188598
-0.667227044945759
-0.63553559839372
-0.62748779836648
-0.501350351402708
-0.673648238133392
-0.615686053730194
-0.475226199047613
-0.530641453249614
-0.527819707063884
-0.497444488939226
-0.587213801140838
-0.671617103220922
-0.426229870935453
-0.613431497314071
-0.601208434330252
-0.459837872031662
-0.454836268052976
-0.50966034421285
-0.491952886403654
-0.680332372778622
-0.497944953232241
-0.457375276009507
-0.595374748802429
-0.484014486042424
-0.606931313884672
-0.461851705109729
-0.520917115559608
-0.45321736878046
-0.507026443806291
-0.302309524736231
-0.481387456842612
-0.526866812779197
-0.544023969123779
-0.611834274934818
-0.629392784574584
-0.618398467314154
-0.375213974957928
-0.645870142734071
-0.503991938320935
-0.51220483623092
-0.480310831539283
-0.490713112359606
-0.50129954851374
-0.463603905481633
-0.532998045058371
-0.508947248750547
-0.382716814477105
-0.531586168063616
-0.541559658057535
-0.610873003321696
-0.423735968441736
-0.547561174588997
-0.407719020889171
-0.535835864740379
-0.604527678524675
-0.359579639604076
-0.462419969746239
-0.535088868092772
-0.440833388407519
-0.547202972538405
-0.458859852652499
-0.428900208399135
-0.555463868713947
-0.394810061835786
-0.464339745434522
-0.423972419220772
-0.49630180057371
-0.4808624145067
-0.500657902645197
-0.515919490505038
-0.459365778915721
-0.368877568207926
-0.414458426630479
-0.567047037268274
-0.461191928380085
-0.440129406075556
-0.349074316180772
-0.449727044751781
-0.516182829998157
-0.374642505868464
-0.454589580548174
-0.559869673347722
-0.403441860207586
-0.409101517228285
-0.441734232099791
-0.253509581729765
-0.384061659957407
-0.525026702535108
-0.348724999640546
-0.429573781102697
-0.353891335887587
-0.438755960046889
-0.385677068602659
-0.600415994252711
-0.388580291616384
-0.366574488786028
-0.354829824618299
-0.467331786451685
-0.268647888747877
-0.47862789731967
-0.477359327324488
-0.405412135644226
-0.43994857998543
-0.230080089498173
-0.367150129831556
-0.395474725803277
-0.264924614993095
-0.282528912527659
-0.529617195776808
-0.327260203988385
-0.265147873347714
-0.374761073543235
-0.0943569068811729
-0.316625713949895
-0.278248132331111
-0.317099603399262
-0.340646019282441
-0.422614638552018
-0.399080094841697
-0.422323451891529
-0.354016273608513
-0.411500328436658
-0.295442673555074
-0.393243871660563
-0.264048611243084
-0.307682158674336
-0.348137536782803
-0.381278014372304
-0.445213632073931
-0.38557996796223
-0.314947449203032
-0.207591160796294
-0.286664076121267
-0.401005516379908
-0.294425625538392
-0.364590124823511
-0.341136922915742
-0.348758719810793
-0.356002450896743
-0.245381077739899
-0.237335687780249
-0.233296482483709
-0.369644154908013
-0.374257490561734
-0.319751064108523
-0.282902101823946
-0.174559833776685
-0.310765998101485
-0.235379933133329
-0.390765922367096
-0.163314856925658
-0.21061530019066
-0.340155523826407
-0.259701048018436
-0.144541215660443
-0.255262022012406
-0.297294363923223
-0.217868432824867
-0.267720531717055
-0.158840883635212
-0.18584627328951
-0.119916025453836
-0.286694344891691
-0.411753918601411
-0.209726556411452
-0.149828588664687
-0.18787211673434
-0.351536770483429
-0.257229095235176
-0.0940068572259268
-0.339735778404938
-0.0357400801155488
-0.237125060506006
-0.246365400084408
-0.221791635988768
-0.244805716208222
-0.330858910780247
-0.245078816309431
-0.319808014556163
-0.315252894974522
-0.185186982657665
-0.110111598476652
-0.288346633382287
-0.281557294435332
-0.195541155048076
-0.265935206878345
-0.0436487576367609
-0.245773378845361
-0.155692442536338
-0.435976437474311
-0.0958099858737003
-0.134207160058763
-0.178754375078248
-0.276650198840787
-0.206589942896776
-0.172976162895529
-0.286431674880934
-0.116844283747132
-0.120887938081833
-0.194796205068274
-0.282505760028051
-0.204714480605053
-0.0914161398478374
-0.231208149200708
-0.172744000848904
-0.143405950765747
-0.169387732702515
-0.225637959079165
-0.102759324643493
0.0342682146176114
-0.295165323600721
-0.154320973448738
-0.109221764868107
-0.10599808993194
-0.24829537970333
-0.207182128950626
-0.0928082146818904
-0.249316502849974
-0.0846536968109384
-0.0922111905308639
-0.191150091597406
-0.230599686185279
-0.0750574951521675
-0.150356435808959
-0.211424093071826
-0.143131945531908
-0.15735112092571
-0.207047929183259
-0.0528404054784633
-0.0495143868728664
-0.14586987271192
0.0186935422923579
-0.0433240283277985
-0.181964677913573
-0.204713923369188
-0.0893572860715155
-0.170257971672923
-0.129141525724592
-0.141441595610511
-0.0844846074833441
-0.143376922202524
-0.0152915022889864
-0.148973565518342
-0.292278731534515
-0.194769615345736
-0.135145803513544
0.0503446873068584
-0.0558895931231172
0.00266646717791743
-0.229721290385719
-0.174917467700536
-0.186822386107867
-0.112124876851827
-0.0218498068240982
-0.0688128366624755
-0.255922467138856
-0.128620443726916
0.092474754637821
0.00573966353220999
0.0561561374415105
-0.0677043175585408
-0.0598108067616452
0.093173515328763
-0.0398760150685689
-0.160969670926405
-0.0144794273667056
-0.0484538659169618
-0.11640185343947
-0.094996202143206
-0.129556974451594
-0.0273208565442512
-0.133719658032754
-0.0626136103745144
-0.133841420117736
-0.000614440755884512
-0.0247498363198059
-0.0671768632899436
0.0717958662096984
0.00692028306516333
-0.201809120870347
0.112850453441996
-0.0589990560936828
-0.088896148993264
-0.0506372317114718
-0.092797549834563
0.0222107725666772
0.00919273357547015
0.0515590616115322
-0.0744280262726345
-0.0132875631229273
-0.103240485619588
0.0289400806912816
-0.0718553543448368
-0.0347054637008323
-0.0599355941773817
0.0535965969907334
0.126654115714425
-0.108004534469625
0.0199116896107964
-0.0310440292915798
0.0650677983830101
0.0445079129410208
-0.0245490998269506
0.10233586270864
-0.0676566742843846
-0.126239743016782
0.0438860133513903
0.157731244592092
0.0931543234149506
0.0330903803544945
-0.0495834184673557
0.137829098818852
0.00792910607314799
-0.0182208823190715
-0.00348388335947403
0.0212166667385199
0.0898251308373888
0.0714726925135237
0.0216658790381896
-0.0493898838926402
0.140697268051394
0.0447352349387444
0.129651197983726
-0.139521211788663
-0.0741799828394563
0.0820570267285342
-0.0183103974757868
0.0299751764500795
0.105479999332977
0.00775286673677322
0.111862521082124
0.134981865977055
0.188904315731461
0.287420861519662
0.110399210067936
0.0791851388572825
0.0966725124140332
0.0486915209797477
-0.0412987737897851
0.0618813960216317
0.0674160741107495
0.0844684175888084
0.0721621024754818
0.14429273030568
0.0819042735652557
0.0498345135441773
0.210683894844874
0.0431768653465407
0.0271487327431486
0.106576872210849
0.109198757769383
0.131451819673816
0.205326720580707
0.321225388842609
0.230366045227282
0.127779085569883
0.186443806823396
0.136297697364255
0.175222421015075
0.347098159096354
0.101974498182804
0.0190752592538543
0.214173883698849
0.012674898912645
0.168832852218983
0.0829710599638845
0.175020119611899
0.186187340708747
0.0762277108068894
0.233589568748302
0.064755516762104
0.0829022599733608
0.195181001707972
0.0275332244974123
0.130933858369764
0.162406466362202
-0.10822733765477
0.0366683848927322
0.0737319703960034
0.221254025980199
0.21440491560724
0.188336082672904
0.115536379851432
0.169336547855502
0.308373187468315
0.132105412597209
0.105136046881597
0.208299586861753
0.116996724063748
0.128335980319067
0.0983123544024567
0.147377118158857
0.227800461388672
0.170741512981928
0.0721312935386038
0.176531820560241
0.136060399247917
0.0418638402236142
0.328071828932265
0.253361519979519
0.192891319602998
0.0116695213291552
0.259996816808644
0.257065045191368
0.258533593301102
0.220441078723086
0.290567976756766
0.197242086540534
0.219772965977449
0.145193588653966
0.236901516070975
0.376050375887522
0.242349132063519
0.194330986334115
0.324384363091703
0.211824440724165
0.164982928989174
0.206224856647462
0.0186758000117864
0.182092680768693
0.228561666596246
0.286411939401288
0.258633182362517
0.337367096065489
0.233149022048275
0.400019015381973
0.317245928839861
0.354643080460965
0.347307967203493
0.19473878764535
0.294503183154399
0.295483178184419
0.222128262197985
0.368153667759309
0.248252441044195
0.212422867873466
0.326279310619995
0.113187616371045
0.263547075540605
0.396020612077338
0.276693207055376
0.229741365940088
0.314885838848606
0.31272017059002
0.393982485038548
0.371216198959975
0.144375316980439
0.417354660129163
0.31634656745172
0.444774521519451
0.311623808631903
0.268805649722959
0.292122869604197
0.263863435965587
0.300338970061584
0.484908255229589
0.286063823427426
0.432408274589683
0.454660432921026
0.192981841567373
0.288551655970653
0.19010555700189
0.249937901183133
0.347257481829375
0.260460413328856
0.252039196874265
0.351379615121329
0.32459864688773
0.39279005187615
0.349765936223227
0.439235707750731
0.534491590437871
0.306588701188647
0.348203337619379
0.364882997057295
0.505132767369658
0.339865856564206
0.436223706409881
0.256186494920604
0.124497086779901
0.420998991609462
0.432655632177584
0.314092545676024
0.22506978161863
0.424725278938694
0.295221703413573
0.443196185129527
0.249347413405752
0.30069292394136
0.394082250155134
0.479764050988261
0.420689286977651
0.349851489632059
0.344351847633315
0.321832241970329
0.329354255711142
0.436466187495273
0.466250289084742
0.507320723309552
0.291815025379716
0.460923827960318
0.383823066764898
0.285557065809667
0.507274058196346
0.529989059293067
0.401421335109002
0.364277110709882
0.460858703438873
0.466550126384068
0.342888356784466
0.415340322850775
0.380692849659574
0.553553080106453
0.559347098573741
0.569991852051815
0.53875300096619
0.407553210285857
0.481538024371623
0.575402353604681
0.549758581749913
0.429438132786835
0.366509998080965
0.428820731245167
0.539040143451518
0.472874082994059
0.524541367540075
0.52643457725782
0.493311590544611
0.327767157750424
0.458873378201943
0.346126839317931
0.526830483703049
0.438878852582647
0.449647309921302
0.499379482503402
0.451620587441548
0.48105342301697
0.495212818498327
0.46379787398161
0.420980340857178
0.54252064577234
0.413192244547975
0.536658123583023
0.497605199230242
0.474632404793683
0.454130030202866
0.380615518585955
0.592744239907621
0.612412337574726
0.448301642304234
0.456330012865524
0.460698564482212
0.561956881489308
0.479780027572736
0.541413469195414
0.530413238404027
0.442657123820113
0.597621441447097
0.600829356824229
0.485787052890135
0.622688833156737
0.369641460722343
0.466147380655719
0.626144967214345
0.598855208409016
0.439103590918763
0.491371870047241
0.593122193604086
0.485062900504938
0.553879338860171
0.319991227773621
0.566795841681853
0.506646821023781
0.555249917762895
0.509017732516649
0.684609509170102
0.671829474956332
0.61127328300234
0.4820459280561
0.509731680887082
0.639457162069637
0.402228364324843
0.456452814081074
0.600247884074191
0.585450978716903
0.593155274937391
0.591472841759574
0.598876440021871
0.413930029440349
0.590958639793875
0.533738420085846
0.619033822244473
0.587069541164207
0.665026663706163
0.641992401472567
0.674824262641099
0.66293650354681
0.641360805910645
0.692118913068404
0.660035205949938
0.510635947330462
0.782192549587676
0.593632507807533
0.709024556458557
0.687147051323537
0.652268550264506
0.633099469982769
0.74001419658885
0.829457635691366
0.468423877294391
0.628995978000002
0.693607199381809
0.552800527832783
0.601922833599414
0.794655697408189
0.58350231849044
0.626085429225657
0.703010877058132
0.700546800186677
0.73258719140125
0.635638053847904
0.633919537381946
0.584870448461283
0.700314613543358
0.723812919406423
0.663358438590286
0.676095477184529
0.720736580021148
0.547189854186321
0.633168311191001
0.850590025959035
0.657813941117117
0.56697736108674
0.662685582643838
0.755246707305187
0.570541582999864
0.775217735873174
0.733950193327581
0.725074046028697
0.714379735910579
0.759351848736515
0.800839318804084
0.765425417806629
0.663477207899013
0.701168744589009
0.722596641330166
0.684044808616506
0.685945371762168
0.758593765542154
0.586846052746867
0.812292422628851
0.79935445357688
0.794849658519015
0.758538119303924
0.829023687585738
0.799865937426018
0.805976143407482
0.783796452904431
0.800457668770074
0.673268784633621
0.712633341361149
0.716485022393818
0.678962109516599
0.708691622937021
0.823744165247423
0.833597991992135
0.745990017226981
0.786813524098819
0.606939185993186
0.757902634901894
0.776093558063043
0.823735160353674
0.742015141380615
0.810931534916677
0.768055175426791
0.758460341532654
0.83307902864824
0.768168265111705
0.75712714855424
0.670650282422878
0.750599137911235
0.581027909718328
0.780339715594631
0.753505924990391
0.766136421558054
0.75040948751316
0.795228920141745
0.81124330455942
0.809429397317955
0.512738944410988
0.911665896295792
0.732550127144243
0.703962607537215
0.868353012040327
0.749341784879113
0.590547146941691
0.592279855806773
0.826406073013938
0.837427347368377
0.853777395137662
0.67719042996318
0.721601503892055
0.809329406214358
0.822953989436017
0.768627539067965
0.71429138047314
0.893797116200557
0.909218209198585
0.767520527520455
0.938097448783334
0.830667853897954
0.727524582020108
0.929775859361269
0.926452235053704
0.769135881034473
0.957985751142268
0.762091916423891
0.647853866654832
0.911968989219463
0.97844127341744
0.861721936982523
0.842225684616629
0.869219982766145
0.822619156209948
0.917444161961266
0.830889386111069
0.773853626729928
0.906670962445849
0.910295375464062
0.844227059086917
0.904499251057194
0.886475369232611
0.92963758694109
0.867443696855015
0.994232261298876
0.789187164319641
0.982274430214674
0.887061996251081
0.865292035590916
0.846617987258329
0.898965602226473
1.05043941305845
0.920069874487747
0.895850825189081
0.862725059657727
0.93521523045775
0.984609769246458
0.851435438110936
0.968688647196399
0.784255724137049
0.932888191642167
0.953924050460928
0.961192742871279
0.774325451883401
0.943981559939933
0.932950685420957
0.885087567713856
1.02034278179342
1.0143607434687
0.692214922658188
0.998489910303553
0.840896401492299
0.809091929620595
1.07729239920477
0.9296840284647
1.03719041046104
0.924305830582405
0.781389938328275
0.74468700189175
0.980781953835304
1.00389203444515
0.998768642744528
0.956160661924831
0.866367174719454
0.95900720405122
0.967546026619144
1.03697362225865
0.994687226306329
1.1565991347412
0.955238025251707
0.992766145694208
1.07847335069511
0.897533374167911
1.11302450008535
1.07490491960048
0.859110657671753
1.01832068105869
0.944555565125278
0.978447425239355
1.04756287235726
0.965890269924923
0.991394262085872
1.07954160355907
