0.0516151957966526
-0.992173798985337
-1.06818718568119
-1.12545091798246
-0.993919292846564
-0.839348734835887
-0.915291705498065
-1.00581744998748
-0.926812263665142
-0.927460410917829
-1.07506579796956
-1.02868070329216
-0.944949844512251
-0.956728865521039
-0.933811858141099
-0.885249504287102
-1.15821949316302
-1.09389751577221
-0.930900280955607
-0.930881504521084
-1.03605910211227
-0.948816470576518
-0.901453508945088
-0.980395754568735
-0.878625766601551
-0.880452622542777
-0.945981696665158
-0.977017909781676
-1.07247797777976
-0.831138637832109
-1.0090310638492
-1.01900948576168
-0.994211312345263
-0.921505151728317
-0.970003415384313
-0.912230357500911
-0.926813978956306
-1.0145569105618
-0.919759134476511
-0.817453388872885
-0.835317796335501
-0.885009157177521
-1.06475489686874
-0.963323495048624
-1.02067701116883
-1.02659983359338
-1.01701195096128
-0.806912056178634
-0.898498389365597
-0.880996382414305
-0.922472728471779
-0.968304056961
-0.747884396554445
-0.906885487342051
-0.815416236663345
-0.866304025845183
-0.91261434540907
-1.00692930105788
-0.931325938164417
-0.830333605193988
-0.948183179172399
-0.822767363560376
-0.729028002290795
-0.86454628159461
-0.940654474823617
-0.710835621966057
-0.815163139497821
-0.875697765918793
-0.721569364575435
-0.750991875214482
-0.80196372587938
-0.797405190541543
-0.894448302150807
-0.85667575895406
-0.813626328500461
-0.698676881406114
-0.914924085467724
-0.888365176598556
-0.889262218092231
-0.992364732195749
-0.933565714731874
-0.844463563938955
-0.860882492482214
-0.728740223261298
-0.794295096394907
-0.807973508065886
-0.835229656939971
-0.690342711517369
-0.7106367091031
-0.914355110710842
-0.730110965756394
-0.815921157136116
-0.720042838050215
-1.0169940510097
-0.852171293969362
-0.818369053184897
-0.816371621273778
-0.685914540291099
-0.780209581752963
-0.68644082485674
-0.828933340504811
-0.734759011498538
-0.838627392998269
-0.793697473880216
-0.851405131704414
-0.743627136165449
-0.693902847509467
-0.710492976896133
-0.923443055293378
-0.826096290601203
-0.936402811555406
-0.718290335632116
-0.758848538346401
-0.719891424481744
-0.844318974330679
-0.790123128058017
-0.761108641958462
-0.82609676372166
-0.955402545835053
-0.661795594530918
-0.809679952749269
-0.849188494488266
-0.828403342493804
-0.695875960070196
-0.733058606578351
-0.712118971116587
-0.77873443248596
-0.717049399796598
-0.713463989306688
-0.958189730336683
-0.690591182990685
-0.822729782535986
-0.641603040221093
-0.679501943134018
-0.675393114206809
-0.742674592187301
-0.778430572517678
-0.783769245271336
-0.716667480015687
-0.672912459087093
-0.626524474986862
-0.827974286552503
-0.693265936938984
-0.784493204911852
-0.789024471579932
-0.732389775730506
-0.682609385318747
-0.747134236848103
-0.77636127671095
-0.808216317547382
-0.707974607222206
-0.785238331904122
-0.789951386815294
-0.645470061788572
-0.793084202476933
-0.662259874773908
-0.653123975630832
-0.655153807021615
-0.731854361550891
-0.647197720396069
-0.784710394703896
-0.613969592912398
-0.61727209159985
-0.709911802585485
-0.65331719376829
-0.826994781788268
-0.438367090745724
-0.562670833573285
-0.660225978228769
-0.618292511206913
-0.7286408436132
-0.653223828138931
-0.59014756779295
-0.687755311951821
-0.648989938158416
-0.580500724453089
-0.590023846799118
-0.503449438219746
-0.659169489343054
-0.712255736223146
-0.681254701122528
-0.521575084563169
-0.492301300801013
-0.60588278364635
-0.649423720188847
-0.644667371420023
-0.569231030509416
-0.524620573534245
-0.514060200691515
-0.640009720987304
-0.719839829974363
-0.6318182753203
-0.64093572250143
-0.597078630902351
-0.552390619787008
-0.614822319361558
-0.670860799238474
-0.767637149931209
-0.664083058387108
-0.568901290266471
-0.659488616177166
-0.67325124697089
-0.634757648594786
-0.416569401432133
-0.51163469186145
-0.660498288137131
-0.553228236283354
-0.625219058653881
-0.724804012961857
-0.508098215949229
-0.399330462771842
-0.544792297976186
-0.672910787164067
-0.501875746600399
-0.720634283404825
-0.728078558770495
-0.500098431501388
-0.703212307746202
-0.555672310013996
-0.622407194667464
-0.624706886592163
-0.663286145757268
-0.435170511837599
-0.522946850754367
-0.60065143259661
-0.533651666451812
-0.346280777264733
-0.43031575007845
-0.677837665930356
-0.594201345473667
-0.384399454192393
-0.540838943122474
-0.522714627082642
-0.650769714233818
-0.519287066170548
-0.405171724697306
-0.580703976323279
-0.514692157614596
-0.606531829742563
-0.651576204592184
-0.585066787126366
-0.506463116529508
-0.461460394634016
-0.462100970118318
-0.345298321739931
-0.545754272800619
-0.485864093038009
-0.505792536773682
-0.671656149700798
-0.390929390993098
-0.598437797794281
-0.612282354547552
-0.513954983207544
-0.391292648724709
-0.491563565197523
-0.485325184237557
-0.572769312738669
-0.552525555719797
-0.591699452433098
-0.432290807758496
-0.549609499042657
-0.574284947553663
-0.466434375556616
-0.517982873454318
-0.489948661162414
-0.418536583509518
-0.467425315817806
-0.396718925465044
-0.472511470814215
-0.439844262048545
-0.557746809474854
-0.459467711957411
-0.581181962680511
-0.434109272276345
-0.400515946392613
-0.463259771672942
-0.381588961568855
-0.510708981895425
-0.499168713554934
-0.483356795884805
-0.442937046416436
-0.359356543282573
-0.415420724382503
-0.496153126628477
-0.407706222369649
-0.358316013381987
-0.526516846060837
-0.509082632378984
-0.29097833036039
-0.505667650439939
-0.367982366441737
-0.47012457290909
-0.398206005823974
-0.435247960192807
-0.445101194345538
-0.403611036663531
-0.483698431640995
-0.306757747620526
-0.444854038261862
-0.422870016810202
-0.450110284695421
-0.3149344574714
-0.344195431325053
-0.275727033250547
-0.290661653257007
-0.42250721960979
-0.279975471376923
-0.457881541360344
-0.491111630153608
-0.43960798900258
-0.34891240519496
-0.35454664853711
-0.333918664782276
-0.443141521390569
-0.493923525420804
-0.400112571079204
-0.30721623031927
-0.367455238406531
-0.324040364631761
-0.435119788182592
-0.398847389479565
-0.27285219413817
-0.3134578463629
-0.43409232127281
-0.292271680817934
-0.218025094043795
-0.26350456859903
-0.28750451956182
-0.309479289709981
-0.418548286842997
-0.52169924016672
-0.344137302192314
-0.326829602104144
-0.200679599743055
-0.309818400227984
-0.3577171379174
-0.309540112657676
-0.278822670010709
-0.358941263620373
-0.186197917857445
-0.378731654664479
-0.325085594156728
-0.403764342605288
-0.346134520398937
-0.326034913435045
-0.420525977124294
-0.281839927785149
-0.27851666730217
-0.394917731992034
-0.419216021866145
-0.318018101216325
-0.502669462240125
-0.300006610497533
-0.284576934120567
-0.179270703809893
-0.260108107790928
-0.342491969704769
-0.408707744138725
-0.274481421258719
-0.27689197873799
-0.334967000380574
-0.163399900051362
-0.224012675519248
-0.362368681637183
-0.415579010835083
-0.283896212679153
-0.246323231602286
-0.288721412924365
-0.300726966057934
-0.21900122077363
-0.257974486917963
-0.284409918288216
-0.261776006961467
-0.230390256995736
-0.213126898658971
-0.391205038951439
-0.287233367236441
-0.441836216060498
-0.177265095845764
-0.327527396111268
0.0721306863094607
-0.202247592556158
-0.325019359898955
-0.188948572739818
-0.251413673245619
-0.230418331553275
-0.17199770876783
-0.0402866408039825
-0.217172345474393
-0.170749367013594
-0.243924642925242
-0.14282429938166
-0.253691907683229
-0.123780990084527
-0.39010677567395
-0.21532443687125
-0.246366008365075
-0.247297084720683
-0.159667181852195
-0.30026990688368
-0.199959240916401
-0.149564593638338
-0.122089735318052
-0.203534925320361
-0.200626178267843
-0.172623715236138
-0.171621313704784
-0.188067356740223
-0.159319860939846
-0.202439091166249
-0.185062775494466
-0.0488191196232715
-0.324318261170293
-0.271421257369316
-0.152842225386856
-0.0879614410781164
-0.191962447171893
-0.0320966028267983
-0.242222442835235
-0.244952465155681
-0.0535083235956249
-0.232993543550614
-0.230242828070102
-0.147789051309386
-0.11599883216897
-0.216966529763906
-0.0490650999096004
-0.117608604465358
-0.0779399513808151
-0.26209891047106
-0.0723743870143657
-0.0394246425198037
-0.167261479317872
-0.206526684186329
-0.0377569626357699
-0.158864753019053
-0.270173500179953
-0.277045476147833
-0.0587174352679143
-0.131320937839405
-0.0783790436338817
-0.248469580840088
-0.12494969516398
-0.122651667105427
-0.144629293462458
-0.0110781399927697
-0.0539094061755307
-0.127564896086701
0.0252853023266691
-0.114044652893136
0.0747588840239258
-0.202267353950086
-0.126092960004784
-0.0410433925927708
-0.0232336604947319
-0.0661768087760669
0.031944380101316
-0.191766865044832
-0.046062866693779
-0.126919867641101
0.0217434196906311
-0.165709387579138
-0.0785584207964444
-0.00721019093151405
0.0125363407150423
0.0983645867665955
-0.0712597779652964
-0.0723696590790435
-0.0955782039097811
-0.0476420714487671
-0.0106042648636423
0.0254728361574983
0.0132907537298798
0.0429575975702103
-0.0468931924194464
-0.0417460885923925
0.0466338580530355
-0.141356592986455
-0.153134567757265
-0.101106177387239
0.0738980232459277
-0.0400953845064896
-0.00397450173597146
-0.0242687169863585
-0.179249495631579
-0.226133756274294
-0.0223467687492493
-0.0326446263868054
0.159316599624364
-0.0425305952021065
0.00374369253548246
0.0533362077377495
-0.109425301613557
-0.125342026677868
0.0659033994396727
0.151948104809958
0.0449408021859843
0.296904747848618
8.59789747249269e-05
0.0272288035195279
0.0226006699336238
-0.152178323261048
0.175807175941888
0.00181796641064407
-0.121848502317248
0.0368518512019091
0.000297369473730378
0.145513361961219
-0.0874783585089402
-0.0993850713470886
0.0512306008626463
0.00700590880069173
-0.0500205637788535
-0.00953593333764476
-0.0557653736621151
-0.150125850349138
0.0323095554302656
-0.127070017145759
-0.114446036492684
-0.00790312717519619
0.168504744311649
0.0747862358003912
0.0862451799186271
0.197194092242517
0.0804111598732549
0.101548623123907
-0.0524094112395763
0.160538715382079
0.0813969219399541
0.0991859298050541
0.0586160548475782
0.21958824280161
-0.0284700843816679
0.122434121002884
0.0811760406941231
0.0551280858436309
0.00906086944490686
0.0969696142769605
0.0922418604693884
-0.0223168428713056
0.114923205944468
0.0363611335786782
-0.035973468097701
0.149787225306048
0.117530965564826
0.0687179746714175
0.0945685470267169
0.189848360822417
-0.037590500991353
0.0198036001696911
0.183843621941486
-0.00114854777428751
0.193916597257039
0.0118455224172845
0.0890948021336662
0.0765433092995991
0.171076757173728
-0.0037491192929651
0.054860830126832
0.17177724772272
0.162607038778376
0.117325024745691
0.19398119458082
0.149278125431386
0.17061910828096
0.106841762605686
0.0770699286793197
0.150776995274335
0.00951766884000647
0.0785582849131269
0.105813429546183
0.185299082739645
0.213695731682116
0.176551925644814
0.198414283833052
0.150575633260926
0.0518909040786993
0.173828586106413
0.0509401759542094
0.145084000759643
0.00952737979540092
0.277977303948735
0.00128529535341991
0.183346218446115
0.0867582975541113
0.366759404992774
0.0422150976588728
0.12271803314145
0.218451241571271
0.271764268584204
0.167812425828522
0.138285549901105
0.2257537679957
0.231922687071806
0.205117346173876
0.21469785931091
0.077292523437269
0.224329786181873
0.250169553730728
0.101022110738772
0.212967871709487
0.0697303730955122
0.197652040442922
0.152298359562354
0.357902940266725
0.322184295915783
0.221513560726552
0.173761750000829
0.270201986920298
0.0350624106483932
0.108010490127691
0.180046193142641
0.183325019447768
0.0621428780854211
0.178320903586305
0.215350061602628
0.0431868802736381
0.159599293023109
0.273634770592517
0.274087298224202
0.341861522263502
0.184933681847247
0.236293250055645
0.257955409526078
0.406875096597201
0.20721000223881
0.155511219256987
0.243055378286486
0.373201578437394
0.326470481726969
0.159805722656142
0.282397916130657
0.29226101881424
0.0770184958432061
0.338922953970476
0.359903034337436
0.300914997591295
0.276312302603836
0.153508147528753
0.251846996163769
0.20930220663337
0.193153898223602
0.318905562385155
0.314181621969922
0.294200886824068
0.258074811482245
0.394975530342065
0.138928119081588
0.28174725890265
0.400917911141763
0.344203473553601
0.303246044282345
0.432017456988023
0.2932154270991
0.270639985330976
0.37328645758571
0.358454088947379
0.365183400064699
0.221966166477509
0.362493635038293
0.358632055493694
0.271201223170548
0.387881794696553
0.328329408378878
0.302790010387728
0.279661478692927
0.29841906271443
0.335796825430402
0.306901627909916
0.389526633080221
0.366891220830863
0.317322076333806
0.308405802219474
0.400101640433547
0.402402740856061
0.355843230273093
0.19567452972979
0.367221199099753
0.381562840198069
0.27373548059104
0.350319164359488
0.329640445945114
0.308014839490072
0.403249110589258
0.390720150168408
0.422484860436584
0.395765601305369
0.27841846666391
0.258688783980306
0.350314567756777
0.307612625045127
0.32171759818866
0.357718838910072
0.406881475644511
0.340885577439656
0.52054029121015
0.549668823624681
0.423503099087218
0.488929301052247
0.347963350032062
0.414848166333438
0.549810128116089
0.46044013136086
0.478777206371948
0.401802227115427
0.364848584017696
0.461709379830255
0.204269633452452
0.256435999271338
0.423275518032777
0.306110490596259
0.435660046817084
0.513275243852238
0.538883292009215
0.275123715194085
0.558121868182067
0.407903455356975
0.38006889676524
0.39928574998323
0.377416869021144
0.401512951237016
0.336599789556693
0.638164784424695
0.387736929214854
0.64329222869533
0.57014323616608
0.360839358957578
0.424844836926005
0.291970928330869
0.402697256095825
0.463175336598069
0.567552766803371
0.421490462001851
0.534060571571581
0.428148323884392
0.427607707450815
0.466884367982656
0.415196069041293
0.452960603773642
0.314564944749608
0.407262994295852
0.424028882800347
0.453176315919683
0.407192445062001
0.425373405707197
0.581963844636558
0.410730762683428
0.546930827341541
0.544228068319229
0.470848218360357
0.646558736283019
0.463053378799841
0.600827396432905
0.539541720884984
0.581936874421836
0.452365818609518
0.541112561166093
0.460574032453508
0.520505701201101
0.580465085262728
0.548291099564646
0.514713042217293
0.501722504500347
0.558753060183554
0.544808165826395
0.548878620143238
0.488746551802842
0.639161401250939
0.415112632295808
0.496531120787757
0.401804290024908
0.571682767530176
0.554514154447003
0.501601907617982
0.53168807436203
0.659648279929726
0.609310334155318
0.459351601294703
0.413964590441945
0.5171378760155
0.574975730906624
0.640021576524276
0.529912574173862
0.56398560774227
0.686571079146727
0.569181461436806
0.490689957246712
0.702355417997722
0.553171229770463
0.542812012170635
0.693849195953084
0.63941814667597
0.369041616850412
0.532949725025545
0.658411606153611
0.516984395601522
0.687342996219775
0.689772605532794
0.461913052668333
0.587965188174502
0.595324360981583
0.59135347907618
0.50188676413254
0.552704502938317
0.555710009491638
0.712855112409345
0.54307218252004
0.465454283871476
0.662555178094776
0.514893369809972
0.743944483678966
0.704571095644429
0.639317760195158
0.591853381875166
0.66575263560008
0.61488373169647
0.721833830401023
0.634150300992099
0.538767791137295
0.6628524733063
0.742265870413531
0.582635854473788
0.734815756078683
0.645318675615737
0.648815040632192
0.601736416176819
0.754152522048692
0.67339161705322
0.678180761602633
0.666753703759117
0.691617842856676
0.58729628561937
0.717681293160775
0.788595048195298
0.737686553989703
0.770132814513251
0.578805744742242
0.690713838268668
0.631043064376424
0.676816006001681
0.700868608993814
0.801174045441197
0.814489258896017
0.726915921639345
0.455867615107267
0.654056030861376
0.627501564607332
0.680902071282541
0.626786721235307
0.699631839974818
0.665091521348453
0.702494269278435
0.706922274533759
0.708709213044228
0.782033137463113
0.72968997310013
0.816719258766297
0.810679420427591
0.739840177160615
0.684458072214361
0.865838819071969
0.643705167172462
0.633146794002419
0.754470913686487
0.696277158050743
0.56997068427834
0.62768354525872
0.589390093656468
0.655206777228165
0.766489852416804
0.699582753871358
0.736481588307012
0.685781284174255
0.603068604755297
0.714051476780492
0.832234896892762
0.659494044723693
0.73561503053434
0.675450893574821
0.718467491568511
0.832762999039297
0.787291327873607
0.837106045402595
0.715426607009266
0.890738696256533
0.723130885926222
0.808723319434095
0.735731144470992
0.819721093789483
0.923481909439956
0.750958883207765
0.779990757210992
0.937845663869536
0.90031519509357
0.706260140238208
0.852832199581722
0.820049921350292
0.743043249954587
0.847201799912567
0.803841493454186
0.829512824461623
0.731445099435243
0.679484328129213
0.905188044998158
0.76053389897798
0.668417052770683
0.678849871066464
0.776140066104023
0.973611744943235
0.84115960739253
0.848168076894826
0.85436744179555
0.97627556140931
0.773807676571729
0.73871806047079
0.84863082628619
0.753707615914198
0.847695962226257
0.928467173336299
0.927607803147619
0.831914710539855
0.897025719391972
0.835982057211654
0.756935983004662
0.816825171505927
0.827611202330352
0.765596752840041
0.78362416240055
0.775025666359608
0.854607302933027
1.00617364013763
0.982603658679759
0.936244789757092
0.789432130811281
0.811401752384449
0.892589176102715
0.983558400264319
0.739404648200241
0.900302205899582
0.807916981350467
1.04865737362465
0.880097983632503
1.1091678620233
0.83521711440245
0.940476677687015
0.866977246420286
0.918565261495323
0.873010255182033
0.79756159342016
0.906314024564476
0.968494381076413
0.933148156159229
0.811479248000988
1.17095651227878
0.957082783250038
0.840710422715034
0.791486020121798
0.911899934269521
0.94941208253209
0.688670672800838
0.939022540005468
0.850034792375418
1.00038228672245
0.909832417268407
0.917218875505855
1.07809837552966
1.01879763356855
0.960457030439282
1.0078041335775
0.916790609804936
0.972794639302758
1.04849139940594
0.931458289932351
0.910069539561881
1.02384082958081
0.89007586926962
1.00060205690984
1.03910233051043
0.975419496227019
1.13528204104203
0.9496079742839
1.1440189641848
0.982109453280354
0.922401302074175
1.06331466265512
0.870810457401564
1.06667062355081
0.915011538550245
0.870597770144696
0.972123033034718
1.06474522923316
0.960544332659035
1.06059325532382
0.940925334556661
0.910516370360751
0.952138624184768
1.04635853298367
1.07647669371656
1.00371126459211
1.03520898642053
1.11402303503264
