0.0423077843352923
-0.994844032308529
-1.04647907748032
-1.14391940124322
-1.01530075722514
-0.841259246508608
-0.912716494976422
-0.996833488205128
-0.895743469663191
-0.944164637066879
-1.07979594668509
-1.03187086223681
-0.933149572914456
-0.971099004840575
-0.915060605827715
-0.89189499087815
-1.14887254774312
-1.09875065737935
-0.933861278827089
-0.947110137379492
-1.01857154686969
-0.945919428922465
-0.920649911498755
-0.985935863282865
-0.88853019631907
-0.895592508079011
-0.95953506615735
-0.968523682622765
-1.06865999181321
-0.84493266305065
-1.00129347320064
-1.00868682740718
-0.988239256660799
-0.898978086910462
-0.974798508762351
-0.93601870862396
-0.938465369145201
-1.01247726454239
-0.912192925065044
-0.809061319676082
-0.85231557797024
-0.862599779984175
-1.06298987719293
-0.978170619109949
-1.02780355000377
-1.00943322576042
-1.00951364134434
-0.802059778938903
-0.890419668285335
-0.876788530480908
-0.928133926842781
-1.00186690922735
-0.739663414991232
-0.8968200068343
-0.822056617710619
-0.863759300368003
-0.94005502433093
-1.02070483185456
-0.900316661311781
-0.842209986578536
-0.970385080094531
-0.815287708985815
-0.724684136359748
-0.839873340685216
-0.954261073013157
-0.681621424646468
-0.819049817549069
-0.871545806165161
-0.725297062489835
-0.76131923144738
-0.797028210504458
-0.790909264476084
-0.909082776874972
-0.850070026669753
-0.821679461478479
-0.713760950557324
-0.920402036475206
-0.900634556122659
-0.903152572588896
-0.996763909920354
-0.904463747950099
-0.84277317652155
-0.883246330981139
-0.716831205718757
-0.781846728776194
-0.821508432708254
-0.819813127678859
-0.688404483297258
-0.689273709654557
-0.909972436694239
-0.732432615490282
-0.81972517614775
-0.696069704480675
-0.986263440400778
-0.839801859239759
-0.825919383596702
-0.812552030960292
-0.680739224859912
-0.781781767785898
-0.691060119900634
-0.832092034480116
-0.750804408623266
-0.841425315098347
-0.823637383701494
-0.833259547810548
-0.724647482684353
-0.691071487757901
-0.707358610990048
-0.941003122526578
-0.809410530655544
-0.934519901318626
-0.69853232940097
-0.769674425551688
-0.717832461962342
-0.835047009741504
-0.827101293628109
-0.771898991116655
-0.82563680861928
-0.932985750932059
-0.665619620164019
-0.799506095686735
-0.86468375606354
-0.818620969678632
-0.68765551459899
-0.756986638637976
-0.667060723720571
-0.765227297621729
-0.723967593490679
-0.727773242977191
-0.93129340397843
-0.692543839280997
-0.829540859148438
-0.624355350405933
-0.715442281562555
-0.679132232254598
-0.754611262177866
-0.760355167866884
-0.762665855894728
-0.724974417619996
-0.663492429728357
-0.644131838436806
-0.859455323762127
-0.689153447900482
-0.778351675941687
-0.788008336410617
-0.742669295096588
-0.683899254899382
-0.755733523140733
-0.747640253724572
-0.793757305167277
-0.688632164558251
-0.767080763912462
-0.798036566202332
-0.627146635253481
-0.787897905973028
-0.665769284710544
-0.645808208339992
-0.660508355778801
-0.722310021263811
-0.640677111849194
-0.779962721268207
-0.614002605315204
-0.618909415433859
-0.701939653551031
-0.666609817425888
-0.831498624803084
-0.443537490195923
-0.56832307559513
-0.650460785924699
-0.63328677705409
-0.727001923927138
-0.649320644894826
-0.572839878620448
-0.703206604242198
-0.640618953629259
-0.577487918224933
-0.580459118743434
-0.506557816805056
-0.644962577616058
-0.714548947580485
-0.666685582594472
-0.503199907124635
-0.496580907380581
-0.639760671994701
-0.637649419961983
-0.645003766544775
-0.580092204033044
-0.536853503725682
-0.512801913970375
-0.643595750875787
-0.699890195297617
-0.627518388975147
-0.657222769204053
-0.624610582894535
-0.562954955354914
-0.607274166163799
-0.655709811485542
-0.772809198132396
-0.691606665131317
-0.565620944425327
-0.659153730235034
-0.677069423077682
-0.638938052144319
-0.438018754535443
-0.509893257848455
-0.639767691211198
-0.547265733113193
-0.649851300749424
-0.730527274283552
-0.50555755552007
-0.381904106375821
-0.565070691172695
-0.667538828159473
-0.51406814725268
-0.69202383123043
-0.731123686561493
-0.499889246355888
-0.702471375652804
-0.534937616728544
-0.62663197234845
-0.598784404854371
-0.66932608148722
-0.409135266482942
-0.540189374719759
-0.59924214146687
-0.526593846311965
-0.350666750325853
-0.435005322379033
-0.683920174726498
-0.604223436593132
-0.386858598849231
-0.556357323103907
-0.533620052428253
-0.650697522662942
-0.518394131101516
-0.3889075945695
-0.597581925469793
-0.522691297728619
-0.613551710883809
-0.653444459811919
-0.570032564597527
-0.510307831844436
-0.465881239265126
-0.47477835988543
-0.353803774253648
-0.554030365982823
-0.486457139259349
-0.514616589773102
-0.698177397379979
-0.385371194172707
-0.598562130335655
-0.6328442109769
-0.515755205439191
-0.3950778829552
-0.490020874126327
-0.471425530587053
-0.558773278518514
-0.569694858757963
-0.611207883741193
-0.429096294853592
-0.542211351216224
-0.548844905361329
-0.472790793813327
-0.491834472482248
-0.498183572789483
-0.424589095850739
-0.473476640648475
-0.386089314074741
-0.481877871837114
-0.449078234965047
-0.559451833980377
-0.446980822056833
-0.578848025911043
-0.41345128058022
-0.406177266515527
-0.495680898683497
-0.371153778414638
-0.525747619427356
-0.493842597402616
-0.46907313450415
-0.447280398611413
-0.359740320056902
-0.433914209317248
-0.512464372117547
-0.398390408795996
-0.350700765136273
-0.526416840047909
-0.508942183355804
-0.275177218575855
-0.493378599995575
-0.359484426704973
-0.474379525184679
-0.385985661587652
-0.44127673698885
-0.461627635701001
-0.402017640368273
-0.482867657227554
-0.328375429291083
-0.441009684267959
-0.453994448315499
-0.463502106922604
-0.325413113577803
-0.368364491950714
-0.27327793715094
-0.312529697648404
-0.409926330359269
-0.26488179253683
-0.446904223075104
-0.484098219654413
-0.445114908989473
-0.338221253925621
-0.356991330813088
-0.327004947379398
-0.443443200028815
-0.512890215884253
-0.386718837485891
-0.321887500692579
-0.339724386132068
-0.353392150176811
-0.44642200400004
-0.404777015686652
-0.26177052278768
-0.317842493122806
-0.417907664442447
-0.307038957467711
-0.219783540176344
-0.263525796290037
-0.287688234456909
-0.308274207926056
-0.403518454925498
-0.544448233355163
-0.354471270873079
-0.306959045202181
-0.186963048616098
-0.308478816753246
-0.36869772167952
-0.341002538753827
-0.264386770730355
-0.365433763425904
-0.177129420806552
-0.394087347929298
-0.330972903783023
-0.402191827833636
-0.343843744572108
-0.30071800111393
-0.402955459396181
-0.283155080286343
-0.254345461383667
-0.381283795561548
-0.423721853438513
-0.305024742690295
-0.503090642669906
-0.308374767689798
-0.292055859026184
-0.184726031975672
-0.259372917739808
-0.33972034396399
-0.417315872008207
-0.271450511141344
-0.303444142149148
-0.321195737883275
-0.168199051124504
-0.208746283175748
-0.361304336588537
-0.418316313077524
-0.289498237902377
-0.232633717371036
-0.316286119798525
-0.283090518962353
-0.2076708890306
-0.286905240976851
-0.269263245606482
-0.267839467764797
-0.25071630296475
-0.229261311347128
-0.391341563996919
-0.302389719081787
-0.437707696606447
-0.199704022022295
-0.332740233469421
0.0431746262537287
-0.217225233836024
-0.318847978615346
-0.217398600487233
-0.231905679195395
-0.225349389538481
-0.17608543787246
-0.0257170140294468
-0.22431378909096
-0.192254314885147
-0.251262883713243
-0.13301349721415
-0.256991862972886
-0.119241290902098
-0.411823879158521
-0.218079193984761
-0.266055181474397
-0.246765026364897
-0.144755059236075
-0.302117357382557
-0.221448652976091
-0.164338886436895
-0.10896617281914
-0.183372701008792
-0.199895968943331
-0.155319016091037
-0.169125085755191
-0.201150817308895
-0.142512693046016
-0.208120671539946
-0.173283224397861
-0.0697728890224432
-0.318210654850115
-0.264291067909951
-0.153553186627456
-0.0921923183719604
-0.194991884383226
-0.0397571611742765
-0.214317105148204
-0.237170950215044
-0.0486758708252204
-0.226700385032167
-0.201945168995013
-0.141686639324252
-0.102643169343281
-0.229306876287113
-0.0531477209519326
-0.0901870912211609
-0.0883712143856385
-0.250966770751592
-0.07614370337366
-0.0396563121525268
-0.196809187001304
-0.207804430463348
-0.0483173487888332
-0.176679267981552
-0.271393521631844
-0.275973627391478
-0.0592116302728229
-0.150526492974585
-0.0821548052578064
-0.251793283481604
-0.129110160689682
-0.119351113736053
-0.127141549215807
0.00485423150137823
-0.0763292787597321
-0.124452830077648
0.0290074823934322
-0.109458606281595
0.072044337862322
-0.207149670489963
-0.117120575143398
-0.0435550038044381
-0.039876674990733
-0.0559161860760318
0.0307382825118207
-0.190200143282351
-0.032388529362068
-0.107601825107239
0.0307883554441677
-0.163292960376387
-0.0852616491549672
-0.00924689367405177
0.0399517097831048
0.112223643194913
-0.0669354526980171
-0.083426326938843
-0.103664814371177
-0.0671902354628407
-0.0122554847327146
0.0139647436358833
0.0275357287483038
0.0392232026399186
-0.0618605942131065
-0.0583863938605781
0.0160544585179719
-0.128681312979085
-0.168114891832503
-0.0752116369512088
0.0754273473037113
-0.0543660215241231
0.00601523571226396
-0.00934148850436765
-0.146481359700558
-0.224623954961741
-0.0476709139556879
-0.0322416158126296
0.152694023825695
-0.0374709920974042
-0.021113443533276
0.0472433531936485
-0.123405645465888
-0.107627691487533
0.0819298207022681
0.165168473842558
0.0503308123719096
0.285301072174455
-0.0158834209012828
0.0159397695237109
0.00604779359861691
-0.160155111921958
0.187362572612907
0.0282955090811195
-0.115929293571402
0.0529203028895142
-0.00202736708669162
0.129339303094586
-0.0926882858898659
-0.0880560452424708
0.052225405233673
0.0103840382089109
-0.0436030765954901
-0.000470880835976663
-0.047803513690952
-0.163854625376266
0.0202129594687746
-0.101592911247587
-0.12624152565828
0.00637538670701915
0.161590490660541
0.0655081969631184
0.0816392020807343
0.195200376213762
0.0605977633890367
0.0981621571245691
-0.0589963647765465
0.159426582109898
0.0751507951473085
0.102076507651215
0.0653524964158529
0.218324595124735
-0.0390279329653441
0.129556095023556
0.0749027622872227
0.0409030549769453
-0.0027635614589591
0.0686654137859747
0.102244547434384
-0.00277603965481461
0.0898508702476922
0.0121263735591985
-0.00131889250597517
0.151034555733778
0.109526082417311
0.0561072925150826
0.0715469467642003
0.208112208749098
-0.0315457824446138
0.0197076389723496
0.177142634706853
-0.01677160559351
0.150527170561544
0.00822254462713097
0.0687245125179412
0.0690925825615109
0.174289067373129
0.0200937282728872
0.0323662607699409
0.167070158079458
0.16775960968536
0.0816998706701029
0.195755992086191
0.15464390929404
0.176835166205941
0.133606014899629
0.0911346494639747
0.154193491487609
0.0131719842809682
0.0802665610421291
0.108684171828346
0.194410173575658
0.219083590184098
0.19344765368138
0.185950903531936
0.145891873609041
0.0380434258739257
0.178391978978329
0.0469630641703038
0.145457114540856
0.0177992308049579
0.2649560379945
0.00379694144383259
0.172696257281233
0.0772200162444721
0.359022594998599
0.0346135971055211
0.108539967741782
0.22139025834001
0.268512167811168
0.183171598016004
0.146437768774515
0.228255982565998
0.235977771007831
0.208791832716353
0.181417538330483
0.0840413146168443
0.251099250331701
0.233601427827668
0.107525509288949
0.212689712564029
0.069154692094257
0.159197330783752
0.149430753304092
0.374215686499463
0.300832552217518
0.21325184408987
0.189874845929681
0.273580622367818
0.0305231779300814
0.115021094041622
0.182265754464628
0.159121988755592
0.0608995409339442
0.207413060591437
0.223239968668887
0.0291710525064515
0.171215937709671
0.244175047747252
0.288880087229129
0.350302202373529
0.189523313465117
0.240022405349194
0.253565630419348
0.378361756571895
0.211064325082661
0.14061583926558
0.224674028892514
0.370660045127162
0.315985570595822
0.178362417297363
0.265444607380494
0.275638996054887
0.0819828820786437
0.355457627463257
0.372718534154853
0.29377228797909
0.253957275246164
0.19457776613668
0.20364186617542
0.207648770858715
0.190930290758748
0.340549466101128
0.295895512032399
0.306209287091408
0.254664577915184
0.389852798896775
0.147089901984735
0.258387608875368
0.36490289819437
0.329021796311602
0.285406849846511
0.429210183043844
0.313299466494709
0.274799286357756
0.376058990120976
0.343606223446314
0.375444617418357
0.234525850616424
0.351616528017313
0.338227731350086
0.271664968774649
0.384574462520611
0.317541220138585
0.334647247285801
0.276978647449086
0.297687357945102
0.338886915433055
0.335534503625297
0.389679339874401
0.352494159623939
0.315479815658463
0.300519654224595
0.391454268757662
0.393142726713591
0.350619577620784
0.206551475671483
0.359425346666294
0.372823907203479
0.259609978493515
0.344002053324063
0.324181640811469
0.277262336732206
0.391793988673748
0.389625107231399
0.427023764845065
0.410149462062054
0.280358439862792
0.252477357418258
0.355371857344315
0.312109952558663
0.318551704924944
0.360433771109046
0.396482538436129
0.340011935939706
0.53355956476042
0.550525926401721
0.434487103933597
0.481765093704747
0.359746618797402
0.407367855437437
0.555879394969383
0.439589070409076
0.484613380963354
0.393067403062501
0.365263443737299
0.448834169965006
0.209232802435023
0.278424811525556
0.41483116819109
0.289641255173074
0.446277791120266
0.515271718678715
0.518571686192571
0.282399125012604
0.547275695848772
0.424949955259757
0.359632114058742
0.44358167425262
0.370290602138066
0.399245592047108
0.312352891683732
0.654960659175495
0.387945416760888
0.636393675910719
0.560255836995933
0.391049866848863
0.41929637493269
0.292168480393154
0.396482343331144
0.482332578196083
0.559789438893195
0.412148879096138
0.545465797678751
0.418535483085898
0.443581237143619
0.47303973169996
0.416694278277627
0.449649857391843
0.320601478726218
0.397093314326084
0.427307301704728
0.449321417544062
0.396656249205982
0.446151174850192
0.582769295238757
0.362408459046041
0.549273112805831
0.548573435045144
0.489644855352462
0.637446277617157
0.448518914668145
0.600262494296914
0.54398134783487
0.59297620480247
0.452331508342055
0.513687887800169
0.452550201261423
0.521968622571958
0.570798321316911
0.563574626241214
0.530378642875732
0.489904778264751
0.56508974755525
0.547247348694568
0.548427648791023
0.487193356801269
0.631503670551658
0.402812636179955
0.510366771746651
0.427567304630892
0.569213580029809
0.54184925561376
0.483581181960541
0.546915579871897
0.669108072478122
0.583725693376081
0.460145253296268
0.409932713997701
0.493490005337734
0.571959425613398
0.635794692261255
0.527527970195387
0.579527711513415
0.678283544115724
0.55525797081395
0.518419758521699
0.709803486736086
0.527961175846028
0.54112990477889
0.704871293037938
0.633036973046444
0.328645645056708
0.535299792039943
0.639535760716279
0.519676648394933
0.683261471536984
0.67425426009071
0.456517802838174
0.586922460398168
0.62237999777007
0.577426073858061
0.476567044335292
0.541532889502404
0.553903524056764
0.71813333633494
0.547696437919701
0.454648128464643
0.668776721141517
0.477977869837259
0.745599387001568
0.710498930302702
0.643609227746479
0.568274750877025
0.68721020979263
0.61418811189807
0.696108852790704
0.634984344118642
0.536912513625985
0.654782756505801
0.740185386213847
0.584040913946562
0.727014167423594
0.641095485477653
0.651626759597346
0.625527791467894
0.767134391894154
0.671025466879407
0.694636424686525
0.675025006896707
0.681553481263854
0.597397849082185
0.73080590395215
0.771417140175593
0.751576581461256
0.788899438189211
0.582085513078929
0.673285979165481
0.619456815809442
0.681155031142966
0.699316738939212
0.786638817380785
0.814434438865918
0.737235202289113
0.4475864105908
0.668575654502398
0.65330192749544
0.682583754911628
0.635750520165257
0.687680337056069
0.651355179089108
0.696422524857651
0.710284676383675
0.741745432165359
0.786853307542995
0.713255726491418
0.799051546200741
0.812590096697239
0.732116906780809
0.680199337891847
0.867804612716296
0.664200379287006
0.638529972134474
0.767872244819467
0.703222521957894
0.583132004186035
0.623437040813528
0.595760043908405
0.650889968137763
0.76055498804872
0.693857440598854
0.716850753989231
0.678462330038761
0.591323884814865
0.711167739475203
0.839092974555659
0.657812477532113
0.720766085370857
0.674907597089008
0.721946599080152
0.81588091578631
0.782758119112448
0.840955715266702
0.730826222471448
0.865327556518163
0.751623711176326
0.810998415858759
0.735271433933421
0.827733670158975
0.93370419745788
0.739820396357843
0.759340378940427
0.946995888193911
0.908012549403741
0.708339160268617
0.842535784035474
0.833856837698194
0.760522759353934
0.856789933515857
0.801750883571068
0.826497666744311
0.734400089254769
0.693308594183163
0.893953555719153
0.782404823397604
0.687384418156371
0.668516380229123
0.7683479335549
0.978479913753379
0.849321822348338
0.850491703722594
0.876567159985539
0.980526500786547
0.756696678341215
0.722735712233779
0.863192097571756
0.744851639927588
0.838831215830577
0.954085779301908
0.948676317817156
0.827359574861274
0.897177890970325
0.8277872454534
0.746154265223414
0.835220650743069
0.806057994979671
0.772369409195413
0.7847317240681
0.787060902734745
0.885239409427818
0.999494402698554
1.01884294873841
0.943818596253335
0.784584016892797
0.800682604821564
0.900419209426779
0.969090964544143
0.754555048109981
0.911541113197518
0.809533159018571
1.03414690469099
0.890153644872399
1.11388433140168
0.806338984228636
0.938046364245954
0.882449591511503
0.931369318260563
0.882024487519766
0.820074711326584
0.925677282721385
0.963420218721522
0.908696357906152
0.80402754085207
1.15728318235981
0.936495466921754
0.830577304351764
0.773561605223369
0.895380684545051
0.959472845769049
0.69364119971373
0.938731733681077
0.873915299705968
1.02425513617397
0.8981056328894
0.944883015089587
1.06778404117737
1.01723088344732
0.953115723444486
0.990015659924838
0.914974025656248
0.968754972661671
1.01483525506479
0.913569389897446
0.907406929894631
1.01536777755799
0.880389611769682
0.99916223030383
1.05553256551077
0.980909242950106
1.11255897503994
0.945664894256992
1.14234937141556
1.00245756773029
0.932390858944713
1.06636154962462
0.875033822442135
1.08134285116907
0.923634643515564
0.868740430053973
0.945847631697088
1.07617405905501
0.945980802480888
1.07551665105441
0.945243850258165
0.894403061251686
0.954128229772044
1.05240220404237
1.04591724191728
0.992288175480524
1.02253191447432
1.1248812370292
