0.0344409417681549
-0.984602519409159
-1.04701417094662
-1.12512134441184
-0.994213077637451
-0.841712822501393
-0.91998397945476
-0.99274614138955
-0.901296807900813
-0.942379536743563
-1.05275548657498
-1.03269937841115
-0.946266542051867
-0.964343773846458
-0.927221975234387
-0.871123286732971
-1.15869146240551
-1.09326012537489
-0.922869984199648
-0.933618184605016
-1.01602660690042
-0.936439087852507
-0.910612362431555
-0.982829639676478
-0.898240792103579
-0.890162636944391
-0.968547194479371
-0.966677738928931
-1.06509819568872
-0.821977627875797
-0.995878101856725
-1.02062857505067
-0.971522297598527
-0.934508948166584
-0.949285368012802
-0.926574811986654
-0.934555719597407
-0.998481445176038
-0.935516102461605
-0.836088490051353
-0.840467577140522
-0.857362747229352
-1.06333748638407
-0.937039533118861
-1.02677616985217
-1.01833913266255
-1.02726822202979
-0.81755912915098
-0.888038044591045
-0.8801910144512
-0.900538207722225
-0.998635607169772
-0.751006821043231
-0.892456724011608
-0.816675021361826
-0.861695478296208
-0.933043703285294
-1.01817835485532
-0.895451757464062
-0.817066378173554
-0.951837829251363
-0.82363653684882
-0.726662007684742
-0.840494977876533
-0.96316544731632
-0.680604332450517
-0.815686261944677
-0.8549120272931
-0.723726477911532
-0.752968218713003
-0.805891154883292
-0.792566977608033
-0.930904201213268
-0.848841825230579
-0.805136303074016
-0.71664881784066
-0.894533517733685
-0.892969418616936
-0.874556218316273
-0.992214058728683
-0.901952788909754
-0.840560126772092
-0.873187641797785
-0.713990812766315
-0.776699156577548
-0.827336793774842
-0.810318042076278
-0.684077495875266
-0.690146111080607
-0.900294128657917
-0.729163674815622
-0.826979082352768
-0.71733654166069
-1.01229682360864
-0.843643405384209
-0.838904571488374
-0.82685758480071
-0.693356264797962
-0.800638717952346
-0.668443626543624
-0.829253407278605
-0.748962629489838
-0.839055416580306
-0.792232256902112
-0.837959944370209
-0.729442994369567
-0.692504061993933
-0.706285345145728
-0.92482818745457
-0.794783400290076
-0.918066973131574
-0.700090641396112
-0.779649161485704
-0.719163775918708
-0.83131209334477
-0.814493365536087
-0.764223982913198
-0.806052591474114
-0.951053040214021
-0.662286450199469
-0.805071039153758
-0.867012738210407
-0.847181592222534
-0.727785480773143
-0.753592598349051
-0.671753649557416
-0.771825802012165
-0.710711333847325
-0.721443084034628
-0.957619727590072
-0.696138556678838
-0.838086132836391
-0.635379395567647
-0.705233948913854
-0.698309887221078
-0.74596366691998
-0.779362272294246
-0.773236940927948
-0.732867029967285
-0.668518956857173
-0.624100505304966
-0.856919820032941
-0.692779470807688
-0.793578306467437
-0.778098743399496
-0.751903545518156
-0.685921993067372
-0.772035159228461
-0.75669700252521
-0.810293257023728
-0.712042045331852
-0.748667813913601
-0.763860974401223
-0.645990304948066
-0.792047106274897
-0.64441113305774
-0.65384904292194
-0.658903551966767
-0.715903388668621
-0.642381904810332
-0.777363976834928
-0.619837102311424
-0.602168096007309
-0.693241402123936
-0.658098889651721
-0.831705671176286
-0.435180602130742
-0.579184891299568
-0.653203451444089
-0.620522404640462
-0.718505653092627
-0.642384023448781
-0.581646048052317
-0.698319236956203
-0.633286527349843
-0.612055605160991
-0.601606897645844
-0.511547435449653
-0.646285340323239
-0.709739530776973
-0.697707362372371
-0.52680722477121
-0.47827430518604
-0.62487737398434
-0.649534359224006
-0.638866602988971
-0.587756369953328
-0.538080062582637
-0.517803964435504
-0.642889026974843
-0.710425616410561
-0.624039101625463
-0.653949384092927
-0.58000748913952
-0.551060990016504
-0.612754273962326
-0.671042211184196
-0.76496520193945
-0.695765293332235
-0.555311234290097
-0.66596521691139
-0.672728184677861
-0.635470129996914
-0.442619537996182
-0.523913083071531
-0.657887052870886
-0.566452847244555
-0.647923747904429
-0.715476450175905
-0.488887683781528
-0.3872195801467
-0.544580741711719
-0.657099308346144
-0.52662429380928
-0.685777775035073
-0.733632056165758
-0.500823334379331
-0.693208011008662
-0.533799732846104
-0.626743023058379
-0.608792847572037
-0.642938378164635
-0.419215841252463
-0.528405008952381
-0.59113113564456
-0.510257822776766
-0.352607811235358
-0.451132056988738
-0.656851113180643
-0.597487023486582
-0.388377650666938
-0.550929485117367
-0.50959765096153
-0.654317720330449
-0.519059739680347
-0.400705634950698
-0.590846031796684
-0.516635944938273
-0.60328285610888
-0.657095194095944
-0.603029980161391
-0.493640770331708
-0.474176284910298
-0.472874535278974
-0.354014231646237
-0.549311058278632
-0.495151811332512
-0.511560918971621
-0.686149569561434
-0.415229709338471
-0.608702798662017
-0.624160439767442
-0.548097743791078
-0.39917309415723
-0.470308753256612
-0.477561417914624
-0.582640739238043
-0.55759363269956
-0.604937538921504
-0.45036134135654
-0.540346627916444
-0.568274617852123
-0.480155031976606
-0.491672855442223
-0.488168711461572
-0.405977719540641
-0.468364156381058
-0.394975480219755
-0.473489854664863
-0.468629347430235
-0.558910908810528
-0.434201165325511
-0.580208478272003
-0.415675971372108
-0.392867173068482
-0.459314268725034
-0.408350710729823
-0.512344627721251
-0.492058418077566
-0.476805734671515
-0.424282982955057
-0.356440455420112
-0.426719933182756
-0.522289509293699
-0.393160729068906
-0.347461736040209
-0.547572286542989
-0.524886771642297
-0.290737724647604
-0.502783567146999
-0.362055372359246
-0.479313253152261
-0.418965003323323
-0.421341083978908
-0.457607870402101
-0.402434827549151
-0.471938928253828
-0.323397663173049
-0.454882032594469
-0.448129400209493
-0.452072019112019
-0.324524118775379
-0.348770779461889
-0.281449514256302
-0.299357537143627
-0.429719028400856
-0.285789813113297
-0.433437135616209
-0.485826388895899
-0.413551009107257
-0.339159216704094
-0.337305447675875
-0.326057280734214
-0.416032991069733
-0.507797791917955
-0.392942844026358
-0.318308994811729
-0.344935137220899
-0.347809788916091
-0.443671090476915
-0.395788592149795
-0.291401384474811
-0.306068102653098
-0.415932918184767
-0.283832167141073
-0.211416489482215
-0.254514020422561
-0.293790862189548
-0.304607612704619
-0.400292990075764
-0.55054864148082
-0.35210510529249
-0.297358780716124
-0.185821772006908
-0.312878465868996
-0.338046773683691
-0.299423475293462
-0.26620858126875
-0.363940219067486
-0.189741570911551
-0.39862144915329
-0.32515116972462
-0.410484213059201
-0.347315848319787
-0.316799229305496
-0.415110680573445
-0.262652025432306
-0.250062126005456
-0.398067749950971
-0.440928460260128
-0.314611580502733
-0.506350642169863
-0.296748055384492
-0.304051603261663
-0.181282453014024
-0.240101015766426
-0.352318277163107
-0.403719750385238
-0.279851254980888
-0.284019066995114
-0.339235585990149
-0.157564543172104
-0.209123035114332
-0.352112605374474
-0.402824638873868
-0.300820205779301
-0.255464881621455
-0.28998116196669
-0.282296945071402
-0.229122420805674
-0.277959068708514
-0.29297412422298
-0.285156964500715
-0.25436072041049
-0.214481175412392
-0.38209968222548
-0.28295009411988
-0.442341028352488
-0.210416716832301
-0.350080831347226
0.0607871381831838
-0.198801619584812
-0.301581711507769
-0.195261917247729
-0.230741908163108
-0.241810910473614
-0.167048551376995
-0.039415862116131
-0.231521481577672
-0.172269031850942
-0.257824355836797
-0.130008119504071
-0.245353664183002
-0.12595190420833
-0.3947961249416
-0.219418017501259
-0.272785651107962
-0.248549365047385
-0.13281146045357
-0.293844718293929
-0.202138172012029
-0.154731988046909
-0.13065407384204
-0.175983528254242
-0.181469186508266
-0.164179461625124
-0.139090765464484
-0.20478271400844
-0.158646506920529
-0.199999344122747
-0.176359866848621
-0.0575720115640995
-0.334176910165297
-0.266816706887276
-0.150651718358113
-0.0870602765554992
-0.192621387298266
-0.0339285489342465
-0.217085671841799
-0.227895139540933
-0.0496123367123726
-0.242257406086362
-0.226104872690137
-0.136374832235228
-0.113824946471601
-0.211054844443791
-0.035023356608335
-0.0941385861760768
-0.0841625571840746
-0.246193896255597
-0.0665888347082043
-0.0230699409484819
-0.193642203953303
-0.212966708509697
-0.0096701443210953
-0.176341004502878
-0.255855409430348
-0.286546473659263
-0.0545167305900165
-0.13199330012375
-0.0782835160869202
-0.241590230818036
-0.117876472804059
-0.131311406633707
-0.1069168634417
-0.0138797300668564
-0.0708531839519751
-0.124456968672539
0.00602215249866535
-0.108090004647093
0.0686846094341499
-0.230541710472444
-0.117007506930241
-0.0483418701624525
-0.0197513046116601
-0.0709467006444036
0.00783020798484525
-0.18074050110589
-0.0539309648496484
-0.126641306122074
0.0197936678234059
-0.163941336434354
-0.0718211239605516
0.0065623684995367
0.0467525490126034
0.110475145131113
-0.0757908559132501
-0.0777374228306014
-0.084482301493321
-0.0535101668373223
-0.0299834837136952
0.0182989667467349
0.000469370922591833
0.0527990503727826
-0.0700616328176113
-0.047687457877417
0.0335694789791023
-0.150386435461315
-0.152736082834788
-0.0846884360964295
0.0934140771325349
-0.0548058621521365
0.0266577128675426
-0.0338606323324756
-0.157449282282158
-0.225115093369153
-0.0246678211855794
-0.0172071376761289
0.132596549507897
-0.040243477076066
-0.0123817856609649
0.0404673907176419
-0.114839093449366
-0.125656124589884
0.0457731553069091
0.151041499627095
0.0548065681121097
0.306902679700769
-0.0109719892550667
0.0291546237217099
0.00273129105806765
-0.140123893651541
0.175164609054339
0.0212763065458319
-0.0964808521012556
0.0365136107877279
0.022660382187844
0.146419061736101
-0.0931488479380724
-0.0911949734925697
0.0653073650150625
0.0258731314919745
-0.0313961169307353
0.00664470733673355
-0.0672959531762887
-0.164082521742221
0.012437652141816
-0.119680034589182
-0.132134876579375
0.0242265144008644
0.167825049372236
0.0840205792004607
0.0966760796705962
0.198233506932125
0.0728352622037534
0.0985734269369743
-0.0626713384667727
0.178484027230832
0.0686854867894449
0.0862038135315407
0.0584972543813593
0.218336851302764
-0.0335701492473255
0.146189225262567
0.0685484668053455
0.0402785680512024
-0.00275065116967477
0.072706773218198
0.0975061722554764
-0.0187455134170309
0.105596715509343
0.0113953692214062
-0.00750245334268513
0.168407493457438
0.105752101983455
0.0603773264997966
0.101262047111046
0.189945286073224
-0.0399935179997387
0.030827511474401
0.165534327830405
-0.0141072930260975
0.184781589927752
0.010501508927727
0.0734593814914569
0.0671550130854548
0.160938204133473
0.00540714370025335
0.0577646522387374
0.168731048985683
0.16494383689345
0.112000041462926
0.199898540696468
0.163626581575676
0.145005831407509
0.119490295965788
0.0958334093179919
0.157210769165873
0.0155946205328298
0.0765281643435105
0.11774923474658
0.19506579896618
0.23379075171699
0.174898094624316
0.201978489956712
0.133457340671886
0.037138953509752
0.186683294683396
0.0490143200374913
0.150881034791437
0.0103120227606916
0.246537422724021
0.0111762544454421
0.191577280563064
0.0699107871333325
0.354724463729563
0.0432615708962312
0.124990590696415
0.22305729669815
0.29189890237296
0.162201213133111
0.178267398226567
0.258062144433226
0.255061749084197
0.199761750087816
0.191680497130582
0.0830186636680826
0.21579297618094
0.241270613282039
0.103582670131097
0.210171292360833
0.0523231194882241
0.183833334806385
0.146686392847038
0.371009495144253
0.320875757579914
0.204359921502696
0.166554070813266
0.276473539182306
0.0325853122096286
0.12035186616743
0.154035102005619
0.17349901281393
0.0623965272178175
0.208998440023171
0.20804167100569
0.0281858188471552
0.155943259603623
0.258393894203465
0.279827964825036
0.342229689942585
0.189285914464433
0.217864514752983
0.261932130223298
0.389881771810327
0.192228330839153
0.138873762884207
0.235587946695679
0.358313143809739
0.316525010830833
0.155164257639175
0.278018500041538
0.286906624370162
0.0629144084043151
0.35424892346525
0.351735910031973
0.302997607112026
0.248928653809559
0.184387146691015
0.249940226743721
0.209670360794774
0.189284227683656
0.326613574317148
0.273775829874798
0.315218788142374
0.228299432463887
0.368963843356912
0.151771583040491
0.258619906979292
0.365019590491825
0.32931539583723
0.313585329670666
0.434979548600273
0.300325217017595
0.272562919249965
0.395370335942573
0.353417195592553
0.386293664084322
0.218953880225734
0.375299896756968
0.345906109346598
0.255622374690055
0.363988660412232
0.309512102725602
0.312565828687169
0.29658614051994
0.288121925378519
0.323552134832716
0.33972345771448
0.387738386595096
0.358751840845525
0.310798957945774
0.280556064279131
0.406910614992704
0.401645215530825
0.331675844550963
0.203382683979863
0.358396906016271
0.365371198959113
0.272322367970758
0.344097247142587
0.331812650524596
0.300008733191052
0.419283715564716
0.416838587688808
0.426894371200291
0.400912779536051
0.269195019310167
0.261237152634376
0.344742496081948
0.30651385920013
0.30537448039776
0.362046601135423
0.384477681429128
0.341147349253652
0.530490479368774
0.587462892678095
0.441601324205383
0.471832886069557
0.366008961855791
0.419321488119313
0.550980906255397
0.452869814071285
0.458471933155503
0.395605544266038
0.35020103931116
0.478627818678393
0.17688959391613
0.252727140486381
0.400455928550144
0.291672529861236
0.431953122851471
0.516865713781204
0.534370869410887
0.25333316121626
0.529512158373652
0.446141567439491
0.367466588821843
0.432616838887457
0.36562784423796
0.383200006450882
0.332144077308114
0.635586651694911
0.40817290928194
0.634135183485736
0.539994518241446
0.380128216954311
0.410152515771372
0.28032076948815
0.407125824160233
0.481153479579065
0.572137883284067
0.418242096484787
0.53633654404658
0.434140632535011
0.438247651282446
0.470218179232389
0.409125302061211
0.452797975257187
0.304520876660698
0.389627001448205
0.444911858374251
0.451018234735327
0.403797901213296
0.399551386366991
0.594685328785283
0.387036673328419
0.544961606745736
0.539986587640846
0.476215862458085
0.661089235768941
0.465848529487357
0.597279843829823
0.527163555882941
0.603440239956493
0.437476417732438
0.516449436148287
0.45463418947473
0.516684328683392
0.558004592904004
0.555126935189789
0.52271992458591
0.486862774096341
0.550524084840738
0.529514089608992
0.548440065969954
0.460705661365951
0.646028333064922
0.422338442199264
0.510808102024285
0.407057540052949
0.580929397425338
0.55598402560478
0.499813080567726
0.533193258333388
0.653143801383487
0.599852484432206
0.469554174086566
0.417348564985988
0.517167121068036
0.564444656219438
0.640707462694511
0.530112646872281
0.592766266226577
0.682114936078651
0.538976703936425
0.515461149229344
0.689459179608569
0.561151158367504
0.563347414526384
0.681398807774934
0.633095673730234
0.355190344933572
0.550359838063782
0.622391015655115
0.502676163389529
0.693400979373017
0.701826814656587
0.43271283802002
0.586462969014968
0.586296421294629
0.599337324971343
0.493988198128439
0.537271159647445
0.552421753016652
0.712042842355845
0.532815104881052
0.449040756220035
0.662456366356986
0.502479580465276
0.739819963619156
0.686204221970442
0.645692035435509
0.572057108707011
0.662460377524522
0.613477470864353
0.706243385034223
0.646974653145989
0.535148914701006
0.661398339671686
0.727189347322252
0.578146234120402
0.718057818865184
0.623128945629504
0.676700590022679
0.611284607755956
0.755486371719666
0.652920987760275
0.681460819769817
0.678878537275878
0.677161053356477
0.622583520867622
0.724453949419941
0.751885699650488
0.756740757442108
0.781689491606946
0.589616197317387
0.681980533293391
0.638209946852833
0.695566239077979
0.699484018010692
0.778171755333418
0.818458861869522
0.747417016253023
0.488748943886293
0.641556656542624
0.657178674909912
0.686200847859884
0.629730023522375
0.702609138503833
0.677404908198919
0.695237829789782
0.718165530538698
0.742886523708129
0.784532675049834
0.74485717920897
0.816643175333617
0.811949183966448
0.726625782841036
0.691905556030013
0.850542956905973
0.649800363265385
0.647213505228094
0.764875177321323
0.689351049666593
0.575748482644185
0.610388960854535
0.593909845470174
0.679588268699778
0.751470537356106
0.68735347120977
0.74193391606715
0.656104512111106
0.595622849949402
0.718968877956659
0.835601380639296
0.663343908046748
0.734727955328146
0.660341510103757
0.71977828365177
0.794438520780941
0.792755373919645
0.844451079439263
0.713949775599665
0.872864547268429
0.738888701427156
0.833412277460167
0.732448104785497
0.815468976181889
0.924367881739366
0.755304724928802
0.780742510881293
0.943736381894243
0.918012337718448
0.715403825075615
0.847019229862639
0.832965647265194
0.759374751397127
0.857917115900126
0.817095394085222
0.846115071888809
0.729527400094066
0.687046296656526
0.881881048309531
0.784908240048201
0.680779912810923
0.666735057597679
0.777986626844333
0.983668787242481
0.830029312066703
0.845447182896765
0.864621946554357
0.984899956457995
0.751431732130721
0.734143987123615
0.838752159848125
0.759365616434005
0.826505036520422
0.95573029973992
0.92622498199536
0.82912492836681
0.919671499817678
0.821479704477172
0.761961780058842
0.838841534257366
0.796841755104662
0.756888771989697
0.778205680930001
0.782207172817626
0.875945792863344
1.00089211463644
0.992281068668052
0.941358204397942
0.768071067660774
0.80847115493879
0.888780548516391
0.985330097368842
0.762350616949674
0.896819261788815
0.820892251072689
1.04367441248482
0.886180959323033
1.10102771605035
0.833919279162401
0.929500514818536
0.856347469302204
0.927126597330649
0.882407444298241
0.788779485419303
0.9200121416805
0.976708880902135
0.898983898526388
0.80964376828622
1.15499306568463
0.960763078364404
0.815203951651652
0.801807115952622
0.916917263787636
0.952343557492041
0.681347937816496
0.940150451337073
0.858379883532731
1.01563884165193
0.903294856234352
0.955912710960828
1.03546051264029
1.02281810056155
0.942485209706242
0.97906284727965
0.903588103395331
0.949322598937898
1.02489587819041
0.907143740733166
0.897959565982689
1.00871284560757
0.89239347364631
0.986695394879173
1.04231578979353
0.972875721370281
1.10160491705386
0.940757671343625
1.14712360361705
0.994793043659785
0.937841142712049
1.06126269639402
0.865165136066898
1.08268706887052
0.898291640296235
0.858019331890488
0.967151294777027
1.09449308809457
0.96113928126717
1.06684213592298
0.914444661981267
0.899855442302675
0.948813312403235
1.0351798328803
1.06168246039929
1.00336667760275
1.0103171508979
1.11869248166824
