0.138264415411216
-0.979038772787852
-0.951037780330826
-0.934794568655309
-0.991075632772526
-1.03087926536663
-1.0597847333795
-1.0087827524593
-0.873918244612109
-0.860001914574596
-1.05735177186579
-1.05347917959536
-0.938485665350661
-1.02260107424403
-1.01084180115253
-1.00507548919753
-0.923217270811492
-0.995680502331011
-0.815673584549184
-1.01733884882398
-0.846612573190074
-0.763586826915229
-0.821082933668631
-1.0480784315449
-0.988258209952754
-1.00798496962948
-0.897907709843469
-0.893003687911276
-1.05151410664163
-0.827870534097606
-1.10003530449885
-0.953728783238551
-0.993075066320362
-0.983095217188776
-1.1663101703388
-0.861689064010203
-0.955000723583362
-0.942590649412892
-1.10321889192045
-0.988061039146235
-0.979355151300321
-0.867250979988493
-0.810777063005224
-0.753721003335025
-0.829846124058935
-0.837576393798465
-0.864239445585246
-0.974971148539168
-0.88607259240602
-0.924312161919236
-0.883159913164273
-0.911238250404047
-0.89338868410782
-0.741338991181359
-1.06537265972541
-0.697908222707188
-0.914026820751555
-1.00725950411381
-0.847439373087454
-0.831494694581073
-0.90017653518499
-0.826065237876121
-0.825259883858929
-0.839818896277792
-0.824992262394703
-0.929806483004399
-0.804645386355154
-0.696191749332225
-0.912404654306574
-0.744630044545066
-0.835728237429357
-0.917458428875841
-0.695310850583101
-0.784739336628955
-0.664701004622498
-0.951369112466155
-0.796437194088299
-0.772221883302592
-0.860447585775108
-0.865544319040172
-0.764309403403047
-0.830814040468384
-0.891452867422175
-0.795189910249097
-0.651034812835472
-0.830832157325629
-0.875103531377904
-0.773231767418779
-0.894915706397606
-0.817883843453741
-0.796958469236294
-0.798428993629561
-0.841249423817038
-0.914239119025168
-0.781688287048922
-0.733275065033937
-0.676372561995714
-0.844797669999011
-0.664120533439447
-0.835495339746666
-0.825331606476539
-0.827544425250242
-0.814374669419463
-0.868113377922221
-0.884481610131235
-0.781918315415325
-0.94866360326466
-0.717700281307575
-0.713465763442277
-0.723729039649933
-0.793397762195539
-0.741513136690594
-0.664791649880449
-0.691895521020403
-0.802788520974662
-0.72248196755935
-0.805748241979413
-0.821833510589816
-0.715452168298658
-0.824797569315082
-0.716356089849632
-0.832418709136734
-0.851094697166203
-0.617652522622642
-0.733355123112255
-0.738249043114787
-0.707181155656149
-0.7576690435909
-0.718052385748424
-0.726328857078894
-0.611615217943634
-0.796553257359164
-0.834225986993148
-0.747093476476264
-0.714821716883768
-0.723298448005689
-0.763041385299228
-0.617024957871137
-0.859486134318796
-0.635556920805827
-0.540422967312609
-0.701565430902733
-0.709600395744969
-0.729312107380186
-0.817654825635649
-0.664856546754655
-0.831017110333857
-0.585463333826511
-0.640924248449043
-0.685750033657355
-0.679904390699809
-0.628663228438494
-0.66010889255634
-0.754674375131795
-0.632368731310903
-0.758840835177444
-0.716810474610656
-0.683975578249777
-0.570279607675613
-0.523995163042982
-0.599447393261256
-0.554659173003762
-0.687727634463479
-0.663852014700803
-0.523440075786462
-0.603209522959382
-0.665088080036514
-0.575691159340021
-0.760685421285867
-0.571042861627839
-0.567186695818207
-0.649420596204454
-0.697937063055775
-0.605476844607768
-0.643760693244993
-0.685984477460711
-0.605312196912917
-0.739437086787538
-0.658325710016457
-0.52484398334872
-0.744502479779321
-0.471826297882118
-0.642531356872711
-0.724801626965825
-0.794343362577919
-0.565503036868525
-0.651306738225773
-0.668756423911799
-0.677931045317854
-0.553984194246893
-0.768693045358198
-0.747322085614103
-0.584358728046852
-0.551602749321109
-0.577498578466389
-0.545041096891913
-0.54038339255115
-0.711414326169657
-0.586272043203209
-0.653568634129862
-0.574117522131334
-0.630625285334602
-0.58671929669035
-0.53473928436094
-0.656280859053487
-0.534933514367879
-0.59447950513643
-0.579391373179507
-0.522690665210341
-0.502001276258424
-0.595147302678325
-0.581861533191998
-0.505023758300107
-0.475954252350811
-0.62142543170584
-0.516693017035491
-0.568874915167346
-0.480298807984553
-0.55452285980701
-0.524826277972191
-0.473918519637499
-0.608398382507795
-0.609450152283375
-0.643157356671109
-0.599905890285864
-0.577645754628468
-0.561265398371682
-0.490641796187715
-0.637343264062783
-0.471479274326289
-0.619771750721596
-0.554810382283032
-0.401100143584826
-0.533282304356278
-0.479646595508498
-0.630267051855336
-0.426206055202047
-0.429218012903949
-0.551362130939446
-0.465918010627852
-0.605338636897279
-0.551432988098063
-0.474835752155143
-0.55981542129141
-0.626583075290184
-0.649410180302321
-0.480170275769289
-0.483394166021421
-0.479830204900164
-0.320140945515701
-0.422452954121731
-0.447653470705124
-0.44641075444415
-0.546283353765458
-0.539799271082474
-0.50631967589688
-0.492938262464662
-0.496027114959309
-0.552661998980159
-0.47319546463087
-0.621461866146749
-0.350626840973679
-0.474318902457202
-0.390613505560235
-0.649089640386378
-0.506980430374723
-0.600443787293798
-0.485471161669494
-0.284390104742108
-0.537025111901237
-0.442386212833338
-0.478720838632638
-0.436104061729337
-0.661361298943724
-0.478811084960156
-0.476744061979986
-0.568611476279486
-0.619020613102695
-0.63486171088085
-0.597112934768454
-0.364364262229846
-0.328602908599121
-0.526717865289513
-0.413029042025055
-0.351562513190277
-0.447458492296693
-0.253877164375852
-0.432842537268968
-0.461669617813859
-0.465992350889425
-0.411377658619349
-0.385376950021968
-0.486467406550146
-0.384016107391991
-0.303700991183418
-0.450496583359025
-0.450892535737825
-0.489266499297429
-0.315048019904369
-0.280007603811512
-0.382540710730732
-0.405903732006794
-0.458769284982708
-0.403620380379164
-0.308132347310441
-0.360196253290336
-0.405646698706236
-0.586880321931766
-0.488167771509298
-0.312055345759885
-0.388930975292306
-0.28255852977201
-0.204221300520251
-0.438825435359581
-0.507435424145014
-0.432735465479
-0.366975017307392
-0.381811680055046
-0.304352979414728
-0.422454263791547
-0.38537787964562
-0.425019487481724
-0.308176818589855
-0.272350649831568
-0.325595584532243
-0.321132834064769
-0.43891513276494
-0.106453436254155
-0.349460096276363
-0.491434432978656
-0.254866905325493
-0.41096457424895
-0.304156927535312
-0.193407608537738
-0.530143230953836
-0.222967885349394
-0.401917932670814
-0.28493695018663
-0.326638937816963
-0.364999844177729
-0.330112420961546
-0.362473335903678
-0.391779653082563
-0.334301515690882
-0.206547121182057
-0.309949478278281
-0.314305402249454
-0.329025194587768
-0.318669919510506
-0.316333235932135
-0.370839415537184
-0.387633285563104
-0.168963745723607
-0.208494194675503
-0.203328971958748
-0.270417675534429
-0.311057850215153
-0.253817464344955
-0.25245756664079
-0.304708348261154
-0.285446925873725
-0.303325499966129
-0.342608798740584
-0.290908563146687
-0.204574216400415
-0.223220867672931
-0.294820776983574
-0.213460692570698
-0.367952212117762
-0.310075226874755
-0.148679832504813
-0.23009937727902
-0.0931302109937379
-0.36011674188781
-0.18665392176568
-0.290326625305294
-0.232990857472586
-0.166522309244426
-0.172279185629891
-0.251796762003623
-0.241739691287412
-0.294560769588337
-0.383940481861555
-0.15637755147182
-0.300930767874441
-0.173380885515083
-0.137139731155271
-0.251034931758906
-0.109670943040013
-0.22723371949042
-0.218168977176534
-0.222079492183984
-0.235612411969298
-0.236234501626102
-0.217904456047112
-0.194412038453888
-0.220727820241777
-0.0579329711713379
-0.175624946267926
-0.17624888485118
-0.132654906834505
-0.141870761835994
-0.155658612099245
-0.230168632002722
-0.0873462879679871
-0.310518504804923
-0.183965517417769
-0.275101566628786
-0.190211960815466
-0.142368687858601
-0.119524241244473
-0.260662429581484
-0.206221940081033
-0.176578222552375
-0.269104227112773
-0.0776673550721325
-0.120290762388124
-0.152088426230605
-0.273695945848701
-0.238782781278298
-0.0803292562866666
-0.0763059692453582
-0.278257933674119
-0.0890055403728761
-0.304573514914704
-0.0977835450027864
-0.138067125445989
-0.0441666385302163
-0.0248168654636827
-0.161876111642266
-0.154625019084083
-0.191240644971753
-0.0920054560107164
-0.152254284733256
-0.0287360967348874
0.114885903594699
-0.0671440341653896
-0.187669669265086
-0.162428512908788
-0.102080058078534
-0.13864778117297
-0.21493114972255
-0.166579658939523
-0.0757637744708206
-0.0465540336947932
-0.0365957866381847
-0.153058831686079
-0.136017027978498
-0.0248274392097979
-0.180300680093944
-0.121963134430482
-0.0175772300802322
-0.17062071672739
-0.0915513223864227
-0.10853810656439
-0.0796949260380478
-0.0870344399023183
-0.0759535931755854
0.0671841402504174
-0.072140358481246
-0.0997144033131161
-0.0766835446901476
-0.0993979733856015
-0.0222747975695958
-0.105623392666466
-0.00279973359156468
-0.00586139549511766
-0.0414013760819312
-0.0830429816929112
-0.207651886980884
0.143675761451888
-0.0298897460347913
-0.0264059066423062
-0.0991024451273371
0.0623563483713281
-0.0539164947922898
-0.0141889875750002
-0.161953519130867
0.0333818148468559
0.129947483985279
-0.0834402594715598
-0.144500743710879
-0.0387130007918765
0.0878923157648935
0.0507783223178776
-0.127732794646222
0.00934784513556799
-0.0357786175259142
-0.0304420888147898
-0.0449141222569778
-0.0377328303020848
-0.0548764767559272
0.122036548808324
-0.103368802542418
-0.017862456873213
-0.0375848764625849
-0.019929784131784
0.0308165742141956
0.0574019592817188
-0.194893656628146
-0.000455570981635429
-0.048630801502262
0.0431686988636759
-0.0553913425318617
-0.103861644388284
0.0895180808173683
-0.0587843431933127
0.106538110009999
0.00612189789132964
0.0798334021606047
0.168543446533884
-0.0380715993909277
0.179148834899483
0.0489128062090506
0.0694967820648192
-0.000671197595895995
0.0780817936318255
0.116382512952071
-0.161840139984156
-0.00976882913198681
0.0188979952460639
0.0868051422671503
-0.0345662994574339
0.237791277485652
0.0650695686395337
0.0806809151048099
0.168278212119656
0.114644083998713
0.0527770308884642
0.0537335727873841
0.0518847584911288
0.0952134758508705
0.0172177952471817
0.0653017289027655
0.0899957348434796
0.0704707987865579
-0.0348636062077094
0.0783711555072344
-0.0326120053259327
-0.00636811552370821
0.125998510399893
0.107554972678612
-0.0517376018233474
0.00788201402119418
0.0466325815380646
-0.00905801871389397
0.0420856408197627
0.0515543431576076
0.0529896620610472
0.152779864630029
-0.0501411612106474
0.148524453586073
0.0262901547090985
0.178160810287922
0.112988964339184
0.0453952764959418
0.156549221263848
0.326216541542152
0.0920043124870233
0.116224210703318
0.193842036356599
-0.0191353220451155
0.0876960817864436
0.0978516617513265
0.203554197391756
0.229188107937794
0.149282997927939
0.161543305431819
0.0346474672035787
0.115895438828556
0.182423961731055
0.211071170665136
0.140910199205407
0.0294758962590926
0.0704642361190648
0.22559741719964
0.21115367676054
0.0951516472380829
0.210196616541638
0.0871778784611043
0.336902293270443
0.0516151553486226
0.138487620060069
0.139889198854838
0.281051109911534
0.195565892541513
0.0579087286658948
0.202389469598148
0.264125481117808
0.233783031600539
0.260286204393964
0.18016921896636
0.1600378254621
0.143496307630558
0.00560272364028754
0.191340974815891
0.13692688195597
0.0810388631044191
0.293903510891824
0.151348845742407
0.209490641477007
0.175425109198733
0.202562171535824
0.157608140113903
0.116377514957392
0.2322218142054
0.301580079599391
0.17378157165345
0.266089643122086
0.1746979592045
0.158359513766073
0.248107823670316
0.122144420052255
0.178634025531392
0.334793725200488
0.121433638775568
0.286603966930649
0.235954645553338
0.274689382362375
0.248433984645226
0.233131969892571
0.379476293775003
0.188438109334901
0.264387814591539
0.21699852424178
0.298994485280074
0.299954145568479
0.238808751345399
0.169290582991589
0.197846863259638
0.0269858181255815
0.202252661732771
0.279574651068349
0.329764377454848
0.155725683745383
0.178757551438539
0.38203337682052
0.373847864747417
0.322142144588666
0.18029841842604
0.376035146273622
0.27470985674248
0.168719853418752
0.440930237160484
0.217936549376708
0.231419784825536
0.261260417446635
0.207707895768708
0.242243430329599
0.228934656459328
0.248112210585364
0.317782589823787
0.320800853939848
0.217036708898897
0.320900261695641
0.347127604613162
0.282187557544217
0.382095491228309
0.207507225367307
0.200134019510946
0.509734203738801
0.39347099481866
0.404715609864522
0.337929606247923
0.247433398137429
0.215347493514955
0.308954067958943
0.298573335547608
0.400431216817612
0.333137971044779
0.279486347515908
0.424547971962175
0.361711820908799
0.390155812690805
0.402083186195445
0.42019707460275
0.303305768847477
0.3126901782882
0.259156822722415
0.251441284217898
0.505666775798057
0.339791828507736
0.365440332244913
0.214972049812926
0.19652982259138
0.364175612517828
0.34191665463826
0.284328884410645
0.225732323019164
0.329690815852158
0.391543453734022
0.389203687667394
0.297221300710822
0.410733863347229
0.328552553584297
0.361971542494713
0.468197806305694
0.501825278768457
0.378711095437987
0.542796497523515
0.23846258217399
0.447797878169454
0.420490654845324
0.474330937461053
0.441335750073902
0.280454874181937
0.520716790308734
0.388689115891163
0.567684637550367
0.419841840772902
0.505840915111089
0.587147213965827
0.391625144412677
0.438199744831663
0.389213823909961
0.380720197332384
0.328759547893464
0.304265048588184
0.527522340739037
0.356858805039896
0.461668379011916
0.428050207222752
0.40695186427543
0.392155499496695
0.302512682453956
0.248544436381663
0.385615266940439
0.262125668864177
0.419006923744661
0.380670929223359
0.463564217471682
0.370502753180145
0.44080547515149
0.481250854302419
0.371795748919103
0.31477492126451
0.518219895517537
0.473417338003898
0.558268065005539
0.582611282114053
0.565586134984892
0.582272666393992
0.423731660989013
0.618968020782146
0.346129470454913
0.569511538521864
0.503406449239474
0.453666761916763
0.491604299371141
0.408536760751938
0.404216265774895
0.547755950589959
0.52336379036316
0.588239349434461
0.384594803495946
0.438558345830456
0.431245698584752
0.365346779233896
0.657124485318471
0.442378651537773
0.58744705925411
0.606254400660857
0.573212655493392
0.475175453468076
0.594974767439217
0.466438504826077
0.552709528235414
0.694369579475528
0.593799046917618
0.629538958781047
0.537898099839846
0.347493823605404
0.592221120048379
0.529871200497207
0.636884433274879
0.545180522454111
0.41163514470497
0.502420131555109
0.638071849366396
0.491764816874449
0.503538223702177
0.607706287799725
0.496497463992149
0.37680272906303
0.488366800528677
0.59331879192034
0.593873931396111
0.51405935032894
0.553855803329891
0.610885937085337
0.723678804470381
0.736695061537172
0.564297410711259
0.542493277388781
0.414054454549246
0.48321005720873
0.59140825849524
0.654144586841041
0.647324073219935
0.520344589009972
0.577002663361768
0.670171996216821
0.654798851038765
0.52796915454428
0.601011437124218
0.551800989399982
0.635579401433513
0.584778008411622
0.53759637379381
0.623553460163861
0.637648451746831
0.619467163701927
0.518714878383228
0.696124101379677
0.652329591357035
0.686676941819166
0.675075464687748
0.641016330581425
0.548686577593418
0.718640292138936
0.56040706440951
0.644221475609093
0.68916988917634
0.598921047654063
0.732465632693138
0.60637659762463
0.658394152516048
0.530813092009819
0.67949397738173
0.662758242986966
0.64313296785208
0.654328666067342
0.706104283785539
0.784286798541262
0.747809839844557
0.699716300578889
0.740607473651219
0.644297104680601
0.671342120968379
0.433679284741819
0.654090789377184
0.787833664432598
0.709810013606651
0.623475971854201
0.767208049868322
0.573281065541714
0.768492156215629
0.613511307713898
0.650224617038733
0.635249703294773
0.631085571789233
0.687615847151589
0.692659420469258
0.812697210806629
0.812309029091345
0.760948826850109
0.803666486007569
0.667577199238926
0.731091945315114
0.686260614823233
0.672088527624972
0.769798725258107
0.739005210795019
0.658767598348949
0.889462397116235
0.696759572437611
0.690333982387446
0.806722066893724
0.871437637709315
0.759860252861959
0.58505339104729
0.603317280064862
0.649889473020721
0.832340843663443
0.790570081796435
0.643583211886269
0.663053699850204
0.687170472740538
0.841055461671533
0.81630592589391
0.728005807117388
0.725778980480095
0.822983218564816
0.828490898122302
0.718876559663126
0.819116245677836
0.850611161843854
0.569764151275258
0.676710255582036
1.01800770409943
0.568445684691253
0.743388380990942
0.870321575322966
0.730311946420992
0.920185450835684
0.759707569079085
0.733500942776584
0.849266702487004
0.727862970450505
0.615273434359835
0.783585149782838
0.810737606638094
0.750843203611421
0.87615124406198
0.72886223084644
0.920128404786484
0.941577353074948
0.891592553945218
0.892274759142056
0.704700104860948
0.888928393802338
0.698027659718018
0.835341192708232
0.859923788247377
0.890229255855953
0.799055110358573
0.737583875327138
0.90784540729555
0.765893897515187
0.92925881057247
0.858677369152293
0.880713379115308
0.816741675894491
0.852896022430486
0.770574567013989
0.869564953610098
0.795907645149579
0.79848360919458
0.781143547648802
0.787831699946015
0.846339687772691
0.762005537372373
0.775875409467062
0.919546011525058
0.854882983308469
0.851527211609719
0.888013334908748
0.902132941118675
1.03429933425386
0.908912868946658
0.78801022519893
0.738308276092344
0.938328439705068
0.852722485366402
0.889747266453038
0.784563586282039
0.855227114271308
1.03077340108889
0.99674241936348
1.01224119697339
0.941114143546724
0.797133453431197
0.851388269877868
1.02147808302273
0.81311733573084
0.956197529227452
0.951192256032603
0.944848652554103
1.05637577392729
0.850962072523757
0.802322816806491
0.769767256161479
0.965498469432343
0.918080723166369
0.899017567481728
0.861962567382756
0.856698065057356
0.976643045412032
0.900936220604544
0.911005735411296
1.03158645223928
1.03578849424393
1.13952729943154
1.09753145476413
0.893499870459306
0.882370550781951
1.06622402793482
0.858985372856652
0.932885344205586
0.821195479409973
0.880090591769781
1.07624695212784
1.02238004658813
1.01700292605707
0.859034183882743
0.951788625690484
0.895580564186332
0.894379606920533
0.958600133189617
1.00129095193711
0.924593715142544
0.95901854123789
1.00644786933881
0.864370531532697
1.05661346503091
1.04243216622756
0.852424036955791
0.957412978157989
0.917581421338219
0.973880463341727
1.12094657348662
