-0.0677856375032886
-1.06637681997084
-0.94206096544321
-0.888072041477763
-1.02110219702759
-1.12540829068594
-0.902795372275282
-0.994756550679672
-0.94233593551561
-0.986141271976211
-0.917117803858766
-0.857921088395371
-0.964625743646645
-1.01873345795272
-0.974479483262415
-0.953299570303138
-1.02908960747073
-1.07747387385325
-0.968669757154082
-0.999146619160896
-0.888265914172111
-0.944589172570492
-1.17302448746141
-0.925483075997229
-0.888026338818318
-0.879784962941551
-0.963541205707755
-0.982683008681726
-1.03595306398807
-1.10262094065505
-0.936005442551635
-0.832170899701432
-0.889528918443972
-0.897019541984688
-0.934601730691589
-0.862082591304479
-0.862107386374451
-0.930309607300178
-0.839555123504762
-0.841136187474186
-0.839024528277342
-0.909506542263797
-0.871588607459972
-0.94928003240082
-0.93981846473064
-0.806601300167416
-0.873849865173949
-0.909930684332653
-0.893250710014141
-0.904417508221643
-0.924944234675426
-0.875923050161285
-0.845868462726669
-0.888383716454182
-0.987571009609171
-0.858585901650909
-1.0281414705892
-0.865765795440109
-0.943232610279106
-0.944603381775089
-1.01813183434806
-0.783017000855765
-0.883227293397785
-0.852298207185195
-0.735077797460962
-0.735148841344388
-0.869550599440472
-0.843134103594625
-0.850551866446149
-0.650818422026003
-0.906240296255708
-0.81163077740557
-0.798493867365562
-0.983256825795109
-0.888997165862479
-1.0215783224312
-0.885058406637685
-0.805682238735808
-0.889674718880669
-0.830205322123573
-0.78775924248074
-0.810981669134991
-0.789432976192657
-1.075152516956
-0.754704055725819
-0.78737383503044
-0.849489666935708
-0.775532222667409
-0.985005735225515
-0.784718858179815
-0.788823186498697
-0.774993658317251
-0.919204891784141
-0.637869940694866
-0.835988148224985
-0.824322421575113
-0.723747207868415
-0.873739166711552
-0.834476836420145
-0.830500829352876
-0.810893768215585
-0.955441142976631
-0.874444194464853
-0.95963711679101
-0.779869041827397
-0.861582797724053
-0.648363686222103
-0.866169435042076
-1.02996935929621
-0.832953755403357
-0.831136497544263
-0.869943907819974
-0.76564636550919
-0.695858514422158
-0.810580412008144
-0.858609446774968
-0.728086963393025
-0.798407145222626
-0.66246352551882
-0.701168820565032
-0.761299007952789
-0.627248788381546
-0.795224997973003
-0.658390718548756
-0.64126988061167
-0.770181666126473
-0.600359625067286
-0.817545230478605
-0.754655897050668
-0.658918163281693
-0.857271742447459
-0.680296198288761
-0.925469018293022
-0.710792300147909
-0.754148034088249
-0.728704988618463
-0.813549410857617
-0.826268811348926
-0.713135676798238
-0.757571424724852
-0.571551950054534
-0.635905576856224
-0.748657291414267
-0.692437859097553
-0.571009708873899
-0.584909008127649
-0.568754106088594
-0.766721876995145
-0.676752613095127
-0.828132460003527
-0.730300942422207
-0.64837435160349
-0.776720329060696
-0.834593346921726
-0.654973829476703
-0.656131527746731
-0.711528992674655
-0.763592872593599
-0.688991654354654
-0.580948486504915
-0.813219978197128
-0.600741013774615
-0.680136477978317
-0.502027640659492
-0.708391218012116
-0.725227306372548
-0.683697950193621
-0.577601727779693
-0.54745204259183
-0.698722949306265
-0.65364639845803
-0.757732294235197
-0.617734968550743
-0.639033442128493
-0.632992195939718
-0.686649465153987
-0.759217311981305
-0.674721680555374
-0.848234002543095
-0.641731599299012
-0.561376955480549
-0.802946171158779
-0.670879492007146
-0.614121264753896
-0.534718461619213
-0.606036789320695
-0.668677254886497
-0.614119461324832
-0.604324593981597
-0.57158368254925
-0.804161364690069
-0.636647317554617
-0.632259580635541
-0.683434802760072
-0.559597503065034
-0.558568551455465
-0.389497217534766
-0.605905159679416
-0.737659325544966
-0.7283984335168
-0.591291619926177
-0.762142817263967
-0.481246222099245
-0.612033591200219
-0.562856808795049
-0.521534771934892
-0.569358095707382
-0.764715278108563
-0.654843199384298
-0.458121221954857
-0.67479330712893
-0.458726474002751
-0.731100294680913
-0.523359341533924
-0.60829807591667
-0.547435395756777
-0.514772625820129
-0.516544166412478
-0.574228205609145
-0.512765663059103
-0.658737254920961
-0.529676381236266
-0.626506701236663
-0.572674693694866
-0.637463848501391
-0.518289998322303
-0.544186922537258
-0.465401505061125
-0.692475638495229
-0.760879376194055
-0.617706639559093
-0.603639177911692
-0.567586116476985
-0.479993558107292
-0.662280094329923
-0.530627152172029
-0.480189344754456
-0.440549294691764
-0.591685254926072
-0.537502828859042
-0.591599880561164
-0.350186531681884
-0.497371338180027
-0.466173079002522
-0.583469884671805
-0.607905224337909
-0.509917415497029
-0.509008863625717
-0.355659521098501
-0.328476080282885
-0.485183205448988
-0.47945712734442
-0.52511736857523
-0.520391587545557
-0.424610897894532
-0.549604487366391
-0.423100784059785
-0.553150058664862
-0.429457116036757
-0.560979750238249
-0.428135992049423
-0.479288279631142
-0.313209591042575
-0.52271596027903
-0.417253142009993
-0.601820763723697
-0.626220496260859
-0.503627243784723
-0.589643094844653
-0.422780609994748
-0.402501919228645
-0.478229953738605
-0.376770561856611
-0.547230945752397
-0.511968762374023
-0.503985134984961
-0.529704327352094
-0.357469407313426
-0.45855119463566
-0.321979543848552
-0.500650229786801
-0.570736005063929
-0.418981450449916
-0.503091843111685
-0.504433187273066
-0.422453465475847
-0.421605226727472
-0.377675096080211
-0.3969183931615
-0.341683261598503
-0.379075850616098
-0.6383838102964
-0.441442317205676
-0.515350102064917
-0.422754042735896
-0.386491625547275
-0.406574800626167
-0.362618582573763
-0.454720411329099
-0.427680774403137
-0.416640934075404
-0.338959492678645
-0.444609203552828
-0.532933078660845
-0.477416203211155
-0.390623956780706
-0.269631666690931
-0.364914837695318
-0.313393192314402
-0.288625671157562
-0.429630384938846
-0.36449373111366
-0.307113214767341
-0.444795973415214
-0.482911918535386
-0.491328964452319
-0.221112197609542
-0.289328839483209
-0.270883957617617
-0.406226872144557
-0.426870008405567
-0.276004705608833
-0.338343287759884
-0.428866085499306
-0.467179821703404
-0.451929199622078
-0.396127748155579
-0.422621604422472
-0.408796390937108
-0.411564777758078
-0.159373697032876
-0.410463498071494
-0.324009877457477
-0.324934747438446
-0.435650960231411
-0.310343036668175
-0.433423853643117
-0.259370876996082
-0.19282181119389
-0.31055331594894
-0.393694061438165
-0.492292640558284
-0.353124784792435
-0.338602150516645
-0.377952326985601
-0.195574730872436
-0.248121242875755
-0.370032987924083
-0.133676165228993
-0.187573328954616
-0.368824138241532
-0.268110768068057
-0.17253341493854
-0.154822024282412
-0.399687121248796
-0.369111847500709
-0.145863825035382
-0.253654246853845
-0.25099328678826
-0.372954949669153
-0.331678816963494
-0.274844483024391
-0.349478901896078
-0.191966701766679
-0.240455990191779
-0.265742867764467
-0.194040630442613
-0.282122498949301
-0.14682436766891
-0.184528553300405
-0.269795665015255
-0.0710692213338616
-0.348192114455678
-0.224756308466672
-0.122506901036829
-0.197049201455256
-0.232421541614999
-0.345817860703563
-0.223842985713104
-0.349401489102494
-0.119372626870214
-0.214431802362055
-0.209397836834314
-0.321835450851485
-0.275549108661189
-0.18216135290006
-0.277825985587768
-0.173925523112614
-0.339718829931269
-0.100665845111386
-0.240747058104752
-0.152432318844622
-0.132798719337496
-0.128360734561167
-0.26849967384805
-0.152803636962897
-0.386115754802832
-0.267738959221951
-0.272887336098595
-0.223742678914875
-0.0381242868538801
-0.373401338543706
0.0728052026310704
-0.250474421405526
-0.180329014180613
-0.140544642048321
-0.149083202997728
-0.114760737060035
-0.0639588781811524
-0.0579868143573285
-0.0835662824374469
-0.231210717290763
-0.117895426936158
-0.113838923153829
-0.200810124821606
-0.0767573442472546
-0.261249249982638
-0.102361236311294
-0.0676019841797119
-0.129061634356511
-0.06495104016809
-0.102945123734753
0.0392989614523286
0.016543774973023
-0.126443757580197
-0.109231930092068
-0.260465440903588
-0.0512135657836389
-0.0793285867313126
-0.0388393764591483
-0.176558507981278
-0.228218930181335
-0.108388953680638
-0.117509306076029
-0.101062365447837
-0.0804396400185254
-0.27771602912542
-0.169501730301416
-0.0760372986527057
-0.262880949327645
-0.0333425181017452
-0.280934429848485
-0.145849120161404
-0.0898396882673835
-0.103606005244085
-0.214922021909196
-0.138740834328108
0.011482292914158
-0.0691791721021422
-0.0165416493851573
-0.138751458771251
-0.0887505011994024
0.0472265936976083
-0.160525411648263
-0.175470506574928
-0.026165852099022
0.0115800863150961
-0.081199507300851
-0.0302091671647836
-0.018157363094037
-0.107490722459079
-0.118857397396161
-0.137401624719733
-0.219815495295802
-0.0968630911635133
-0.13825285127059
0.0896242619449567
-0.218717785647063
-0.0323874100261448
-0.0879364152859305
-0.129415146822473
-0.0794289387879487
0.0502280301481674
0.0597632038449664
0.0313462277708614
-0.077863906629654
-0.0197358281715915
0.0515314059136873
-0.188886367320756
0.0956267513892198
-0.0438510158625348
-0.0735988455237395
-0.116983575003098
0.0579857859224512
-0.00733929846963302
-0.130783899902204
0.095266336702819
-0.0542683722877575
0.0208382675381478
-0.0712982327384543
-0.0135391025991742
0.108850601731071
-0.0991444050048202
-0.110308816921014
0.0438086134285662
-0.0510414302609275
-0.0384350165875006
0.166324903105662
0.0434586985789916
-0.110457365254247
0.0762666228536263
-0.00532832237890238
0.0861220074862543
-0.163900738763262
0.151389469202774
0.0034604908510548
-0.0630527228828795
0.230396563274208
-0.0728834142663632
0.0252375166859841
-0.152102937601228
-0.00597281009929958
0.0508226821790985
0.0557256457853777
-0.0162658601736295
0.00604176606118303
0.0821771617006908
-0.0437386733518141
0.174736893815362
0.186111611762934
-0.0477663202490882
0.0496069107886477
0.167235629415669
0.111740268803701
0.0299395076140984
0.04582327994286
0.158828245708755
0.0677518575726765
0.283997506187521
-0.0241680435934535
0.0267167731635708
0.0617729443413091
0.0268215842591503
0.114219811713829
0.106454376140536
-0.0296592362878311
-0.0184505693493999
0.165282256285835
0.0946488019733062
-0.0243489442437891
0.117670479346829
0.181734844006916
0.157842606372277
-0.0279961215836445
0.224093207968405
0.0718102061364591
-0.0375969126023766
0.0240282648921008
0.00115814450055569
0.200698556933994
0.129128326712838
0.0171672577127948
0.272970115515276
0.010949757511539
-0.00818093851915457
0.097390921343307
0.0957905687807746
0.0575777777672248
0.0159147102281021
0.11844544305703
0.0917445770019437
0.159824509695203
0.141544353019159
0.0413989487341256
0.115019792055052
0.224297058393357
0.21210414515478
0.279780145781503
0.0502655986354441
0.199612694604893
0.164091424084626
0.211728575151267
0.116352591040094
-0.0143438241585871
0.155770564263658
0.241224868891565
0.290119989810318
0.254811647054192
0.154902164915061
0.277985666437602
0.27160311988951
0.121675958758012
0.124812875623716
0.207108544219497
0.159646427886949
0.134334455086754
0.201419917443542
0.253359154357791
0.32656659499684
0.124552843437236
0.124445715561616
0.0784627396646695
0.1828581664102
0.119290874232763
0.211813539083578
0.193451805794792
0.0166342883472623
0.125851992684773
0.199921368789415
-0.0428734105303354
0.204461849920023
0.0639152956233419
0.218270849111707
0.184085425803285
0.228065130008558
0.294135663869841
0.120494040298547
0.228828939985199
0.132294716795401
0.249387886517966
0.169762626352285
0.358785344299315
0.288356431961
0.156172984513156
0.20499422428932
0.357005229521301
0.298315660157124
0.100608402830983
0.281831723382892
0.340309178211185
0.275320851106949
0.260856993769775
0.285853160173125
0.333070468067265
0.257535003441351
0.270562431035195
0.225728585169358
0.247604171475131
0.301172053167392
0.270480340060289
0.10907242828764
0.344195740745745
0.249495554128667
0.389193730108834
0.361533413167907
0.175417368803663
0.379149067777687
0.16386830187661
0.235013129497059
0.312470518029325
0.387015583558444
0.238660324251195
0.238547585233195
0.305080277678323
0.354870791626502
0.462067479138385
0.472360641346353
0.172744324382635
0.379640059739442
0.394442564247559
0.323675138287737
0.211590940799464
0.129954701255191
0.205199046227911
0.221998833029099
0.22969122328845
0.380336544681451
0.204983911491316
0.453541312488412
0.218756584931067
0.483873546652228
0.376861921705073
0.297478460941321
0.300922937886208
0.336048968595645
0.198628132425859
0.0807247586343999
0.38433423544525
0.39470254099069
0.355839876059923
0.41950114295799
0.357265409398732
0.292491217333877
0.472797330376953
0.179117618182307
0.447044483081184
0.427791778660034
0.181138248441072
0.423816938367227
0.390770265784742
0.357941281970971
0.257691969842792
0.398091001265607
0.493935513408402
0.28534543428483
0.336150827871049
0.448661578351791
0.427109458414544
0.315192645459842
0.393540777240297
0.525355707168104
0.271656644950275
0.355288342189514
0.351839083045606
0.525867534870503
0.280415822148438
0.455418106850427
0.359806929365347
0.425531572369897
0.340016968958042
0.303195016984586
0.418171792710642
0.461775958642893
0.48929758664838
0.447529872584535
0.316517378812213
0.35845052629928
0.428688270390943
0.480874835208036
0.377866648336459
0.511748421208287
0.439318960936036
0.346607518243131
0.393295995820163
0.341349523089291
0.475054639703729
0.440269716988547
0.294619134599037
0.607021007481757
0.309757506118025
0.461056823865195
0.475031948145194
0.374998608901577
0.394974327588536
0.455267200417337
0.339582049909862
0.487427174812215
0.459446247775631
0.453368223399051
0.455291579657562
0.551836851852777
0.485184871949817
0.554114907273268
0.39929461619054
0.488836572394031
0.510359895095018
0.54300296945139
0.287967369321374
0.486248087169203
0.390400879337653
0.584847120982732
0.594433746166679
0.509510425383205
0.492045049632266
0.50097498482733
0.511235008982118
0.494988100145136
0.521391678847054
0.501742013127031
0.541454003486705
0.528071296362622
0.396988053330768
0.513556386538965
0.457252589185153
0.550821375509571
0.494649723480339
0.356267694325665
0.555594292858968
0.421191453305263
0.488850942884677
0.326203448817955
0.385045713633034
0.562396005326132
0.674813561473514
0.498454239158496
0.50059291756277
0.490522704506725
0.495705461963356
0.597075481768052
0.484417701742188
0.61554605683276
0.453013444409228
0.78673465314124
0.441634437267219
0.548408728146399
0.518291405501703
0.522999380406925
0.693680428104043
0.530535226905247
0.405903984446365
0.581242926416507
0.549562356819382
0.555974892523745
0.489601461207019
0.596356259388468
0.56829586473543
0.727402579835424
0.675070751825536
0.509885388460963
0.440711250054041
0.69404839993922
0.503357762131799
0.611435334137289
0.669063501678782
0.530845855666822
0.489921621918368
0.633295166467391
0.568238096459059
0.541885937606593
0.696579944126471
0.641160403571841
0.6573453753848
0.578167113014414
0.755387865727641
0.792716213022953
0.635815181287692
0.700169402840986
0.658898572962445
0.476339802253563
0.730939538529086
0.537589038615443
0.556792581625512
0.646943202664115
0.676416344495654
0.625799561289835
0.556538968342575
0.831211794258679
0.555098314087947
0.648836260432742
0.712885436371798
0.707078122742348
0.632298990603924
0.602689415903117
0.500017163945062
0.714056651397091
0.668125988738081
0.648378445637849
0.583751606754874
0.731835016343459
0.594841000339453
0.827898881572668
0.659703043792808
0.725350251801336
0.525914158908275
0.458032853677025
0.699189962735574
0.791324864900966
0.55165638609804
0.740759051627047
0.635586267461127
0.578252688764702
0.742782471398971
0.513932813430948
0.738058309558159
0.792521052679664
0.712691751125872
0.602265734046449
0.810919824595463
0.820649661675146
0.54904862561337
0.718212335256082
0.561630536820893
0.725296361013561
0.778164405865948
0.77363612185687
0.819004932077468
0.812908986010261
0.556560372363551
0.725736402604882
0.553587488669288
0.745492346258698
0.854219273251717
0.897037240328098
0.729162117248827
0.743439736376519
0.731117327558743
0.619287359264835
0.836481148244042
0.753813914875577
0.593956911008375
0.931851615959765
0.820627222666463
0.768414487137573
0.725826100746035
0.755823251987526
0.770382645355486
0.77306956245098
0.701309566147012
0.755474800709302
0.757203125715289
0.81628890608841
0.86264011086377
0.794409965525702
0.740214663456642
0.728049038372458
0.695468215317544
0.709962486485063
0.755619504152396
0.734998920692568
0.692241164438005
0.772589603331817
0.819812743818502
0.934122862511702
0.692172823368164
0.960885018775587
0.718057721650957
0.861475318483995
0.707167587111409
0.741384118485771
0.892788247739307
0.918998710321164
0.826034316768817
0.77507032498296
0.803210728494684
0.673022885786739
0.731547182805227
0.680089269394016
0.691348491476097
0.735895984583961
0.858936314680863
0.78507729744547
0.832882466634112
0.827156404075169
0.770554439356749
0.78923409817922
0.741572608671562
0.721521544094806
0.926509849766077
0.647027582006641
0.699050285597761
0.878263019026499
0.914288204720857
0.755478925667992
0.807360478230323
0.950712844599123
0.977128483401592
0.925505446681907
0.784807818597912
0.818554996279959
0.884045735793485
0.98419239644357
0.942800399182824
0.920213896424392
0.776252454656943
0.871706827010472
0.763414081856197
0.907478925926218
0.935987365216314
1.10558865699299
0.817632062027636
0.844767174879545
0.934890049337067
0.883053408555136
0.868121453772911
0.96449817702306
0.890006406741768
0.735702336029226
0.848259994267793
0.716816835325055
0.993179983124679
0.7920756311074
0.886775949477256
1.0045512109343
0.744532960199949
0.852013303522197
0.936563332161835
0.929597784030775
0.815516348928111
0.944102919522739
0.794236513056717
0.967884860424383
1.17294169794364
1.04295924098671
0.972392665441398
1.03745995611648
0.867828135068789
0.873065492490735
0.880902631690276
0.916802784615854
0.900256919570955
0.926694523036276
0.884979838384296
1.00785711446066
0.988754958674684
0.976100067206027
0.99274861987495
1.04088226541742
0.784202951682011
0.924360139827399
0.959348298862752
0.898337525580082
0.930533381751429
0.969203612851998
1.00980109956771
1.04821421435876
1.05616261347386
0.876646143992038
0.99970593148627
0.908932035555462
1.04265829658642
1.04835805955524
0.944923404667872
1.03020952648189
0.834373065725131
1.00409742209471
1.13578894697717
0.9264740798084
1.00957051161827
0.93060827883003
0.922398022398858
0.993827408730958
