0.0811877211106642
-1.04529980056198
-1.01168066367703
-0.934355355168471
-1.07244484743211
-0.801629528709534
-1.02359563454441
-1.07267697119277
-1.04327930491243
-0.822368249907272
-0.875634096268054
-0.988677434401771
-1.08523023690729
-0.834785326606151
-0.839474676143679
-0.905113017795314
-0.992389727400839
-0.855253440215781
-1.08468823659188
-1.08559696575562
-0.866763851132241
-0.887057339780945
-0.938300262259029
-0.944748952442638
-0.92959703770253
-1.0401174582493
-0.850164864712217
-1.13262652788359
-0.84319518610334
-1.02985989930417
-0.846783064842168
-0.868506367214586
-1.00829638559494
-0.974303735067358
-0.887504171931807
-0.830457893506849
-0.962526137527638
-0.900038927901501
-0.873872326263228
-0.886395523472783
-0.926269693655927
-0.858619868167538
-1.04986846297241
-0.844663262687389
-0.860399531057544
-0.872484734112511
-0.873886000034957
-0.877657622149118
-0.781917146375677
-0.83421081267004
-0.798356053612424
-0.822325571365291
-0.864680591109893
-0.915203113322414
-0.884500020528064
-0.990838295807218
-1.09425387104108
-0.75597135031424
-0.889678648146187
-0.86446807748182
-0.82368978412184
-0.963625436816529
-0.884317534719661
-0.87633995208863
-0.76425729217376
-0.80457564409781
-0.683677473088463
-0.898211729222499
-0.841650974399455
-0.764490897188009
-0.809515120914521
-0.897658084075972
-0.956351687916263
-0.719174473456881
-0.873387957187119
-0.805165386890951
-0.824856862285988
-0.836685990254176
-0.734853434316965
-0.941394763198061
-0.86491299885814
-0.870447365566771
-0.950665598752435
-0.908472585725332
-0.750026162797255
-1.05413746703428
-0.789219753274427
-0.866547466015546
-0.671898388893049
-0.86088157669042
-0.919062169299094
-0.827979084591785
-0.738316628784794
-0.892199242918301
-0.772148184720507
-0.697251026296228
-0.716130063107069
-0.987798399044101
-0.778282551430685
-0.749882069303945
-0.872997382115834
-0.765921408258264
-0.895678566745818
-0.827145222136014
-0.832317177625174
-0.797377844439946
-0.786080520887781
-0.939452220137664
-0.836069319680254
-0.745586330858797
-0.669964026767657
-0.735528737552933
-0.839400852836873
-0.725031576119267
-0.728461835426295
-0.711542448354098
-0.849420978717244
-0.814401167664134
-0.749719811725685
-0.711176375687957
-0.793369322463773
-0.747191338501857
-0.819111388872328
-0.811480876359938
-0.799873800432158
-0.786407300340767
-0.604603580161801
-0.732999961361456
-0.87432845398709
-0.70390670391152
-0.61679543114362
-0.768200681086715
-0.681822667190281
-0.595841130976544
-0.72924679579897
-0.640663226923031
-0.802340172781596
-0.808907031943829
-0.679363026943388
-0.644259847544567
-0.787345871937238
-0.776780858619815
-0.857359829480453
-0.73554516122225
-0.674491029182244
-0.602823919129614
-0.693316959813959
-0.610316795406081
-0.783067761740165
-0.704101817666869
-0.646271112251189
-0.718996939058051
-0.67338694695269
-0.6736541774191
-0.826944785743464
-0.700575165212819
-0.670191937710212
-0.653886385421615
-0.696096459586371
-0.635595924105776
-0.588951587396077
-0.482779078627878
-0.594985157877419
-0.774743196103795
-0.645667182262246
-0.738201009433888
-0.684465103209287
-0.781579307301904
-0.799468270085803
-0.518947272715456
-0.634171628037633
-0.622532290156985
-0.780725943880242
-0.700821242480398
-0.552130733760415
-0.760479977763222
-0.596217741891811
-0.508381350673561
-0.816892489894911
-0.593564191946701
-0.540480751145101
-0.60552213298969
-0.781911356793426
-0.713930756433982
-0.592588481819374
-0.590996899152331
-0.483480631786767
-0.662990429432199
-0.578976552638351
-0.671202121394097
-0.70074803842646
-0.664739933618669
-0.75665879341889
-0.634269209003174
-0.603021025796695
-0.784698344585364
-0.604416885560601
-0.568361875261686
-0.62487273813783
-0.454912309040226
-0.404644507399585
-0.624137954603372
-0.590458170764975
-0.706799384240639
-0.647926849390261
-0.636591439799586
-0.547200090212986
-0.654184398340987
-0.66426173070875
-0.652115022929458
-0.611806402526802
-0.494915225631678
-0.666374647293141
-0.595613853624104
-0.477479463792354
-0.513538739263373
-0.528619391153709
-0.516216348942368
-0.590611355167524
-0.678883379285725
-0.429033130848072
-0.611640435826506
-0.587402367493446
-0.473669843740448
-0.46349790541761
-0.51519491829191
-0.515070402636764
-0.66289852926606
-0.498154612516733
-0.451836802946298
-0.574290107593488
-0.479120264545829
-0.627344693054499
-0.475199172238966
-0.526365471679957
-0.454126364183891
-0.519579952336303
-0.310817488519613
-0.487160467199353
-0.512916212897504
-0.545791204772475
-0.610988776622775
-0.613145264353228
-0.606075399627119
-0.38038629223546
-0.676178300813049
-0.495899598074457
-0.520143651709235
-0.473832304988688
-0.503249432940562
-0.49961225123424
-0.457021139205335
-0.523464696524638
-0.493799477603698
-0.40410203564675
-0.531421266580036
-0.530615819372534
-0.591453722978805
-0.438481035493242
-0.561333399202894
-0.399263615693683
-0.557656200220811
-0.612026515344858
-0.366969352656268
-0.460984105190194
-0.53180763853198
-0.458412109701494
-0.552806028485712
-0.463815237303819
-0.45908684875465
-0.561059468138915
-0.391220572652651
-0.462608627479005
-0.436973192804982
-0.476120711881635
-0.470224878906049
-0.532307836575546
-0.504771877868217
-0.464471623429583
-0.369474725704062
-0.418492461784074
-0.570280261164679
-0.464414420515762
-0.431612419191632
-0.350958650194338
-0.44035108305426
-0.495442094458428
-0.361872365593506
-0.42068867669455
-0.579069332229279
-0.404262235942279
-0.383005832299171
-0.441705607504085
-0.296886020004471
-0.365261775853997
-0.510799520183291
-0.325820226076534
-0.397971743487446
-0.366421295298517
-0.421026280703976
-0.373126354971415
-0.606047252174975
-0.399156115794344
-0.359928045145011
-0.341507620725892
-0.473720411085346
-0.282106980537748
-0.457518804062515
-0.462968985736651
-0.417398423658593
-0.442714205432519
-0.207624715648234
-0.35472657048164
-0.41374432780435
-0.249377413239311
-0.298701251905154
-0.532244602152162
-0.335425380114477
-0.250005145974127
-0.362985336051351
-0.0918788046830603
-0.320181153022319
-0.287410486401988
-0.307296571055964
-0.359613699288286
-0.437749948766303
-0.422491473908016
-0.41492673846287
-0.343547433829232
-0.435769429357435
-0.288557541254672
-0.374363625719103
-0.262155115387167
-0.312598292404053
-0.349541887220349
-0.37710963569466
-0.457503993638533
-0.374932692791718
-0.321866082097788
-0.215403229116034
-0.25294938960415
-0.415243940907854
-0.303887120935511
-0.339244279439033
-0.336312139795106
-0.373934469863794
-0.347731665680089
-0.23255457237792
-0.259833182567284
-0.240845322198657
-0.354288358132637
-0.381314481849145
-0.313514831881326
-0.285149474500214
-0.16828948261229
-0.326346386757346
-0.218783273977912
-0.401823084246034
-0.158849513033661
-0.213213173910654
-0.313999060818709
-0.266408222022977
-0.155122767979594
-0.240854028045078
-0.304701229527188
-0.242848795683438
-0.267634932376756
-0.153981526720772
-0.182110414536242
-0.134680211815541
-0.287739098267184
-0.412819626110351
-0.208571936926806
-0.162442932810383
-0.196047597513616
-0.379424236315599
-0.267326268632808
-0.0901293786023469
-0.348676314658835
-0.0399138320721861
-0.205083408840295
-0.223270404453684
-0.227352641647567
-0.257723096424869
-0.340604595406973
-0.229541787616236
-0.279301610434304
-0.307760874418313
-0.184928188502534
-0.106928850849966
-0.285337420312886
-0.275716731743713
-0.208760367737664
-0.262995530300616
-0.0548903005525495
-0.232291727444907
-0.152051844983329
-0.436354846047295
-0.108586679783209
-0.126083443405827
-0.158202474262805
-0.277277975090632
-0.190745365436657
-0.177809385509261
-0.301899159136035
-0.120047243254483
-0.128830327017039
-0.227656253769662
-0.283244578485623
-0.21845390704113
-0.0785043377582357
-0.236272196266946
-0.175802765172383
-0.171290937129714
-0.151312622594135
-0.26252753723962
-0.0775593509541048
0.0435508526950296
-0.296779352747571
-0.16105569775122
-0.110306616386319
-0.0926710034983783
-0.223861544415576
-0.186140940864896
-0.0988982131505506
-0.261442956227741
-0.0881867119168651
-0.0859579600302166
-0.20236173457708
-0.229229157582779
-0.0623444243101238
-0.159949621231051
-0.195594190231115
-0.135186140868788
-0.172807766024704
-0.182517492204556
-0.0453280223028109
-0.0500431163293934
-0.155944418961735
-0.00186355256188182
-0.0655404330913527
-0.175999322904651
-0.219927381857879
-0.0933220011468197
-0.163441269066405
-0.116385779807991
-0.145470448109045
-0.0898409236162653
-0.136485615899256
-0.0357144947984192
-0.14589576015351
-0.30059931344233
-0.214012996252828
-0.120441073399768
0.0493615699720705
-0.0495460434309062
-0.0128565701228373
-0.234907803336849
-0.155924163178108
-0.175741200475669
-0.115450879454105
-0.0341299334178595
-0.0523264118077007
-0.288493071121569
-0.105102310042671
0.118612010185295
0.0203941519893525
0.0608539605371377
-0.0707160394446475
-0.0524503112675321
0.0967828366360614
-0.00718756665718442
-0.155633381423381
-0.0112134302359955
-0.0620526204196914
-0.138215842339418
-0.0735432740294411
-0.144967159477494
-0.0472107164895302
-0.129363305013772
-0.0959200458212176
-0.0990521362497855
0.00271429384587981
-0.00511479349024966
-0.0937404495057356
0.0336893072522327
0.015297544975831
-0.217611634499512
0.103289181369516
-0.0627174425582448
-0.105413041846818
-0.0680335939883519
-0.0706905212706402
0.0144105831454776
0.0286797351333178
0.0470676078128385
-0.088836902296666
0.00504834790205933
-0.102112648423122
0.0270284407483665
-0.0831527799531425
-0.0629536477978416
-0.0730823990605661
0.0374132174593775
0.102914438300448
-0.0865554220641602
0.0117921431175053
-0.0356222942325911
0.0632190625277266
0.0517690548532205
-0.015814473629254
0.0981717848062441
-0.042320807963253
-0.109009030195868
0.0693262550701603
0.15734155347054
0.104739503180188
0.0270047173754635
-0.0443506447456536
0.15547846187671
0.0205382030999377
0.00439426152418131
0.01275454215556
0.011994955970612
0.109619360267616
0.0734875514138119
0.00863485628874834
-0.0390222543233217
0.165128633126578
0.0342229763615009
0.136537745653319
-0.134405973033603
-0.0455702689472146
0.0811802971102357
-0.0248221970081377
0.0306575885333444
0.0953936778074325
0.0204971548713018
0.124845598537109
0.12770782256354
0.191760765138948
0.294786825511146
0.106412651590258
0.0627587605743529
0.0992375064565989
0.036018371144194
-0.0275618467613113
0.044590216236373
0.0746636795583571
0.0925052519379143
0.0748669640671984
0.142382131404225
0.0878118348360641
0.0339615390399971
0.193109597028375
0.0386974041214018
0.0185692159894638
0.0929936569417688
0.107378469577342
0.13490728841489
0.184867977039748
0.321686035154817
0.22314012418045
0.146212899809923
0.170589506963249
0.105984666079683
0.175930490489129
0.323489291415476
0.133219324213255
0.0197386013191653
0.24415121285707
0.0137506206185435
0.162401786957635
0.0889560133652117
0.164918622236301
0.181928614592318
0.0951663650568423
0.215996594936381
0.0798632029644021
0.0919888918277974
0.206847036057046
0.0316312722793632
0.129829158516981
0.143999601424803
-0.0826218664131049
0.0263973654139348
0.0872473905374501
0.241853726478904
0.212119522934031
0.182244799751098
0.103105167045688
0.160084610222977
0.317982077914383
0.117840141956894
0.105995254375802
0.204975083196264
0.11726947931921
0.117755321895303
0.112713885376953
0.153490744824888
0.211386598378106
0.165664050062987
0.0724057889670509
0.157724771943054
0.132553218953025
0.0393833255186153
0.328116287410886
0.260006595148267
0.180117476142279
-0.00448149832805016
0.262899759054318
0.254534219412028
0.263417143532965
0.221736177115828
0.291864710651783
0.191458274719121
0.239822150865824
0.153035323869063
0.21343454334822
0.378029065521794
0.246581708970922
0.206451745734191
0.338984180765116
0.21474263734893
0.173615764960106
0.207226236978333
0.01539633434626
0.170986477003215
0.244272010070105
0.292595116323247
0.243420898678378
0.339624515673081
0.216317198991322
0.411834760806605
0.320828716877995
0.337408370742506
0.337613040010063
0.192082967174675
0.275490927716662
0.294859912354307
0.225908461339984
0.341382111679563
0.255469000085612
0.209074120578358
0.316968788863948
0.14527683526102
0.26550292012542
0.396754962744675
0.277134919296611
0.215066881922
0.316089496600125
0.318342436222131
0.38995446440982
0.358345847991874
0.14864115988873
0.444199026172039
0.31565246945184
0.449165032258448
0.306150463762704
0.292354488914098
0.283001317165167
0.279351365287705
0.294504625196125
0.482803794048776
0.257745082337908
0.417160676118092
0.458983802751505
0.190883064679786
0.286105353071615
0.184112792146701
0.243109023774029
0.355250014400132
0.258457368725147
0.247151990605299
0.347555263609091
0.338712772655867
0.411365032980141
0.33573063025808
0.440727617279707
0.519611438683744
0.313820381785501
0.358115207151064
0.358576165644903
0.524202572690289
0.303474541327188
0.455943996326959
0.246409747909991
0.125248236914461
0.438057900156573
0.425879033195941
0.304760734386822
0.238198700754111
0.450274223253774
0.316471437784285
0.443357374373469
0.261929731370942
0.293255761358837
0.402580801039561
0.495719593412444
0.423669044030257
0.357789103604731
0.321812341743468
0.326870874314048
0.33217617953307
0.425294961698264
0.463216830500936
0.483540125464571
0.294294980856094
0.436712485717486
0.4058033308514
0.276402565686285
0.500049614026902
0.523204162307953
0.415311580638326
0.366902180832426
0.457418469755213
0.479385804402642
0.363194860881677
0.427428880170137
0.362897048235858
0.524100888822853
0.552019429441127
0.555064409863947
0.508036810563393
0.413605827894154
0.47451327285415
0.568703978288302
0.538370523233802
0.439116906858123
0.357930702954222
0.45057159288367
0.527973507613561
0.482475359856105
0.495810544410161
0.5332850250595
0.491144410640922
0.340353273472823
0.461565307319025
0.336932733814737
0.529544774794245
0.453862312695669
0.47401977616674
0.500399531094257
0.46905993472206
0.497802984416606
0.503370355607771
0.460735055648934
0.421485130246698
0.543651600980405
0.431380728287041
0.529220567329331
0.478079991006132
0.449261352637901
0.411002210140768
0.394558961038093
0.582319849732413
0.629765638806701
0.444506333557503
0.443707918249951
0.459406773260414
0.526631383922135
0.484061571245812
0.531284518579265
0.503028549403518
0.455476270994695
0.56906564065807
0.600839748323977
0.501022980578233
0.628399804717098
0.367201276703277
0.46356399382589
0.614679257530155
0.59987056069249
0.462979932674288
0.5143807271109
0.559706332728108
0.470410860347664
0.557587900813824
0.332460818726979
0.559520473416716
0.517686813716014
0.565353314493679
0.507894460007869
0.693598531660713
0.670773707019718
0.597593343836624
0.481544769610614
0.520241962110676
0.626070957380956
0.382532073970981
0.461814723023755
0.564351167396903
0.58372407865173
0.566310181994636
0.611889375384247
0.57455231814646
0.413099540416518
0.604502748016682
0.529420261551398
0.628160904452734
0.574544831937508
0.662246645270942
0.641362652559626
0.690263766610366
0.67960695199611
0.633796592098596
0.681136917583212
0.68327858149025
0.512828156403721
0.783435708767928
0.606621440645184
0.72105953024455
0.701114810521943
0.648716630452087
0.646628012116645
0.734014729521775
0.831546762407518
0.482038532214355
0.634659517536737
0.705525123966367
0.561126704135656
0.604567800420881
0.776406758540759
0.594949500069996
0.610800007023333
0.700389994503426
0.710504812242732
0.755075088055429
0.611793103566539
0.615436610409696
0.590578475102423
0.702304649049731
0.716554423971284
0.646920340201871
0.695478463802024
0.729443723969879
0.561427222591761
0.627796056963361
0.842709258574474
0.645418414457419
0.584841441746543
0.674022822484519
0.744372759447895
0.579318008809416
0.788223087497547
0.725479517401166
0.695151418693042
0.729586882325282
0.767354348433121
0.770479493406811
0.778903051161069
0.662052416213328
0.687083923431527
0.733834186803508
0.659843540310164
0.668631297303551
0.736975779449909
0.589255044751323
0.787540904955416
0.796846582457545
0.796636171131847
0.765650352094281
0.806281283850996
0.802881649416978
0.823600728408284
0.808179525883173
0.793877242403183
0.70357782164371
0.702399973286986
0.733189722323846
0.685130912101196
0.706777084383869
0.798053816710931
0.829937336807694
0.740781214122153
0.823865149192703
0.611037390559937
0.767615463033847
0.791694987129086
0.81978996627029
0.732307189395891
0.789254684351596
0.763352595263757
0.752142219343865
0.850322581107573
0.76810455024863
0.770086805867496
0.667406112546847
0.779193093861737
0.569642508633916
0.798480146399299
0.736825689685258
0.758129520108821
0.780848020780493
0.796129157662655
0.825129463156743
0.790202692672031
0.503359740064491
0.906494843742456
0.730910766621946
0.704769079990385
0.898273404513539
0.762000935310256
0.592418140044603
0.576493645319314
0.826639625913039
0.839926901778567
0.843772609306014
0.678941782076518
0.717429289573779
0.798994177880783
0.818391302702382
0.760143662463068
0.716441527680158
0.8717373338649
0.888908101786263
0.767349392788023
0.924320835634188
0.83472587242502
0.720039232031551
0.915605367035609
0.919196975253607
0.759137940280859
0.969727641490025
0.780302585397351
0.65453299600086
0.90420436920957
0.96295637966013
0.855525483068606
0.858694078084873
0.876858607179356
0.823477949801194
0.910431624968797
0.862680258076492
0.786006853800783
0.908338473596746
0.903562268115313
0.844239240978712
0.915118638075244
0.90900375486348
0.930050696380408
0.870574179202986
0.986811440817123
0.816512238602672
0.968324780713588
0.880932162561926
0.879985978784363
0.863475224267852
0.892010682226418
1.04940733971937
0.945968312598629
0.896551293891483
0.873050848016612
0.944548087912427
0.96515528253658
0.828127553597557
0.940008662760666
0.780522466861063
0.94117667742471
0.95046399993489
0.961284912759577
0.78978964325677
0.973100715923901
0.937891314904971
0.874018905967906
1.01074917922207
0.984097473529751
0.686933185715034
1.0094875532553
0.841442349253385
0.819151765590995
1.07973615875129
0.925417389887575
1.03140177481274
0.949334567265285
0.791616742533729
0.764892213939258
0.970074454071994
1.0170367546213
1.01853552672979
0.946582073807697
0.853449474824651
0.945278165905526
0.95523806937477
1.04165154688989
0.958086291440341
1.13994662354514
0.964165410614421
0.977323697653159
1.07413824225985
0.899272592056129
1.10874188502051
1.06970712991369
0.864967418958169
1.01928355008731
0.943613166262449
0.99878445213471
1.07034594201882
0.970832391189416
1.00430750649857
1.08717166677666
