0.0298179551164559
-1.00304070538391
-1.05891473102126
-1.14672342353857
-1.00018475194729
-0.851666733803025
-0.935306341910407
-1.00014312770147
-0.915482163864247
-0.936233822355802
-1.08047961979603
-1.03622880920476
-0.943007987851739
-0.963070464638679
-0.916307956491989
-0.888828454843082
-1.14498256125368
-1.08458611349223
-0.939265537820116
-0.936004894647978
-1.03335684054257
-0.936575234196258
-0.907249687952427
-0.971996452307649
-0.890739067178234
-0.900527927753593
-0.957007826069102
-0.969804867978886
-1.09085021278557
-0.842882524971967
-0.987758675151663
-0.994137816322445
-0.982440499546127
-0.919109215118529
-0.964076992742094
-0.920135531454509
-0.91251662054926
-1.00758671713415
-0.885369782080382
-0.821261789973988
-0.841837786913806
-0.860442344264788
-1.06617935575901
-0.974886523851377
-1.02456402529569
-1.02919584844893
-1.02334927554932
-0.815648510138328
-0.886993753142274
-0.871048069770145
-0.933014150738942
-0.971099398670094
-0.747552865155542
-0.909199971468942
-0.819269399113558
-0.85489881211405
-0.945946648553621
-1.009647490313
-0.903964596668147
-0.846885797918313
-0.958187667170085
-0.820178336546294
-0.739170890859226
-0.864329998247379
-0.946779804977904
-0.69427113298944
-0.853793748675355
-0.840809642645776
-0.742169357431271
-0.71803158979029
-0.804843153732079
-0.781498411992157
-0.917490120751567
-0.844536701727868
-0.802508663421701
-0.70115816606962
-0.900729117228245
-0.872549751301159
-0.885793314914475
-0.971934527171777
-0.904583361372584
-0.847533348006496
-0.874179148018874
-0.740577917651545
-0.765834613201695
-0.806971667586997
-0.823001072090019
-0.686482484581155
-0.707607715503728
-0.894341484201503
-0.73088145641187
-0.790806048090923
-0.701899125323589
-0.969475213095729
-0.851161510001392
-0.812539799723083
-0.815555903241689
-0.67934434963945
-0.784568109973294
-0.70043220248172
-0.835813722917673
-0.753565630559667
-0.836003843869547
-0.796809143038591
-0.848309360566101
-0.739031877924417
-0.705998123336767
-0.718768535098593
-0.935636804385325
-0.816392083663009
-0.924576555981475
-0.720853330480318
-0.770141037551048
-0.735487780758686
-0.823654431382482
-0.793656422370182
-0.760989439021444
-0.830137841852932
-0.941113187721476
-0.669738332764766
-0.821858460216034
-0.866867176650464
-0.819591068635972
-0.705942338144642
-0.766016615965732
-0.679796463812666
-0.771450122827373
-0.708334158001565
-0.709010748041237
-0.955329997892132
-0.694346175971274
-0.847363362078203
-0.644402024459467
-0.709200358492775
-0.674505385610442
-0.741682679268566
-0.793669577658508
-0.772440541783364
-0.735537406857428
-0.683292849575284
-0.632019428536212
-0.872758063462977
-0.696875268720113
-0.790171544742702
-0.781324539935274
-0.744578426549117
-0.671318279235512
-0.751463735175685
-0.748421777601745
-0.797473800457135
-0.689000158034531
-0.74628468570321
-0.755429325233056
-0.642079526587717
-0.808940198838902
-0.653061044368009
-0.633446423338008
-0.650162760359652
-0.724104613976097
-0.633556118955083
-0.801955981576118
-0.617304621868877
-0.619659089176767
-0.694410695355885
-0.674978477380126
-0.814841133260842
-0.437782935075648
-0.568815658307758
-0.650903807921779
-0.647316421216755
-0.720010203338364
-0.64636868731721
-0.587559410131074
-0.689544405520714
-0.626693278530042
-0.611570437682694
-0.607960456415169
-0.51224063999158
-0.652844061014261
-0.73147390865702
-0.68119918252141
-0.521197254212068
-0.473710879239348
-0.634080053903019
-0.6386591170637
-0.654413139066451
-0.564267689870971
-0.534805059102943
-0.518166276130749
-0.630270826351361
-0.71304433023169
-0.630271801549411
-0.649580736975432
-0.591923323016443
-0.555557893096764
-0.609027314781613
-0.658562140660068
-0.775622995204409
-0.686893162927797
-0.565717583787133
-0.666007996071126
-0.644167619832125
-0.641705485094387
-0.423328773801672
-0.50548674025747
-0.664869536141643
-0.567104543590291
-0.652527747753157
-0.725368605367589
-0.527348063016018
-0.368299851616062
-0.55906722289656
-0.677299075610797
-0.520390387481581
-0.700782276701894
-0.743442172518986
-0.513776819706957
-0.692446915585137
-0.54535261631805
-0.648665630243206
-0.60750592903816
-0.651355464646537
-0.433274070114422
-0.540738955172567
-0.595917675955553
-0.530038193856884
-0.332105099922001
-0.443657562273436
-0.682356543148322
-0.609146703224752
-0.399675987854596
-0.552883376473661
-0.528225588913244
-0.631753270927796
-0.525699568218335
-0.415872999391662
-0.590824129070716
-0.502218749614079
-0.618446238791345
-0.638637012436513
-0.596914938230228
-0.503678644824594
-0.464436890829044
-0.465041290696394
-0.333912211968671
-0.557861396704394
-0.489666273569866
-0.511655008317994
-0.681136506792634
-0.418481472178009
-0.58238785172285
-0.616491159122902
-0.526031440928819
-0.386419115680621
-0.497727635284741
-0.478307738506953
-0.568080661947195
-0.552139099643365
-0.611814866635307
-0.429093373864596
-0.546341878342271
-0.569022937680311
-0.465444641650215
-0.50475574298869
-0.509753819916735
-0.397578381287847
-0.455552546489084
-0.37875930041761
-0.45634401408823
-0.445503492842635
-0.560891881140168
-0.476605681071473
-0.579205972437109
-0.410190359412232
-0.397090457201628
-0.462540329618166
-0.389455088003635
-0.50741556574495
-0.505896844298847
-0.483715402324738
-0.450653769121704
-0.36639207932825
-0.431004717997254
-0.491564052728839
-0.398200994973993
-0.356267403578214
-0.531459134109034
-0.50378313468189
-0.306161015884836
-0.496979960953798
-0.36609015968512
-0.488954934447558
-0.396412546950646
-0.43542626343361
-0.45568041564502
-0.399749922625249
-0.473933575143883
-0.323441532690972
-0.443239434307574
-0.433807431841354
-0.442174694775954
-0.324082507658496
-0.360494358969308
-0.277161930310441
-0.278932183678117
-0.426147988790273
-0.254510267746038
-0.427933961000667
-0.469755223916162
-0.435480548833734
-0.317659980499377
-0.355218679039837
-0.326370516216231
-0.434630529604831
-0.507804143382121
-0.385290303907261
-0.309540213476097
-0.369328894815315
-0.364737439602526
-0.445748154711818
-0.403061942823251
-0.297892353952459
-0.300189472674141
-0.416191819106326
-0.288215658733035
-0.225065233977455
-0.261132690293856
-0.302729471231003
-0.296597972258614
-0.434025270470194
-0.537761140792563
-0.357277891362724
-0.314898867042744
-0.200744981329748
-0.307525538524511
-0.360469787628737
-0.333157425581846
-0.280935641182612
-0.347116064484603
-0.201433405067335
-0.394141139239325
-0.312063555363357
-0.408530939645738
-0.342987362654849
-0.32769394615705
-0.397665248329436
-0.263717622366468
-0.266452076649896
-0.377569313467166
-0.421936835800895
-0.313399381270128
-0.509651089715649
-0.30314458948965
-0.29816347907293
-0.191058541729289
-0.241847688459967
-0.33275140925905
-0.408119277707187
-0.275050922061648
-0.282519425977023
-0.335907917743911
-0.167147798901346
-0.21013548310014
-0.382882521049649
-0.412074922617596
-0.290400940977361
-0.231574804953306
-0.287136954604992
-0.317577780522417
-0.211603896925836
-0.264867210624838
-0.301523824194292
-0.282577562639219
-0.255814503743976
-0.234580758480826
-0.376873439727656
-0.301474416620956
-0.4439558326683
-0.198140431772167
-0.342645570748993
0.0575393256314554
-0.179934812691036
-0.310136914446372
-0.206430313338681
-0.229891211295997
-0.235787030625343
-0.16549807157577
-0.0287419185215161
-0.220930690471107
-0.168658695219398
-0.238514046294374
-0.133945029638067
-0.258484360643278
-0.120592501069947
-0.409006377670522
-0.193344449655997
-0.265746085576388
-0.229445178529506
-0.141245694361341
-0.311298809583397
-0.181989986378055
-0.145084651412625
-0.125768937463865
-0.202803146392245
-0.194084429850292
-0.161537608252577
-0.151593033338325
-0.201016884105435
-0.171941018845508
-0.203427195893238
-0.194264780077913
-0.0834074287285624
-0.317206727813618
-0.272601068247121
-0.142007326558769
-0.0660601814866936
-0.182059383014955
-0.0399804404172671
-0.213156794001832
-0.228764422347997
-0.059845698453048
-0.225045945563445
-0.201313674121309
-0.122285680328447
-0.1181663818709
-0.20397314061261
-0.0691844222826789
-0.110996022292843
-0.0785931385911846
-0.241855961487628
-0.0766660869491405
-0.048105047568567
-0.181802046748234
-0.192642774938188
-0.0309857183398164
-0.154547828277159
-0.260176095590484
-0.288949591494038
-0.0307730175593526
-0.133567977281786
-0.0857837658663636
-0.224269740124471
-0.113283456152735
-0.123494189524529
-0.107529815217429
0.00627798100238546
-0.0714096102278675
-0.121141060737069
0.0241964510654614
-0.11531187088029
0.0760161095981625
-0.223260519762823
-0.113055156000878
-0.0575877703083036
-0.00586906477850537
-0.0474855170058724
0.0207292717304484
-0.172715976019654
-0.0542446275821175
-0.126337677925914
0.0241985752759002
-0.180611989672808
-0.102284085785498
-0.0141088743751775
0.0351056996449291
0.128868768119288
-0.0723017126147948
-0.0720650785879016
-0.0894358334278466
-0.0755332778433035
-0.00734950349918691
0.0179884275041187
0.00716397933543291
0.0392491676048482
-0.0496361477182843
-0.0578630390432638
0.0302470578225729
-0.1440327800562
-0.147062173612579
-0.106672542352828
0.0796537664483172
-0.0482627593549115
0.0168139142955132
-0.00480445446243395
-0.145988300261619
-0.223019325044055
-0.0276782413004524
-0.0463786761388535
0.151011984937813
-0.0450815216237492
-0.00159914606118096
0.0358339718544
-0.112176905453284
-0.12932277705069
0.0701405884309125
0.156479695518697
0.0692619091165277
0.312446270336617
-0.0103692424289932
0.012660298278909
0.0111028249353752
-0.146699724704984
0.192126221166115
-0.000834143802524482
-0.119102998995891
0.067833938991558
-0.00355880669348996
0.133032994916219
-0.0972590065065213
-0.102017830186276
0.0654319151594837
0.0014892482796803
-0.0503667157328102
-0.0108875186628883
-0.0501258450485387
-0.165347550338689
0.0160943375410218
-0.109301211709104
-0.129330725755412
0.0237209703864781
0.173758357429255
0.0752541927927052
0.0852498687717901
0.187937233411858
0.063348003024665
0.10148272328155
-0.0560808607158612
0.180195120684741
0.0684686123200981
0.0818068173307925
0.0424515768941111
0.238300554457524
-0.050404087758487
0.130814850830655
0.0686960758924643
0.0613240361557672
-0.0251881136222744
0.082346231301138
0.102785258679663
-0.0285147579444495
0.100385609632263
0.0121351144226151
-0.00961179017443128
0.154155047853793
0.113525309772104
0.0474503408945276
0.0963866452858103
0.190032885837414
-0.00705159191920332
0.0167528083195428
0.16100395684104
-0.0275084576880057
0.162070553830469
0.0129409153044033
0.0845069374519495
0.0813021622418567
0.170016447935087
0.00155979719105985
0.0421297621438316
0.170489163228314
0.161108732541775
0.100242310769906
0.196305622044948
0.120704386287632
0.166897647032199
0.116838068258619
0.0983257309311318
0.168248454854964
0.0148191001664794
0.0916576547717282
0.123950121456061
0.197842183201116
0.20804234173271
0.179559304394685
0.191639509135725
0.148135821029036
0.0419227686105034
0.206083910389232
0.0587906084036726
0.149999809976262
0.0147384464784603
0.257526037320534
0.00424476499349478
0.157411615612305
0.0755744254201488
0.354665070157076
0.0402432981943183
0.122964909995163
0.22355546637822
0.279873355291426
0.171847927910603
0.149696521120251
0.253982106581251
0.234519841976929
0.208272812366061
0.195569878675523
0.0883481997718724
0.226894818023631
0.224812022566545
0.0880638435390339
0.21934473874801
0.0625518680241916
0.158186766792017
0.154269977092733
0.378795086781151
0.306035963709878
0.230383339591178
0.166490805138494
0.28030372141279
0.0261617282103925
0.126880832915151
0.178170713257814
0.150746762031196
0.0500709449998333
0.20334691789466
0.221905034864884
0.0373840302329415
0.174479143544664
0.286030178537053
0.256661489325445
0.359089706313983
0.172571256172044
0.250652829692826
0.282849895411568
0.366446112406822
0.202350969695046
0.145400717534957
0.245740738434514
0.356386443997684
0.316657633626944
0.168187844289246
0.274910946420049
0.298976654824211
0.0908893455482742
0.366465642753394
0.364434254887631
0.293446348854058
0.250466875459389
0.163826874979875
0.238891568123141
0.215098518264534
0.176412997362534
0.30234111969916
0.2982251965671
0.299072449229377
0.253256148036043
0.387075201487115
0.140481960172955
0.247345532611947
0.376858005989556
0.345541152153583
0.312093629114134
0.437016688223177
0.304535867263204
0.256824419382557
0.346971580435813
0.358076636454354
0.356645293595332
0.221335703892024
0.364454898618925
0.340372570658055
0.264741667461075
0.386991886577363
0.307223195303074
0.315937659189537
0.279672111375952
0.287086064186397
0.340223256948947
0.311028788047072
0.377428774588582
0.362950170651079
0.311872346338513
0.305587206928107
0.399665089339197
0.400562082807663
0.366315872319543
0.201198347060956
0.377103378829204
0.364364495954951
0.257539705126661
0.355827133698436
0.309590852291016
0.309976710244505
0.419386993880033
0.400907104173334
0.425561991638577
0.385601721389443
0.279588618897771
0.246341438068045
0.346340876520171
0.301301048080173
0.318901004313533
0.343611771797294
0.393424028552593
0.325567064357997
0.539637964648364
0.554853696823743
0.429170084709707
0.484572065448606
0.374982413638382
0.41042249528842
0.538371725084623
0.45067946835091
0.48170932291686
0.413278032396124
0.356750441083489
0.441719872025287
0.169816774627535
0.261621622924658
0.416686480690047
0.290904718311499
0.436493502462207
0.50689434509285
0.522779989548591
0.272020648097462
0.547075600440121
0.442542291679939
0.363419005210242
0.408605302636445
0.366416379172548
0.405662272665351
0.314466719593104
0.632056288112714
0.38175951086014
0.631242616576398
0.562359088379418
0.387023216368394
0.432473106012758
0.272732491178757
0.401701901250603
0.477489664242774
0.57905128082353
0.422707036893553
0.544570799381133
0.431209606510113
0.422827815032677
0.469999923315899
0.431650203060607
0.458763629474044
0.290251411299694
0.397637517468562
0.437662156839087
0.443807998400714
0.399069106747357
0.411806442059245
0.582764177863526
0.359504375244085
0.552782038136632
0.565416557934494
0.499859260523938
0.636470692795659
0.455599710322456
0.582978771389548
0.548450366145463
0.598596074021272
0.440857094856659
0.523008267316785
0.461601244271429
0.510661949202358
0.559949729035501
0.53908223602466
0.518262299226179
0.488349986739321
0.576477729433648
0.543111994851264
0.540094589619422
0.469774823716003
0.653661300654286
0.41448693419298
0.502453920305455
0.39954418966016
0.593073973289409
0.569784314680062
0.498128879147702
0.535508278679244
0.666639814377434
0.600771003633948
0.471488280765193
0.426849138238158
0.528434085473443
0.558974553023149
0.656730647623152
0.522070492288273
0.57326750049661
0.698632322163737
0.56574923774331
0.487761756262228
0.702171705990672
0.540185930316472
0.54702622508015
0.702801754091194
0.66051866665899
0.331652247957579
0.522753887582549
0.638408401117579
0.518010363370835
0.708529023590602
0.672552111406328
0.441565663587718
0.584032404240283
0.594876456946882
0.583164340346337
0.496024343191157
0.545242835333111
0.559970686596539
0.723574625163664
0.538146665883049
0.439277848393977
0.661970452643807
0.496353164954815
0.725137063249688
0.70475615363948
0.669481319951705
0.589202713691649
0.678901290590734
0.59491736633655
0.70220164954696
0.642243665986789
0.541733363653911
0.662827467176813
0.735626287314029
0.584090092652204
0.73203637481137
0.646526854945337
0.654213957518925
0.596854223614839
0.762755125336777
0.65822715503314
0.669855777584591
0.673731824625565
0.689494272536254
0.604829833875558
0.715164013696402
0.76775662355823
0.737891146700542
0.792784739224132
0.588601180851865
0.693944608811257
0.647390577484699
0.680024778638947
0.705164660835794
0.799283476901961
0.80500420381946
0.736580837325789
0.457094405456949
0.666695278634765
0.652007267517764
0.691231379668034
0.640335140687691
0.695817186574547
0.693404736395959
0.69268267628292
0.717700810222041
0.715539753395417
0.786915811050676
0.713461586701557
0.807147907127437
0.820955711979364
0.720034146850284
0.684763641355614
0.83820912968288
0.639792749287339
0.65573194642443
0.76071815883541
0.68693094936185
0.591125174193871
0.63000077970623
0.599670711832464
0.648600773295041
0.740773336452546
0.689102748086722
0.73447582817541
0.677777714171986
0.599547420901548
0.721648612768348
0.830465225156311
0.672106737821248
0.753429775538479
0.650834827988211
0.712648648892012
0.82042199453949
0.789893562700131
0.835725615557706
0.715124986658521
0.857029422785165
0.730482905876561
0.818096710502514
0.734301306215102
0.820034377373847
0.911708235937305
0.745341018388177
0.770404531787451
0.952414292350136
0.893829777128177
0.691993628808006
0.852225112797351
0.834702768604792
0.753718300914794
0.835758218897879
0.796563372903191
0.836128905946655
0.724480045286515
0.66782645038609
0.888502679317485
0.773605397930814
0.688150201805603
0.663519143859238
0.765405428874161
0.998445777913982
0.837363693963009
0.843196249529322
0.859103744328517
0.98106783821612
0.762728053455038
0.73982845158731
0.856077473029068
0.741376150758634
0.838254007757988
0.949528247109317
0.929684364464633
0.841749089568309
0.912412644407845
0.810493343438804
0.749151919772294
0.830310319463158
0.800815729181137
0.770830281985761
0.770488957970285
0.783290001812022
0.867527535953449
1.0005160148307
0.985613227569012
0.953308309262739
0.785068070523946
0.782585003378433
0.887008730071552
0.97430597040162
0.739257866710016
0.905219575611844
0.803515217111769
1.03920829091139
0.862503795945202
1.10861995389778
0.830654033505515
0.933534052735304
0.873206329191765
0.92881083400818
0.877808026555231
0.795749658624417
0.917368345588148
0.968027378937585
0.906126005403612
0.800664295717957
1.15855450162435
0.974929777621282
0.820846887728499
0.781479208277567
0.901113454963175
0.952688566963528
0.691443842819969
0.933895480644669
0.861199279658928
1.00806632523907
0.907496410835761
0.951626280171622
1.06563496969288
1.01183255269137
0.94973663579746
0.975632378925404
0.930095268877355
0.962288320524331
1.02725056290089
0.914028180933439
0.902667579367913
1.01248738975626
0.882090747102686
0.975352146369761
1.04912671296878
0.959881146335075
1.12661576670568
0.942008372634318
1.16150687466077
1.01811958372115
0.953616437494915
1.06631859402397
0.866904818561983
1.08655107976809
0.920442024517293
0.865243644261144
0.957936805960627
1.0704554128384
0.982391066859889
1.05921704197198
0.930917136342469
0.885026990317121
0.953292672119592
1.03505515717432
1.08955201876052
1.0011216434404
1.03651171652014
1.10022359177473
