0.162385010884558
-1.12427576496489
-0.91683300955234
-0.94491410902499
-0.972298452253522
-1.06602507483104
-0.952822359629017
-0.947411571936685
-1.00165545975537
-1.01115911363907
-0.896282798132084
-0.976803626844271
-1.00696527766303
-0.910306948062324
-1.03144691994892
-0.972316389870262
-1.00624477731829
-0.982664485280127
-1.0746874524568
-0.954742924302169
-0.95433817359447
-1.03385841351242
-0.859057999732109
-0.900778884384731
-0.845099874924874
-1.0149784855117
-1.01422834028705
-0.950201568455566
-0.854269387139558
-0.969992058534908
-1.04329324276492
-0.942781539070431
-1.08096196311454
-0.894673342246376
-0.98540215099938
-0.863682952931924
-0.847635533100993
-0.952485347127613
-0.834030231827183
-0.797568649846303
-0.996580523751937
-1.01451852488648
-0.673165375273382
-0.920197365791244
-0.920226626698575
-0.834671137625194
-0.870970515559031
-0.912702050416354
-1.12039715386075
-0.976956698500138
-0.818112977075675
-0.828845250943774
-0.868038072273771
-0.786990860815231
-0.786397338598462
-0.979641335637148
-0.9916521110407
-0.791566470464106
-0.986689659069805
-0.891447758062764
-0.899927859487724
-1.01088039009843
-0.900396572304013
-0.830285522488802
-0.979727731008264
-0.907772345461658
-0.934938142568627
-0.779619443172014
-0.932782337007008
-0.97769459888219
-0.905155515880007
-0.959153486039347
-0.70765815578018
-0.992108097097322
-0.889051893040185
-0.836138949287228
-0.793418588982198
-0.752197815105386
-0.84735697915996
-0.747803872378085
-0.80284511551156
-0.904600825372462
-0.821322477449006
-0.946282621824574
-0.690070661179729
-0.933907065830533
-0.812246734933781
-0.968046610553562
-0.821016771706154
-0.837458077321836
-0.751232137661132
-0.816837065123768
-0.831810533234027
-0.804626826631715
-0.772537743876412
-0.875921819406277
-0.685443434339999
-0.858277982362902
-0.869063045792402
-0.905994142950773
-0.805418263766084
-0.889094755200086
-0.810870228825472
-0.738038178871621
-0.823823356154849
-0.777065072098037
-0.803581592688548
-0.873704050726815
-0.837480900737378
-0.981054249244224
-0.744371262300742
-0.799211570416141
-0.738659350043547
-0.804894031823705
-0.778690030770635
-0.746575314687593
-0.70367107680524
-0.885557437433898
-0.755964941907509
-0.708616657529925
-0.782653769045679
-0.780090189186143
-0.782216486562476
-0.802340955557962
-0.787934102560295
-0.746391520067948
-0.653392377320132
-0.744307562118047
-0.748353563924046
-0.806483091021198
-0.811748936327472
-0.812281120474581
-0.802804208821904
-0.830141465998235
-0.703822058930842
-0.569859178561179
-0.75492993437604
-0.638722469464718
-0.730465699136192
-0.693236836652353
-0.70707151600115
-0.610059806040035
-0.835859259596125
-0.688134650489085
-0.776811985966152
-0.78112702141237
-0.728403121944613
-0.686668914887509
-0.676002816362638
-0.753024263233282
-0.663909651779137
-0.638104676604129
-0.653064687508111
-0.641167783025411
-0.722502091554561
-0.709834698609978
-0.640481576055619
-0.581108359048451
-0.639291994144094
-0.642691784027539
-0.712704917861339
-0.681328852311854
-0.547386507556494
-0.705123268969092
-0.674050853936063
-0.792065565193796
-0.642471691671544
-0.696225596274511
-0.460595792435578
-0.705181839808055
-0.717602148609484
-0.671319128529454
-0.595057344580498
-0.737698953971841
-0.65159954334897
-0.70445303924257
-0.649604610015409
-0.68475051433857
-0.625740645331349
-0.80464301985563
-0.660583337858375
-0.705134929058505
-0.694233116622904
-0.705202144260969
-0.70742157332744
-0.631289899200765
-0.536622097502992
-0.702087682059226
-0.628186577630345
-0.727926556655653
-0.626247634795392
-0.70147902911001
-0.774226390368936
-0.677149917695519
-0.566111631738901
-0.386581666903123
-0.634210532665286
-0.561539387228696
-0.723556356456682
-0.616260322755234
-0.518055067463438
-0.562219830210438
-0.572255776029512
-0.573572930042171
-0.606710527203035
-0.561136693957151
-0.658005744518055
-0.459016092378243
-0.665798067126706
-0.550800790145345
-0.506599130469749
-0.6175907847345
-0.606193466712129
-0.53893245001739
-0.646825552846713
-0.646936176355417
-0.642509933623151
-0.464726916850096
-0.508070893406918
-0.480243025616822
-0.534557177444076
-0.639726481462029
-0.58218761215
-0.586467539488718
-0.558577722449369
-0.542724306147288
-0.553755273925889
-0.601640576076755
-0.415035581200212
-0.52909625542452
-0.511844477497859
-0.414172786874148
-0.497507703164955
-0.56184980734283
-0.458521613193385
-0.491974287178421
-0.69281073644729
-0.424515404880182
-0.437919873967493
-0.664461078393491
-0.51967118503935
-0.535901519762303
-0.464193341132474
-0.475711628818793
-0.564115686337811
-0.536677498218719
-0.590370334938034
-0.524695781609059
-0.368668548713509
-0.587847576899292
-0.492130499020272
-0.628616212447565
-0.488903398046294
-0.388883246769895
-0.438604626006163
-0.584810235723441
-0.557914212337091
-0.327053882869995
-0.479751009395749
-0.466894959824186
-0.53585867521273
-0.471528926952375
-0.488939809516755
-0.319474039864518
-0.601511351514683
-0.456338444347722
-0.542547297375574
-0.400085496357821
-0.447205907843265
-0.494313908964811
-0.624670565347061
-0.382949727166661
-0.653983953561052
-0.495776238061274
-0.40273303712413
-0.492363854409084
-0.516089500138102
-0.451349929134313
-0.427122221051354
-0.491909652118368
-0.420278562515732
-0.461372702097973
-0.518310744391915
-0.535952781990663
-0.49079208928102
-0.375662082146989
-0.551038180462353
-0.440301189656622
-0.399430585658069
-0.428795243316361
-0.437542861408917
-0.408045881342484
-0.379933357930845
-0.607283402535581
-0.478477427135783
-0.342760563158812
-0.367636665461332
-0.441657292991884
-0.409580677784634
-0.352477651578396
-0.488545133034618
-0.569946912200919
-0.367848198746344
-0.373851090417987
-0.56801978447151
-0.402061051620926
-0.387575560008399
-0.306905760997042
-0.383078239510935
-0.344461884019667
-0.258000246995947
-0.444035424760966
-0.342047602659456
-0.591201223087421
-0.44847433527318
-0.316425094850601
-0.387692568719643
-0.339760314923924
-0.400992150867214
-0.34918110872845
-0.441765707403253
-0.293243106717533
-0.421764754937793
-0.333626281735224
-0.389357335393431
-0.387471261496161
-0.349274623744968
-0.31053376123912
-0.361208601921637
-0.331926723212379
-0.424808340306296
-0.266054432161288
-0.40314840609458
-0.328386422152524
-0.21850455508179
-0.292425247760679
-0.287395438583833
-0.480572789630467
-0.24786343544372
-0.17099775420453
-0.327925116807183
-0.400302276632804
-0.214583780135699
-0.263858496476836
-0.342770212230853
-0.389855151851261
-0.333915669041531
-0.566602298027562
-0.32012422595341
-0.327806711164012
-0.293415171324649
-0.246819367829072
-0.385048590927133
-0.167152307478647
-0.194042832434274
-0.286587415537353
-0.274101968815511
-0.261251176564541
-0.331028401184492
-0.302008110321999
-0.419582620125128
-0.215842368901085
-0.177667742494606
-0.39726810764928
-0.336384844422939
-0.355414791308725
-0.334956051977727
-0.242950404135167
-0.265350533100594
-0.377465379497121
-0.186096873842415
-0.22529155987732
-0.0436138995807069
-0.213942881394245
-0.346574993101016
-0.198372338010216
-0.260335333665213
-0.282052749369573
-0.220132874942742
-0.242364364762437
-0.44759235260676
-0.251091647733889
-0.246930331634687
-0.23543287738603
-0.231269661756647
-0.302416931083958
-0.0207762700116837
-0.0872461708493847
-0.210280752337485
-0.387284490766749
-0.398021219484119
-0.25275215277306
-0.270838927017794
-0.321814120173423
-0.239822652175746
-0.392588787922125
-0.154760911450213
-0.244556525540894
0.00460029686491623
-0.202052701862424
-0.277380935413785
-0.116548737969608
-0.15677122523466
-0.221281250707275
-0.138545198118031
-0.173884016152368
-0.222762303500645
-0.204819033532364
-0.305113041275654
-0.0906380521066266
-0.12319115296573
-0.283428362083729
-0.163394715628199
-0.187467835185213
-0.176279333858881
-0.189795139339659
-0.196204616104124
-0.125463466265321
-0.374874017769403
-0.106292785349479
-0.114761555835161
-0.143517982941571
-0.226339231450571
-0.0419114917507999
-0.340702191903944
-0.306609117098532
-0.166961166348643
-0.266057827620602
-0.221678091186505
-0.151450755885713
-0.112430851568409
-0.204497791869073
-0.154858054771133
-0.146763682209259
-0.0566524647271591
-0.180742295340615
0.00386905937081516
-0.124428232069744
0.0248682964967964
-0.0141765205708237
-0.0543418464198065
-0.0937441981264233
-0.158130539817457
-0.166104983430747
-0.0696364438442559
-0.0777871559910932
-0.174384118165779
-0.120737819644189
-0.0289114694359714
-0.154213052447604
-0.068114012310421
-0.257964969871631
-0.056044032279044
-0.178767972444087
-0.0357502539082332
-0.0930257114221994
0.0639609182928592
-0.095777796497129
0.00980408315444063
-0.0765421497965903
-0.143164095447832
-0.113797210428992
0.0565777880984519
-0.020408615574077
-0.151839998385713
-0.0165138599256321
-0.0356094808550967
-0.0910722433896828
-0.0684105910075645
-0.038208651344163
0.00390439519302221
-0.138882071401473
-0.045722402895975
0.1017477089722
0.0318083398421675
-0.225720500012183
-0.063694412076081
-0.057591300517814
-0.0964091517939672
0.144314795575002
-0.178772348711083
-0.105534600601864
-0.021567308554849
-0.0851844333851004
-0.0857129404151434
-0.0631529044483568
-0.149715017786635
0.0696448671876167
-0.0994881164058606
-0.0348905991834255
0.0141157987571791
-0.229870497080472
-0.0553545014015312
-0.115219814900722
0.00227413913803535
-0.0669740601029635
-0.0694549597350104
-0.00984249798111231
-0.0733888344939817
-0.188928934281034
-0.0263185138295019
0.0549735887756161
0.0797323386049546
0.0210721080311757
0.0950635607557654
0.0483147213386702
0.0265830289802235
-0.0320145103474312
-0.0309300962439859
0.0606504773254998
0.0382543684329403
0.0048898444994477
0.103963508799709
0.110005781317723
0.0241403956683205
0.0229191143848763
-0.11364698883016
0.089354235371321
-0.0629869481722725
0.066324006216713
0.00891596563577118
0.0522130658669033
0.222284654139047
0.0867389516439626
0.113804063299612
0.0697266343331823
-0.0202256334604487
0.103934209417921
-0.0274929406185396
-0.0348575000611627
0.000140714307782116
0.0613061734972524
0.0988836676050442
0.13198375033949
0.122515596898466
0.0599611531829643
0.0480956897613859
0.0378738690819449
-0.019261723549886
0.0615279302179369
-0.0880089798175114
0.157460224573198
0.176323697109793
0.0832458719158553
0.207526980396314
0.0945800566672471
0.0263921303559684
0.0891129143122797
0.0956895253427796
0.123384360499626
0.0989662846284668
0.0794396611695685
0.0539036636999152
0.132533150455495
0.0530441746896055
0.127507462759578
0.304432991600602
0.123247805816808
0.243184396730656
0.117898193275178
0.0771678221517027
0.149717866466442
0.233407464394172
0.0973746990091215
0.121789936201108
0.334032996246376
0.0682181488500067
0.243426137766108
0.308419087918442
0.0843131746659732
0.127941368854563
0.239360640897993
0.0827256743973034
0.261642632692442
0.0972525054084799
0.339216310742623
0.000146850915619003
0.125851327877139
0.0824240548535109
0.189485296525776
0.02272650708051
0.0505982871441761
0.15725454929561
0.152964376701361
0.278998103182463
0.215889784828391
0.133860464227094
0.258608612570469
0.179126745219242
0.330268905980524
0.191592387773801
0.327076441229547
0.0248100086657822
0.237792095387937
0.33820008736762
0.14835622100348
0.000171724117189933
0.0853413030662339
0.180014018229247
0.206397264389304
0.189692303756105
0.202404776821126
0.0272519909686951
0.121511434624667
0.0384116489779785
0.182271152486319
0.156087367101166
0.313207061505412
0.113901512529759
0.190933163306053
0.317974828674049
0.206586745033907
0.128501002137766
0.304830723516124
0.186637919888597
0.122477364504087
0.1724690156049
0.173824931232537
0.293044974645906
0.222748876377904
0.190428156713221
0.165527010230686
0.45751466745296
0.389610517305677
0.188893787718463
0.174272142665992
0.218753971830047
0.137769658025331
0.197824720520658
0.261416178146935
0.25830726059575
0.294891844028438
0.166838903259548
0.392913473075206
0.291850321431985
0.275916345520736
0.335226561026406
0.218206783204842
0.310039025018088
0.339959935373657
0.246927291077313
0.344364436406927
0.341063514252295
0.268540500189322
0.271122220840904
0.356655473672157
0.260238633229547
0.414232517000214
0.224639567219767
0.357029434888808
0.180174687147901
0.324085043652412
0.474500480317923
0.333393192740109
0.274416884641178
0.359171002653343
0.332099033050447
0.368735349583945
0.395200087735837
0.167430383611404
0.535676725050944
0.267442585422524
0.276422671574163
0.250658313172099
0.4616865743023
0.274155603549187
0.528693972318991
0.221212318391955
0.246617893493838
0.309331119207053
0.464211888692344
0.214733498660778
0.301454981392396
0.22065038262718
0.143844808457552
0.417622868588578
0.329243534532407
0.343487606585762
0.275284253165818
0.266548838816296
0.257752062605844
0.284885558773165
0.340491125549684
0.231229834155886
0.212223754670022
0.297404869098821
0.551175660674456
0.354820118652639
0.426386750321048
0.410361791568247
0.433546823613707
0.313629865544374
0.440533594160413
0.339589329055192
0.598260686141549
0.460097422183695
0.385780285517437
0.47161743102284
0.391568244086947
0.489279620251493
0.404638593124937
0.461979012965241
0.325017769056376
0.415503546816875
0.24547257007869
0.435909724191855
0.260542435985336
0.362988468362699
0.321656174967394
0.435323077696181
0.53557846124009
0.40377524757027
0.482883114700371
0.383462568418965
0.297810110340401
0.447586024292486
0.472775234936315
0.379085127959289
0.297665527961913
0.394277096354073
0.508023605728487
0.445216446085117
0.515573007641716
0.465019420715453
0.410180240445034
0.612567976137948
0.438742325293217
0.238466514563687
0.419997957978738
0.524075247902803
0.540113093554543
0.501249412635844
0.462211530569024
0.530073752472063
0.426119128987968
0.509904028194247
0.372676159849264
0.496757312297337
0.492253810689386
0.449669139974427
0.536319275298629
0.444982418738124
0.495448227434637
0.492918094051263
0.403257457966662
0.56236827740828
0.368484035364306
0.393862099977761
0.434762754471399
0.527805360088922
0.429636605771574
0.495566106050768
0.468384304412556
0.447868873124699
0.52032891079037
0.567414695507023
0.608482615045112
0.501132491559383
0.400129778893702
0.505479106084308
0.392573810577695
0.439984845777458
0.485162549658356
0.705051140824173
0.454071677365789
0.436747504875521
0.483551638272449
0.498484467295977
0.675390145703088
0.422644835340599
0.515813387711904
0.498878479382594
0.448409469460989
0.535956980383673
0.641419354461301
0.568873425296632
0.357434637379908
0.508783034421474
0.578003901834671
0.493586458789748
0.652993460253073
0.646244162412747
0.650144455022765
0.622705451635015
0.578402691755703
0.54949614611112
0.50859273973773
0.553690508364819
0.633949969500455
0.609494990812577
0.537533267914807
0.650974835780708
0.64040492649239
0.548159587734902
0.576802479709616
0.710116084894178
0.487677219050096
0.63497480741233
0.607604172720443
0.775021373530834
0.541095110649669
0.442363679959457
0.531430840862648
0.653411392041242
0.615461183172453
0.673169040191357
0.61322712188606
0.67026655554537
0.741075868467084
0.702053763448101
0.636916211131273
0.618128934398171
0.63843096087719
0.72158191888133
0.64987830547845
0.603872370471679
0.635422655136926
0.457954006566675
0.605247705104021
0.538218358304735
0.643660642934088
0.417680506472969
0.739194338059394
0.541122604276075
0.59009796295656
0.522105611085802
0.5507554508628
0.665575210549494
0.734988966696795
0.718448736248235
0.556501878643002
0.702138956548822
0.668257148638838
0.660645982956168
0.756769746721864
0.655951374822825
0.613406653749931
0.592105246259707
0.720733238806835
0.719081878941125
0.810826966572697
0.558854246981408
0.657153698226301
0.793124316792693
0.732827205166213
0.689086332488357
0.631937096764394
0.841726403227197
0.628549220052055
0.787294161043165
0.784068356240694
0.670831996256472
0.738270796486503
0.775971825225106
0.722434149548741
0.7511055791166
0.788461475405839
0.590268688808513
0.81118489563143
0.759867195088972
0.720820097590988
0.720374966061402
0.812078725102218
0.783183098582263
0.767526678230341
0.845491089098335
0.669568941226121
0.6715957194572
0.598130207382931
0.771769749426854
0.753850127368244
0.641116560354153
0.768237525625638
0.722022361806885
0.653553175454235
0.970563684076543
0.785133264485738
0.70730586226329
0.911950096203083
0.712332327997067
0.809506206698371
0.542761128144559
0.710152747202039
0.692252909644451
0.72844270099878
0.775926208114778
0.778701557768181
0.804329227521514
0.86647925367737
0.714164505218671
0.796619461701776
0.790838879468172
0.668126797153679
0.718121049864707
0.714576766379285
0.714631843175382
0.81352274152435
0.738897299671463
0.772430803354902
0.876898120673184
0.785082192306278
0.718763956050556
0.768678442366127
0.733198641858227
0.762622936345139
0.794671579972809
0.865049285638096
0.818920067635267
0.914629495036276
0.849293056132197
0.73023466259275
0.962024897793334
0.759041025303683
0.866558169472511
0.803048805713559
0.925583669175565
0.79849813399946
0.692727820560163
0.847277127114801
0.90709118802486
0.851840272206601
0.674801679056139
0.868170830000686
0.87817024480561
0.9099576200209
0.918888563367225
0.873459629858267
0.90468309085596
0.715558156396861
0.950654399784949
0.919244967274225
0.848555773459964
0.810124561434793
0.830565939449054
1.01708803326297
0.862267337222212
0.930037210930899
0.848379129234619
0.916648089587621
0.880601668853892
0.922198371557595
0.946826800223178
1.007258822367
0.859367265803301
0.938199394347362
0.953649274379926
1.00950829320968
0.77141063255227
1.03586053650368
0.83825766354522
0.848856062139271
0.816917944782317
0.84711239438214
0.915098620816982
1.01312594026063
0.948865438383163
0.831684170306264
1.00227972890142
0.949961081402661
0.928644976284879
0.918409192621431
0.941128810439879
0.978672377263638
0.869416096591595
0.802768786397074
0.885946348398552
0.955916817665957
0.823616774830073
0.984945642980231
1.03132870224987
0.836612662955917
0.849394953868326
0.92878024573573
0.857819999040067
1.09659524276155
0.88751894895307
0.979561781733842
1.11719797839949
1.08235559188061
0.857542270116524
0.924107633341748
1.10576061771621
0.869123612804963
0.920666340603238
0.862567192552679
0.835385165548335
1.05752114124353
1.01642296036368
0.968813877072987
1.0191668693994
0.880019993296825
0.871289498561329
1.00709096365268
1.06501600228814
1.19144785236069
1.13681349846401
1.11196680347069
0.986166434659346
1.05809505286681
1.11877330747686
1.04874458524032
