0.063656731455556
-1.04763312039696
-1.01328275262632
-0.912441657824222
-1.06215324712727
-0.812535040468175
-1.02001047240756
-1.05881958602602
-1.06027878741743
-0.802167042117702
-0.858764755159511
-0.980665727532993
-1.06396885174832
-0.837522043334535
-0.851140894890727
-0.92750327574742
-0.989801929821552
-0.860572853277361
-1.09729586577382
-1.10314310639041
-0.872037801068004
-0.882547072316641
-0.922174238465259
-0.945554869888478
-0.946752616523916
-1.04276856854296
-0.868192741948783
-1.1444265482251
-0.835220297220904
-1.05874448836912
-0.862187135457449
-0.867958528531149
-1.00574874478741
-0.952480181872749
-0.868317653123932
-0.818982189865822
-0.951640298985705
-0.891363392302846
-0.876582624686432
-0.874988684247733
-0.927176395591729
-0.839901104667979
-1.05245681363949
-0.845265182616047
-0.870208229031156
-0.879338653465707
-0.891679344915467
-0.860669725476603
-0.793275028953295
-0.86079895370319
-0.817396347487566
-0.850154549241368
-0.880274740323285
-0.909248790580903
-0.871473694703283
-1.00258242990131
-1.08778872298509
-0.763381390305571
-0.869418530282941
-0.862777856985252
-0.824105923924396
-0.959059945424103
-0.881259661802266
-0.875093214092685
-0.742628341229234
-0.794347502580089
-0.669427205220661
-0.902104084220716
-0.827742578515187
-0.762778531551844
-0.813374358308735
-0.902661096251027
-0.974402922698865
-0.715392851387734
-0.886837649510824
-0.805430946944161
-0.831314322006599
-0.846196053837348
-0.758966913237236
-0.926172643412305
-0.869247492352998
-0.890424556749541
-0.937307631947549
-0.911193935302356
-0.730808911423457
-1.07398589301057
-0.782234217904247
-0.868404594907594
-0.66649024718511
-0.844353294547941
-0.894913304865023
-0.826721836410665
-0.72149053739865
-0.917599122163295
-0.769499059315736
-0.699863754199186
-0.701807660974199
-0.980594357959721
-0.783602465429781
-0.740988065312885
-0.882981563154557
-0.787545195796756
-0.899629861833855
-0.814499407390537
-0.824699942017531
-0.804673076334596
-0.784505491005694
-0.933583686569851
-0.8305553161985
-0.72667552951941
-0.666230299552342
-0.768864965888996
-0.841963741273443
-0.740429105303582
-0.719186766847759
-0.710665022018373
-0.855319250704529
-0.852752472806917
-0.736181866255416
-0.714529069830336
-0.786514430962618
-0.756261871467578
-0.80785113701682
-0.790567932144091
-0.797339672359692
-0.765438039279196
-0.57582225395327
-0.734699210109901
-0.861264636848624
-0.716477943458657
-0.626053358134067
-0.762273266035563
-0.671363770602632
-0.579054557735381
-0.71193388341833
-0.64195193201496
-0.816468893900885
-0.798709783090087
-0.694362689186838
-0.646011803081569
-0.794451936241147
-0.781680066254908
-0.839014608061834
-0.722486314576682
-0.672994673953907
-0.606049738928007
-0.676877962495686
-0.607803214392227
-0.798670548561159
-0.703942138290548
-0.660421126047553
-0.719220584774885
-0.688923084132191
-0.652418966653233
-0.813737002601219
-0.701247136511613
-0.686680430973958
-0.653279347918311
-0.691445533090599
-0.636568001548646
-0.571562922603799
-0.468406876584137
-0.599833702791072
-0.755143300027939
-0.633584426628731
-0.738076414330477
-0.646135688113235
-0.774033991765502
-0.791211821924632
-0.541634545013633
-0.620634272344723
-0.619995038685723
-0.754983512225742
-0.682365659552589
-0.551425245555956
-0.776460725694089
-0.593171542388945
-0.49054674152559
-0.830122686511396
-0.599852463503808
-0.535573465488391
-0.609023595304112
-0.7805812231201
-0.712170953785255
-0.59651492332888
-0.596906740199179
-0.476696640134972
-0.685992897839769
-0.590358402041299
-0.672488886679926
-0.718486294444384
-0.646799397782289
-0.75569413719315
-0.629998924846412
-0.597107349652582
-0.747971241741804
-0.592219778134675
-0.577230257156322
-0.613953984837777
-0.432160615784813
-0.40698422317685
-0.627992653497954
-0.593030175081344
-0.70218617013847
-0.630905685392197
-0.635057315271088
-0.53293543603571
-0.658693845789699
-0.647896882467264
-0.637394498584872
-0.620062287070551
-0.505969245415774
-0.668525768519177
-0.631046114333462
-0.466366604935088
-0.495317809139169
-0.536181960786126
-0.514713181334935
-0.582289880859036
-0.681140996306492
-0.43264047127462
-0.618795521201278
-0.590657858350333
-0.461822070349343
-0.465187812245121
-0.507662265912228
-0.494382241637283
-0.697914620115518
-0.506218397306249
-0.467337722676446
-0.574055562932677
-0.4740719002323
-0.606824376364954
-0.452760378810058
-0.524634851695258
-0.440521216435359
-0.509601038353153
-0.304763739625717
-0.480708561163177
-0.522826496522723
-0.559207903231534
-0.607514499689588
-0.606979987506925
-0.624081761369837
-0.36533325792276
-0.650006936095192
-0.510443185865078
-0.507561427299246
-0.470814308816744
-0.483382668216798
-0.493359636546717
-0.487495231302651
-0.514139497444554
-0.483286848157367
-0.401304695568332
-0.545811305802645
-0.53268834204835
-0.606271566716714
-0.444281042197746
-0.53261471768981
-0.415053010317957
-0.517975538730113
-0.608369651939112
-0.346828783015358
-0.480227885567906
-0.531949648614839
-0.455551090357715
-0.531012931274604
-0.46699320465108
-0.447145990216804
-0.559845773490869
-0.396673374704733
-0.472048472828008
-0.423711787181899
-0.494993510497719
-0.457421444642096
-0.511535092081583
-0.516009975876544
-0.483159484472472
-0.38120843456976
-0.422074077099935
-0.573472213332546
-0.45898390488229
-0.423891026791354
-0.363559477314352
-0.456411379091683
-0.493183965590573
-0.36984934423582
-0.444400516478052
-0.564617682693336
-0.41893194611957
-0.398287282112407
-0.442505070465522
-0.290546453390609
-0.355024940992624
-0.492296665400029
-0.334452027537434
-0.402789784087542
-0.344735120354245
-0.420165474740139
-0.370127349470327
-0.608606433629971
-0.429498312138665
-0.339291933836584
-0.361435898959976
-0.467038761628289
-0.268834545584938
-0.474052406711003
-0.499391947202406
-0.401449169892101
-0.475508869265152
-0.200249762938663
-0.375131275374335
-0.404750785013971
-0.260447743423503
-0.290017828385044
-0.504999442218629
-0.339784558895629
-0.259520403957198
-0.365818215374382
-0.0868405368061156
-0.312873129219097
-0.279654108979557
-0.290031078764041
-0.376261490693403
-0.422545140456531
-0.412497485362382
-0.412468011032864
-0.334843327059544
-0.417995650561646
-0.287662405673164
-0.384274517403974
-0.275968480592848
-0.295480765371839
-0.362173393685892
-0.381311245767552
-0.448299842913858
-0.396366383595491
-0.318840806159416
-0.212817474186613
-0.260502504512109
-0.389318785732364
-0.318180004990246
-0.33994297485626
-0.332976572772077
-0.366443696462768
-0.344358599894149
-0.227960834659997
-0.222963049127507
-0.25269841200155
-0.369630536223142
-0.350326737193988
-0.316636059497564
-0.265939823595246
-0.154494500424266
-0.301050861220176
-0.242203182199606
-0.395464205459428
-0.144393642405934
-0.200088030452675
-0.331377458498327
-0.26434193146476
-0.133591531365776
-0.232424365899423
-0.306682097067176
-0.246632327887424
-0.26297843599616
-0.170666779694606
-0.188244845767557
-0.126887059905972
-0.293668356901812
-0.41016892124492
-0.201318706520631
-0.169630291279615
-0.197916410007205
-0.371321757334326
-0.274369340955463
-0.0724042748578391
-0.355585047884061
-0.035596137232707
-0.227268479102279
-0.228474140820546
-0.246562599932981
-0.264354035699558
-0.341793645055031
-0.241879881230977
-0.29743329975637
-0.317208089564434
-0.176052994509831
-0.120116769885899
-0.286843215272382
-0.273893083815156
-0.198072354496555
-0.237716900149308
-0.0615543561604778
-0.225388258169799
-0.150699500261404
-0.445291730147419
-0.104074760169008
-0.138710688493796
-0.203609796980302
-0.261055141052625
-0.189105393368058
-0.186819916701367
-0.289401107705238
-0.134232476854751
-0.119922754152451
-0.196492869208934
-0.275381779874789
-0.20445675168317
-0.10928542533679
-0.212511486234898
-0.156993834495286
-0.156886457749713
-0.167541867024452
-0.261370636034867
-0.095619280965913
0.0308433698205872
-0.298366216260571
-0.161472048720189
-0.10280329778629
-0.0775821443702504
-0.224749130271468
-0.207404476809598
-0.112462440713471
-0.267566352607604
-0.0703356474813576
-0.105229471514105
-0.208962680708237
-0.24554520310242
-0.0482583092719618
-0.150753183111076
-0.184858973111123
-0.125457132898094
-0.140237417604234
-0.203270728018209
-0.034043089124277
-0.0465562340376912
-0.157826123555939
-0.00256402669738348
-0.0504928808969346
-0.198150896268986
-0.207084507490052
-0.106764912914542
-0.162436660036061
-0.10229261202798
-0.131661526104393
-0.0907664284915763
-0.12544634227104
-0.0424892910406267
-0.149048942095051
-0.289280317640753
-0.18978445792802
-0.127034415905276
0.0543041555829584
-0.0643221841675777
-0.00804203437686268
-0.249358896884814
-0.178053072492558
-0.21277542164609
-0.129343775698054
-0.0383362665156083
-0.0960706044059881
-0.269416712049702
-0.133026192560358
0.103357170239396
0.0105798150270071
0.0596698758940966
-0.0672881786238129
-0.0524553225239702
0.10846852991432
-0.0265170702422601
-0.152978647210571
0.000576675359015882
-0.0528175486436203
-0.121841174445507
-0.111134648843343
-0.127982072959144
-0.0463610848598819
-0.146693275745217
-0.064181459261807
-0.110978946605441
-0.000260811134203035
-0.0192037463076511
-0.0984908571773838
0.0639918134914627
0.015689745825867
-0.210849806035581
0.106774985320687
-0.0464060229509686
-0.0914309776425629
-0.0701402505312975
-0.0736041759982126
0.0279796674409018
0.0188553632453895
0.0355801513096226
-0.0797755127389049
0.00263509056617103
-0.107802394939399
0.0124073114709955
-0.0806344350633316
-0.04573647300484
-0.0647456760278505
0.0523658084200318
0.0979348787696475
-0.0992182274004112
0.0119745683459784
-0.0410373539528048
0.0693910466118712
0.0471515703625549
-0.0244167317738411
0.0703354346805777
-0.0717257598444901
-0.131237520909111
0.0772212802421585
0.161688047438794
0.107541447356912
0.014898705162407
-0.0430964219906262
0.146654258106336
0.0110741449856536
-0.0192198956726005
0.0271927493955569
0.00555019483892256
0.109240760701138
0.0793713588209141
0.0222157597254086
-0.0379556532428967
0.175520811569189
0.0352123557340703
0.128212183099636
-0.15945013319206
-0.0674989913247775
0.0866227497747781
-0.00525028778891077
0.0377419897971902
0.0941991616939982
0.0115852835123613
0.122548233625589
0.140749713619729
0.190502768633681
0.292407776420783
0.0983337902125643
0.0524435638518394
0.10171980280378
0.0250107349838948
-0.0506925445144989
0.0499826125252812
0.0726610094944101
0.0780988229458362
0.0962079811035361
0.134929110400891
0.0988691413520864
0.0555063861346594
0.198456506349467
0.051674399857918
0.0371273621143145
0.0901990637257593
0.104378290224264
0.132589998904579
0.189204852466354
0.318176740663363
0.223525645736816
0.143064832413396
0.182760198935497
0.117524232043709
0.142587390796342
0.325384959429483
0.132655411021581
0.0255706512962695
0.251996540264148
-0.00251507784876735
0.183682347999665
0.0973117978003339
0.174575828763339
0.186980910924117
0.0748162082549258
0.221225097025233
0.0415145262216506
0.0873657423856988
0.208899916958973
0.0251218883381139
0.125529049659732
0.153679380055938
-0.0916005447276858
0.0250161156620884
0.0922629857969411
0.223465530673578
0.218191493996815
0.179107657660087
0.0914795843037179
0.161481906780984
0.302989402754828
0.11749790621241
0.112790115508765
0.210434557183902
0.120307193995436
0.124607569607356
0.0927622274105448
0.15006498135863
0.235007757007983
0.190646468256245
0.0746420473955763
0.146930553094564
0.134002010348796
0.0205721109992518
0.332508674040473
0.292991500021525
0.181216694929821
-0.00575048280307256
0.271709977802531
0.25762644014426
0.276003268095935
0.227646543933337
0.289717887608688
0.199805614350033
0.216861751666517
0.140235699910484
0.205363956770131
0.362154493956329
0.241219917428835
0.190943959589148
0.309544161340384
0.200389857003881
0.179373980788555
0.208498877012514
0.0347204347888241
0.18711782443655
0.217124699716319
0.298183314728807
0.262863149740757
0.340508410536277
0.227452688188437
0.396209529781302
0.302245100438347
0.343935205577876
0.346783382704888
0.195114414408785
0.295177029204123
0.304897358945855
0.214460893320184
0.363272815267824
0.250490374257126
0.213139623979324
0.310403392633199
0.127472834287376
0.244369729110248
0.409190472050474
0.267594069300805
0.221805391054217
0.290846682281515
0.305119407350569
0.378279187837257
0.355555282279648
0.13834060934879
0.432459267679613
0.315749427172382
0.428227900776061
0.313640205092328
0.275832214547001
0.284789378050489
0.274483579032607
0.284282529720493
0.482275036177313
0.270615813902635
0.427598792126303
0.455059695482165
0.196917814135472
0.281715364727215
0.193017656609406
0.250826914068332
0.345000219647891
0.233039980428663
0.245377378096059
0.343127729287107
0.355864543591216
0.389644065609333
0.345527844492146
0.446945116402674
0.52348412007718
0.309403940794761
0.3546977607025
0.380053430617191
0.519190887896381
0.316966749120577
0.437329246268727
0.257769090283713
0.131406542910577
0.436837069529491
0.427819545074554
0.298308256059393
0.232016758605341
0.466728881557966
0.320046990330119
0.449870230052542
0.258331791372572
0.304708583885035
0.393578344425018
0.477105635536092
0.41059030646946
0.364731098876259
0.335701977624765
0.320496343390226
0.331864525901995
0.432831488842726
0.454043083333726
0.494489878326393
0.273453818850185
0.459488474841694
0.408885490398628
0.286351413970015
0.521747535563919
0.546460607526295
0.388998172144257
0.371359352368011
0.448171763218311
0.489119488890932
0.359612471678174
0.412849844923566
0.364370222623192
0.539242783415285
0.550060455661457
0.540509525036833
0.518300996617702
0.395696426526796
0.476977950695466
0.584425062744274
0.56861156024192
0.445527698060058
0.343532050104189
0.428389464644576
0.526363748738924
0.464913833449642
0.520250239593617
0.526413776118717
0.483775574102528
0.327404186742285
0.461739774915159
0.336616735364896
0.548645245085477
0.434291242734771
0.475657050153101
0.494431721805804
0.458928395295004
0.497640647661535
0.509499669967619
0.462782200371929
0.410436421261436
0.542898150568794
0.404523315299176
0.538942874620824
0.513683750746094
0.463856021747227
0.452175196617174
0.392321537487749
0.577946012864534
0.598586572801591
0.444869922717664
0.443842028986487
0.453843070517635
0.535313055958225
0.493865844592929
0.542778387192644
0.509230907704913
0.456811412186588
0.583293330804872
0.612605476079878
0.494025722602144
0.648823135958719
0.374576683517214
0.459046505999372
0.632961374467866
0.590846562599991
0.43660533748495
0.514617247168341
0.571701712052996
0.490341594928191
0.548373770915072
0.308987649203407
0.546372458820747
0.50163683829287
0.55907927030352
0.510391351567384
0.689349020049911
0.667719007090865
0.615522583537832
0.504040361783914
0.492476595244059
0.646327547830083
0.409472662563348
0.452600348670287
0.579508272490489
0.577645561569987
0.588709460347441
0.617947519424215
0.578725651828369
0.420206700057546
0.56623609865278
0.544465116378832
0.620414738413711
0.591217327449297
0.680639616476835
0.630470461949939
0.66952373323655
0.655202260721266
0.63566575153245
0.670143473616104
0.675958937336314
0.527535332921802
0.784008429171469
0.607191826811258
0.695669932015812
0.71738341965267
0.627573707381304
0.644687001160647
0.753843432415677
0.842145682708568
0.472410989929642
0.625798196401151
0.705180390511911
0.560688761678527
0.597095787531254
0.795748413624907
0.572322855196497
0.62632191643842
0.702108542608134
0.692202252859187
0.756429098714353
0.622377763970057
0.623054720897338
0.567770162087892
0.693765146042424
0.707814507681317
0.641580349785007
0.682323679439648
0.744918433753513
0.544012833709049
0.623463960746251
0.85731862512745
0.644777591691629
0.569705791652871
0.679429895666547
0.741779027493684
0.559113155675175
0.771538197384969
0.71500191355094
0.725576819439256
0.723694842723012
0.77084942399113
0.807295360150122
0.75647572038267
0.658102880588467
0.678765266516213
0.725527470291615
0.679504084649301
0.696068039491856
0.736595356240742
0.574666751362502
0.791804804416502
0.799287806508472
0.781737083571737
0.76975520986004
0.825424517107777
0.802140382650891
0.802418496306411
0.794016127421432
0.791733634574079
0.707737851326884
0.71267604498585
0.717035519830481
0.710144474298645
0.694736920886302
0.801988080403366
0.840036107497509
0.734554568279265
0.794815175474964
0.586228781939481
0.76252009079657
0.769534012453584
0.819625068909624
0.72396072975913
0.794697670091747
0.764647424658986
0.748328698486042
0.862068974065068
0.768130651550017
0.74649271163478
0.660784316139179
0.772339580290952
0.556313792390044
0.79270115381761
0.763828490783447
0.758396862412114
0.78206477914893
0.79953710695019
0.817289093731499
0.790443299840985
0.505857414367267
0.905722949923669
0.719395444107211
0.715515018343105
0.861241507170597
0.767679472648511
0.598225259984583
0.600131095491337
0.846098621030715
0.837431139626752
0.861703734537654
0.677592995353955
0.748496913814234
0.84365242290172
0.835871658932267
0.765524418372317
0.696348870253793
0.877279299740929
0.90166300209174
0.747658570224906
0.927451021745892
0.822167939414745
0.744050042645664
0.912992812232272
0.900117837828581
0.790763767201907
0.971120979806887
0.7867127338948
0.636504335522449
0.904803339230628
0.966825696141104
0.866908518663078
0.847358703707751
0.88119673381872
0.803137218547873
0.908006307240884
0.828126563558706
0.777162447608916
0.920936558485134
0.892413125296923
0.849663152870235
0.909850043313923
0.880171200971561
0.935176816153559
0.870671363407493
0.988728880597505
0.804735026109933
0.989163906132426
0.897146823321539
0.890165359196378
0.854324074610787
0.898261328955321
1.05317636344494
0.93575162114322
0.890247707103671
0.871885930063555
0.960559263441383
0.962983961575823
0.828751600674546
0.954179793837464
0.782968023728867
0.928634268156742
0.962694155238563
0.959949147584122
0.760901092795905
0.967767341012908
0.930411722439224
0.869136102319652
1.02019602339722
0.994866415108997
0.694727775874456
1.00834313763624
0.848889507980149
0.813689145161405
1.08409838408336
0.927352703927369
1.04919461864087
0.94034109059755
0.792514439382221
0.769017420899406
0.967435656529022
1.0194649900942
1.01182901382587
0.968775352964564
0.856727028883964
0.961008011276856
0.953893274790396
1.04056427714958
0.974254252823169
1.1448480361304
0.964506909471533
0.990158990580166
1.0842879317176
0.892296738442759
1.08513814880764
1.08608302294946
0.850029446206032
1.03929764817431
0.94021582795474
0.996401727447338
1.03878262157445
0.949975580759994
1.02103286533083
1.08092846070659
