0.119570845968787
-0.979898666467516
-0.957622767999858
-0.947029046554917
-0.967095890612448
-1.04899075360668
-1.05968936661883
-1.03140994692676
-0.877108078589151
-0.88721940099723
-1.08049611241486
-1.06823260259945
-0.956086335667824
-1.00526091922658
-1.00890194903933
-0.989678118279829
-0.922468012182418
-1.02824556174958
-0.808087163616256
-1.00798511587364
-0.85997885773198
-0.774337405982607
-0.818728075052915
-1.06275219267966
-0.990353986993684
-1.01748796837586
-0.911705204927306
-0.903828848704062
-1.04312463583839
-0.827410992060949
-1.07819945120151
-0.950508756606367
-1.00660260304852
-0.993675228096015
-1.16366922598115
-0.877040588573909
-0.956130345837807
-0.929639500873436
-1.11519024489312
-0.999745156475749
-0.975770039980271
-0.83090514543346
-0.823115901249166
-0.748671081550611
-0.848976248779651
-0.838409311692049
-0.86515739085815
-0.976884638956756
-0.880534133727408
-0.945366987740133
-0.899109080103869
-0.928181466811769
-0.894622444358513
-0.765228334917112
-1.05193825106577
-0.704652942730505
-0.91929547264276
-0.993639334613824
-0.8252680554844
-0.827199512388982
-0.913288449938029
-0.809961496339875
-0.849427593409838
-0.862995071907736
-0.820369422166043
-0.955378530882252
-0.82273503116391
-0.711699325753469
-0.923926751773173
-0.76479978896033
-0.843193640735389
-0.902969316724788
-0.716075025156092
-0.779579609559526
-0.683068635165375
-0.950879538310414
-0.798807863378224
-0.791897046999025
-0.853231926873825
-0.852153644442337
-0.736519180300869
-0.806678306602093
-0.911698511263885
-0.79482847976358
-0.671889474660108
-0.813450693316688
-0.872438441287448
-0.756696259481112
-0.897014157317996
-0.828982117079906
-0.772326518972169
-0.778091338043107
-0.850677669379578
-0.92136493059009
-0.793569635475165
-0.732391722827285
-0.686055319477457
-0.851919773001361
-0.664150278416344
-0.834794521496376
-0.824242053418921
-0.814344216117203
-0.831642818430766
-0.859023426666951
-0.915100345966614
-0.788138797668263
-0.952825702501343
-0.716941182431063
-0.729378513018008
-0.749894575673982
-0.812403123564563
-0.744080971559361
-0.651391612309877
-0.682623667009005
-0.81347684405147
-0.703378458459374
-0.808001470545588
-0.854915799209205
-0.722806358455582
-0.797414214181146
-0.707320374088422
-0.81315093269473
-0.832466045679742
-0.609141359256634
-0.726405856870757
-0.729937103747951
-0.683015670017595
-0.784919188330976
-0.726471775714432
-0.727166735231301
-0.591331584530414
-0.781804868398389
-0.856601180863214
-0.737923457436569
-0.722819415026407
-0.731479985948603
-0.773886633965325
-0.619813183473189
-0.878814770271609
-0.642430159380832
-0.502492947704818
-0.693821244991849
-0.694485902692188
-0.73124669864756
-0.807841931767495
-0.670615887420945
-0.825927715911562
-0.568314303278166
-0.65853366698264
-0.657602494998367
-0.676373029946028
-0.621604548760463
-0.673270337158812
-0.741998211358087
-0.641953686593176
-0.743258272174928
-0.724568727925405
-0.664487571619933
-0.558942129563884
-0.51569489344657
-0.628812400599318
-0.561877893552256
-0.690331548721872
-0.636490715172178
-0.532802650656931
-0.620143910052824
-0.66366764452283
-0.576186505894544
-0.760033804007506
-0.565317345935954
-0.566104519717104
-0.643909164374623
-0.701246859185981
-0.621733576442209
-0.643094251951381
-0.652237648070825
-0.605129202189465
-0.719908047220985
-0.672670927535568
-0.515922689845244
-0.743849558079927
-0.495464088812721
-0.644393465264984
-0.71713632297316
-0.779097248661804
-0.54244770354219
-0.652509431173239
-0.690376004396058
-0.689214693855529
-0.570068145188302
-0.756969561222215
-0.721035594395216
-0.594237995135105
-0.548818688717087
-0.588132183212414
-0.526456695673063
-0.549871889094992
-0.717525990180739
-0.574692484266049
-0.671103172733955
-0.562820505367605
-0.625429791355436
-0.592202266039631
-0.530437194926544
-0.651597394101903
-0.523999735322185
-0.574310151650423
-0.574634537477852
-0.509144837966203
-0.476507484472121
-0.615947471612139
-0.578695574261967
-0.524786766320923
-0.448938059172559
-0.621857446319394
-0.512935546236017
-0.557712109067435
-0.482127508463369
-0.553982758954448
-0.524370128028411
-0.468954920853693
-0.601615046689329
-0.616736512418087
-0.645718865445544
-0.574813949465049
-0.576247088569344
-0.591867742728428
-0.482966641869147
-0.648694290447347
-0.466790227181685
-0.607621007355689
-0.52971950388313
-0.385249099766711
-0.54082515186289
-0.504218381643771
-0.614150720443375
-0.397932659639423
-0.444569751399089
-0.544830258659722
-0.474227797346506
-0.616412232025365
-0.560367174153431
-0.492074966881461
-0.540467448866717
-0.618601914545832
-0.660432835542033
-0.509305927924347
-0.486879642583685
-0.492807510145273
-0.316136239914848
-0.415273587721926
-0.445348681828717
-0.418068439654821
-0.56265278678154
-0.549169322120189
-0.522565674434684
-0.510500545564058
-0.475632923881335
-0.560503541153821
-0.475772820337037
-0.63100817372988
-0.356540057040781
-0.465302993372855
-0.384773879005129
-0.642697181029281
-0.503621936139172
-0.602484484027605
-0.517132174614583
-0.286909614665989
-0.535835900778649
-0.438777584087556
-0.459699237110689
-0.430730660317884
-0.665684326796216
-0.494773236301691
-0.476274186274302
-0.564131628658617
-0.645172393635221
-0.628317474907106
-0.610212570506497
-0.375686757341528
-0.353708796648195
-0.521691316402513
-0.393006238585156
-0.359064832039667
-0.44636125353518
-0.259318478657656
-0.458218773730816
-0.451140272448028
-0.467820896190789
-0.409511225210503
-0.399539954403571
-0.476142017478437
-0.395821342438999
-0.310368061690053
-0.467027617674938
-0.485679690314179
-0.494885820507968
-0.319827790957245
-0.269271952141623
-0.394931673798185
-0.431000653627677
-0.449944676533332
-0.413685433447908
-0.315241025413383
-0.374827147857373
-0.418758243132229
-0.59540644549399
-0.479172248983141
-0.311864560030266
-0.377854150679278
-0.285842979280407
-0.199982440193953
-0.433475801469862
-0.503615868721705
-0.435231852582629
-0.36264859668025
-0.366119942623019
-0.295237588724269
-0.419486528330315
-0.393540982334278
-0.444465265218599
-0.337338846382522
-0.250924953157333
-0.322494318065643
-0.325060509769272
-0.424460575422684
-0.129614344838552
-0.355126047456383
-0.480738166721425
-0.259439626075556
-0.411266592076425
-0.3018014919817
-0.189433487716241
-0.518396415764843
-0.239390997217482
-0.410484381796579
-0.268713388020491
-0.327369833108183
-0.353420493602048
-0.316247523114184
-0.358597391697454
-0.399451057184384
-0.321751780545981
-0.21583644516858
-0.274736470576465
-0.309129674468988
-0.32969892400975
-0.312854049566062
-0.347541048637922
-0.367183491205031
-0.373611977992444
-0.180596431123481
-0.214343759237733
-0.204102987498255
-0.256194023875062
-0.312343833629738
-0.26035249136695
-0.245431404038284
-0.296384444690013
-0.277337208288665
-0.313920480946731
-0.331151825611322
-0.261953093728761
-0.211891158444043
-0.242929288250599
-0.307165708436436
-0.195893202492022
-0.345140948244785
-0.303748093059164
-0.159396480715869
-0.217031980052968
-0.10111376714105
-0.34083044413377
-0.191006000651506
-0.289133374557698
-0.236315509006935
-0.171526984271021
-0.159226855536566
-0.259269327235368
-0.205646499256262
-0.310138956440544
-0.356677178579167
-0.158769120754779
-0.304890412993078
-0.155930646505217
-0.131457804470249
-0.250230733508483
-0.102527031842873
-0.203490368840222
-0.225017386792572
-0.224323831478038
-0.23178974354731
-0.215860535069306
-0.236771924898895
-0.188358971661336
-0.23910753205541
-0.0650147966299624
-0.187440426572556
-0.170279981913508
-0.151751746634439
-0.151171459650589
-0.164910407512752
-0.253846602891377
-0.114070536012928
-0.305061787254304
-0.19010072962192
-0.271623612656138
-0.168121060383801
-0.158174367957
-0.104926744967963
-0.263376089449311
-0.214849439340519
-0.141374786936559
-0.249403155363488
-0.0983092837191229
-0.139953361401606
-0.161476459291959
-0.291282567710677
-0.258532233713999
-0.0838730542022801
-0.0580001396132502
-0.263891883039721
-0.08413837643059
-0.30270866408647
-0.102021086528189
-0.143137544468571
-0.0389356060648035
-0.0400019273454048
-0.165418266285905
-0.177274499877638
-0.167522680717198
-0.0680495583583891
-0.161132601966585
-0.0503201513903368
0.111430544524171
-0.0402323747747768
-0.200681508427026
-0.170993124091013
-0.10225973787234
-0.1304902746207
-0.215513564705043
-0.178224754398472
-0.0810451035545564
-0.0443363734119778
-0.0330087426245066
-0.126394752145937
-0.136808911517292
-0.0294866242685876
-0.177987562078735
-0.123874198785861
-0.0191061794789815
-0.154784115594068
-0.0765347217996023
-0.0836908090423207
-0.0380662929888007
-0.094459838792515
-0.0689033949722026
0.0564935043675588
-0.0911821503903831
-0.0966350686608163
-0.0585514718042042
-0.0921866337693269
-0.0163728422989057
-0.0919996776263863
-0.0203434399216181
0.000416891999156022
-0.0504044989501037
-0.0779918499596382
-0.198907173230575
0.127283310370676
-0.019864919209678
-0.0234629629368305
-0.082062382050599
0.0565114279810206
-0.0617894448786356
0.0109928381955544
-0.172389647629761
0.0348061525338495
0.137589395696465
-0.0904958701440454
-0.147869948994953
-0.0444517828729262
0.0872754610128417
0.0573215917544404
-0.134027029415476
-0.00364063469751678
-0.0316432023032624
-0.0377506290081977
-0.0602685446366675
-0.0504512091222432
-0.0241571971050629
0.0921441795368308
-0.109986611362518
-0.036190983010648
-0.0369312912301317
-0.0352614418633364
0.013546678818253
0.0629284931220546
-0.203405143805456
0.0151467764969796
-0.0488915195991955
0.0408709976737907
-0.0623454770137216
-0.116379397608776
0.0710353628362813
-0.0530755043822693
0.0716677388341314
-0.00758758245529828
0.0801970284526124
0.161679313611438
-0.034952559274576
0.176095045215707
0.0409708855216074
0.041825725193785
0.00180232163227523
0.0611848689416288
0.0942348772376728
-0.165227275891087
0.00582282226176374
0.028272935204294
0.0865436127162802
-0.0317075017482894
0.235764643670071
0.0279379256257681
0.0788346792291774
0.186306340295762
0.122941944528418
0.0742857321394151
0.057486823388705
0.0436538111161489
0.0979278347898624
0.031046424710906
0.0497634573579006
0.0965736951738911
0.0883435633007109
-0.0359881818068404
0.0656062560877044
-0.025106123181698
0.00390269216443226
0.134516419450966
0.111912019959832
-0.0697541510687164
0.0216734580279673
0.0415635810919511
0.00112743466195325
0.0647948121254823
0.0596022926620647
0.0551374257314833
0.15708005980988
-0.0343081236325126
0.1248575591675
0.020935882188013
0.160612950029299
0.10749532014218
0.0395791298700466
0.141251336864464
0.324536799467337
0.0959430791541813
0.136724699914864
0.200461598648242
-0.0214679484963351
0.0871577257437034
0.0858702131033742
0.193993993022081
0.221343872941574
0.183933326030744
0.165899462137615
0.030656923723817
0.0966779071510875
0.169526736842187
0.201785617734917
0.119060806774685
0.0281570997221623
0.0920495589805691
0.216707592848846
0.211491933797108
0.106698268105303
0.221436681432353
0.0850856360084365
0.339009730523396
0.0613372316186011
0.143928348179728
0.147217716909935
0.259093383793233
0.203345009257005
0.0525466146933192
0.176837884299759
0.267430798996158
0.208757347613929
0.257973533533104
0.201938743111824
0.135031133013048
0.149039716466037
0.0176963678236612
0.182332103390037
0.131767375699283
0.0883415764422829
0.299381059490349
0.153184284182655
0.204003037680356
0.163417975227075
0.195414331732553
0.178940900060911
0.102822455797421
0.208218332000351
0.319649128311376
0.205656583723361
0.27025781776161
0.177438383010932
0.135320818754421
0.234405504440763
0.124591398428256
0.200348256466043
0.346609769438852
0.142657909147244
0.280086125354914
0.266522587903208
0.28568294567458
0.257621954650553
0.211202661229785
0.396720222923828
0.184627441940831
0.26713175247573
0.23299664614041
0.302605658436367
0.306842321623113
0.263405499800368
0.193821322707786
0.18447863791565
0.0285978789767669
0.167535137252836
0.276665311446177
0.335726537328955
0.16119778286908
0.176378999980681
0.384602042611257
0.369391229249657
0.300396250999144
0.177175762887371
0.372026580735803
0.267664566873561
0.162745863323333
0.440590204191373
0.202770420406415
0.220188527307562
0.269527535955129
0.202244038389841
0.25831881383452
0.229836043439745
0.273944142585893
0.337114882632646
0.307177866369294
0.231122994648876
0.335849684456288
0.343003192692087
0.258319340254737
0.386422134149816
0.225943626667214
0.22908896551775
0.516577297383472
0.393977444373024
0.399680432477138
0.32993435687223
0.243509599831172
0.207361159945889
0.299953245185148
0.293914560364183
0.392931680849717
0.344209141372662
0.289134960442565
0.410308244642749
0.359866896876134
0.41020874613617
0.413468447572895
0.410960380607654
0.316408398941954
0.332770087439826
0.295161892018335
0.254931628351801
0.502513253061319
0.325707837750326
0.370645299063174
0.190662875075777
0.176003222138048
0.356762459005364
0.34532295936385
0.282160864111993
0.229612594010826
0.351333589143271
0.387062723050023
0.378209076273889
0.288799400401383
0.405344247012349
0.335163788458741
0.343156005783115
0.473135966707974
0.51202420753386
0.369530661105582
0.532996798220382
0.223855923367278
0.44163842435699
0.420746097719209
0.483969834546155
0.426833752007045
0.296719281772
0.504511321766374
0.374873810101263
0.569576055809752
0.431476720275711
0.509444425626803
0.607842671583993
0.433628754097389
0.424573586440276
0.37430483828304
0.366254223367849
0.366800699277525
0.297502738774932
0.543336327321757
0.355794541641073
0.454982673140362
0.42150680821412
0.392059407169444
0.422929647511549
0.311823234044465
0.238644568853748
0.400365579868384
0.242717862046642
0.434668549675514
0.367619865779212
0.435406472769761
0.379900500033694
0.446987171842915
0.490609234269537
0.368217107598835
0.340062984886978
0.515323917392254
0.466655527321202
0.578195292181449
0.584591397960876
0.559762026650614
0.559813943931467
0.430065989237626
0.62406034890438
0.351889930681571
0.569175311786902
0.469475412803676
0.449951231917085
0.501285017585006
0.403790602975702
0.436417933557746
0.560598903715941
0.529619213564255
0.571365936918966
0.391672967296059
0.478623480016736
0.407644585204431
0.361841529308916
0.66411007005821
0.45914103264019
0.581435645092018
0.611047191818158
0.579668648188585
0.465098582860774
0.575934362829646
0.475700959744228
0.574554531125334
0.677391643305292
0.603342322579413
0.637962449929003
0.548343098833921
0.366445501178213
0.604613823028168
0.555142987185405
0.625898000979127
0.536724443937024
0.426371721377724
0.506222441904015
0.610376745483095
0.499942607118994
0.482406565826497
0.592709587960874
0.513712586502389
0.3663039579162
0.48106633839712
0.611258090779864
0.58753832740747
0.513396536491738
0.528781500514867
0.596289035172369
0.745639811638352
0.742820159703594
0.54922993884534
0.551407249930234
0.413540478952752
0.498231114198826
0.617530097788494
0.62846762095649
0.663682141153457
0.505418006092446
0.576304181030924
0.66766955209784
0.663082624769526
0.522616868507038
0.596114443014591
0.543475161381742
0.656090313618202
0.582878242939855
0.548247115322822
0.631478027351686
0.615251489867178
0.617773542724557
0.499735469113591
0.695922543077511
0.64390454630935
0.698316324967097
0.66206913759865
0.66706889368868
0.541490474272425
0.704606535454182
0.544671512495578
0.664598793960279
0.713567223762645
0.588114035303639
0.708894754653338
0.630608535557669
0.652016722690888
0.52862172408958
0.69014979282212
0.649657179007326
0.645029736015061
0.651500286438565
0.703522196795777
0.785656842163676
0.734005531000081
0.693438598135782
0.745770438652547
0.636990784669781
0.669462332583785
0.411115748683459
0.662465650126398
0.784722635259617
0.713490478451195
0.625908905160128
0.761232042687628
0.575625101971221
0.766691934585895
0.627813786150363
0.667766465407058
0.628180518999607
0.621950016817792
0.67745271631131
0.68595429578228
0.823889081362304
0.815868972195224
0.773680448515124
0.800642408908245
0.664054885254692
0.720474459319481
0.686310876002096
0.67719158503859
0.770808536894001
0.736232664911408
0.653490813709024
0.902649161603078
0.702356399272109
0.67902261507201
0.819423900708672
0.881743492472024
0.750838652001582
0.5872794423053
0.579457823263773
0.646687789490874
0.822225088957082
0.77269508371541
0.653553275011178
0.676537571773982
0.675278923306518
0.845496320555601
0.80729741241622
0.739973511755378
0.716820564804483
0.809135951024524
0.838196189452628
0.694115966118915
0.825343475267277
0.86033562148157
0.585904316576694
0.682683619966195
1.01426467083253
0.541044529294661
0.749419602589359
0.874968746908815
0.716996162987315
0.935897772820276
0.728276860102761
0.731065820762587
0.869726876086019
0.721219434834308
0.616374458306509
0.77425736361983
0.804796019523242
0.755209201573253
0.873531141758022
0.736557940563148
0.924804999890288
0.947059600015457
0.887030869077851
0.897734951710555
0.715814415942111
0.856487892243975
0.706340196327154
0.847487571139604
0.851328263846939
0.914452600875688
0.799212205991645
0.753536364009875
0.904726018142319
0.762857003112376
0.944237590026233
0.86864329360626
0.865747049136514
0.821089182291557
0.84342188332772
0.769688761535666
0.887297164826677
0.803518951945472
0.806482908972699
0.782132691430817
0.809692891881874
0.836337979996165
0.7630804955992
0.773703651720124
0.910656545163314
0.855364869711933
0.849546126060315
0.910281451690407
0.882572718110307
1.05986804217596
0.920237086643772
0.772912953240476
0.733412952130553
0.927584816523242
0.862350469174061
0.908123292560425
0.777111034586076
0.855113371764804
1.005101840718
0.980522028247942
1.00911233329004
0.975216536140695
0.786053156792682
0.838607939514666
1.01639501926011
0.82381516097454
0.948064043933649
0.962611705053608
0.938910647789505
1.02938702671644
0.873930354936694
0.805065960673666
0.79340689237467
0.956738226560044
0.925631734017881
0.933074361985747
0.885398516354504
0.876338809392101
0.960084477854211
0.904326784500254
0.936931762916254
1.01241802419516
1.02454807621967
1.12418370827483
1.10192237363141
0.902513394643312
0.888105774222503
1.04626416101733
0.864420768047164
0.929033459929625
0.817631388102953
0.88513166239613
1.07937283522947
1.03450830567026
1.02602596052201
0.88899458962537
0.98466546265349
0.890201649846573
0.909154849897901
0.955883039059089
0.979609811081338
0.922672165829321
0.966425560614633
1.00184361832978
0.86132161029302
1.06850126415613
1.01249843796381
0.867174111238036
0.957665628854117
0.906791982292023
0.98279707595404
1.10069664079706
