0.0458770511124483
-1.00938082009375
-1.06973178815013
-1.12976842375737
-0.990394792005342
-0.854049701412001
-0.916467617028854
-0.997259535702087
-0.915115268670362
-0.949142777987626
-1.07729207940799
-1.03962510686819
-0.938331428146856
-0.959203084384113
-0.91974513894577
-0.877951613879271
-1.15969645033732
-1.07932259006484
-0.9346096602173
-0.94530918036528
-1.02251212032378
-0.941488624527403
-0.911246247651003
-0.986488022094976
-0.870046920334948
-0.879092129487191
-0.980631494991526
-0.953710208700363
-1.05889255260953
-0.818529500875089
-1.0165684459795
-1.01933798993851
-0.996150449916558
-0.91552424602327
-0.966454720240808
-0.92068008569266
-0.931720986462175
-1.02368411318154
-0.900240839295616
-0.831902616428089
-0.851256593520766
-0.870349090165333
-1.07556291928934
-0.953439124959039
-1.01808929010241
-1.01487654797798
-1.0070269781638
-0.818907154960299
-0.887097146400843
-0.873363827009528
-0.925377621953342
-0.991152808760164
-0.755450616373284
-0.904756352348602
-0.815386541290429
-0.870791919126901
-0.954228684608646
-1.0057674836431
-0.910722968802741
-0.83192659033045
-0.949796767123163
-0.808140175217032
-0.71614931339029
-0.853778389551758
-0.938588464226144
-0.693677004741995
-0.823507778487744
-0.85705100250167
-0.741145896994177
-0.747327992649586
-0.796189281044188
-0.787416312506382
-0.900421032215085
-0.844045476685416
-0.791433669980352
-0.710969691383886
-0.890209828536227
-0.894281192906713
-0.870299783964443
-0.971825123951204
-0.901120333653652
-0.833916218014282
-0.878648158432108
-0.728940761451413
-0.781962189939631
-0.826589447651915
-0.828258802571777
-0.695764306044117
-0.694760211128035
-0.888273323989856
-0.742268821572327
-0.815913800863377
-0.708337672701587
-0.97770035837529
-0.853681740271428
-0.842057303788872
-0.813874498110014
-0.688200884005612
-0.797656861124856
-0.704352224044517
-0.819225252248686
-0.733766592766545
-0.823991016937897
-0.810456423614587
-0.86156532103406
-0.743677169195264
-0.708329522696725
-0.703095213500533
-0.92214407076102
-0.801205505750141
-0.930107907705029
-0.711773201004367
-0.75227444201215
-0.724737953889847
-0.818361963658228
-0.817726367193155
-0.740205935222054
-0.831580029268553
-0.948923679227158
-0.663469293987591
-0.811656378639681
-0.826664889561012
-0.827783397121603
-0.703449388788413
-0.7355285840824
-0.687968044562984
-0.789740663550263
-0.724766866680576
-0.719223681546763
-0.946983993208041
-0.7124170250135
-0.8317560187581
-0.618022760954613
-0.706438700788559
-0.672729204542167
-0.763559583315512
-0.794863608512847
-0.761892197586609
-0.712118311723096
-0.704827910638895
-0.624438620690738
-0.859376140970503
-0.696626226595302
-0.774346508975429
-0.788440779746189
-0.737842964960839
-0.66629287965586
-0.758642251330075
-0.744186086171152
-0.776069219271347
-0.707292121167592
-0.761177258954574
-0.790368877884185
-0.666041882723287
-0.811952182948135
-0.661942636146841
-0.656185167557289
-0.667237489138127
-0.741691057140889
-0.638991000587466
-0.773490765989399
-0.604819316874371
-0.612074538672729
-0.699589231691303
-0.663230665476262
-0.831476705461904
-0.439731047643027
-0.584324155068209
-0.660116024614265
-0.635330088528777
-0.726703965267414
-0.663049070549143
-0.584946590855022
-0.689462323630806
-0.647902843738355
-0.577430599807843
-0.605249890845559
-0.504563066200626
-0.629276664633948
-0.739018387188578
-0.696500582481539
-0.517752362814367
-0.467843609922583
-0.620113900956548
-0.645456333137381
-0.640695600161878
-0.576155382392439
-0.519502050870663
-0.512483825943269
-0.638577729826108
-0.71248651057796
-0.629108370644507
-0.648073377050446
-0.633703728426368
-0.56809544176962
-0.613416591653652
-0.664568333703556
-0.760504935395759
-0.697197291642913
-0.553828839927896
-0.648613136183731
-0.67524878810772
-0.643964879929084
-0.455592570019557
-0.516241540472683
-0.654402093869611
-0.573772563371717
-0.642675555270577
-0.703605467885352
-0.503720983361338
-0.388799976484486
-0.546202527911068
-0.657577199046819
-0.517243162211764
-0.704873104042157
-0.744414717624903
-0.499256392643345
-0.689762170938564
-0.519327993217546
-0.656512954241812
-0.621095024564354
-0.662459388077086
-0.436348520231675
-0.533950646462242
-0.593699613779341
-0.543050109698446
-0.344604690811186
-0.453072918656678
-0.677000660203946
-0.6073422566199
-0.398934640827316
-0.569362815390299
-0.535746064073602
-0.635845271586013
-0.527032577258058
-0.412079152728516
-0.598869427920828
-0.496782011640416
-0.616341022509914
-0.645185148469546
-0.590649370034354
-0.471789863531166
-0.474703677931112
-0.45946220176018
-0.343946754325393
-0.557550613071593
-0.486723410272883
-0.517117270979999
-0.708360595671643
-0.418142053333223
-0.617571488484499
-0.62348990008769
-0.541370249520531
-0.384104170410724
-0.502849530663522
-0.486176433567366
-0.571908775559455
-0.550849443404242
-0.597137123651499
-0.428587283627667
-0.528382099098322
-0.570635645315888
-0.462243278002368
-0.49795788159512
-0.505753235386545
-0.386181888284036
-0.474325234802029
-0.39281879253702
-0.465136939480755
-0.44395723115119
-0.563159043976012
-0.46204571978291
-0.562684049673366
-0.407871768798594
-0.395448190448195
-0.490706858985105
-0.390269921777699
-0.511785460649129
-0.491706804096488
-0.479785610762629
-0.427787693160672
-0.368932411036968
-0.44175181323569
-0.484703675509969
-0.393575387579963
-0.346960862328192
-0.524287344172339
-0.521186183359978
-0.289247768686595
-0.486146093232483
-0.359920188158082
-0.467991198747815
-0.41109090123952
-0.425933861457921
-0.450512059369071
-0.414145459631419
-0.476663395675469
-0.317339028034716
-0.437151975349697
-0.446861399400154
-0.470230648700293
-0.324745358294254
-0.33663143128597
-0.285256651232269
-0.293987173514286
-0.430319062117407
-0.250437971785902
-0.438307017594684
-0.51831154677727
-0.44719279104341
-0.34748950928872
-0.347723704616851
-0.326698952160605
-0.415566466642016
-0.51343891989578
-0.396876727889551
-0.313207304462666
-0.367287873650109
-0.348882026107195
-0.438851369576168
-0.420615752899092
-0.281265211559382
-0.297790607619107
-0.399109063933094
-0.298739032696186
-0.215077368379717
-0.256560448289712
-0.285996051059087
-0.277236225676804
-0.408727984795375
-0.535282489365328
-0.340991452116987
-0.291412453150548
-0.20244059044786
-0.289959502254486
-0.363817773072207
-0.316973863784349
-0.27932305467693
-0.324283999520147
-0.192722860032531
-0.369374329660897
-0.310695337192324
-0.401707756363232
-0.327356798076534
-0.310745376021305
-0.398946903843562
-0.249149653996589
-0.264627795574857
-0.391613503524353
-0.401093574442129
-0.311536317064641
-0.50584806832843
-0.310141641636405
-0.280762437821476
-0.19812709284508
-0.255723180951689
-0.333304660821545
-0.410586946793271
-0.300202109051943
-0.286870612347903
-0.345033683034898
-0.152605722242764
-0.220137068671029
-0.358248427794722
-0.406078107467207
-0.28900230797776
-0.240019931230569
-0.295346481734377
-0.270663065831094
-0.2049867694584
-0.284133485609535
-0.282237046087245
-0.275093147837306
-0.25275128134742
-0.228216495102189
-0.367657195994698
-0.300388895403152
-0.439156107243291
-0.190889561578015
-0.332283790886182
0.0591689123164988
-0.194271656173221
-0.328818864282121
-0.202613425290392
-0.240810043303092
-0.23203603145967
-0.171315751655964
-0.0468348725242216
-0.238216382983045
-0.185208728653895
-0.230562291535589
-0.144447014481971
-0.24133085358747
-0.121060824390944
-0.398747237984
-0.198670428727946
-0.263873248669881
-0.236004843690649
-0.164430619470999
-0.292166015287344
-0.200550967191804
-0.157541430053308
-0.119909269116648
-0.181830595896941
-0.176086925518745
-0.167049464496495
-0.167300188943169
-0.190551138314849
-0.150759983660855
-0.198696492453641
-0.195994692457897
-0.0582374634405015
-0.323554663388554
-0.268488129306419
-0.14336587586058
-0.0922801785043268
-0.193910675576719
-0.0530729623293279
-0.22042162213249
-0.224833207337661
-0.031073872541643
-0.225062567762574
-0.197455079114748
-0.14129068162846
-0.12590106205914
-0.207820358021798
-0.0427360163283883
-0.103953657479031
-0.0996302146608666
-0.281653146126726
-0.0703438482857604
-0.0609511665206513
-0.210412381441092
-0.181891462490089
-0.0254085194172922
-0.177060484525023
-0.257568606961573
-0.283445524289199
-0.0369938981535936
-0.120955458267538
-0.0686655031690499
-0.249140850862628
-0.126369552534574
-0.113514330606401
-0.110712711818259
-0.00251169963003302
-0.0515323495299831
-0.12010708913247
0.0386798103517081
-0.115610360092411
0.0666718366632883
-0.211263836853208
-0.123048731383177
-0.0561397536079177
-0.0237974539220292
-0.0408422375670988
0.0123439678532065
-0.189311109100683
-0.0624597580098693
-0.102759511330655
0.0286318269268418
-0.154332967576737
-0.082371876116228
-0.00677095278799682
0.0344350306820488
0.117642036294932
-0.0785087415470243
-0.0983026915461713
-0.0869945413537476
-0.0496771884082298
-0.019025287247203
0.029922355481009
0.0150394808936352
0.0404487801204044
-0.0807102064404781
-0.0446775895443578
0.0311363087938812
-0.132006414374232
-0.157697759459803
-0.0922312799603597
0.0812774971917156
-0.045488067391043
0.0100616515015028
0.0013355803773243
-0.177940746824526
-0.230249297442162
-0.0548401129344201
-0.0112119692367324
0.159310720832365
-0.0207187991123214
-0.00216588266592601
0.0357838864689591
-0.110384855228136
-0.130152721659681
0.066476754606178
0.161393468964112
0.0591556721780614
0.302816312632733
-0.0214999465706105
0.042070465291533
0.0151163348451632
-0.143096401516918
0.153808231943113
0.00420201673328321
-0.093980925883913
0.0570144539988067
-0.0120735812750555
0.140265049818075
-0.0855630818434231
-0.0848128738868816
0.0555684256716537
0.00740831735203933
-0.0617881531716217
-0.00748216025052985
-0.0427013177039427
-0.151555004391599
0.0237657819731234
-0.131866572297699
-0.103253902162764
0.0125013095096729
0.155502651252426
0.0762744383461593
0.098523239750154
0.20748104154308
0.0805283325703334
0.117676500091663
-0.0696921867723481
0.198595858315383
0.0783849368366524
0.0900233663567119
0.0692059536718271
0.21145690637201
-0.0353864755096801
0.131714554119543
0.0872698808160258
0.0455759681708723
-0.0185887222972665
0.080743202255447
0.115088979068614
-0.0232079488670171
0.112401969285783
-0.000803574706240796
-0.0251017616552376
0.145810195598019
0.105753109404436
0.0477389374448806
0.080293661184297
0.194909718555531
-0.0388707215677496
0.0177126625238059
0.179360303947827
-0.0367599760828816
0.158542554664902
0.028234314310869
0.0796516813673158
0.081817081439961
0.166646898470825
0.000910483063864021
0.0372352583632571
0.184821349514014
0.161302909917673
0.104919827003816
0.198501039619395
0.163120644390465
0.187599453780405
0.117000882646599
0.111580429974963
0.173982048862926
-0.00150041361583812
0.104603461901679
0.0937022884906743
0.198930053881499
0.231590073408486
0.181433320221896
0.214658411453149
0.129977724361567
0.0356068927308933
0.189126541259021
0.0505490050464977
0.139614799379261
0.00101824635182504
0.269685280329248
-0.0109211646335554
0.164858832040862
0.0855955004324866
0.361647707135087
0.0380254510453185
0.118082638548
0.212490166487799
0.283550761119748
0.165764178769948
0.144253245550765
0.239997086620732
0.225702978455528
0.217058808727958
0.179111578399053
0.0736691210800711
0.23171983877532
0.232357662417174
0.10548593976994
0.211529384694747
0.0484230855794679
0.185104546045201
0.145715221766828
0.370888534797987
0.319597299891843
0.224081837499131
0.16992096391526
0.252157100307759
0.050845490140436
0.0970839020119711
0.188736753598505
0.17737985373939
0.061622627165832
0.195752699259822
0.201709625601174
0.0399516651439975
0.163720384825683
0.272313002393703
0.246427617982231
0.356587609090802
0.182765770489476
0.232425486834054
0.280294213900756
0.389815937676258
0.18068397988821
0.159497964438685
0.257914147331836
0.349447473430741
0.322078537007121
0.163551781006802
0.281216913738273
0.285682365880115
0.0855639401308026
0.336942077712543
0.360075083567876
0.292063687103319
0.272103940453635
0.184192311138741
0.23916233789783
0.224395376045928
0.171726596434407
0.311492890593349
0.283575465708467
0.306969693179873
0.257631740492083
0.369309333437517
0.154623987621227
0.277554488433538
0.38949786399979
0.320230260914031
0.306426671315674
0.425238166095553
0.318890064980372
0.269715305869239
0.378356174540422
0.369174567524978
0.353971531506559
0.204734368563166
0.345085849912565
0.361514382058267
0.24892108805091
0.37626149163494
0.309665707794473
0.328169043826683
0.267017920334045
0.294687134685418
0.33146153778597
0.311763119934508
0.3832904702351
0.376802487962435
0.317442151027884
0.280819624143262
0.400206554098927
0.391567241575335
0.347175420377693
0.190502007355291
0.344439263370078
0.359126404864733
0.252058361479213
0.34833963461519
0.327747687986685
0.297624993650856
0.406671128036721
0.397472481836913
0.436383146768651
0.398547675493423
0.275667508077252
0.262994949539081
0.349076692567957
0.309704086286501
0.308683687112259
0.344821887738489
0.409531024483501
0.33065291895543
0.545476986550279
0.568658417546903
0.434128377435993
0.490185774788904
0.36767201449076
0.416607664072375
0.551020455897138
0.465479176603534
0.482807899792317
0.37733249972411
0.373102845765222
0.461225159863098
0.197740412429479
0.262769659789711
0.401496779917812
0.277866651947923
0.452519558975851
0.505279257043147
0.522450743667562
0.251846933887674
0.542720303851746
0.416497837435639
0.367829760246239
0.422835917671216
0.362781106824366
0.391567054357226
0.310843836237286
0.646480898081455
0.398401705295897
0.631121512240517
0.559047634047815
0.36154468723517
0.419676513768257
0.289205570679658
0.428683750249046
0.460513628995522
0.574237435686946
0.416903724875522
0.53223432849916
0.402565546105029
0.436602429347146
0.478961028388314
0.425186509208113
0.474326912775543
0.318750781800248
0.390990600519403
0.433227476138035
0.456807085158517
0.411052219873062
0.433901785710799
0.57313421298451
0.37724249928557
0.53019229646047
0.52046466718467
0.494032682822746
0.652659502537277
0.467473483210056
0.588284908917837
0.533385045606132
0.589786779671267
0.429211420978263
0.53109349566172
0.476725297647919
0.512981464372471
0.561925328937413
0.570871176660598
0.516409364186084
0.464026062409973
0.579273929109513
0.542447031254219
0.554600316185162
0.468825887934149
0.622683281118408
0.407653803921588
0.513367764305668
0.419491740374474
0.583787470315341
0.547736077451436
0.492267759255783
0.547053008362233
0.649008778507639
0.596883536183329
0.455944919051532
0.407280921361041
0.495158378891493
0.568316134172266
0.630925658921433
0.549708492037658
0.580348734367145
0.674998064853553
0.54561839319647
0.500985362040483
0.694461852780642
0.539573083927603
0.540035091456343
0.692970428990893
0.64185836808339
0.337118084976433
0.548274633500611
0.631378137515668
0.517204236831093
0.696138125386912
0.671035703265806
0.433376948934433
0.589467749886009
0.625896827096371
0.583109293981812
0.490874966408629
0.546987959170867
0.562278555077712
0.711236773723541
0.539761564948067
0.420640250467285
0.676195059837181
0.503542745812592
0.731986895684806
0.711800342535614
0.63894716889013
0.571006335256866
0.687374606668632
0.603943985103318
0.699476052564037
0.657757086225226
0.532182331810564
0.652974310033297
0.743587228822888
0.575279607019833
0.705138449589122
0.650917660482823
0.654996699604978
0.625685779593152
0.771481669998826
0.675926174839962
0.674657666171487
0.671923536215379
0.685516010893213
0.614079845065924
0.72217742937273
0.773031072388475
0.747484892017115
0.763099203056124
0.596852886583623
0.691772447110662
0.641238195078874
0.705189324924181
0.686592667755368
0.786027997474732
0.816058847568584
0.726926845892332
0.461824549643358
0.658647194830431
0.648778803732646
0.691033322838104
0.643470156756225
0.694446345909358
0.684655833217672
0.706908825431005
0.734553559313161
0.734781431939521
0.776607702853113
0.742015876868703
0.818625470269171
0.809310441299382
0.737194172341337
0.691204158222058
0.865263878625736
0.633760300118253
0.662984211079993
0.760417092481282
0.6921547205513
0.579622239177165
0.625779249664193
0.597576850608129
0.647454254376257
0.74855457513298
0.694897038574634
0.739871859391915
0.683281538861955
0.591437366762145
0.70891431100276
0.829139863366172
0.664321806155942
0.743054908801108
0.635130679573938
0.724096220860058
0.804986612476787
0.787843306463451
0.839128392325528
0.717034850462667
0.867460304571356
0.724342366021559
0.835754696911516
0.744436849750935
0.828728387373951
0.928835140582588
0.751106856249778
0.792351590212767
0.961566357684232
0.913776738570238
0.695761992462529
0.861519668572643
0.853014714585697
0.751511355127947
0.863728623767901
0.791015687936479
0.830579423272855
0.727312359233437
0.664379425474954
0.921347636997033
0.756400251156184
0.683531482959049
0.653561353049103
0.784510254494117
0.986857213744016
0.842653011476836
0.863431896134048
0.87050602015532
0.998143394602021
0.764784642986157
0.760165850482783
0.849100706024792
0.75955329397058
0.836148473132912
0.95725076388827
0.935546490707471
0.830714493537442
0.910380472105976
0.830720926478799
0.767433630784904
0.843236938990114
0.793792721514529
0.782441762275005
0.774917615760002
0.78147874627708
0.882648209112246
1.00343089076588
0.979024925098154
0.934383755074863
0.79433353165963
0.798033039470788
0.89365580058221
0.978280090175881
0.745423567064406
0.898325705607143
0.808372972344146
1.03299096165157
0.891714331559139
1.12302076497707
0.821693932586284
0.926690947291559
0.878004279953261
0.92836365614983
0.888985940932311
0.827085372807176
0.926521566522671
0.978535401407413
0.911793378209724
0.821327570428701
1.14670951183195
0.977150602457425
0.821164909481678
0.781716095396082
0.903327547749265
0.95874930060883
0.687407868224324
0.930046177826038
0.851828553823202
1.01377982080929
0.904664839436653
0.928995410436955
1.05042513331461
1.02014544543646
0.964363263078009
1.00466343624836
0.896250649308577
0.966537304766675
1.03462331986486
0.93612253861396
0.906279485266201
1.01592480058293
0.883167080190337
0.980315245758029
1.04473294250325
0.943712866871347
1.13646979166925
0.932177249693429
1.14753411459266
1.00509306156265
0.947587619256001
1.05076034839471
0.886834082955316
1.10158841537258
0.924847511712077
0.850458522417845
0.963762506157222
1.07810365238936
0.949176108299045
1.04047799780589
0.94471875804126
0.889702197675631
0.96348094303645
1.04702375775822
1.09556345291837
1.00241470111097
1.02846411310601
1.08841445862477
