0.177826187068526
-1.09979581569292
-0.924822405042276
-0.946409764918684
-0.964047785926121
-1.03598591109758
-0.941546009750868
-0.961408887693123
-1.01560186989434
-1.01566752926736
-0.907671502236587
-0.991215861621006
-1.00890906968017
-0.904087265678004
-1.04415640050701
-0.964573598735006
-1.00837187934993
-0.962048507625601
-1.06447188861685
-0.939751965635897
-0.940912085287932
-1.05239211531966
-0.865376796206663
-0.919329078023562
-0.821813453449217
-1.03171164019993
-1.03943973232296
-0.973899551981877
-0.867382393129539
-0.968813754554089
-1.05557681106931
-0.938463666439545
-1.08379117792844
-0.880105790468127
-0.988213311429979
-0.865329297435161
-0.840775379963309
-0.955681299611206
-0.823147832941049
-0.793880353095089
-0.97073910314362
-1.02337494352227
-0.672345674016443
-0.943469213422378
-0.941780261122527
-0.817797661891087
-0.877125952462952
-0.928626945235577
-1.10510273164095
-0.980441726116396
-0.826139937779029
-0.855878158865485
-0.873714708390058
-0.791573363709177
-0.777719988703185
-0.954279451904968
-0.990390662506595
-0.789356269154979
-0.985187457272207
-0.881622349596739
-0.937276791311818
-0.997670839309946
-0.90992267539406
-0.818031999765123
-0.971494007962992
-0.919642769907805
-0.933418637740742
-0.759989292992247
-0.917365074505684
-0.987334138002618
-0.919787027135699
-0.956800790571953
-0.707082147851572
-1.01308386015421
-0.858908016714004
-0.832163233696747
-0.79297299537373
-0.753733620056952
-0.840326655455456
-0.746485157676352
-0.815591978826313
-0.894961176796762
-0.812034797191652
-0.928707229809449
-0.680989034125526
-0.928635374986582
-0.821121760034116
-0.979953565800503
-0.818607308472213
-0.818256168191808
-0.743526813662521
-0.828038926326895
-0.816763301289499
-0.79416420655895
-0.774365583652142
-0.870351937047741
-0.689753833168919
-0.834208591302
-0.851463825022402
-0.883199153878191
-0.779569292381906
-0.881576678740436
-0.825789701746894
-0.755446443205352
-0.80518745116797
-0.767528529376446
-0.800643852667236
-0.876939422366057
-0.846131943766926
-0.961505498997216
-0.746828557153166
-0.784183588274758
-0.753447530049238
-0.826007639117735
-0.765930136778781
-0.756250352224631
-0.722299893753109
-0.876225852681211
-0.756244838402972
-0.707294182748235
-0.77692627867075
-0.776108213331191
-0.796470570641973
-0.801492226490515
-0.778419143321529
-0.742754963746735
-0.658875398689437
-0.752688865784076
-0.737524539779919
-0.833170661835222
-0.795820271855493
-0.810554642453858
-0.790655286395987
-0.82042974261584
-0.704873471610701
-0.559829181058261
-0.74867280871197
-0.630912699924101
-0.709745856083969
-0.667501410087093
-0.704910067284979
-0.599473001725694
-0.824925166298945
-0.703360850151854
-0.778910219237139
-0.816497569343732
-0.724563269291122
-0.707227261158371
-0.630006094485257
-0.751355773955353
-0.665404343864042
-0.643296148021433
-0.670670944694322
-0.646516918906109
-0.71863032099665
-0.71379958110619
-0.640068362165501
-0.553857277094206
-0.652173102382233
-0.645157875877048
-0.708663709198897
-0.684140637611546
-0.546469648478377
-0.699272164619406
-0.684512705614173
-0.800938875191468
-0.641028367936337
-0.690239759968292
-0.483080018132588
-0.708578205746824
-0.726409250505343
-0.666491129836232
-0.606157614422785
-0.732725565512985
-0.627226943252882
-0.710764010515249
-0.630847381725685
-0.681033100839535
-0.622869457710474
-0.813897269345859
-0.66497781860816
-0.671992699880975
-0.684995593659586
-0.723294175834743
-0.712268518949645
-0.638090134977952
-0.559900781817279
-0.699130392113887
-0.624210360668268
-0.732308465704253
-0.630752044942472
-0.691455465409919
-0.806087406047907
-0.667111966909474
-0.568190833866752
-0.371987976734073
-0.608181915933939
-0.572842246744494
-0.710045843515467
-0.6221288173693
-0.520134107778308
-0.588635441479818
-0.56663715921545
-0.577941103605299
-0.602608952885863
-0.556476579682008
-0.643507822355699
-0.446120534012116
-0.674963265087771
-0.539438438869513
-0.507196387842236
-0.614259038860316
-0.597533095195553
-0.5501369504594
-0.622948632537014
-0.619422451213443
-0.667165169579789
-0.441660143244086
-0.529977001304553
-0.493736670915853
-0.529411376756581
-0.648048655613309
-0.563010800075736
-0.586976344680766
-0.551081018362757
-0.539576927484337
-0.549274996951627
-0.591617907437645
-0.428305226548637
-0.550896562411488
-0.496807693954508
-0.412655236493361
-0.509428296992323
-0.542064318887473
-0.445962984454759
-0.503797425414023
-0.691130144476486
-0.391302063290152
-0.451546069823654
-0.659365894838098
-0.507600777455515
-0.552575537172478
-0.471964887018795
-0.471196419908671
-0.559950793487111
-0.540785425149963
-0.571617719001416
-0.508019961347496
-0.389993094286442
-0.576632648214397
-0.510227611701791
-0.619684777294001
-0.491863394224773
-0.397610571432263
-0.430597150445446
-0.580608532569452
-0.559103795302881
-0.334170501415536
-0.47621827575708
-0.462582039645596
-0.556096545053398
-0.48861261283081
-0.482932815862161
-0.346829071082956
-0.574287924972605
-0.48335960178665
-0.510766354753948
-0.412206267077776
-0.44753144808401
-0.509369585915798
-0.625393611564969
-0.394248435969188
-0.649435422850934
-0.485381604299541
-0.39987588951899
-0.487789113994858
-0.527526339725128
-0.441436055885802
-0.448638282994485
-0.483283796656485
-0.408388566726798
-0.46620534831319
-0.502948445140129
-0.564784263116222
-0.503191956134698
-0.363320860160248
-0.567093111354723
-0.451000488046055
-0.387530466444516
-0.44786401187407
-0.453254182303459
-0.424599989761539
-0.373812834052858
-0.60128165565179
-0.480240659170624
-0.33983501583836
-0.375952044178081
-0.456808298422187
-0.40592630794119
-0.336339134259465
-0.495194378202106
-0.559437654053922
-0.370985782597661
-0.368757364530887
-0.551556266418992
-0.390218813915362
-0.39952431916989
-0.307762559086513
-0.374769147537338
-0.351112969678244
-0.244108351753154
-0.45661005183276
-0.317669960829134
-0.59955586455223
-0.458398392325741
-0.302809175739985
-0.386462180431743
-0.326886579272713
-0.392089048146446
-0.367484448760955
-0.432052734675134
-0.261168210140738
-0.443795238424483
-0.327997266911983
-0.390696509828193
-0.375953366821966
-0.310572589402161
-0.306323354682051
-0.376453266148221
-0.318909683313099
-0.430439961505493
-0.230535834223884
-0.384424733281294
-0.322695153318206
-0.221464181011627
-0.298919446402321
-0.304087035734117
-0.48923048383516
-0.247459242149853
-0.15871187983555
-0.327732883200507
-0.364762412341526
-0.228097360448636
-0.270634018692364
-0.345185276822096
-0.384606162680101
-0.338576494790437
-0.558081394580891
-0.322045391051534
-0.32150180361474
-0.306934032039832
-0.241604849903869
-0.385323765113312
-0.164970547174703
-0.173850521486659
-0.321583722626894
-0.274080008211206
-0.276417627999569
-0.349420312700912
-0.29513243683474
-0.430818674807421
-0.221754286915643
-0.175002399832296
-0.426621212456001
-0.350351361654279
-0.354076078625394
-0.331654628374519
-0.25319958507922
-0.236532035755062
-0.370330933333944
-0.191248734503887
-0.227982645779329
-0.0305651344202138
-0.204071280878865
-0.364400432119141
-0.193092434918751
-0.27618708630149
-0.265253835481796
-0.238212998520033
-0.237650784261502
-0.425801730203918
-0.254287023296914
-0.236408401165016
-0.214817565063359
-0.22603209496648
-0.302980210808045
-0.0201174482402002
-0.0821969072127502
-0.199208734667528
-0.377803792854098
-0.377425632703642
-0.216572032645753
-0.250143785215516
-0.311473999651936
-0.243729728635306
-0.404302582202531
-0.159150529671503
-0.25697979713251
0.00448116679506512
-0.200733303700934
-0.283336564462818
-0.132445300750295
-0.156373792558893
-0.205896532517103
-0.135447447200099
-0.172062632509757
-0.225326853872122
-0.190735528689372
-0.288867696227758
-0.0987511060334557
-0.109144520594285
-0.27509137290928
-0.159651064621338
-0.197785364002037
-0.186054758075897
-0.198109430709416
-0.187418587502405
-0.134150194997961
-0.361964995618891
-0.100142058308616
-0.10640139507101
-0.14556669213069
-0.232569392791624
-0.073866430470887
-0.337901061662107
-0.291884120527246
-0.183015289088993
-0.256486946969948
-0.226484236694657
-0.181736516334924
-0.108896821579637
-0.216744848141248
-0.121979034866785
-0.142884714230855
-0.0570308687679218
-0.195203099910958
-0.0037784630058096
-0.127092145438993
0.0347110455059937
-0.0110249567493253
-0.0597677787810075
-0.0667159170842501
-0.164364736547849
-0.175389732099377
-0.0591197459118487
-0.0737299628076337
-0.17163875107606
-0.121750516457805
-0.0353576234781604
-0.149956668214793
-0.0694641717655589
-0.250177251039386
-0.0650957834054551
-0.173192564979657
-0.0303401858479781
-0.0624641913214295
0.072916252177284
-0.0848641718340185
0.00961997352117984
-0.0521377093472687
-0.140325864318356
-0.127503626028253
0.034260043617228
-0.025071376608037
-0.140932510685325
-0.00943482528335527
-0.0469026562502683
-0.0637105764386498
-0.0800215423744317
-0.0377035729734872
0.00859409692990726
-0.164035269386566
-0.0221770392968141
0.0891407390668037
0.0195753373709291
-0.204990473725276
-0.0494740481600403
-0.0622987354216156
-0.0930709848511435
0.139261065819862
-0.145954877522248
-0.0983203235297594
-0.030752124118146
-0.0872859514137415
-0.065907870014696
-0.0756840247319836
-0.140534903459611
0.0545305267958623
-0.105756863071348
-0.0185114509818892
0.00609520047452877
-0.21602880652432
-0.0610019710386561
-0.110418346948689
-0.00507527679356212
-0.0650051424644724
-0.0760883359788488
-0.0280451104929335
-0.0823601975909956
-0.209066913053732
-0.0311560280890833
0.0390193029087046
0.0881598941613606
0.032577658290555
0.0752768190742117
0.0472419838827354
0.0111344695675449
-0.031140591736988
-0.039563898802862
0.069223381759898
0.065014028888448
0.00945663029972582
0.0947675588639015
0.134991329607867
0.0332325876915401
0.0289377678171146
-0.115341017319771
0.0891584857545004
-0.0582697243551488
0.0611601649777413
0.0029144391555328
0.0762965385912687
0.229711120691478
0.0829160463822849
0.109208040675597
0.0483066869599411
-0.0090550443159202
0.106306480130815
-0.0269780649236853
-0.0459057332383029
-0.0311781001691951
0.0615323477746187
0.0910061594209849
0.147968065160437
0.0988069287722001
0.0466896157588908
0.0610917017289737
0.0394969944682488
-0.0114328026881976
0.0745686182847578
-0.0921567547455671
0.150776521554867
0.186021482515323
0.0799327677250321
0.206928484496398
0.0982380386125091
0.0400145777365611
0.0817797976639514
0.1066285606436
0.118268715221476
0.101889229742681
0.0684026336743198
0.0457900022636273
0.136371034334454
0.0418512216694453
0.0964807196601908
0.291481345368809
0.126203965900501
0.25015890416688
0.120099780798412
0.0708006947621692
0.142676669100311
0.243888391067496
0.077394436708596
0.11878544742374
0.31224887386337
0.0603038671393949
0.267247487407627
0.313749135416494
0.0834185145135104
0.140124432180476
0.24191632969898
0.0970164995978862
0.275738892041705
0.0862807297564621
0.340770446660239
-0.00575924461782282
0.152904758319158
0.0730442848583841
0.193606440042586
0.0157550763782492
0.0347336184774813
0.15385761412301
0.158757454813357
0.264013077976749
0.206772139581849
0.13746196062344
0.25877028314247
0.185740001518964
0.360870995248758
0.210870205781432
0.299391177255261
0.0255721366795321
0.247488243407338
0.31967302765163
0.164019065636462
-0.0105130805924621
0.0637146282000175
0.172595248026354
0.220830147627069
0.201733837698268
0.200801072806062
0.0290806002255274
0.127235870522669
0.0354017872584091
0.196196142436742
0.169157008404886
0.293381075467306
0.112655600103985
0.170351245051737
0.349533361651603
0.231536542726092
0.123737011098379
0.29315473848219
0.181999598002108
0.115034862722631
0.177227754098921
0.177468668355734
0.294728188304046
0.22023194459321
0.181922540789857
0.155457561024747
0.46024274859132
0.39362786220214
0.190501028000992
0.183926591290366
0.208913148866875
0.146024367921928
0.201951846497709
0.254910507261839
0.23824007905338
0.286593680233131
0.176983100182685
0.400751082284214
0.287660050463939
0.270480615705574
0.331901183160013
0.205793199860937
0.307397952741367
0.341810532335017
0.240424787613772
0.331892396128728
0.332924460810521
0.277367710531778
0.27449936716779
0.349082214214257
0.256112482966688
0.399863689771311
0.230203665726074
0.347258243479597
0.17342911095804
0.330784519846331
0.486859692230285
0.341439502081422
0.265339868645763
0.361317257807149
0.288107485230854
0.394214298573885
0.409208821706058
0.184584169567491
0.532127657634038
0.263954591565036
0.254515433296214
0.252593066865332
0.45826895878158
0.310717108698609
0.512642598313144
0.238236152547879
0.23800793850191
0.29753016450739
0.435774811667621
0.231301075237946
0.321339918273409
0.231238483222588
0.155684940530758
0.428468094323638
0.341189558721307
0.348804740653091
0.28627368856126
0.303979444950905
0.241307423941877
0.294043809539812
0.354496154371746
0.241529890423663
0.204534013976599
0.319445343350968
0.555291524796828
0.349851475297242
0.458937246473332
0.39801523927497
0.436889294132355
0.31614844146017
0.417001547057555
0.33489282048029
0.587044734505113
0.45718779810802
0.393772387449148
0.464202659284891
0.364632141680714
0.467357009926728
0.429863267881329
0.463604875939327
0.3193800376655
0.418206619241653
0.228638201132116
0.42113181106079
0.238609200891252
0.374196705213247
0.331236065519062
0.437396815813124
0.538301671665355
0.400243109807344
0.485797229787434
0.384191977398835
0.302310058704211
0.449119231042786
0.481465813914163
0.366317006552226
0.288050552899488
0.397844529118888
0.505746207466407
0.412805963945319
0.546047336816826
0.481527843961516
0.433825124483068
0.58937955802973
0.434710087443245
0.212886751095525
0.404385181866748
0.494393240212431
0.527343884984088
0.469008270512567
0.443656079886025
0.517520786189687
0.436570338635507
0.498119917251682
0.366916974339868
0.50301116205574
0.490844454266079
0.453160166774336
0.547708947814575
0.420593233047068
0.460119795768343
0.479187088114473
0.391603242206194
0.551553435361952
0.380854284819432
0.393420112149018
0.446125669464407
0.523157912292334
0.438044898391207
0.489191288383804
0.466734507590428
0.475555673258353
0.525136323102115
0.557206521133818
0.599901962028465
0.50209675271472
0.423214346074909
0.50239145621827
0.413533916623795
0.442590590388763
0.509781813194675
0.684752084619561
0.452431163385981
0.420479275093457
0.493934123369748
0.488646967833733
0.694917943618585
0.399846603380172
0.496471761425019
0.519331435691843
0.45187201054566
0.546196039431755
0.643178174083954
0.569870032406751
0.383046833030813
0.515565775307407
0.58346924431765
0.474766692111778
0.692439547640711
0.647116720115249
0.642416353540288
0.637435263352669
0.572229283801076
0.542953827439701
0.489315685680373
0.568590337194243
0.669708823598785
0.614784194291965
0.52229338629696
0.646900300588761
0.653030830492255
0.560319725670462
0.589585350620462
0.723749662885332
0.499520502717691
0.630668281234855
0.610624314863014
0.810890271853174
0.535885493021733
0.456666718084624
0.554282710859052
0.659780285146896
0.613586235230993
0.670146546756807
0.60066662840982
0.658454562405595
0.739540169777275
0.686153840966735
0.622502150436658
0.6334435637827
0.638356924567218
0.717583753683923
0.629124626011692
0.618147590090485
0.650357761185206
0.484794231748134
0.598702297737499
0.543367780746329
0.65146109892925
0.428477946446647
0.740482848999922
0.534871531050975
0.584260244755876
0.518125330785939
0.559163765798221
0.68067188761959
0.750599962720519
0.705713886492347
0.553450399742391
0.679540825804207
0.660039437065786
0.683705137667533
0.759257919696612
0.643748700504691
0.607696533768972
0.607553139923186
0.730541701308018
0.71886289528004
0.81278955833509
0.547674302967906
0.653165895719711
0.814255088046892
0.746316515230462
0.681132309104248
0.620187455387312
0.835790787923141
0.600387520839634
0.789286043391605
0.798911701078226
0.684602686468928
0.744698503661743
0.767161586561176
0.720734649227157
0.772898800310232
0.816079158094816
0.61353837318995
0.807665476451984
0.748880499796506
0.717800248524126
0.73297466661789
0.805837780415393
0.754647827122477
0.754028845742405
0.850338428773061
0.681015921131321
0.677457429299818
0.61141430322843
0.745786224013194
0.735047853660178
0.633810965457037
0.754548430007133
0.741660190423831
0.652940749132829
0.984543813466944
0.803243691567867
0.695580898197052
0.92555539621494
0.715360575799821
0.791677938325565
0.537222780666825
0.704637733896683
0.710490606313238
0.734188726158182
0.765715848177712
0.761310923014982
0.798405842184081
0.847722198181879
0.705815851384085
0.800792633994771
0.798759339085459
0.65319250907324
0.740518888015768
0.729481238993057
0.718068803405065
0.792652605659593
0.770691747387386
0.78808375702592
0.894719083792332
0.773568514338137
0.714712113768596
0.773722155521161
0.737643052311229
0.756058987244036
0.784550278464587
0.861544487051376
0.820488998459844
0.905602103658609
0.854122010473053
0.735183655168326
0.994545374878594
0.744173555137593
0.873137352838572
0.788284550146038
0.921482365103257
0.813667617851207
0.694058694310638
0.85095909102261
0.883191697327699
0.831168148814567
0.669191854623334
0.883471804912008
0.892363446667272
0.915070372704678
0.92775702996876
0.864243214024545
0.885405923341508
0.679654133088857
0.957769862345766
0.907313117439933
0.850351513712552
0.792190725880139
0.796357604840081
1.02646750484207
0.883468153989893
0.953548754872721
0.828633557630401
0.898833991841029
0.86234566382984
0.929922721002075
0.949356591267432
0.995362335414801
0.857832529124113
0.927996008448734
0.966408563652747
0.992007112665477
0.769600768599383
1.04889884329662
0.846484809765292
0.853463237677932
0.783422308130942
0.826205581243834
0.906716598079934
1.04456985837513
0.933113140424986
0.848419856242722
1.00021504630253
0.97719246320968
0.932939638249081
0.909537110853356
0.948445678490822
0.987161159831116
0.872528529484447
0.791866387364126
0.91069558581694
0.939121617711076
0.814107157116619
1.00172199138993
1.03606422226479
0.845373684304363
0.859808527127336
0.933597116331408
0.852697229520214
1.09908306862617
0.872106924536528
0.978330832924156
1.11052420034049
1.09388246065696
0.84921969947598
0.902043716102982
1.09553345774342
0.864899219852159
0.924839185708533
0.873470626188328
0.821235580977505
1.04803814870033
1.02831456150087
0.945543673952018
1.00715096298313
0.877296799795139
0.862848958709192
0.99277375327016
1.08016311511427
1.19511448386929
1.13778154405245
1.10981488321197
0.978810428848942
1.0356180056984
1.0786127701461
1.03830589882219
