0.0759883115979956
-1.04538344860637
-1.03409001184455
-0.924164181061453
-1.06134636087346
-0.821929267093026
-1.01690636394394
-1.05393970612229
-1.03258098530706
-0.842140701034357
-0.861987858706977
-0.984644916599071
-1.06881307924263
-0.841280626548051
-0.85900222147715
-0.915237779523837
-0.987999630095868
-0.847080838564547
-1.0960624625023
-1.09993106476593
-0.850222391567371
-0.886359236269867
-0.962743344059537
-0.945133439228575
-0.920891523844758
-1.04397433934121
-0.868772291893626
-1.13602018229065
-0.847247724225874
-1.03331938120151
-0.862250443183742
-0.866056981663069
-0.991584936696296
-0.966158391908634
-0.874273541490938
-0.826181678276198
-0.95148506908465
-0.872162865362847
-0.89860761664531
-0.889046695956177
-0.937693620004316
-0.846396786884757
-1.05974254686411
-0.831956679799017
-0.860227395345688
-0.886508842185794
-0.879426457384028
-0.868863143332341
-0.769019412449557
-0.847821577886373
-0.794812545918239
-0.830198994484497
-0.862091004295299
-0.944207692929195
-0.883741244443042
-0.998526774835451
-1.09884920716763
-0.764018331160683
-0.879862220605275
-0.861486016563909
-0.823467320514238
-0.927555479526448
-0.873857472273578
-0.879938084577942
-0.747738818146358
-0.806471563241233
-0.693783718712164
-0.894727687344814
-0.831529880332801
-0.764932144634105
-0.812762864524966
-0.898750174729243
-0.964396141095171
-0.734521176326338
-0.879904070563542
-0.812370224757212
-0.811816891082925
-0.833193172411573
-0.729767733495123
-0.926450924448691
-0.836966607189493
-0.876902922428497
-0.937354066002992
-0.924125948378105
-0.738705525285307
-1.07789426144295
-0.784671302553703
-0.852298132605923
-0.670578969358076
-0.847616905105476
-0.914960362015017
-0.846445460767773
-0.71567087722041
-0.896824666235057
-0.774450649836883
-0.700203871837381
-0.683723170106294
-0.979455297846659
-0.754986797575988
-0.761967616538166
-0.869245297481531
-0.79442496077881
-0.923901900015443
-0.840213896155199
-0.820006113192101
-0.786893013219094
-0.790245351896569
-0.941335123977731
-0.824465413217863
-0.728426715242282
-0.671203805684154
-0.748116569131035
-0.835005359107992
-0.737607941701415
-0.733284368186263
-0.716044123775785
-0.853010821936975
-0.823431787288578
-0.739564854181137
-0.718651465885077
-0.799622028083593
-0.740159410366943
-0.788910738088918
-0.799689009413841
-0.802839538095203
-0.762857819764546
-0.602877046366192
-0.716309576080493
-0.873376975190386
-0.698702900514392
-0.629067727007347
-0.750015424774149
-0.671962615495787
-0.556206373983557
-0.727389197495023
-0.632666875238908
-0.78965200248908
-0.787037804480749
-0.702822952798641
-0.640783847644103
-0.796316136713278
-0.791513160341453
-0.872945539635156
-0.740531298047125
-0.685078076363161
-0.638326164061689
-0.683839136971454
-0.621817796507945
-0.783728408629045
-0.690247715135582
-0.641805906065137
-0.735893745329359
-0.694460580917488
-0.658900222123293
-0.798788826750578
-0.68010982581872
-0.704511239571844
-0.644656734379096
-0.663953895912891
-0.643267996097079
-0.598723195857962
-0.475433972963027
-0.611876281771753
-0.758813668970096
-0.662160579311476
-0.735136332168922
-0.647371946949376
-0.778250562030479
-0.781014713848803
-0.51326422721466
-0.639892021191073
-0.612156255610377
-0.744209848486117
-0.693157492882505
-0.538879382295365
-0.762838605817773
-0.588037959060551
-0.492883638973853
-0.828741163891797
-0.576198786159459
-0.525346144375828
-0.613100447856309
-0.808217364600456
-0.735928820305345
-0.579824207930618
-0.607695298545625
-0.486217115313141
-0.675395090313631
-0.585032576001179
-0.69556967377537
-0.709164589120725
-0.652244273526562
-0.770498171139903
-0.626889567716196
-0.586458889060565
-0.769262030431156
-0.594549490981085
-0.564368506675082
-0.629198596872722
-0.419425487787731
-0.386131178059409
-0.627932619989002
-0.574888414971369
-0.697967786509709
-0.653633440937778
-0.641867653071395
-0.544264260467785
-0.645299080306747
-0.659368002272133
-0.636093282387389
-0.622333952235333
-0.533813742799999
-0.676573957377454
-0.604098826348211
-0.483264838901083
-0.505703223477728
-0.508950358108599
-0.521127886163552
-0.618262283856849
-0.698324879286429
-0.437574843097228
-0.634450625534756
-0.601052061714138
-0.488406839291089
-0.434286038246056
-0.501726758842743
-0.491862524053517
-0.663535955065399
-0.490869270983294
-0.467742054192445
-0.574004044809324
-0.49432173694556
-0.595695378501461
-0.455570952860192
-0.517514674116549
-0.427950324694462
-0.522414904076835
-0.310444178396137
-0.488551793664278
-0.514990187184504
-0.557538359382475
-0.590503023337785
-0.602024333184169
-0.612267654876326
-0.371492756503436
-0.652591177666415
-0.49968240998717
-0.503770222684629
-0.465724807624037
-0.505281835161834
-0.485737206352614
-0.474070806198172
-0.539626159013431
-0.509448646613871
-0.396939578459094
-0.540017792355802
-0.530344758795425
-0.609510375971471
-0.453819145873893
-0.545205462006681
-0.408630136723388
-0.555996429153363
-0.59524375379201
-0.374714351505501
-0.48039555086719
-0.546090295988637
-0.449539389804826
-0.540809709709057
-0.46900405989295
-0.450427095188158
-0.552546962724717
-0.399432992380523
-0.463456343701483
-0.42493844645186
-0.490838924586336
-0.490795029190465
-0.527988088004874
-0.485001082516301
-0.471262876829148
-0.367142518465476
-0.438665494197715
-0.569837259211742
-0.447642241878583
-0.41373425615518
-0.342991522194874
-0.441573650794205
-0.503564637429827
-0.343832851155624
-0.445364884431531
-0.582698413809374
-0.401131381057043
-0.40447134894921
-0.431972677038798
-0.269234739230991
-0.386908794419492
-0.499484209626411
-0.353477584655336
-0.397859880327636
-0.353338341056547
-0.440207067603983
-0.408450239187253
-0.610810843948824
-0.412792437571163
-0.350433935616834
-0.341678615266993
-0.479068313430441
-0.277883505650421
-0.452706217925704
-0.48130425340762
-0.44165954789479
-0.439911122804279
-0.202851656880202
-0.385184750479287
-0.415343324742403
-0.264851396041554
-0.308426849796841
-0.5174266140965
-0.327458972896845
-0.267149697897159
-0.375962268097261
-0.0909778787951193
-0.315054075882955
-0.289641535748378
-0.289045674593502
-0.353175233048896
-0.42757997336058
-0.40419512225071
-0.407581715978309
-0.360802980866274
-0.421677661652763
-0.290589244912071
-0.366069133114129
-0.279905567228717
-0.297085495137187
-0.356546429558159
-0.380314491098054
-0.462659943075171
-0.385161165324633
-0.337291249063604
-0.20732523874272
-0.271374078056667
-0.407753130432509
-0.299076396242353
-0.354046045095712
-0.34728444012163
-0.371735785374688
-0.369257607680817
-0.233909824876756
-0.241069381597692
-0.240842616362064
-0.365287008458062
-0.377509832755393
-0.291069291114691
-0.283367574134673
-0.168517452252371
-0.322000063687514
-0.236419252761038
-0.392009726681216
-0.159769974558175
-0.19298486771848
-0.326041910152745
-0.253832738587015
-0.155442592832883
-0.248680725520852
-0.299855215056635
-0.244374957403845
-0.26857184680645
-0.17517251583883
-0.185344495417532
-0.128519688797101
-0.29723755780793
-0.377867902486442
-0.202700296276276
-0.167150914189854
-0.205752161556252
-0.369219252663757
-0.259103531641012
-0.0853090524623997
-0.349092616642569
-0.0449615254114922
-0.230945843156197
-0.245958901503197
-0.251655126276113
-0.25608383916173
-0.333416072193601
-0.226997319921064
-0.305331592878076
-0.325994144770713
-0.191003972860205
-0.123477147876641
-0.274880112173117
-0.288890965571115
-0.204783280712463
-0.261983833073992
-0.0598522782496181
-0.206059337394318
-0.140819048598354
-0.43387001542631
-0.089226631115559
-0.152285720167586
-0.1902340401635
-0.267487571834131
-0.199718669459911
-0.182386018865674
-0.309104028531449
-0.138077783619219
-0.137622304224335
-0.208953267844819
-0.287187624165061
-0.212965251606287
-0.105770450583185
-0.199260066958664
-0.154349597948642
-0.145515415989129
-0.185340761593563
-0.230095807953126
-0.0956390684008607
0.0341936529902968
-0.294602694076389
-0.174598215800909
-0.0947089699921364
-0.0860357943408353
-0.219954037774714
-0.19234282875184
-0.0939800111850554
-0.257661798205678
-0.090226249890623
-0.120466717165295
-0.198760619481962
-0.218880156869533
-0.0672188884705798
-0.160314572693966
-0.204784226189896
-0.132535705137404
-0.161223145662232
-0.18373274012741
-0.0426918555737533
-0.0654694709002055
-0.160196193792411
0.00251370190434493
-0.0415822760514819
-0.185829316963033
-0.201215103266749
-0.106656632794097
-0.191642810756773
-0.120033171838536
-0.134883951939852
-0.0759944554712086
-0.127271787867584
-0.0582981910298724
-0.14224562769105
-0.284111182535898
-0.194101684294696
-0.133702231665245
0.0453947765067475
-0.0761039664752799
0.00817305698148627
-0.247376438639601
-0.163146167366946
-0.198677003879449
-0.11089776342861
-0.0442625916084862
-0.061355490822234
-0.27657153991829
-0.140572219658934
0.0870005919063148
0.0251698512855394
0.0651533880749083
-0.0678021082900943
-0.0548680592198715
0.0831619382024363
-0.0445517805249998
-0.177880198666241
0.00562766409500472
-0.0566980534963795
-0.12495238729836
-0.093403502010278
-0.120958324750759
-0.0409220641630481
-0.136284934515217
-0.0698146952294567
-0.130898606693506
-0.0327752276771528
-0.00458587136906142
-0.0868544621831799
0.0803589572502676
0.0146240431152219
-0.197264329015247
0.129794026071576
-0.0618351266887129
-0.0922576949208646
-0.041883542813647
-0.0920144295632041
0.0252984833197495
0.0212406345615077
0.0611157166077501
-0.0879915641354199
-0.00666922081969282
-0.124596526182286
0.0109989624056432
-0.0656193734178068
-0.0316340905762316
-0.0734416060174752
0.0604442221732099
0.129201585727517
-0.088861414865969
0.011920715634858
-0.0388060717746735
0.0607854235792268
0.0300656724567828
-0.0328340518803399
0.0935557305727447
-0.0868348790658842
-0.125506451626598
0.0882427278632211
0.152409004140132
0.0901261556666907
0.0259766282645021
-0.0357882248167937
0.146849666239606
0.0151850279210232
-0.0231320775516545
0.0229882886554033
0.0127071374441057
0.109915006690247
0.0810166585872674
0.0314398444253608
-0.045797399740778
0.171795473816507
0.0272164324003461
0.135137913141962
-0.136066989731027
-0.0635700648578393
0.0881338236391606
-0.0111234695043012
0.0372133316022855
0.0990061645884047
-0.0111948112160318
0.109856114147241
0.153191249374188
0.194999302526573
0.284767723685427
0.128455245077705
0.0355817357506395
0.107612181216334
0.0320721482405071
-0.0321862549237737
0.0563070581454606
0.0860607436339723
0.0916166333295027
0.0964472500342346
0.14367291641475
0.0857899021656791
0.0498295219556119
0.204543291762746
0.0340036039215234
0.0343399847363327
0.0914955595003998
0.118016040810516
0.129531607717021
0.196400621868317
0.326527558696448
0.225348782099031
0.1358310279477
0.188396360375193
0.113470191510485
0.166748643512557
0.30645491363464
0.13574827441405
0.0183000607707229
0.239674386320303
0.00531567468256186
0.17375597420532
0.0902555574070701
0.190695780833027
0.190761849504421
0.0573159137956705
0.234564859581872
0.0506899729237959
0.0928406814787074
0.188471159995195
0.0370525092812482
0.113530804816287
0.135864839361395
-0.0874279941808234
0.00385917884739799
0.0778049443504326
0.238394018176616
0.212485992307822
0.179452990845822
0.107141870958111
0.162360322422727
0.299755511294292
0.115931124581767
0.0990964294042248
0.194656696859895
0.13501974718134
0.109813324778133
0.0912706027331238
0.162955331117352
0.227954585437665
0.170411703169042
0.0818112802959872
0.181770351129496
0.116491157477698
0.0305218697183576
0.345947124545449
0.259670670284923
0.16657654147489
0.0171308169376478
0.269432282443691
0.250671946792829
0.24310643320414
0.223230827695546
0.297641376957069
0.197257946776159
0.232251196535836
0.145528933940775
0.24680690831976
0.387481463983517
0.249443356246365
0.185025515150598
0.334334780604468
0.209396631302494
0.180595278107457
0.208135512723365
0.0347507592770585
0.170916105867962
0.238493699104336
0.289699919966404
0.251352936187199
0.352217412415987
0.218663337713552
0.389192990575482
0.325010412778032
0.349993090040943
0.3409632107684
0.177989577120291
0.307741628278806
0.291833679881031
0.218724854582797
0.351122132402444
0.266446113526228
0.230830965529005
0.306610550140622
0.120695384047901
0.238181509928661
0.392204236823271
0.285576105194447
0.201781418955376
0.312202450245119
0.316096440557706
0.368193727405489
0.357929891136919
0.126433583726906
0.420799197162895
0.309678213322109
0.434723260372758
0.307692097806337
0.283527142669391
0.273287141078955
0.272835649641737
0.288900617046656
0.484117005870714
0.283116611723436
0.442319024866077
0.439756105817857
0.185725112613262
0.27835053803135
0.190335724417154
0.231991412893942
0.377107735907937
0.246746031643322
0.253897963807632
0.33130767241096
0.335800972549165
0.379381470671465
0.343729596130552
0.444444415662234
0.534874319318062
0.32760160514117
0.356497160619061
0.380478339762627
0.528632700491627
0.312530219553683
0.452294590675783
0.240006963940237
0.120635967575552
0.425884021708186
0.427318848344598
0.306758810189947
0.23074059914293
0.449735273185649
0.321338215483662
0.454002126068257
0.241173040889533
0.30824683087424
0.37598550512654
0.501544195065314
0.429671240863213
0.351422745766492
0.329590866657333
0.339948798630911
0.3336604718821
0.438112323670624
0.446113661080844
0.484379721787037
0.276885745558645
0.464430271959184
0.392909783956797
0.279618071888599
0.495319921871425
0.533931131159029
0.387271143523698
0.375981137176567
0.472207034770103
0.473412911705701
0.374622069862609
0.406543614535081
0.376902473825447
0.538259380465162
0.57111897080849
0.552857203980354
0.523862678975414
0.394898661786861
0.474002476455553
0.574911813665946
0.542082547356019
0.432933507690056
0.345277198898913
0.429259456802108
0.519444968940646
0.486262394738931
0.517571444558514
0.51296558170461
0.482774810365539
0.333047547010216
0.47140372109243
0.35993630132225
0.528237432391518
0.432541247211552
0.477326861420865
0.46798134670865
0.463131447797319
0.472485896023482
0.514716202248214
0.453357978509392
0.439601179720951
0.544083534009531
0.412450562112127
0.550729828823302
0.475922442157335
0.473008109588155
0.438438157833595
0.358726288108114
0.597346956749606
0.600115201851201
0.45197518032912
0.441523830672723
0.473767381555647
0.53646134816467
0.485165637699855
0.558344630099143
0.528487916128851
0.449582568775782
0.575891259639878
0.580455023383024
0.484248830914137
0.653001620340721
0.364261078946199
0.491910924341394
0.630431264090029
0.599080159614633
0.457191832886223
0.495574527225155
0.569254614954205
0.505472063218425
0.55632032815673
0.321934526698113
0.558529462603972
0.52005335472914
0.572680925072349
0.515249943799649
0.683411903890716
0.684248338051538
0.579481665683047
0.49891709571608
0.510502196235417
0.624885551921866
0.409332708806312
0.444186957041307
0.561288503663162
0.591830799446736
0.58897644494057
0.589629033002766
0.58882145776336
0.418236494212854
0.599181950884062
0.536593658105897
0.628380688384636
0.594550012383356
0.656892533498808
0.625907747685908
0.685915124352869
0.660927685256154
0.624179458897689
0.68022387485184
0.667497958033041
0.515726318044257
0.787187376066164
0.611237357472555
0.699558954160933
0.694645857296321
0.616406312260349
0.655667067741069
0.764539457305952
0.83837658388832
0.469034175178542
0.617656768893953
0.689754420764523
0.563398459582648
0.614707419840302
0.792443691791052
0.580255957098065
0.618030486657668
0.726146421444106
0.717920447636538
0.765026364966949
0.611924396510102
0.640599093433875
0.588438775833497
0.700862704771948
0.72223207505567
0.649550849868422
0.690568570209508
0.729125377281787
0.5378400874322
0.607884114666434
0.87019008314159
0.62938473086727
0.584246224926825
0.677015908915831
0.75509065734431
0.560391274217183
0.798832816423529
0.722184199946986
0.710935638656681
0.72015386981183
0.792851287231117
0.779627556563201
0.757277424678226
0.650884760391409
0.703569927275568
0.728804523074847
0.679909101059666
0.685991858848663
0.75092324318956
0.589805079682061
0.819613938739939
0.798529818157855
0.779248545739863
0.758961048977063
0.818134366371675
0.804466714869286
0.81209374748687
0.795751176822546
0.81079697252916
0.691089784519919
0.693637512779133
0.743102283360748
0.683249416230436
0.709540546519375
0.805254008315834
0.834125026292172
0.728114896660806
0.800324089685719
0.620110365575209
0.752839880157006
0.803687885806291
0.825545654189509
0.731533632946357
0.803342928943235
0.765649915303477
0.732875112936562
0.841633447945701
0.761642994683807
0.777454448046873
0.662583634427337
0.766424144489735
0.575161547881793
0.785067196915375
0.756548823148645
0.756704459297941
0.785464433756287
0.795900767091986
0.816692120473308
0.798828001857314
0.504985793220189
0.909770888384965
0.742124091924847
0.710932934599678
0.866548720876116
0.748738830750093
0.618540512920587
0.598888486633886
0.816757069009114
0.834588459077494
0.863203487463103
0.675626146583025
0.711909609487446
0.801563629176496
0.813604445850699
0.74433937158574
0.710757913519172
0.881138764955681
0.902124957050823
0.759037086780597
0.939069966443026
0.836396469633523
0.754348091270618
0.927019056610258
0.943756910610664
0.766488969292228
0.976297673813158
0.766352010323882
0.669119917263743
0.915035612620766
0.963007783170096
0.861039411280024
0.863171671125395
0.872433263249602
0.815178711736982
0.921250556286702
0.845784221457174
0.776020274860262
0.8985020856423
0.893483650276792
0.861685254274723
0.906709325375481
0.890953813900742
0.940024732218356
0.880799506210754
0.991348940458227
0.797011225627092
0.970461021610957
0.866722545100817
0.880454782352741
0.845158846419489
0.904654313771994
1.03254843668662
0.927462590487295
0.877937013477319
0.879850181928652
0.948915077868179
0.971091946454488
0.830500134356168
0.954608952933669
0.800696697751537
0.937070644447408
0.965909665986875
0.972546394413249
0.789006872510742
0.935148490640274
0.9492973164537
0.871955701943198
1.01170220349876
1.00387254815501
0.691084364902633
1.00432924298968
0.848142406176557
0.804234981500378
1.09178119671273
0.942910978745363
1.02323638218046
0.916984985761523
0.784368263266138
0.754063209102013
0.974762155133398
1.00622432881401
1.03266588968379
0.948230185036464
0.86349122908296
0.964126458545377
0.960890884055273
1.0399378813581
0.984430720440741
1.12207213903129
0.974423908397074
0.999508435032131
1.09621907554302
0.901520639762582
1.09281827013108
1.08117979042094
0.877224826952304
1.02540119934309
0.948537556578346
0.995569388295466
1.05243585895613
0.953587091939935
1.00766733243352
1.07747975115781
