0.147227107899556
-1.10299862513266
-0.903475160090316
-0.963872204311773
-0.972806305098052
-1.03310366885654
-0.954549068238146
-0.944731815201736
-1.01586074776347
-1.01348298936509
-0.90605012761346
-0.979659444252069
-0.995740443885455
-0.903475692028562
-1.03764822958129
-0.970337665761117
-1.00325185002207
-0.961465414243827
-1.04916891103281
-0.948362450172116
-0.958525038340393
-1.04162791768402
-0.878799399997171
-0.88791775921881
-0.826527436470031
-1.02922903597191
-1.01830233038816
-0.96504053492355
-0.874974179066436
-0.947920172226129
-1.0433228588085
-0.941846382984499
-1.08267607786657
-0.870738218133207
-0.973606376866144
-0.878247828613982
-0.843502525386074
-0.945113887704128
-0.833301948518257
-0.795400903373712
-0.992749546710238
-1.03556814646279
-0.663283487246427
-0.941446616508655
-0.928936848580648
-0.8377240568589
-0.884396466857074
-0.924686911252396
-1.12360093704706
-0.955785770949851
-0.817228425784426
-0.823571539061829
-0.877709671641479
-0.790725361604131
-0.790556070416668
-0.98213443390119
-0.996214412062874
-0.778980095385088
-0.981677757568468
-0.891728001170852
-0.915429581922299
-1.01709656863279
-0.906611643414436
-0.832832471813906
-0.986918472351163
-0.930743718603023
-0.931277245238041
-0.773031156022979
-0.916454693962578
-0.986605120228497
-0.929641563229299
-0.964919477810258
-0.712831592294386
-1.00162995182027
-0.890648676242855
-0.826984980184281
-0.796390145409285
-0.739131991388554
-0.823718019096463
-0.746447147685447
-0.813826635614262
-0.915510707650337
-0.825346018537955
-0.924449695806511
-0.697827518654023
-0.935955582871928
-0.82232034791372
-0.97333387395478
-0.823190551100954
-0.838446037300712
-0.754627965970621
-0.835096624432099
-0.81724157890962
-0.789218443555722
-0.762102734867318
-0.88145507512267
-0.680736745343564
-0.832572673795816
-0.86913722695296
-0.893013056650858
-0.78452339454262
-0.883546730376918
-0.822825505921115
-0.745005213654071
-0.797716930413957
-0.78124442981534
-0.798055587343238
-0.865445387550125
-0.839883335223659
-0.973101106863679
-0.743801362759632
-0.800891587974972
-0.748204034338205
-0.818620949053721
-0.768236066829292
-0.754356494522638
-0.704127688721269
-0.880488102922852
-0.76351772776835
-0.7115596548444
-0.804389044848439
-0.773239291045609
-0.802583939927039
-0.795382408110834
-0.780812579841316
-0.723512877069847
-0.659385870421856
-0.752832022203771
-0.755798528179479
-0.819807280610516
-0.804454698646997
-0.814760344439738
-0.802519177702081
-0.838756037142872
-0.696514362026304
-0.5689106155079
-0.743818427660982
-0.650791722772012
-0.724589123765062
-0.701071706185865
-0.700379555922462
-0.612393322014445
-0.856150838956916
-0.680365834635365
-0.780362999449007
-0.808699136578905
-0.71647606600226
-0.695721283021151
-0.64855158663978
-0.735752254272636
-0.663710268282498
-0.642955114668399
-0.650150009590319
-0.642356847506752
-0.726239165990853
-0.699300813398551
-0.640560489105727
-0.561074660167694
-0.649400647997747
-0.661026076841073
-0.691540565510339
-0.682423336660714
-0.551516416902094
-0.704721317706039
-0.703880971210549
-0.801580628224691
-0.643111104861082
-0.705237832128753
-0.478394636189567
-0.717710428770998
-0.738453823345744
-0.664610188529957
-0.594590906914163
-0.748048132475216
-0.639546511801666
-0.674193429595926
-0.65390244759061
-0.705758409031024
-0.622344317610458
-0.804437710945911
-0.672374441124811
-0.701197731587911
-0.683843848143914
-0.730413969861654
-0.726172414800638
-0.638772179947014
-0.538527327711527
-0.722976724907483
-0.62809282084426
-0.728508396053796
-0.605259103591345
-0.696151332239975
-0.753459122825268
-0.690788235085962
-0.564829799940119
-0.376008170639235
-0.608634528623831
-0.564052777773727
-0.723582568562838
-0.620564521224605
-0.532073878998224
-0.585098452911859
-0.571693415118054
-0.594737214992143
-0.594993523063683
-0.552989808827925
-0.670132530810996
-0.488016486607226
-0.662236714056212
-0.557661070796034
-0.505266313999292
-0.659152749991409
-0.602658509229519
-0.530265448467917
-0.631654754233172
-0.620882033267219
-0.632508754754503
-0.448388600428628
-0.492812548884903
-0.500916206016779
-0.527825000262824
-0.620893792620565
-0.595139960514862
-0.584271511054379
-0.557175270553996
-0.528306500067846
-0.54160482326217
-0.595897281350144
-0.408949090853305
-0.528015221267524
-0.515455446305602
-0.394189631033873
-0.501061757585217
-0.528103799901601
-0.491319991815554
-0.496095911823812
-0.664071005372547
-0.402809856294
-0.460793870840264
-0.652577704883936
-0.519095141174211
-0.538345457864766
-0.474414534801359
-0.470193344750671
-0.566140192433197
-0.525366801148114
-0.565761785548102
-0.531308825393755
-0.379363029775153
-0.580301054290848
-0.49037856197094
-0.618073319674482
-0.484244682556977
-0.403597570168432
-0.449782946455151
-0.572210579198434
-0.555763177101987
-0.324664853177483
-0.475901498644974
-0.476364043581337
-0.565598862265936
-0.488529980154541
-0.492110447665236
-0.33533976446926
-0.58556955602727
-0.465751588906711
-0.510187892408772
-0.413589441616291
-0.462631209260936
-0.522425855306761
-0.634794304016327
-0.409956941535491
-0.653056321169706
-0.494772791877396
-0.392058729969156
-0.476357525008797
-0.514519732519488
-0.45247988142437
-0.44652476124512
-0.484670168614726
-0.405532520400083
-0.472446755582218
-0.507981554294179
-0.550648273366393
-0.490648805643277
-0.373865076761274
-0.57118047414231
-0.453786458213802
-0.384026292536135
-0.444930800491547
-0.428394399295523
-0.416322105313647
-0.375403837541853
-0.615733155323129
-0.452944253660574
-0.367016701041509
-0.368807893917656
-0.450082756981357
-0.390582755464567
-0.348453748136026
-0.469849501019843
-0.543527264986718
-0.376929505003867
-0.372540519628713
-0.569087002216888
-0.408575035119155
-0.385357753351435
-0.314866308776129
-0.376034744803403
-0.358280700705411
-0.232443027399137
-0.447238868208881
-0.315289600944765
-0.579929936439178
-0.424560489198136
-0.330973138105493
-0.376654440970558
-0.334869304050096
-0.404978023287249
-0.362221142449943
-0.430868885182628
-0.279887019865106
-0.42424480556972
-0.326652756974654
-0.371128227482012
-0.369446019040905
-0.304370831248136
-0.308557625464859
-0.380640833394635
-0.304410300821668
-0.437213520339278
-0.242606127160704
-0.399304123537345
-0.319221367394131
-0.239538688066661
-0.285406488173507
-0.287859000164609
-0.489975313546138
-0.243726474343515
-0.135672916258295
-0.331596050435075
-0.405505544979583
-0.206209418791559
-0.264464385383379
-0.353642909273755
-0.370718295964112
-0.359703535914212
-0.547980832728607
-0.311491748375272
-0.318830736443323
-0.312111287787615
-0.26087462016973
-0.378160624049658
-0.170505331847969
-0.200246771382789
-0.302326453203218
-0.272702663368832
-0.261963627737913
-0.350783739641694
-0.285861849957138
-0.439718916392617
-0.224271698958082
-0.167272628912042
-0.414752639403409
-0.352641594489701
-0.371211886933354
-0.325665104760666
-0.240571697204517
-0.259629334574373
-0.36591341221056
-0.18319248011732
-0.216782118657129
-0.0288056323810016
-0.227817106745835
-0.354296547084646
-0.183086694649193
-0.260571139232076
-0.295560552717017
-0.227648820425445
-0.255105578990712
-0.447005759570348
-0.262013714396324
-0.26266907333229
-0.209512600291352
-0.217642101423299
-0.318393500903346
-0.0254580255182744
-0.0902330727265863
-0.206281954524542
-0.370742409022839
-0.396767911872582
-0.227060968698077
-0.252032864871059
-0.332717979338928
-0.238275986983519
-0.402824555694668
-0.164549505639594
-0.259911962530768
0.0123487582218886
-0.178517379491272
-0.274037969826053
-0.112568174373089
-0.145588560651886
-0.216026617565521
-0.12487962033745
-0.182811232349589
-0.22967543174329
-0.188767123074955
-0.313070522550554
-0.0942088503242387
-0.110493253269918
-0.275718340501389
-0.155257129058468
-0.198014604081126
-0.199395502904296
-0.214628733495326
-0.196051315123874
-0.158083028356214
-0.37905302531724
-0.0948126577277139
-0.110370550518304
-0.134822054333708
-0.22521675658902
-0.0677203129805302
-0.336213720203484
-0.30516753215745
-0.163407485776792
-0.248179253628052
-0.2397738646844
-0.169899045080364
-0.110035590123289
-0.207543767730267
-0.121205632410271
-0.124603769644552
-0.0741047535490884
-0.171745679639043
0.0144468749697594
-0.139530749925037
0.0493467501701355
0.00188480576094672
-0.0552793442588335
-0.0813211070428701
-0.159036591172741
-0.174486026633278
-0.0560616977825545
-0.0623541379351005
-0.18573408206186
-0.134760376494352
-0.0517648581637177
-0.151321383283616
-0.0803457054197366
-0.259601162796612
-0.0706448507058082
-0.166969278112393
-0.0446319439913859
-0.0917751957336916
0.0716630620074909
-0.0891640722802401
-0.0229460415576205
-0.0691534144851111
-0.129392838792592
-0.134468401024986
0.0560405676381851
-0.012212820351834
-0.166327003168693
-0.0351163115794202
-0.0427100626242698
-0.0898168308340006
-0.0624927615351865
-0.0446045674631485
-0.00962605397285183
-0.146761581190356
-0.0278531277277902
0.0731473255583105
0.0277907612853769
-0.196206811120549
-0.0533546348771349
-0.0525390318865808
-0.0961413859890326
0.133115325339315
-0.165168689093638
-0.0878766722661176
-0.015386675471212
-0.0740112726626565
-0.103499656180228
-0.070630225056043
-0.141139037287797
0.0499980199839161
-0.110012936456676
-0.0417203010029384
0.0217397144671483
-0.223698638402168
-0.0691167966525226
-0.125560134549135
0.00467722829923037
-0.0717476288904011
-0.0619614871413075
-0.032381424971964
-0.0571228459438661
-0.187164269518243
-0.067393213710321
0.0555763722540546
0.0844404522564253
0.0472416164121609
0.0879012002028274
0.0390895555197199
-0.00505686134337174
-0.022257195776828
-0.0465637719079573
0.0674711751846786
0.0614706838190998
0.00160067972856729
0.112784271343703
0.125147141409565
0.0427630400078968
0.0291107845565464
-0.116903920924906
0.0945234621774191
-0.0551026789344842
0.0550485491813627
-0.00367950191619342
0.0848113729450652
0.21730256918205
0.0905809351001373
0.0971239502732076
0.0654770188007661
-0.00497734839098169
0.135553333983676
-0.0296268677861155
-0.0346932868901996
-0.0252692245640737
0.0605887201803575
0.105606230309635
0.136640462813715
0.12933366960288
0.0729034706781884
0.0496513651515072
0.0422821812949187
-0.0189525535763409
0.0753062294699785
-0.0766356804664808
0.168124317941641
0.185266951006203
0.0878217098567489
0.192107804261832
0.111830729247321
0.0479100378581383
0.071571644851733
0.110328693523443
0.108370831978344
0.103362406177299
0.0771130352970509
0.0464302705834882
0.127051125922127
0.03533940115601
0.117456091587114
0.280502605744742
0.141290120725417
0.231519208562109
0.127421835929747
0.0814732817792556
0.13589972158002
0.222557498585776
0.108872294582852
0.139723426962586
0.30232892709074
0.0378521319661028
0.267173879989868
0.320352224144726
0.0772749693362434
0.113904127442066
0.25288890492445
0.104283337213474
0.260078751829133
0.0607885629907942
0.361094207519713
-0.00084729738526683
0.146736272839597
0.0969955319216046
0.208451972560585
0.0148798126107224
0.0434491107840598
0.150470361972016
0.15905506423667
0.278280476585236
0.2188018787525
0.143192577547714
0.262228767592798
0.169569326607217
0.33219320917334
0.190491647477121
0.301300552526857
0.0327400303267864
0.24717385408151
0.330534187817184
0.174053551918026
-0.0088547470855849
0.072815041945525
0.167116035702467
0.21642666696633
0.214932899542188
0.213944067130741
0.0318924692982996
0.122797387601904
0.0552163627653965
0.184475138795093
0.169962837538269
0.286556127641956
0.104004752296279
0.173446792884835
0.316877043611667
0.233106132357506
0.1362091288727
0.315629604476746
0.170763749414571
0.143871879435189
0.185278144380393
0.174683252294222
0.282925108480832
0.230795607832708
0.207592042274409
0.158881161735186
0.461327900572229
0.37737906458891
0.187045472391043
0.183355706489533
0.210895674103927
0.152968028919293
0.215564713067706
0.268261534211514
0.243040282346106
0.286932384219827
0.161807518665463
0.387301720759664
0.312117195646481
0.297202981305977
0.339039880002818
0.214442222691991
0.319702824305771
0.339047706889983
0.226218653827129
0.322825471574766
0.341861948679672
0.288702821146366
0.276278364736941
0.352370584041439
0.243438869936713
0.390850926783134
0.23477842491788
0.355026928278129
0.179608778762909
0.332501446378104
0.464349830917609
0.337391783969377
0.273619110547873
0.356119715987876
0.328752865391296
0.383937187273863
0.405221901097307
0.198762616656604
0.53903256647888
0.281309494580221
0.267853275026926
0.242642972582036
0.455624095290225
0.313395564803692
0.510613779045186
0.239582059475676
0.245311412760121
0.310710470793088
0.453072502358458
0.216826860037713
0.315011661429425
0.2148861317891
0.140738197669762
0.443519860129641
0.332083232009799
0.327907737672782
0.271590840182078
0.272513688798455
0.252839304631011
0.287548661734132
0.374565960035632
0.22907571699919
0.214436657631461
0.318428760246927
0.578513849237493
0.351281930294034
0.420845128819012
0.394598062456095
0.435955554257458
0.315822266967767
0.414477524805234
0.353206664795636
0.591705538364263
0.454156018169728
0.380715255159893
0.453364997611291
0.358170284263314
0.45793803821148
0.41261004717431
0.475488369108313
0.321885303741353
0.412071644601842
0.230673109727121
0.449343145510099
0.235447992047744
0.357969380814854
0.308656454974735
0.459957054793346
0.57701656987536
0.402929013260289
0.475614529165544
0.389236002036139
0.305217202943346
0.468792802535036
0.485503018040036
0.374095059482506
0.284747731157277
0.379183180766326
0.520114219460662
0.434741876490179
0.540349736541067
0.482617683230292
0.407900296602004
0.5987163734105
0.433620514233487
0.230869754943791
0.403472680611304
0.520275659726185
0.514360520373249
0.492940272894834
0.459371852508911
0.512359145106956
0.405246528872648
0.500970635113201
0.358763147548914
0.525017172587132
0.514498404407986
0.453601414937018
0.543087094329767
0.420044574630614
0.485850781081963
0.471409954810651
0.406622849683626
0.535366074354484
0.387652486596214
0.393978926015458
0.440677186795828
0.51169722356799
0.434301559952289
0.46942963548208
0.464230199861808
0.469141574382534
0.514284041951939
0.567490238014502
0.622609939709517
0.513611944521622
0.43769616219148
0.493957618940226
0.39489866255892
0.425405471033611
0.525006059950197
0.703981092661606
0.451352399971764
0.410253051470634
0.507178925553084
0.501247564645595
0.689320552555448
0.390648465509085
0.510015499494785
0.51184865281063
0.470535157391659
0.54268542241127
0.644476668581876
0.590127543312445
0.370277359395229
0.525358975065103
0.576506631869647
0.486762375453458
0.661664001353764
0.654633060038652
0.640810827131549
0.627908049139281
0.585163587589861
0.558266995405653
0.5096195668873
0.558830163379418
0.658988837847336
0.608577464363672
0.530438146268287
0.661331970721615
0.657390913376985
0.557897054498387
0.566680527644859
0.724036731570646
0.500768662603534
0.641525563688282
0.599215259701383
0.778569060450975
0.504165079423875
0.466048805694212
0.520736350605053
0.656274793207721
0.628050758726275
0.683628592178981
0.592892487964356
0.669812464659209
0.739092813219196
0.700286083843981
0.641280612845248
0.615209172386518
0.638455157509235
0.732136206804006
0.639571295017018
0.615827088483845
0.647524245410902
0.464386792360451
0.574052639444838
0.537157992860961
0.646400007685221
0.429505291199487
0.751979902843734
0.558596402290226
0.584917905747851
0.505464046734757
0.560300056083159
0.659687988772735
0.750994243621401
0.70818892731101
0.58590329132379
0.68184142958935
0.666262163126045
0.672438658058596
0.770011426632749
0.637623727818742
0.626907815346788
0.603774667385519
0.721344317683392
0.724836645539176
0.807885774516161
0.559611088416974
0.681441334945544
0.794982531736457
0.750263735576045
0.691595235135881
0.626866473588179
0.839959159789308
0.632149168315563
0.797248200774711
0.788581057591591
0.679563978288735
0.737836582366246
0.769030634786003
0.725760853911178
0.752103015622708
0.794750744077598
0.606094797740865
0.814702715162863
0.752180271539158
0.730760782808315
0.699439440808879
0.797867846397513
0.777632735319675
0.791282065424298
0.856609076748947
0.659913191032826
0.654358518400279
0.600721533126934
0.763603175921933
0.759680321254044
0.630078600726448
0.765056776418859
0.714040989901605
0.65343214340456
0.978990970820952
0.812072682635158
0.714716785761428
0.930997310650928
0.707435508356854
0.786625869586177
0.550785726637579
0.703726316943622
0.721682632018542
0.735116476076127
0.751445020806994
0.764608972019673
0.803154235389872
0.859131316402088
0.739321437281774
0.773994105719124
0.780303055141035
0.652676557484694
0.721741454134922
0.725364552084724
0.723191388123373
0.81749604225426
0.746652710638639
0.765436390233774
0.869594431457555
0.776530654319043
0.711211271630732
0.776335427969518
0.755396951151119
0.767460682227079
0.791376549254878
0.867036158228338
0.818186137377595
0.911995913798896
0.853908017371669
0.726862612485159
0.981352637245324
0.733199851448445
0.888815290692513
0.808999545356947
0.907141046711049
0.778829962746314
0.681998040643734
0.843254556498366
0.88765061021097
0.841147020928535
0.674938457931586
0.871242730792569
0.871297931656479
0.909435458709716
0.929875075237907
0.881175762746775
0.880361189434601
0.681515337800169
0.936556052895919
0.9336307365851
0.834152008504296
0.806853719403108
0.810846970399896
1.02849040871573
0.89838401830745
0.919162099709123
0.850782972538943
0.894135574707779
0.877189296200796
0.924442542873747
0.950123316256909
1.01969944047531
0.877192747712506
0.929673904289438
0.947870091279096
0.980833575286903
0.753772856156027
1.05130378223282
0.821370703367013
0.849517285206658
0.80821515521279
0.818890393099186
0.916449316807765
1.03678354076129
0.933648467555163
0.848254430461928
1.01003338313611
0.942980818016392
0.944618267965171
0.933119992999088
0.931531460833987
0.988700570426883
0.855885710483881
0.80259436097462
0.903739927417235
0.935912521829328
0.822821623504053
0.985541083646881
1.04446586387097
0.832808535919575
0.838706770295807
0.937418540898833
0.861098604152108
1.09102795454186
0.876947053298774
0.973450506781747
1.1356025031918
1.08538669616893
0.8512939793718
0.922055475105376
1.09706774157624
0.8610415498118
0.934899335548651
0.886510845339556
0.837902156007579
1.03689441340687
1.03786050781962
0.95999265529244
1.01799900419317
0.878479272877061
0.854331930097848
1.00319882040593
1.09503081541455
1.19268118874742
1.13016009159175
1.09339023681917
0.992205909441733
1.06887797375292
1.08607397386245
1.03997708859509
