0.142808069164139
-1.10027898933826
-0.917534898165983
-0.958431599483586
-0.975870897193368
-1.06530662568429
-0.955637451245017
-0.93744256766639
-1.00650334307764
-1.01544124337133
-0.89104507365558
-0.972259211680557
-1.01828513203253
-0.928566471395566
-0.990867059535694
-0.957968930413878
-1.00789215503772
-0.979291610975878
-1.04956996157397
-0.929199177188163
-0.955073939433856
-1.05568640067309
-0.859760482564237
-0.890975510283849
-0.840526438154536
-1.04373720254017
-1.01712082949621
-0.966204401117823
-0.874516902468056
-0.972036099075039
-1.03870542203201
-0.950045724519333
-1.07136869300691
-0.86804579975288
-0.961026208329124
-0.882702402146549
-0.84874592526889
-0.943684033470894
-0.827264778811738
-0.792946244751025
-0.974375379085404
-1.00927852498344
-0.646216245029856
-0.914882941881421
-0.931431559676016
-0.822641308260482
-0.902815202717812
-0.922929250122607
-1.12453867480342
-0.983694232789326
-0.822316280248399
-0.838300372830582
-0.862999710633044
-0.773182890610299
-0.78012317708999
-0.981123694312203
-0.997236187128848
-0.762923365237861
-1.00041869841288
-0.873035185975138
-0.926238971800666
-1.00305332823654
-0.903379739236378
-0.814381525230354
-0.973330319212421
-0.938908537379395
-0.925332030010752
-0.779298281915779
-0.922550809660819
-0.998241730204408
-0.891967543026118
-0.944257093778561
-0.712491674487494
-0.999639483226299
-0.881839680740373
-0.837749457485918
-0.802883584020425
-0.738257087621671
-0.851142912974851
-0.753914084813457
-0.811415422357395
-0.933039119447682
-0.808208827790677
-0.936614827958637
-0.704858120385892
-0.933444018162081
-0.831726687559121
-0.976606602022834
-0.819904532873154
-0.821261446808647
-0.749130710385818
-0.809065968119126
-0.825715553860822
-0.789792774039406
-0.764924352427977
-0.877171839284991
-0.69819347493286
-0.86545615302265
-0.879304059619389
-0.886273256261101
-0.7871344687062
-0.882245856113211
-0.840733279957527
-0.747102298092798
-0.805308525067124
-0.778397094911649
-0.805013994236147
-0.86131072853139
-0.837839530584826
-0.97447059163909
-0.739521478245098
-0.808280569955034
-0.755951420663926
-0.81991291961419
-0.791423043458562
-0.771329835628039
-0.715659866693023
-0.856952294995092
-0.758285750493964
-0.708698235409722
-0.770859989062799
-0.778378547644412
-0.774037789429052
-0.785370269067905
-0.774783397172608
-0.735740923293832
-0.657355791456163
-0.751771763752012
-0.740815677299759
-0.838290623077788
-0.784382288783089
-0.809557223500067
-0.790375393913921
-0.824675317648026
-0.71477432837184
-0.549587596618265
-0.763499373021722
-0.635063735490057
-0.702522656654667
-0.680604117930406
-0.682389588996543
-0.600848309999822
-0.841002204573416
-0.688620095969042
-0.767604701400961
-0.79967041455144
-0.728558425839225
-0.700602830453537
-0.658780545326176
-0.741629899647748
-0.671938801218238
-0.629267931056997
-0.662052278043726
-0.657478286035153
-0.707197408839705
-0.712269619340648
-0.648743905163693
-0.594949058956154
-0.649293505887273
-0.651214969378573
-0.694767260683071
-0.70084794206507
-0.534613842751999
-0.711696012184412
-0.701418089673377
-0.808538102268523
-0.646689096936813
-0.697027439633791
-0.470795452683934
-0.715481442986424
-0.730967232100744
-0.671961924030439
-0.598705863201759
-0.736682230092721
-0.641098626909077
-0.695601923651526
-0.647190217835703
-0.682408531873468
-0.624467033720329
-0.815755944044771
-0.67041692254614
-0.690813432189914
-0.663485872453371
-0.703159723612744
-0.707035668026738
-0.642279413588699
-0.544802517278029
-0.712589887370335
-0.640927315478182
-0.721559540302657
-0.62679645331863
-0.694633504344666
-0.760448629342513
-0.679512947135035
-0.562740090750322
-0.367336656745761
-0.633905240578807
-0.582567467669797
-0.733705129704273
-0.623006185939673
-0.510121963709475
-0.568714203581064
-0.588902928457805
-0.600995340816359
-0.597671317456137
-0.550318844046585
-0.659568560272549
-0.471088598400031
-0.6838878328305
-0.546140731068903
-0.511971541631581
-0.627506849507923
-0.600121910002459
-0.553756948968572
-0.629394136659733
-0.640358807226557
-0.628718811436239
-0.437817273008396
-0.488011274478751
-0.485190626358381
-0.529926160410459
-0.651780212287001
-0.565741425710684
-0.568480283325956
-0.551288404121044
-0.55334582792163
-0.523303996377951
-0.606849030154723
-0.409587689990993
-0.516899458093927
-0.501405145034151
-0.425811350017275
-0.499045476450007
-0.533781591739322
-0.47863015771589
-0.500788997845577
-0.669701370725352
-0.410038264406041
-0.451253983194415
-0.647454187417499
-0.52825058315287
-0.539746789818915
-0.451135052598169
-0.459001797896591
-0.563336304072882
-0.529335708675369
-0.568069092252035
-0.526186707431666
-0.364447998592159
-0.568965786070251
-0.488243365019063
-0.618327101381236
-0.476077697587971
-0.407852560602519
-0.442848665120234
-0.575082859772901
-0.541646891523502
-0.307529834273044
-0.467364122931879
-0.489576210926849
-0.552579069332416
-0.483534626804829
-0.484948341553987
-0.3191026895953
-0.595595565040934
-0.486051909883263
-0.530580258687314
-0.421168022952974
-0.458121130115087
-0.5049348747985
-0.641927067934721
-0.386848649013728
-0.672267300350829
-0.500295710991718
-0.400161324315203
-0.498907623137607
-0.536367922758089
-0.444388069630548
-0.444641099267894
-0.502285160970546
-0.403976173408856
-0.459121940008397
-0.509292741537528
-0.554550186877572
-0.478414122899675
-0.379845471330301
-0.566288856478434
-0.471833146570523
-0.358226486033066
-0.433932572725017
-0.45084106931207
-0.416531938811169
-0.364530482041062
-0.579777096900601
-0.475745906305308
-0.342638045808087
-0.369498731805981
-0.453449137845461
-0.403666183189983
-0.331894541946121
-0.48470566868471
-0.560739871407514
-0.383429736295782
-0.372381355313045
-0.5455535511362
-0.401532787123799
-0.369418961920212
-0.316746950577461
-0.384934056134221
-0.33492798813107
-0.259388575826794
-0.454668386566746
-0.318073298802225
-0.569608354852946
-0.429322394353019
-0.321573979164214
-0.385430622346356
-0.318447296637483
-0.410556137341532
-0.354307823859283
-0.427850710862658
-0.271780379030227
-0.407649421325261
-0.339597204190651
-0.39502913392309
-0.373934151181125
-0.352306206468075
-0.321069473601608
-0.356862997550366
-0.335961728875937
-0.422068804458507
-0.246397344178298
-0.388253566774719
-0.31795751497843
-0.221480883302324
-0.268481018322901
-0.294415745406755
-0.486288698986577
-0.246272016870962
-0.159581022691983
-0.326001551365267
-0.399176994490333
-0.216550074891737
-0.246556446302455
-0.351050670578411
-0.387372857320127
-0.342766071488249
-0.565557207180137
-0.306316995094376
-0.312589502490911
-0.30776721696211
-0.257375358106721
-0.389874493847979
-0.165832836526122
-0.193594033118787
-0.316869206466905
-0.276467350116639
-0.253491492273869
-0.349106062877402
-0.295366005692949
-0.42561350566979
-0.211523478963538
-0.165117550759349
-0.403359987348943
-0.347600276841742
-0.360562731023293
-0.305631622742284
-0.270684917958443
-0.270578973439961
-0.389353067365357
-0.199685556663395
-0.228448655867234
-0.0183181458168179
-0.205243671809844
-0.338013758623716
-0.197290705209929
-0.243626355163805
-0.269106608207454
-0.226578463850799
-0.245696250661474
-0.411380245131231
-0.269568690108027
-0.259720396908989
-0.231458780463338
-0.207361703573312
-0.313712438462737
-0.0313767681610885
-0.0898320623502245
-0.200711961895078
-0.36623618859664
-0.373105298846482
-0.232943326562955
-0.282175715657155
-0.324531184278303
-0.259133484381781
-0.395775436093075
-0.154332787484451
-0.282315764564688
0.0126253233068809
-0.190859356803835
-0.269268944177943
-0.119851213415844
-0.164823957230291
-0.213108878703752
-0.138085589433249
-0.166873271525361
-0.219641279496375
-0.172658757790706
-0.284582620026151
-0.0853195838745326
-0.117483736121521
-0.26835953312338
-0.165495071994733
-0.19213441512579
-0.165932766137496
-0.185053234754798
-0.203894568722462
-0.141016519240583
-0.368887820735525
-0.0919094688472831
-0.0982863965994613
-0.146198826391227
-0.203585198799798
-0.0607204456579255
-0.337751505619915
-0.288836025327273
-0.181272860766639
-0.247198164343246
-0.224061057821615
-0.148548228207293
-0.112323755054458
-0.201023637632314
-0.145947875988222
-0.137615741688106
-0.064269520972485
-0.181489184157479
-0.00314084996782586
-0.148115402859998
0.0254985466731705
-0.00413142878699825
-0.0619010901678269
-0.096168483582656
-0.175993711896202
-0.171179119029952
-0.0649265435725613
-0.0753650816043108
-0.190874867701273
-0.128455641481621
-0.0615432988395915
-0.136964855678243
-0.0699170769795755
-0.229915111967054
-0.0720789729214304
-0.179308801811713
-0.0474131741749886
-0.0736293321684695
0.05544235384565
-0.102848950453514
-0.0193288869573862
-0.059912876401511
-0.135998342127027
-0.134763036701907
0.0718332210897144
-0.0188568044888732
-0.175193339799073
-0.0426354981840855
-0.0418211712884564
-0.0767174137147318
-0.0947970764397758
-0.0326899180956728
-0.00607706550877516
-0.160297273057596
-0.0211145453119951
0.0928881070787203
0.0186293340945781
-0.226061826300589
-0.0476345740125605
-0.0649533211694245
-0.0930107475664808
0.154707713855898
-0.167327829351145
-0.100478144857081
-0.0273436318385715
-0.0554867145041706
-0.0733767487942875
-0.092125395971455
-0.150161077840389
0.0327680094564546
-0.0990670205376945
-0.0526648361546454
0.0139520722962217
-0.228657365830608
-0.0721851112790508
-0.116267682952552
0.0160143557512587
-0.0669030540822277
-0.0684659250470822
-0.0266910413107463
-0.0715758490320465
-0.200444005318944
-0.0399028397165162
0.0593778510976508
0.0913000340212966
0.0301735065757425
0.0838890056345354
0.04136170949455
0.0265160833325012
-0.0127704484816127
-0.0462102855234392
0.0628758844239001
0.0585723777788041
-0.00208010032805341
0.0895788160356006
0.131106023779494
0.0242582737235511
0.0235757296597817
-0.121747825632781
0.10876301105968
-0.0594776992240192
0.0536796839527227
-0.0167602869277229
0.0749621865650583
0.219412549110142
0.0952575800127422
0.127112870989373
0.0553669058919679
-0.026353803929562
0.120774704420826
-0.0237133319613285
-0.0370733928561595
-0.0174765841220944
0.0602557735128424
0.0948432699310673
0.120876937083989
0.119708625658616
0.0487176966076321
0.0406729908437242
0.0347710210851165
-0.00540933259016838
0.0945473268412586
-0.0899616775690815
0.134375554217002
0.188065690686605
0.0842161552972682
0.185340959436509
0.0999823563112095
0.0203940949926423
0.0851777000212949
0.104867993549678
0.111840723177827
0.0989164684373855
0.0659467498479728
0.0536362384962076
0.133682436191973
0.023638936857767
0.099517695861527
0.308143210368046
0.112140263839404
0.220899119020507
0.0983141848884554
0.0601586862227085
0.135558650072036
0.23057161264092
0.107649923336996
0.126121568690054
0.31113909101868
0.0508940253522879
0.267843613836771
0.293770079991683
0.0722893836183084
0.125058899472907
0.248621399664833
0.0866961142990635
0.252388198344805
0.0771478380942531
0.33235267550206
-0.00878341053136844
0.149427331211724
0.0727190543323349
0.179452183389909
0.027186804600655
0.0417930638650982
0.166655148380948
0.148554683204516
0.26804564971567
0.217665203420669
0.144576865733578
0.258668471244118
0.185352548691957
0.340528546541786
0.181384152690192
0.291882049870037
0.0402268686897111
0.234150277911525
0.319791598268456
0.176662187635255
-0.00372752816140609
0.0634658009899279
0.183479302621204
0.221234741369152
0.202015725518712
0.231006734122205
0.0501542133953689
0.13315282429921
0.0574506024467406
0.203516069982401
0.172947893880495
0.287427334063011
0.115074862280684
0.199756590363941
0.332232735615608
0.220040661122959
0.140802822039808
0.309511518130531
0.173005706611225
0.133461586165965
0.170965477882164
0.181357960773147
0.290841396624528
0.219562966278735
0.17366290942602
0.146583195553244
0.456773615076387
0.387778267980699
0.18880703650887
0.17720864148916
0.21513027483956
0.134124551203517
0.215249144593848
0.278968413198439
0.255358947627263
0.29641289332484
0.16717124161221
0.398432891239333
0.27631840301305
0.269642222176032
0.314385546464532
0.222316273090592
0.316571171207411
0.334673326575682
0.239317896022421
0.343335486113949
0.348342034364484
0.263063573199828
0.28209084138682
0.360547989850809
0.249131440142822
0.4120202453412
0.255844631401276
0.343164003158809
0.164405611335079
0.313110872417323
0.474277868251643
0.349483837881096
0.274128287240091
0.358954411344057
0.314103010804477
0.368872536612866
0.423093088502125
0.165691835445075
0.530302500355555
0.25574119096512
0.265435006332583
0.26690459707478
0.456084761402311
0.286721790055474
0.540923162654074
0.222612957951884
0.241224104919458
0.279554279798189
0.46660097540665
0.230095548882018
0.333070087062803
0.234377376816886
0.159910816125384
0.405657202200931
0.330432757625346
0.322555445293613
0.286860064572837
0.251057744433283
0.250244277495291
0.303873260284662
0.345560471502162
0.228486400626913
0.218663100464635
0.322508367349924
0.558572164503856
0.364825313243851
0.423372465625205
0.393619971159846
0.4305525058099
0.293110822606437
0.413936388283227
0.358459698224784
0.594334181449194
0.428162305118061
0.389895292393496
0.457094222831109
0.362820834673284
0.486173118832464
0.411720465733436
0.467259566238619
0.323027372752933
0.422774718900096
0.227578517525104
0.422056781836097
0.238030350283622
0.372372172154326
0.325628361780255
0.451232120652096
0.560970186789724
0.40656197021764
0.488599258021982
0.386539889228521
0.323955219944002
0.453531293697537
0.468473024624706
0.385154655413162
0.27370286556661
0.380732884351071
0.497570478894567
0.450007753035406
0.53834236312002
0.473364648168021
0.417913596525758
0.623913411366222
0.433661283045424
0.215157601834334
0.422097548602507
0.509468977245481
0.536055603104399
0.489802225704009
0.45288494026339
0.520731887421604
0.412539446421954
0.509618402737886
0.361688531983981
0.520159725077603
0.476844856787602
0.44323374896975
0.542664125481799
0.428591008861014
0.484737404481716
0.483037945537038
0.415490252903608
0.554571122406234
0.3922811673987
0.39928132107277
0.454277912920563
0.5254571600847
0.436312995778671
0.480049756039881
0.479188146600638
0.461432065120041
0.513179920967096
0.551258829571957
0.608730788920257
0.495871094107347
0.444355169442247
0.494395852358119
0.409748517350087
0.41879289422862
0.506117366903088
0.710348982948659
0.437489305832909
0.438103818607676
0.484700534342255
0.504665619349405
0.690898070988912
0.399346058525062
0.507522223276691
0.515130142624001
0.447822950141012
0.548368571077621
0.639506914446748
0.567674709046016
0.348979955308095
0.515034925926266
0.596224269930485
0.495253664517202
0.673893613599267
0.655162351198762
0.654831964258312
0.643479579688772
0.592890635042889
0.556272826368702
0.469349521519663
0.546130190884573
0.644455809848939
0.606462848460368
0.537216616749028
0.660242432634898
0.660980541438548
0.552721202728179
0.571258547837462
0.721953948866868
0.49825817774535
0.641557118326879
0.612487003386879
0.793803024636426
0.514067880008853
0.458479412628405
0.553914111470263
0.6487573931186
0.61858369208177
0.669892319678452
0.611516504089639
0.649445067103993
0.749023012760148
0.677983638225905
0.626448953855681
0.627296819009543
0.639471650978982
0.703933362455629
0.643087472319479
0.610938961222781
0.650369999158416
0.450939439089926
0.604919509375419
0.538785256178921
0.644003461934291
0.44997296391342
0.715036075253684
0.531794266699
0.596264298668584
0.517271894084261
0.553465557961407
0.664846174613981
0.746841932457976
0.722625050441023
0.563457922047088
0.690440740826889
0.649118543503268
0.656308140155411
0.769347560542574
0.645030868643665
0.616004770334863
0.613821194235527
0.72977596703807
0.725448847021484
0.83246145580474
0.555418514098105
0.678547596472739
0.807957050758497
0.748710922168428
0.689818170182517
0.622286243875108
0.818474562593087
0.606411827759806
0.761964840071265
0.793489155850537
0.677007122247834
0.758971355834634
0.794597256766333
0.730146140705486
0.749339594064918
0.794424459753597
0.600959867795408
0.801312389016579
0.76276849257802
0.72590616213989
0.688286344278928
0.79668349695591
0.76509595859069
0.76117329580017
0.858098385779674
0.676158734757682
0.681597045855099
0.585887597592525
0.754640937099666
0.752988422490926
0.64459744665593
0.764217252789878
0.721926326228394
0.664951575489991
0.965123844073525
0.800869474377157
0.704501979042659
0.923753187078398
0.713044556452004
0.78629301137994
0.5446699463283
0.693556882966603
0.730351195573975
0.728572530023577
0.750278321874396
0.760463451027233
0.795490971375337
0.864994784003415
0.731546459585712
0.790667229309385
0.791077589236937
0.639336092993024
0.722213258062333
0.711667272194561
0.742032129141408
0.787316985569216
0.743785521729744
0.776535188104951
0.882252721332622
0.792467087463245
0.713382618585398
0.770864886425906
0.739843880420355
0.752584565895308
0.798418053921399
0.864694111822742
0.820637814891246
0.915868936141486
0.855300676444323
0.714107523606823
0.976697876408391
0.737981561052688
0.870719768529383
0.805969049711276
0.913998229322706
0.794299731242635
0.692253474557899
0.845574594272517
0.881132705285456
0.838691280704979
0.671528098834787
0.869168710707939
0.879307765451969
0.913721696946373
0.939069397114243
0.877815804364305
0.883902302924898
0.693196512574309
0.94303296857662
0.931813126435007
0.832069684701833
0.804844238194935
0.819839628037929
1.02418663691854
0.880958958177788
0.932337285752463
0.83362850103067
0.901733003246081
0.870561289496597
0.929898121739076
0.949402216322204
1.00789072709203
0.883336364031573
0.925992341557816
0.955252277903273
0.995081300788326
0.764854628803593
1.04579578720671
0.853807220087339
0.856747334074869
0.800102973986503
0.82376882677008
0.937045555054897
1.04465095167252
0.943228798823811
0.859312081492663
1.02032971885316
0.951053890135337
0.923335252527316
0.894430269336968
0.942273404445598
0.987446249900157
0.873268597972511
0.799991189992623
0.902108039344053
0.947768498053507
0.844746176344685
0.98929738988854
1.04331553382058
0.841747640716288
0.844283820152556
0.931298306718545
0.835819401045294
1.1047118682035
0.868613786646917
0.962565730164905
1.12954205775703
1.08023407738663
0.875355732266403
0.909107047686174
1.09662831658132
0.852651201537218
0.928059134996402
0.873761386116417
0.826449111186388
1.05152536736571
1.01156915685781
0.952221192618782
1.01942873525848
0.876495429542088
0.87923804107425
0.992313529034793
1.08125243065105
1.2019210554274
1.13845910575806
1.11520858542846
1.00555440761848
1.05179239863199
1.11057227012513
1.05116350849197
