0.16346990158331
-1.097097919455
-0.927764154854411
-0.961585182275748
-0.970050035646277
-1.06527493035847
-0.956633841083265
-0.955873528138044
-1.03745869702428
-1.01060040360399
-0.900660768685222
-0.978349484564876
-1.01074016517735
-0.911522697357616
-1.01326393250478
-0.959787343284536
-1.02499295945413
-0.976813066427225
-1.06652280959504
-0.932756654398713
-0.952569739722723
-1.03799985394251
-0.863000432391859
-0.878160877583323
-0.831618498411571
-1.01531175404679
-1.04258700993993
-0.975586325514401
-0.870337110150921
-0.972581531689816
-1.01849773491027
-0.97081705006649
-1.06403062215406
-0.889696814165844
-0.973107760701316
-0.875137803141898
-0.843426828055598
-0.957705995562036
-0.844855367788549
-0.793994002414941
-1.00614480772378
-1.00927509935531
-0.661666263791298
-0.925810805741507
-0.943020394135565
-0.829505374810538
-0.873355328691611
-0.917701633855847
-1.12979225787099
-0.980765158972703
-0.831336398101745
-0.836450232343748
-0.858394689112092
-0.780335529373458
-0.780337374854834
-0.964007704532434
-1.01440628711553
-0.77431000454054
-0.976909247479243
-0.877057485617987
-0.916295087790668
-1.01122435800495
-0.898030201360396
-0.825089667407325
-1.00535548382011
-0.926832811713854
-0.92984078287348
-0.770511040824326
-0.922657430543136
-0.97972621384176
-0.930493681482809
-0.960223116409494
-0.714234301645954
-1.01223455974804
-0.890921723853921
-0.824035000284806
-0.799318045381594
-0.751819647517997
-0.864698349834281
-0.752623409752028
-0.813105532090279
-0.89724815290831
-0.814775284650228
-0.951975709270429
-0.740322591733263
-0.93920005307469
-0.814975012471758
-0.962653821288717
-0.82184436698569
-0.844172263472519
-0.755278554165229
-0.830514847336348
-0.82796442375604
-0.780655298958391
-0.778404707005109
-0.900404117131673
-0.684657660549616
-0.843767692868685
-0.854400416418674
-0.882315757849508
-0.783683743116393
-0.879900861919737
-0.818187093094025
-0.734025891356999
-0.82630753353415
-0.772276081447752
-0.790576731677462
-0.865116769383448
-0.843119655921101
-0.961539563651509
-0.760692177985826
-0.804169718502985
-0.737606890220188
-0.806913470498953
-0.798968870395023
-0.755703537686068
-0.715769878703705
-0.869917770231933
-0.770884975415803
-0.692441196189527
-0.77558350727665
-0.798783523211292
-0.768572861191452
-0.780863401225026
-0.787027254243983
-0.712499473847151
-0.652772826515231
-0.746037528981706
-0.732302417381189
-0.823213309874642
-0.812476575069873
-0.806815464847268
-0.799109677852976
-0.842898296165333
-0.684723446139036
-0.542645474466906
-0.759343916646945
-0.623264726829391
-0.714396281679034
-0.679560721392755
-0.69523404210466
-0.598682755350589
-0.831108343396872
-0.66415966576393
-0.779835351225446
-0.797035524648624
-0.727808906132205
-0.710118498744799
-0.639308422089914
-0.76719735654803
-0.666786299683794
-0.632417398203979
-0.66582982261087
-0.648029710736674
-0.729875598755933
-0.723042092128485
-0.654455830629285
-0.547513993719158
-0.674465355295194
-0.65690889367293
-0.70429460446171
-0.671307520455123
-0.536608751785453
-0.725736901952628
-0.680451732428328
-0.794723972215775
-0.664662900897317
-0.687297961203107
-0.479509712692798
-0.697199289611578
-0.727775832644046
-0.69076442976636
-0.608924721440061
-0.740573698086174
-0.654053821970721
-0.694000292912463
-0.63007424437988
-0.682439472384665
-0.615353418490958
-0.808052718958855
-0.69043725406571
-0.702610855478238
-0.687993106303018
-0.731701745886586
-0.712248100550385
-0.615333496364885
-0.561313291920968
-0.718038351237935
-0.638618804572047
-0.746786148624987
-0.629146851244933
-0.71328334256766
-0.766026311584064
-0.656245896327801
-0.562949656481803
-0.372073336288939
-0.636565181038722
-0.569764728731252
-0.738231085078125
-0.611107627622316
-0.530938752272384
-0.580861778110646
-0.574280001144268
-0.602570683423763
-0.608791402095758
-0.560965139601717
-0.669126446687255
-0.465090787280615
-0.679335353307428
-0.5617890004791
-0.510056766897808
-0.628461773360139
-0.599446803187511
-0.538690430895898
-0.628380443903037
-0.618213402126399
-0.630029177613288
-0.450644301923341
-0.503042976800165
-0.463745799793401
-0.524234194021229
-0.630307087112933
-0.577151053783077
-0.575824701187451
-0.547793529067471
-0.518149225999706
-0.54840947470226
-0.588228671853718
-0.42590720660689
-0.530153321618426
-0.516931963701104
-0.41398686326096
-0.511507015301621
-0.529028093243647
-0.468699553215329
-0.518245942603297
-0.694514241006155
-0.401371503938315
-0.451891355758578
-0.65535529827759
-0.523053201301247
-0.556975651433459
-0.446831769428413
-0.463094531381924
-0.563452659449773
-0.526529886234648
-0.581487177847245
-0.522404530948231
-0.38920725936307
-0.581166887685516
-0.503228794758558
-0.603744433691733
-0.479073514325642
-0.378905633762448
-0.43392182836107
-0.576264347299433
-0.545080146088019
-0.325762861881731
-0.478838658802464
-0.483902332563509
-0.570714043814673
-0.4644781026983
-0.45808033869418
-0.351541234876661
-0.615906615150826
-0.471009000230672
-0.521494706581925
-0.422650631553182
-0.460861422119044
-0.48796044001031
-0.633949153012615
-0.392992443542049
-0.658100662580239
-0.493217251225443
-0.388157546130715
-0.486318066461628
-0.528660543436781
-0.450820544501697
-0.446992318900989
-0.482398394763489
-0.408238059193808
-0.474930955265854
-0.5000766142723
-0.558303169111038
-0.506232505708472
-0.387617369234645
-0.567957371384678
-0.448918484634831
-0.382583896760154
-0.440400820678087
-0.441802339660702
-0.43795407403357
-0.34615114049684
-0.591027934542945
-0.453606025075792
-0.360028278787744
-0.371274168651732
-0.450826334019268
-0.383676835076091
-0.346777300221657
-0.483487456448953
-0.573876907442967
-0.367206598966546
-0.383251431377475
-0.545592693237082
-0.422066605593384
-0.394641185112607
-0.314542537954765
-0.367749742082695
-0.332866827346628
-0.255356054527553
-0.437046280893839
-0.315535987791787
-0.587269227062146
-0.451185982020043
-0.316528962306662
-0.38705177855588
-0.33525294654662
-0.396073643275879
-0.383788531858054
-0.431393633294924
-0.271861851174982
-0.414621185859568
-0.311240676023569
-0.370212334489617
-0.366754409221592
-0.340532379803538
-0.310129632694841
-0.352556542310841
-0.339016273741162
-0.431381552430679
-0.24540304916407
-0.395282227537348
-0.314216470269244
-0.220160109936535
-0.286496045918547
-0.303726299192637
-0.474513491630167
-0.269559806342782
-0.142983607759853
-0.329315422238044
-0.408203523695478
-0.227423170859205
-0.251447417438187
-0.363489337984467
-0.373738590366738
-0.355246357663177
-0.562671679497016
-0.321310391761622
-0.310699762596382
-0.312024430924444
-0.257769309187362
-0.390147821451982
-0.183486341651714
-0.195309044359433
-0.308010480426792
-0.262395891366431
-0.25681780783124
-0.341770293661264
-0.287591755715139
-0.418688931920688
-0.218926508106459
-0.17397685800772
-0.40473678371397
-0.34607593026145
-0.378325991359091
-0.328828640736434
-0.238474802113463
-0.262481660867799
-0.398098663132913
-0.199686992081391
-0.221481502361827
-0.033595381596344
-0.209128194466753
-0.345207418635217
-0.18361574277185
-0.262539285857082
-0.287442548514404
-0.225952574714731
-0.244121967639672
-0.430353148232555
-0.267549817294392
-0.261356474894877
-0.211370183721317
-0.226666703220505
-0.314734825314299
-0.0083616949364824
-0.0968198366070883
-0.213569003943267
-0.377044751888816
-0.384878282240496
-0.222871671263891
-0.247260499072205
-0.317080438061889
-0.247228892418379
-0.413122268340267
-0.161408772004968
-0.243612285149098
0.00618590203467623
-0.189373081466337
-0.30073483383945
-0.108785932685423
-0.145824831623634
-0.204063967426337
-0.140388665897676
-0.159080270077121
-0.212500564272151
-0.192209492322784
-0.2962576511092
-0.0873908995069041
-0.109980847927209
-0.265250596796487
-0.168803523635091
-0.200159801996464
-0.179561272842118
-0.176355597269473
-0.194141594865044
-0.132275927274683
-0.3800849363561
-0.0879088458278035
-0.121137608958281
-0.155824483067917
-0.225204433993747
-0.0494606992660087
-0.327708490214652
-0.323203279095489
-0.160363641583443
-0.248145548776499
-0.217097743302507
-0.176536518748814
-0.108259607288923
-0.213120561207217
-0.138789348665734
-0.147212515109734
-0.0610086687411226
-0.173743991546825
0.00221190278504867
-0.140257154581675
0.0296528336638131
-0.0224349758223394
-0.0381110380247388
-0.0935851510496204
-0.158636964735003
-0.181737677008912
-0.0611488857269296
-0.0876681269291906
-0.161645923861865
-0.133219775467332
-0.050837608338262
-0.143042911365793
-0.0803622410721389
-0.26851606088485
-0.0627620931598553
-0.180926389542687
-0.0350997404696841
-0.0859413980161879
0.055869789315007
-0.0815431081465478
-0.021316787161974
-0.0749693829641227
-0.144785263113279
-0.135540518110934
0.0521206007388222
-0.0175890018345749
-0.152066347140429
-0.0429554434859574
-0.0250387559672589
-0.0858087079486815
-0.0545756267815024
-0.0380903594690764
0.0158907959605893
-0.154942051690446
-0.0207516020904345
0.110190428307068
0.0176246864255243
-0.220435643500914
-0.0520134187182752
-0.0610921311666136
-0.100195374651174
0.145183750055911
-0.164646069297106
-0.0817770713230044
-0.0392501051544516
-0.0762665948598939
-0.0898564522653859
-0.0864288803498053
-0.145370905942234
0.0403468988234457
-0.0977644879336692
-0.0300273355137141
0.0161249802360558
-0.21336312075383
-0.0697717637168129
-0.118498277360878
0.0187163606494735
-0.0627803431281193
-0.0607279792716119
-0.0320698361960789
-0.0536240820847864
-0.182409836020656
-0.0400084031519188
0.0651077484633368
0.0813606897112834
0.0425149958138004
0.111199744532743
0.0267839089548869
0.0155535603757594
-0.02754131248134
-0.0481238407525829
0.0523575592238073
0.0596473599514011
-0.00450322879720494
0.115285036245851
0.131348690642805
0.000177974949048139
0.00545500949386115
-0.115351398088728
0.119001966707931
-0.0736576347960498
0.0461674778181701
0.00732265352369133
0.063554285650696
0.199745455727875
0.0975428809656394
0.127080455600525
0.0609682192000567
0.000529736980975542
0.117676556518315
-0.0128909133569772
-0.0267438293510156
-0.0361388476801927
0.0553350530557771
0.0819977956976627
0.136720958568513
0.105086874753578
0.0566969881587845
0.0418855812056338
0.0320786337622708
-0.00692478101729179
0.061585016066428
-0.0977895937206186
0.139782752479477
0.220337386351385
0.0885833861006728
0.19595474919487
0.0838516565778247
0.0378803470668042
0.0765936380017777
0.0867364463529337
0.12495933190777
0.102773964774721
0.0700707846132784
0.0438340431728751
0.147920203120288
0.0481544602031854
0.0871066404246906
0.283707998755981
0.113659864520768
0.239425671842126
0.119503641180165
0.0753152706736929
0.157245768928767
0.241602769620723
0.0991066783931315
0.118801423045419
0.320186794649579
0.049715237498685
0.239949232149876
0.29219566995691
0.0823394873396626
0.13313923726588
0.246201408179128
0.0812602684666983
0.252424641370448
0.0837587675974817
0.327228769531178
-0.0132035491184686
0.131633571948478
0.0664587068611363
0.190368254484952
0.00520107933937954
0.0310732202104954
0.146450622059635
0.143557184908678
0.284201612743752
0.208047558128367
0.151551091891913
0.254634882804703
0.182370391638108
0.340770444849593
0.202159105932443
0.326679006376109
0.0195717274552798
0.22536729099086
0.317761775002954
0.167585692085806
0.0157710301406434
0.10410149496818
0.182368583895408
0.221109808362579
0.199664107415104
0.229606367327246
0.0275952145217716
0.133093479122666
0.0719247065156438
0.192112480423121
0.176951625126099
0.282477008644887
0.10771435047999
0.196414027648097
0.336794559121953
0.227565106450725
0.127381570797479
0.311997720126393
0.197931377856265
0.129911472110513
0.181849480096739
0.160724182563581
0.285848661968983
0.21865435331323
0.17481354410394
0.152833007230546
0.454055488298809
0.397062488799917
0.194823922898984
0.183646331402155
0.227215500678243
0.122301341073187
0.215093550107812
0.276706481472468
0.260395661548185
0.275940170735905
0.147780501921993
0.403118861435852
0.288142959301205
0.281793358031654
0.321932146920146
0.192722760585738
0.315907378240813
0.350106819073707
0.249036331392201
0.341130938457234
0.344147540972138
0.282767797706708
0.274021998201754
0.354320189322687
0.260447298601972
0.420942039293338
0.22579605959769
0.354920658348674
0.167138378238765
0.330530781857129
0.461310509376863
0.357551230976121
0.261513058000723
0.353717842218777
0.324797959408018
0.383220927046241
0.416969902087207
0.187679595224437
0.529329984820258
0.260994814846177
0.274275953614416
0.262271032950961
0.445643174942134
0.293616940020083
0.534525857377086
0.232889040449548
0.229491737842618
0.291560363139379
0.458415042643831
0.236280827056275
0.334609541838175
0.233214439194764
0.151120553108246
0.43119948580948
0.34061341590331
0.32617891894531
0.283010627552076
0.275805283992623
0.246364269631889
0.293008365908434
0.352694404784525
0.244621644840717
0.226553184414975
0.311288520968472
0.566884337070627
0.36041484167539
0.427015034199204
0.396511733210715
0.425125914446333
0.297075948393783
0.444263997889299
0.330265326721911
0.603462720090192
0.443544380363035
0.399821947748984
0.452989912784247
0.382773404720416
0.44706536860414
0.411238967874276
0.465990935317864
0.339405121588411
0.412543242051016
0.241115689573093
0.429637509812688
0.236209009515024
0.358687588650294
0.327765963945994
0.440534120631665
0.554774455188699
0.380467391177919
0.479902187008599
0.379322161854625
0.309097309765971
0.457695379852799
0.450766314703989
0.363980436227956
0.272553091171015
0.398647873140492
0.518276584554297
0.436140860660603
0.55297120079901
0.470589392855457
0.43125196121778
0.607577472900505
0.438060763432947
0.234597600408938
0.380725565778743
0.528829575426992
0.533758716431432
0.496105935519161
0.459015717365632
0.532410201838332
0.414900028028744
0.490518835569385
0.381355334509549
0.517602517770711
0.4844506872109
0.442152347082836
0.542754284414691
0.431487343477147
0.484943353732167
0.483388562038833
0.405600536738281
0.556650495809837
0.374670282883745
0.378407709374622
0.447710376125009
0.516380918899481
0.438643933375759
0.502905401671571
0.469041778012794
0.450036170652626
0.516636051996585
0.571980112891193
0.613518687596683
0.505632131198373
0.44394423640151
0.501704262993957
0.390177075866018
0.439880101570452
0.516590204699567
0.700007918029332
0.463959510969973
0.421014585347601
0.495318360864106
0.48284194441711
0.686110172960595
0.387721358362639
0.49327888504071
0.49727710936214
0.463225660751146
0.51223587602269
0.650195567340024
0.561861324623663
0.356043700739497
0.528357798889488
0.593082995288719
0.489886442822429
0.634382062148774
0.634417878893019
0.641964513940479
0.646078294187011
0.575435384226999
0.55488297450206
0.488813815165887
0.547907097972372
0.657736679375819
0.615678041178284
0.53317836125765
0.669350522812852
0.654092336394015
0.556224640343488
0.559498521145134
0.71719188432034
0.498137328337559
0.659750422353542
0.602073543825984
0.801720322578642
0.53053125878365
0.465480880150521
0.538150343329437
0.647399460141059
0.6021461514539
0.669636301879798
0.594282070248992
0.645796727134955
0.732951846545505
0.683286521182214
0.623505120667313
0.639473104608104
0.638908080080773
0.709386104137287
0.639035783561037
0.602625133929241
0.643027033504048
0.467856485633415
0.600567933153184
0.543964051621331
0.638282650313935
0.430049770182372
0.738535994072339
0.539441389902335
0.600526785039371
0.52528266479643
0.561542280322223
0.672607952401276
0.751136874013691
0.69507679702627
0.549248313806505
0.692241956034294
0.66039548300904
0.673874178203962
0.771793092097978
0.639744690166182
0.607924307222874
0.591451326353653
0.734594363095552
0.735747088635483
0.804753378573689
0.543370657421967
0.672075124884773
0.785946480933005
0.731950804321062
0.684853389412363
0.633233677699311
0.836176199577567
0.613324036742256
0.773003271556153
0.789484977432446
0.679698510209759
0.752641129364406
0.784019987800794
0.743812443011218
0.748168881472852
0.801531826311646
0.601926748189758
0.824446959874195
0.74415761452403
0.72056749549497
0.710730183544683
0.7887935862142
0.750384535641265
0.776842591129188
0.861546020669315
0.678903036344066
0.657759982818312
0.60612677576766
0.759327562466447
0.747648692775373
0.641121617639788
0.754166485574267
0.723009041402101
0.64073461083334
0.967924069563468
0.805438272425053
0.698597159410879
0.906444818066501
0.703404271358142
0.798753916664858
0.547375128764686
0.691403693291988
0.718938979927107
0.711678064188742
0.776913708871833
0.771177807232258
0.811828483482386
0.855148868765625
0.721365651750508
0.814638830929687
0.791948226001118
0.661626038600773
0.735314826507512
0.714137980619933
0.723569126636337
0.798705466313007
0.764994867139768
0.757823565024791
0.888786564934944
0.783207853870459
0.688026380313686
0.774831348283661
0.758129387571942
0.75325552929544
0.77607224538826
0.84877559101157
0.821820387867222
0.925506860331197
0.853772563067363
0.737828124374459
0.978523269724069
0.744317525428509
0.889636734506587
0.823803491530983
0.91882875220491
0.816010475923395
0.689782688801063
0.840906202318534
0.888148872173084
0.830400549855694
0.663652964631426
0.881623088963224
0.867625176964277
0.9008707103524
0.90205080897426
0.874927349597264
0.899308250976664
0.683537576181615
0.936239247507649
0.919621550762989
0.819894663553579
0.79313330668861
0.838439942951268
1.00778508833315
0.887118503573098
0.954083363929636
0.862477336534118
0.916200007409148
0.884880941917766
0.932048957791982
0.958913331226618
1.00878284182219
0.880406830102679
0.937900457656207
0.962113332422729
0.999049537805294
0.780281119599716
1.02967315598425
0.848242455077047
0.850902537450894
0.796801016945473
0.825885692980692
0.924958749682144
1.04329246657203
0.947318717668111
0.845543420660585
0.998518668071722
0.933411558862842
0.949063278374069
0.90224724843365
0.933984749859156
0.980770477196717
0.8568114872678
0.81093615755387
0.876938919995777
0.944459049898461
0.826070060248598
0.984593435451289
1.05615595173927
0.826314798101818
0.83669714573192
0.927506611803826
0.855501999748955
1.07605582036677
0.892180379429206
0.980590369988619
1.12671398680189
1.10768165635355
0.875201645503378
0.91287079926372
1.10701713817586
0.848765936525482
0.941885730064336
0.888122361319674
0.823687337282331
1.03657172652828
1.03276563806776
0.968766982276297
1.00281549479948
0.882013735145246
0.854075411860611
1.01051973163559
1.08225367470589
1.2061197303482
1.14896481091187
1.1202866966432
1.00274744232048
1.04653684909641
1.12027762004907
1.07041229629025
