0.0638285365892857
-0.979929932878718
-1.0539598890897
-1.11906430311847
-1.00418102334214
-0.855532723869306
-0.920566459583816
-0.986553880297837
-0.924825822847337
-0.941498412108667
-1.06835185121094
-1.04701293831909
-0.967186209482116
-0.957960685208905
-0.933645691796756
-0.893357557800328
-1.13981395472133
-1.09803951523911
-0.92745368745103
-0.932020073068609
-1.01517672714664
-0.927428084090249
-0.898379050346408
-0.980497505435816
-0.884520261196516
-0.917547201210638
-0.962893761485493
-0.963498999008023
-1.07006055555102
-0.825849622109595
-0.996566553317106
-0.999566384892253
-0.984846282514185
-0.913815159680106
-0.967338337393524
-0.92153449231645
-0.941873297621249
-1.01159744506807
-0.905437446465428
-0.832757666934552
-0.854786641308817
-0.882124898795122
-1.06324656813882
-0.965232064296283
-1.01396438157749
-1.02413388943378
-1.02986329331847
-0.817946408110423
-0.892171634045124
-0.858156997988798
-0.92423226745397
-0.994426176166925
-0.742304968850538
-0.898439064631225
-0.817333889681209
-0.864014876309979
-0.944039654439038
-1.02514355178207
-0.902856952644814
-0.844266718249252
-0.960612343477612
-0.813016726610159
-0.723512317202437
-0.860479057378885
-0.941026984176476
-0.695199910850412
-0.832099036258721
-0.865442507429907
-0.733224529242271
-0.741238710796483
-0.802931496095364
-0.810435252677066
-0.901370998946763
-0.854136416151043
-0.810719978625483
-0.701724391916023
-0.901566777181829
-0.884841316839769
-0.893588561958558
-0.978426529375572
-0.886028319715932
-0.838809166805988
-0.866685098636893
-0.724243736212093
-0.782071853399855
-0.807170923896567
-0.8441870185426
-0.700683882881339
-0.681017985264158
-0.896000313609455
-0.729205683385123
-0.838538255255347
-0.716291705037312
-1.0017769296165
-0.851850436230654
-0.822160592598939
-0.823504983221176
-0.696377130159439
-0.799421544185599
-0.689317153826592
-0.843259930088132
-0.766823426516546
-0.82705584329678
-0.797223284933985
-0.859326488877574
-0.747059429166595
-0.701494873654467
-0.699711720724792
-0.937700270673121
-0.837396926566988
-0.911776390277377
-0.696179378014197
-0.790453930360772
-0.716100663904908
-0.830016431564497
-0.81334920208374
-0.744558996400891
-0.827559698584835
-0.935210381281378
-0.668220813223676
-0.801499928001078
-0.839842975934821
-0.851789271016068
-0.710470408471906
-0.740786131807269
-0.704425091550627
-0.787540721620608
-0.717259172220001
-0.717732864923329
-0.949266573657524
-0.697012308152232
-0.833434995398016
-0.65517137389198
-0.710253314566156
-0.68424574036143
-0.758939671127843
-0.781449589290053
-0.760930661790485
-0.725058662199564
-0.694431204653004
-0.644630297703076
-0.846484110050191
-0.681134059831859
-0.77749540663999
-0.770048722787345
-0.747605808555648
-0.685827236351991
-0.762544606015114
-0.742617583777515
-0.79517333098466
-0.704881513732056
-0.746575918083154
-0.786431894597124
-0.63929765439882
-0.816031852445619
-0.652575263042809
-0.643305066023169
-0.666593303400375
-0.723673366445991
-0.647606150099701
-0.785635476811691
-0.61106040780441
-0.620453499367539
-0.67637442438586
-0.676116336269526
-0.813583754939403
-0.428724134009864
-0.561976445878625
-0.660876689663181
-0.638824523152948
-0.714765689437902
-0.651189307345111
-0.589554240963722
-0.687060370859928
-0.634677356581959
-0.583577991759978
-0.604130693928435
-0.50358511551888
-0.654570759438994
-0.710594329828218
-0.682436637519498
-0.526513654769731
-0.486834161139207
-0.634978779566673
-0.649416336364294
-0.64520354678307
-0.581888910654022
-0.513944246003209
-0.509035233568297
-0.646210414240057
-0.705923132976742
-0.625148311761859
-0.65483500636098
-0.609218216222385
-0.556199435347848
-0.627130508844064
-0.660253332207188
-0.771473889775159
-0.694115803759793
-0.567715683741329
-0.666676440189269
-0.659988667587702
-0.628273552781891
-0.429303406236267
-0.524324820651058
-0.650939533280931
-0.580048458098059
-0.656525273469329
-0.695058699296703
-0.504600780001118
-0.37749689553833
-0.553714370720351
-0.678141850392728
-0.514024442837557
-0.709185227399702
-0.726857359442713
-0.515801384701467
-0.690028937160273
-0.550074208992657
-0.627724639951966
-0.620580860805836
-0.647189052206023
-0.446301929310515
-0.546457107245077
-0.620904554058615
-0.519065396080844
-0.356022903175842
-0.446594229567881
-0.669847434137739
-0.600373931433731
-0.380355758379431
-0.536418303662219
-0.559717679902435
-0.668763632494736
-0.512377373714227
-0.389445060732296
-0.596919762171785
-0.512504079740099
-0.611649163655655
-0.65236196162596
-0.602628840545157
-0.493398246837664
-0.462454126273869
-0.473435108023611
-0.349865627383907
-0.55046341995319
-0.497910612970258
-0.510990637165999
-0.696836497524377
-0.420773279554668
-0.586734331394853
-0.616484021474407
-0.539894607192906
-0.414434723423562
-0.485528655848292
-0.468068904023864
-0.578934415797869
-0.568131846614013
-0.603588472292484
-0.430314389722923
-0.557928688687973
-0.572476498401135
-0.475200915383048
-0.510448623044651
-0.507512404179168
-0.398463832366675
-0.483967224449097
-0.385659284943593
-0.484136690477306
-0.450844170107826
-0.553351082277412
-0.45234766383412
-0.585323553471977
-0.404046624088588
-0.411550222636715
-0.486072292988054
-0.37933911705796
-0.505234191972869
-0.48849180931734
-0.477037082078391
-0.448709985163831
-0.35646369371495
-0.43115857194656
-0.499985294960111
-0.39228956961195
-0.354191877338591
-0.551209671662492
-0.518770436617632
-0.296482504395226
-0.49355300434826
-0.37262915297706
-0.479158433816801
-0.402930690377411
-0.416313342645957
-0.452673969625547
-0.396342454813997
-0.463315404113811
-0.299801123657656
-0.433939858357746
-0.432589019709351
-0.464412016743517
-0.323030224489582
-0.354118898230558
-0.28086913643087
-0.297191569657435
-0.409020129621966
-0.248102645488276
-0.445360463561374
-0.501262044064499
-0.42174337894068
-0.330318627261011
-0.35806886195129
-0.319533900367011
-0.432846275258746
-0.497168087493249
-0.382711611598247
-0.299368404607244
-0.337284979408355
-0.349130553488099
-0.440138816038763
-0.407424651450086
-0.279382909088267
-0.316936310206742
-0.414934950284638
-0.293261049233874
-0.214299780564849
-0.254456966242048
-0.296467063655433
-0.288666546531609
-0.416088617947784
-0.531318265125534
-0.344636308498958
-0.302348931190933
-0.198740177825995
-0.298832352117744
-0.356077359112549
-0.318913003915472
-0.276109635419605
-0.362917812150192
-0.183835643490438
-0.38582123901584
-0.329756069398692
-0.403879473988381
-0.328587729962323
-0.308489164387801
-0.4063052214741
-0.272987252600883
-0.295118080270263
-0.393190766215536
-0.406526120042548
-0.308904957809252
-0.507366080092637
-0.297410478403372
-0.280059167372032
-0.193848579549507
-0.24672262627795
-0.355126634790978
-0.418241159115511
-0.293562065265239
-0.289082687361748
-0.328597275166228
-0.15117446237244
-0.193097447783991
-0.366396102726345
-0.407801506057628
-0.281695336572755
-0.230678291710551
-0.306703672121891
-0.28216407626419
-0.226603779675511
-0.268840069743916
-0.282156340445114
-0.272637825790024
-0.262358693590587
-0.24821484572636
-0.365680515233545
-0.288883521831162
-0.455717369221891
-0.180271647978545
-0.344547223676606
0.0526823241452899
-0.205988268244566
-0.322285960578418
-0.212941608127946
-0.240955113637804
-0.21262023166165
-0.159311234324627
-0.0390553389094525
-0.231929412752225
-0.188999955785975
-0.254627900246049
-0.135154605172054
-0.249613944126447
-0.13142470953838
-0.405896523126607
-0.210709161409601
-0.255444326722245
-0.240308973221506
-0.154557648303837
-0.299328917178747
-0.197187002378823
-0.153285353933573
-0.117249131527388
-0.195467661380437
-0.189143227810374
-0.156187190930406
-0.166129744903893
-0.210165455666621
-0.148246587376865
-0.203522217920314
-0.168754770294338
-0.0641188638643505
-0.317712890638597
-0.265251393299929
-0.132401637501293
-0.0881581170858488
-0.181605359750514
-0.0227593596898287
-0.214369357012059
-0.240070219114659
-0.0558225064301809
-0.245227595354365
-0.218475525861996
-0.142694663492165
-0.097109018658845
-0.210314260925246
-0.048023329721198
-0.108207990795853
-0.0988319624591825
-0.250566727600362
-0.0649819361200844
-0.0384184514070688
-0.175611646393039
-0.198523501647474
-0.0207065239784867
-0.156239815319395
-0.26855469187762
-0.302348958332704
-0.0441718209261083
-0.149554615114326
-0.0694301426402842
-0.23516399620341
-0.11680497575672
-0.120451871214931
-0.134136651851501
0.0344396486481136
-0.0747022309512089
-0.116850749047343
0.0384213003534837
-0.103428238618164
0.0669177678685199
-0.208122295574584
-0.111568118512158
-0.0508134849948283
-0.0257421644812704
-0.0620327443646587
0.0226975001582532
-0.195902983912809
-0.0462066387656753
-0.120232134035204
0.0319446384319063
-0.170679765366055
-0.074197998763178
0.00772808004145491
0.0326115261728457
0.119068262704565
-0.0598625116598936
-0.0784983784984162
-0.103298509342845
-0.0625163061992086
0.00707765919392834
0.0256537121065985
0.0118988375084193
0.0560735656418518
-0.0674721875958442
-0.0572590168641852
0.0395579994547281
-0.131047817893777
-0.154337403401169
-0.0982819650978639
0.0904429814138868
-0.0550388051448618
0.0312986957781031
0.0105680039862437
-0.189146534599009
-0.224936981794468
-0.0481319393075479
-0.0246485881516196
0.142638865741228
-0.0383454004239292
-0.0017173643397222
0.0336195483204184
-0.121056529896856
-0.132165931333161
0.0796100140078491
0.163812500337984
0.0598601625340136
0.300311082393344
-0.0324148516009747
0.0326788284890287
0.0172742702309682
-0.132369800363411
0.178582515216732
0.0130522933559847
-0.115101131566822
0.0595064616721983
-0.00971764465143096
0.141993461011603
-0.094909208808109
-0.0777377862431891
0.051824359911308
-0.00465304328941774
-0.0569401836032147
0.0041616399952498
-0.0551523883514256
-0.141278654701543
0.0228383231643824
-0.125076247261769
-0.130143056516119
0.028504690575036
0.161516150830334
0.0676238511531852
0.0889484796916231
0.197031669969904
0.0661194723983894
0.11107302266755
-0.0714250718171734
0.177853828366584
0.088020409976208
0.0948947725758646
0.0395611160068577
0.195725351068789
-0.0474361072790117
0.131867922952259
0.0876090468726987
0.0550994089707413
-0.0115350103368491
0.114159065466819
0.112388988313361
-0.0250259728139394
0.112909547907942
-0.00466968188076179
-0.0187494341155708
0.16353721546818
0.114585442280551
0.0411511277509376
0.0916618759347323
0.179035599747357
-0.0382447062746069
0.0392261722611003
0.173262876377216
-0.031228051394331
0.172508343002881
0.00936585314841259
0.130442607913948
0.0768516674719335
0.178449403005798
-0.00544363135117037
0.039781590228006
0.160793008012665
0.148928992627435
0.0994399262822851
0.187720405823889
0.123554982394325
0.16142457093324
0.114742339075478
0.0952078319691096
0.170028191301235
0.00346330018866931
0.102960604564151
0.128095396698665
0.211543853534912
0.224757710682848
0.188742357341234
0.189511144790162
0.125962974764169
0.0364864585835545
0.191493700591343
0.0553297421547173
0.135415622999847
0.028443561274534
0.264896207835892
0.0235766483899435
0.189328216143771
0.0837144934538843
0.367988535275922
0.0343293188823265
0.105748246361693
0.218529472484954
0.270195793497592
0.164474745576538
0.139837881936689
0.249112111832966
0.25448128497501
0.233926331611804
0.183983977278751
0.0813281104172879
0.244552845725218
0.230657044093218
0.110979971963792
0.211187299773402
0.0574980231035002
0.182241059834577
0.144676786543195
0.358320719404453
0.301982379463709
0.209793053126668
0.163024816651265
0.272903685175719
0.0260208872693012
0.112771690439314
0.194187254946015
0.178542421867554
0.0617496818094897
0.210691725748977
0.224519488082256
0.0401455103164368
0.170245071016377
0.257711022578812
0.264574132351345
0.351375766865492
0.183953856340826
0.226131523262438
0.277152899334032
0.384321928745339
0.198984857209905
0.148064236421796
0.24733924091515
0.356818584653066
0.325600932547348
0.160967132147996
0.273396411694986
0.286624527793023
0.0892235190713097
0.368514637099356
0.365281078495627
0.300714831277226
0.262959799798767
0.162439814363474
0.247997041901892
0.211746493514954
0.170084256012837
0.301627241802066
0.295304302084144
0.307387968877744
0.256096800678678
0.383880505165981
0.13270447592037
0.28829008720249
0.388910951274546
0.315272289810332
0.297443109961162
0.437607401122117
0.295597814513262
0.264950006243724
0.390583144604622
0.358203343902697
0.380248883737508
0.205662921362695
0.385232187392644
0.355651728194064
0.258907467310426
0.378791594771098
0.313647021795511
0.324494221490641
0.273899824963984
0.309656135061684
0.324317370746447
0.303593186672165
0.388958428277118
0.346545079608086
0.323083318311826
0.298883785131719
0.395809018045379
0.394266484835677
0.331776720040021
0.183160321172665
0.352944790526565
0.370019698595519
0.27159700966339
0.344478657559071
0.318406935892603
0.2896961109366
0.41377901071053
0.409570118994453
0.430422762119947
0.398053226645729
0.293326387545948
0.275035404103902
0.3508598893279
0.322738066580077
0.310573583006731
0.35586084062801
0.420499396105454
0.343914115667957
0.508629151698897
0.546315391753613
0.432530193256246
0.467997323713888
0.369028499304967
0.420823377071702
0.550092513955865
0.458595894393011
0.471545022975742
0.389009876091073
0.343103157535457
0.460682806558537
0.187229740275093
0.256848769315854
0.415938274968208
0.295025810256317
0.449739000085936
0.506822514639984
0.525721531500016
0.275429197039937
0.543933285358511
0.433230157916109
0.372844233121994
0.422876536480249
0.360266988574191
0.399715458531433
0.28980461287143
0.629768874478913
0.396360781666959
0.635837970395955
0.53789040846128
0.368438605740902
0.419354067916052
0.295222924442323
0.415867457723747
0.494953834466759
0.571561533357495
0.423314307835053
0.535061414216274
0.398084221236465
0.429230755433001
0.480146062105881
0.418262907646152
0.470712353595113
0.301556247921009
0.40665658877249
0.4396053192246
0.446540645270216
0.427069153224759
0.441026025367869
0.579388639354605
0.36320839522179
0.545087484219875
0.558308824220751
0.458733850114446
0.644715253693449
0.456118222485315
0.579820473719022
0.521955764040764
0.58713840947004
0.425997258218115
0.522569144635825
0.47285949903494
0.504262563920685
0.581691849824358
0.550693606693161
0.521857739049949
0.473719927002541
0.579163481036372
0.551277980641223
0.551215852091183
0.465958718518022
0.624220218986456
0.427713024296231
0.494826484639179
0.415794444367256
0.572862482946635
0.553988037354628
0.483685062195079
0.533018546901984
0.673031322739445
0.594869303956069
0.465792545954016
0.419558992853123
0.499445300429015
0.56071959678884
0.655730201579839
0.527647640487782
0.583864096092899
0.687067036996273
0.566175058152251
0.488030633284742
0.700940615687627
0.536507895910266
0.551231226854505
0.693880261589194
0.62477096582518
0.332148724397053
0.528803190846139
0.626180638857613
0.514333620101634
0.692385795306012
0.683766965801409
0.47749949285515
0.579936733040349
0.606056778853951
0.588144477042099
0.481410935781499
0.547600087586361
0.55082477458541
0.710442695891472
0.543929573653684
0.435623887750998
0.696129812431941
0.504624384602459
0.723263372026081
0.699878249959619
0.65914316395834
0.592319624266088
0.683752277504586
0.604983640486261
0.715144425338692
0.666753826391039
0.546544114095585
0.665496674546306
0.7291818132493
0.59573235672031
0.722768440195168
0.626097705939016
0.657448338617508
0.626539274076749
0.750345983297161
0.648129151046337
0.681569484915927
0.690463526328056
0.684237809610152
0.610443791048377
0.74426839867241
0.744978561303525
0.751966957147999
0.769844254401701
0.581310530776292
0.691179014524409
0.632645159317389
0.705027335349977
0.710799642596333
0.79459730319722
0.815052952745803
0.729059897550479
0.468614060391527
0.668375224008826
0.639174764430909
0.680421538982922
0.648616289860213
0.689496135569903
0.681853492349059
0.713514930744602
0.723089552385957
0.712447743630318
0.77515714687012
0.698296163531143
0.816533175443975
0.817782556586449
0.74596649293919
0.686051663220357
0.875639417431475
0.651113114579078
0.660744734854315
0.778650527757406
0.702230434500548
0.557860064871468
0.593443377171985
0.583862621719333
0.658454926086309
0.749793355444509
0.690819708263496
0.731869180803098
0.681919359806365
0.603845286930699
0.717401442055883
0.868128673083966
0.659945024626923
0.738164816442261
0.656206632685121
0.742454972039517
0.797432308204224
0.770937870605366
0.840435893592226
0.708829549624271
0.883878212694254
0.744417028737185
0.82927590377868
0.728420654035923
0.792814902358461
0.908434443947091
0.734842054702388
0.791500681223864
0.945095131952963
0.894549825341039
0.685653744779052
0.848636298248972
0.826312078570305
0.76230508934182
0.848480945272106
0.817005243369233
0.836275926764009
0.728677180959832
0.689453486923204
0.907026628640189
0.770184375331632
0.699506886972813
0.685033981162875
0.776356125541032
0.964856744751992
0.841669024330524
0.835920516047635
0.868661521929301
0.978729813237256
0.758025320523333
0.738014894706554
0.825970235410921
0.751433854747762
0.834255475845659
0.966390889333667
0.926945563926713
0.825191810517918
0.920322709079283
0.81925841031609
0.761829744428943
0.848520686775457
0.788453256921603
0.768279906037212
0.791934581228688
0.785909724305999
0.868588186814478
1.01204636967245
0.982848573710961
0.945710086397065
0.784544383713139
0.834375053544706
0.908859717724728
0.973598249015492
0.752083156173809
0.892658738339057
0.820769164749706
1.04161454755667
0.871235397550294
1.09022156866357
0.834161169377495
0.920247748976014
0.89504933659691
0.92770787572197
0.896235158543525
0.791105035841418
0.901068463049918
0.972873719884365
0.920205591275674
0.817555568667491
1.17051382719769
0.961155351191471
0.841749828594504
0.782924604364028
0.916684140280395
0.923713825480594
0.697563136164829
0.936972589684772
0.846656505014583
1.01769118959967
0.88677936748997
0.942571242043435
1.0554230232288
1.00739644889522
0.95974931595867
0.981140908130207
0.918147393845882
0.967738122881101
1.03614852711044
0.919206767524795
0.904195740124944
1.00908721397644
0.881045284107095
0.981508883242672
1.04356387897961
0.973143455433449
1.11576455752715
0.942961970815085
1.15185533833486
1.01185951321057
0.934958948638658
1.03549306947134
0.888880930885495
1.1003511919142
0.927732719918702
0.862245045264354
0.956871122299845
1.1023679009858
0.957401232484644
1.0729354346146
0.927831623379117
0.905566134575408
0.945552762929259
1.03397122655214
1.06678609080471
0.994023101205295
1.03198931196031
1.11447947220491
