-0.0770176909111659
-1.07164502977478
-0.930000110046372
-0.901501439786774
-1.02233196940199
-1.13231770234563
-0.903830633521442
-1.00828315696344
-0.966148109681743
-0.98110929309389
-0.913540901175015
-0.855029586031211
-0.966181550205097
-0.997648703392453
-0.980166585695612
-0.961312203320526
-1.05117589649566
-1.08719445051577
-0.969814705985189
-0.972842033772916
-0.880738779792444
-0.960572189501088
-1.17896542984922
-0.943489366246216
-0.893117381143146
-0.867949787810011
-0.940103022177956
-0.991964259881274
-0.996298446763318
-1.09456304464238
-0.953020351702317
-0.842244107022089
-0.895927016341571
-0.90123117498773
-0.909276029627997
-0.887282572220996
-0.840476039928709
-0.946526520084676
-0.845373071064441
-0.823596732148258
-0.823832624242217
-0.896207381125454
-0.870301890389978
-0.95212659926249
-0.934355587977134
-0.807878510450126
-0.899352009936794
-0.904270183821786
-0.900607676076863
-0.907406188973548
-0.942390128088544
-0.895796401318894
-0.87339074098759
-0.908845457413341
-0.984325941726379
-0.839095424593902
-1.04436471753953
-0.889098528827594
-0.932844464338588
-0.939520776495938
-1.01816533575956
-0.780033670630336
-0.907213659003211
-0.832608022533277
-0.747140871826988
-0.744507935825264
-0.896335570432283
-0.850860552736042
-0.840633183092334
-0.640492219351461
-0.924835625683226
-0.805998399054387
-0.804052882932743
-0.935048105487254
-0.901187032915837
-1.01519225102458
-0.88035644599091
-0.817545470771179
-0.90839489510344
-0.81816364505044
-0.758852137625869
-0.83388189361213
-0.807385487060814
-1.06898733073437
-0.76642679635929
-0.791512315206719
-0.848658516504855
-0.793613562994718
-0.982793577950407
-0.780957196908467
-0.78678229796301
-0.765836141328467
-0.915328827249213
-0.612823656271359
-0.816266424849402
-0.811965152916763
-0.73162212918592
-0.836246427896772
-0.854302306020727
-0.81374983818763
-0.784507291399097
-0.941986096109849
-0.882129873899058
-0.950813771588742
-0.782178492443765
-0.854485907561949
-0.644212440493885
-0.867071819921726
-1.04399246032171
-0.8020617208474
-0.836096755403529
-0.865496611629407
-0.762569047340396
-0.702343359940517
-0.824695235485134
-0.860865846655364
-0.738999343130785
-0.785302685668091
-0.660586283859831
-0.706179362625838
-0.766490290928017
-0.631121039311747
-0.790795418082895
-0.632969990185603
-0.640164208799622
-0.784480273867392
-0.622917863620826
-0.812834746631555
-0.766543310352832
-0.63371547042349
-0.848301387441768
-0.662468185434669
-0.921908580524939
-0.713939266541461
-0.74841991734882
-0.710786371422587
-0.815278319478544
-0.838602459318581
-0.706789525528003
-0.743075752056157
-0.585839646799818
-0.639305379589806
-0.72260687393259
-0.711792798082966
-0.595259099285973
-0.580287495087613
-0.580573365742245
-0.796929487754513
-0.656832330111041
-0.818888525855115
-0.734055523032877
-0.652795253819934
-0.78008559241861
-0.828360947798806
-0.647519612798867
-0.667667436830479
-0.702692645305744
-0.761886296831979
-0.694620682306419
-0.569130624012571
-0.801829776182451
-0.576317724113888
-0.687694264807536
-0.500581879056358
-0.712088139169339
-0.770572175418431
-0.689724566414814
-0.575940683026307
-0.581100878966251
-0.70022023065297
-0.662962325844554
-0.770953174887408
-0.62396193840299
-0.622385427878671
-0.659038048581916
-0.686236222298022
-0.759413364655595
-0.659255131821257
-0.860094115892522
-0.638155228376998
-0.568410444834294
-0.793107661883259
-0.686779400353462
-0.61061411398113
-0.54417415821398
-0.617671558995426
-0.659808717512219
-0.610297067694824
-0.625617942978272
-0.577967216847341
-0.78411428230227
-0.639365721849294
-0.623258423470122
-0.675259997731983
-0.573688282882416
-0.559747523604345
-0.404117005944098
-0.595237444401206
-0.751443885436894
-0.723727080966056
-0.585786663880149
-0.760357205738957
-0.488936606432078
-0.642868843732699
-0.576292102930451
-0.519149480253666
-0.583143287548264
-0.766665684186352
-0.652003883212621
-0.454048312507983
-0.678821331597538
-0.464879945960907
-0.72639576373133
-0.535595248421069
-0.604835641067987
-0.526307780969005
-0.532200256755822
-0.52107745488085
-0.566327906708016
-0.499932966223786
-0.667764425263444
-0.538420249875924
-0.657929362562684
-0.575570539003
-0.664360107465234
-0.515386740792579
-0.560010998289002
-0.490880236471794
-0.697944682665835
-0.763043241061059
-0.609606994372483
-0.602099361686921
-0.579829031145187
-0.493916171296961
-0.670228982549587
-0.54088641750887
-0.481336776706704
-0.437627129514573
-0.583098941489884
-0.517554826109361
-0.591942141659289
-0.342588968191401
-0.484234654824253
-0.449632169526695
-0.574231836994478
-0.604101602330318
-0.50436752734409
-0.484366442276368
-0.351616795458622
-0.305766584096079
-0.479559629560339
-0.50530647433795
-0.515887290772693
-0.504593822020183
-0.437563374359595
-0.546971399989646
-0.441828171499375
-0.57064091732633
-0.405619870950991
-0.561922353494712
-0.430444190879316
-0.487927262743667
-0.305616694858307
-0.510388955724475
-0.42419419216266
-0.58832003488037
-0.628534989851545
-0.496434621076132
-0.579797810488072
-0.433170830101811
-0.41817962478146
-0.464257503822257
-0.370466938595592
-0.543642834974155
-0.493886501274484
-0.491216894385159
-0.543806661406997
-0.37752962016257
-0.447690218902075
-0.315838430085593
-0.513253665915715
-0.561768779167863
-0.405159223745582
-0.509200912054128
-0.502954453624553
-0.419418176058983
-0.42142150711583
-0.382027828426153
-0.421553668080073
-0.344999449727379
-0.399593670388307
-0.621595364921989
-0.440248037748859
-0.497816365751209
-0.427915305579199
-0.398094834373081
-0.418449443795808
-0.357427416400971
-0.467424772249821
-0.416772595046768
-0.407951010782693
-0.342033386799386
-0.427346297429051
-0.517223493018379
-0.470216596724034
-0.411260442967399
-0.271353700242637
-0.384952626851421
-0.322643420533001
-0.27833658324896
-0.427268716277894
-0.328575459109626
-0.31601477410707
-0.431787707728976
-0.50481721686629
-0.484395695505673
-0.214599723320699
-0.266683239013035
-0.27948776978421
-0.399358218426623
-0.411752067316295
-0.274312375887125
-0.347780326171967
-0.414199659254856
-0.455295871893385
-0.443955559171221
-0.409582461386832
-0.415440179448348
-0.400537936785759
-0.390363722444397
-0.155262692639358
-0.419722063644067
-0.312380438747136
-0.294224653834002
-0.415828717892182
-0.323376294464382
-0.436421079289999
-0.265519844944673
-0.207814911023638
-0.327352716254367
-0.378441522246308
-0.487052351142177
-0.346003653022035
-0.341988008546645
-0.392271625951106
-0.201853005447658
-0.266502834657205
-0.362518784591532
-0.160595448592661
-0.194789294914017
-0.350317667428729
-0.24842324208052
-0.212611661365335
-0.167556349678399
-0.413869671828127
-0.368530671296966
-0.133855598278329
-0.237388953066596
-0.256319782922609
-0.351285451055198
-0.337703288730599
-0.24497753929238
-0.338967401929823
-0.190409959136923
-0.234576427848494
-0.278150508614853
-0.188544150179963
-0.250361821612608
-0.150135719178844
-0.183897068378911
-0.245403246093838
-0.0523974498877721
-0.357065990997114
-0.225742929325206
-0.13809252937386
-0.198305804966149
-0.2367794377306
-0.330573004294587
-0.226410329012474
-0.360778500946171
-0.138416228125052
-0.2236300364373
-0.187064738295583
-0.327674906356608
-0.258265754704936
-0.172660839960429
-0.257640065096375
-0.165133935641432
-0.333055029385273
-0.115210254546492
-0.227092762947163
-0.168205297981372
-0.14425635473014
-0.138147727215295
-0.284066780606567
-0.153968518181174
-0.392136511990118
-0.259003105577424
-0.270474647613059
-0.221989287037726
-0.0178936699076152
-0.349769312022053
0.0726293380722316
-0.237355305706452
-0.179017751257583
-0.134448786064643
-0.124260365470691
-0.119763333700293
-0.0591710277306055
-0.0678457529442412
-0.0968261567074646
-0.245150305664299
-0.135273638503706
-0.0659275102926473
-0.201406326654319
-0.0804974902387922
-0.254306017138668
-0.0894918439674821
-0.0795395802174099
-0.117103565954168
-0.0768871021366824
-0.0906788461625509
0.0234674059340273
-0.0173084471032142
-0.12691661687217
-0.0952877608304601
-0.270765641980805
-0.0713773279112178
-0.0691301000751705
-0.0621133965786915
-0.150744685169794
-0.228249662086747
-0.104487223823013
-0.106309340544659
-0.108794950000454
-0.0902745574943289
-0.284313333384705
-0.174452224542872
-0.0760680604083747
-0.245116020224662
-0.0495161911322221
-0.289672315139551
-0.152924007166265
-0.0920297054795469
-0.0941254326898768
-0.213264461546066
-0.13311891616872
0.0182326272463614
-0.0676969914318087
-0.0297965936856726
-0.146903086562036
-0.0860864871680155
0.0420837156392246
-0.15634427959082
-0.183438105859241
-0.0113374633824658
0.00706245023178655
-0.0844811520777728
-0.0302162355203912
-0.0175975617438067
-0.121985725990336
-0.121142471236775
-0.122929704300331
-0.22247307963286
-0.108276311222514
-0.144291074340107
0.0979922394013031
-0.222811418513476
-0.0265900896636327
-0.0661666218089993
-0.140223036529561
-0.0675302017458305
0.0845374233599718
0.0529788780442955
0.0437181899036068
-0.112040835187308
-0.00795487043786691
0.0553423951987339
-0.173558785723878
0.0969602607153197
-0.0219391496612952
-0.0786177155400704
-0.117280940056041
0.0289501478531506
-0.0229128840235869
-0.130839676526603
0.115953161023972
-0.06772874145542
0.0333132860859
-0.0909126739179599
-0.0225235980329718
0.112447957794487
-0.113603712236498
-0.103336342475806
0.0433887103045132
-0.0426764163679137
-0.0379777168223271
0.160774894666604
0.0524374011737851
-0.0915745639594438
0.0819001591821452
-0.0173059816979026
0.0956889709896942
-0.136607822427377
0.156657264826945
-0.0182170235570784
-0.0387559336982039
0.225657435047991
-0.0507826444964396
0.0327108386035125
-0.150608138169241
-0.0233150565662462
0.0335328109925636
0.0663849138201916
-0.00505186387482507
0.00091158589762557
0.079119758056289
-0.0516180148260086
0.180689410696691
0.185058199170644
-0.0580027424870262
0.0701954513060223
0.177408013535466
0.112856828977892
0.0177051392505817
0.0517765102640527
0.16144024885045
0.0652223933534365
0.272633767520629
-0.0248758262007365
0.0390665229817423
0.0547367230998762
0.00710749030156886
0.1136806882592
0.114490619317783
-0.0308252488849031
-0.0271772438687165
0.170383333696428
0.0858843685146338
-0.0239025800073291
0.119509902150144
0.191732968849728
0.175800877201063
-0.0266270665112936
0.211841741539887
0.0820437632586959
-0.031634573706217
0.022120197866074
0.00122292280433606
0.203228731037607
0.15009375253946
-0.0162981406923484
0.253351163651311
0.0145443555750772
-0.00614161181773274
0.0679132509288068
0.0939467179853536
0.0657157906365126
0.010996400552856
0.101113213878422
0.104366166828729
0.169577348578208
0.14436143989321
0.024962387584546
0.117603582082745
0.205801156564985
0.196531981621129
0.265985301397618
0.0340847729116595
0.201366412054877
0.160010876633397
0.217052479308801
0.11445679935807
-0.0303672298168843
0.172317627237701
0.252440250591895
0.291944192133796
0.248828353457751
0.128138768194802
0.281208231725035
0.262015521293419
0.141252482624283
0.0893306697078515
0.221531037262496
0.15726043998963
0.131746975898778
0.187150978967184
0.271691253176859
0.316776557634914
0.100847083796331
0.138068239811857
0.064248114530938
0.180170878743885
0.11910794588642
0.210363007991533
0.179034365740323
0.0137718857796206
0.122552442705245
0.2090723841875
-0.0371990701392618
0.219731651774719
0.0810299809835746
0.19240010598582
0.170227223163083
0.240622574752312
0.297889465849245
0.100009866190036
0.253251101046086
0.160827892112801
0.271454681550008
0.170126466951905
0.340791019011569
0.299972775877475
0.12701450880844
0.19716225929012
0.352538357500674
0.315977847298689
0.0930408226329285
0.287036747129678
0.322288029012685
0.254387227095416
0.230923130186186
0.290966675408882
0.334486138592004
0.246131465817833
0.256295545133657
0.21118379175033
0.252140541538051
0.299947517038174
0.248508049996534
0.112698202194128
0.337610627491083
0.270968267015765
0.391281621588441
0.341944018304499
0.150255156250967
0.354523867646931
0.164919376691105
0.265379817399589
0.303918871741003
0.388547941710546
0.239190138022017
0.255973746626919
0.325992042991911
0.378772472304011
0.466232115807791
0.49639818203292
0.166365545862895
0.369847170566901
0.375902132791654
0.310285948113861
0.197958907247574
0.140720427289158
0.19711764766399
0.217437817369495
0.230987946008611
0.393824431583588
0.22090580781547
0.453756652742513
0.20603447259075
0.45640338571288
0.365636678592444
0.284280293528337
0.305244987276613
0.358451119942294
0.196395958074414
0.104981798872849
0.404911050722287
0.405325595609404
0.32544429399038
0.41134551374271
0.356121415688771
0.302520906167137
0.487802457743576
0.20930835294054
0.452781593364951
0.437688046834812
0.177885583099064
0.4343710803071
0.402387290491455
0.342728391447222
0.260492313532704
0.392979046747238
0.475128999801506
0.286570141116608
0.344586280630076
0.421954552566229
0.420397129584455
0.304125355819464
0.373419452006931
0.518744864993361
0.274250162627196
0.346075745424934
0.354465071755735
0.53137012388383
0.320888682941037
0.459479272091306
0.347951045705604
0.432694863277816
0.352635520770599
0.340011506879817
0.437366859924094
0.450973736040699
0.498197730756154
0.451487307156038
0.314538146326545
0.359156355784186
0.429194126477513
0.476711541980464
0.360815721074286
0.476950469186111
0.421600197276235
0.351252793412331
0.38070477805953
0.33716448573183
0.479146764019447
0.432266497372908
0.297041949667952
0.585206225044392
0.32477638295739
0.466350615223133
0.481049206300185
0.378966326370371
0.406465888016851
0.472124074496784
0.352990408549955
0.486161866194082
0.460104803824926
0.438413881112586
0.445512357757428
0.562203507543053
0.480192930610621
0.549162714729
0.392407375117648
0.482361569302877
0.518697065320787
0.5432917596799
0.300309174230062
0.476271396442889
0.382500809738887
0.579356944104247
0.601030416287297
0.498995477271968
0.514724820353496
0.480963583692821
0.512844670526255
0.517573673446967
0.526148948968627
0.497521161218462
0.550511346986577
0.503122367949338
0.392481970659666
0.510400538997947
0.456106307476376
0.538199494962935
0.505588146920389
0.359429865486652
0.566707543842517
0.425535525075177
0.487299787966405
0.324932697249122
0.402136664149199
0.562730737835544
0.661900120185934
0.507843067108466
0.507803942820303
0.483782353151392
0.486704975980027
0.606162130728146
0.51793345763499
0.601493589815504
0.46027616209628
0.777436808615096
0.460160773762213
0.54066713771043
0.549605348827211
0.501009311012423
0.678888464581781
0.542332205044714
0.412431752341696
0.566681264991196
0.565897084623765
0.558561758838493
0.48170079877342
0.604344095334137
0.556485353655921
0.718941174019846
0.670135932780609
0.506272419814971
0.421023831914005
0.691952819772937
0.498203130420666
0.600224577919922
0.661043516591222
0.519175039186779
0.471466940487585
0.644839243949676
0.567594193417261
0.570192683573013
0.683678706276022
0.62270211482445
0.648157587572608
0.591956774447545
0.74970904288624
0.764771354506736
0.622709140203017
0.687442125602081
0.659261517570931
0.481272581078924
0.727090667216703
0.542434859242204
0.575613504069335
0.666054341316327
0.685884106515524
0.635538546863207
0.567895849070444
0.812063912909477
0.540899535959857
0.653011553014255
0.709804319446366
0.713285304152565
0.653383316694513
0.60521337245228
0.51142619812356
0.724411510092052
0.663356898779771
0.651206004401515
0.565774757282256
0.730228678905609
0.600276423284618
0.80881243552952
0.664135759484122
0.727541750964118
0.561240112790486
0.464621488048372
0.693014419633261
0.791554805955086
0.571703394096637
0.746876349519078
0.633606910431811
0.5748066765029
0.73271097396526
0.509248853944757
0.750924699405829
0.775661482361048
0.709259058050596
0.616147455630324
0.809490138112614
0.845676590483585
0.540588978562611
0.692000880787149
0.548564073437451
0.705250031660272
0.766798692904494
0.803163030947319
0.812448478130513
0.803034041947975
0.540554361625179
0.720236774243669
0.5478402401933
0.734241569306358
0.87668366813172
0.89659736922414
0.739124066322644
0.774987725945478
0.717917125344
0.640482065867604
0.848600280450621
0.760106956182877
0.59348138320977
0.919458777367487
0.83529869175715
0.751576805758694
0.731983976853319
0.747212350913272
0.77024705952178
0.778100637147041
0.702406630398651
0.771120647242052
0.758344638800453
0.818855072234454
0.873534346384608
0.810861591743901
0.754211006900226
0.751868071723621
0.69836332880629
0.696431499024077
0.771678291490526
0.755084249385256
0.688334246635224
0.791677807102571
0.804010099132415
0.912498260256409
0.689918080164729
0.971806132770972
0.722193711192088
0.861006204424476
0.695308746101043
0.735600554668167
0.886961064201415
0.945058639045349
0.819079181501148
0.795562228754256
0.82558068887827
0.645739765150305
0.718873474518652
0.705587889669273
0.682190449924541
0.750151729928521
0.856115754419155
0.758246723071799
0.846421111282947
0.829428477904646
0.778471421794728
0.800795760595343
0.720902247657874
0.710059799922864
0.918725383173885
0.659952751159352
0.716166140441761
0.890720930789003
0.914173383457905
0.739853622638558
0.808428247209513
0.955409205408445
0.980980356861428
0.925773684205558
0.776403524139515
0.823105593841303
0.894892602421503
0.953333056128736
0.943750296703668
0.913767239608862
0.773406593337984
0.856200724136922
0.774477478760914
0.92018920257702
0.917371951364363
1.12005373208525
0.820278892031003
0.846414002453383
0.93658028306112
0.884579295131111
0.854198937911914
0.981211358289817
0.900621660592091
0.743587380701277
0.837221789911819
0.743481763199423
1.00110539235087
0.770910662046304
0.891519362655524
1.00135007105341
0.754254003725158
0.846626059419386
0.956626687108671
0.938119458033571
0.819777036229969
0.946580763075523
0.807181308534351
0.98393333621173
1.17703857518633
0.985261020394665
0.973483569900512
1.00496953619842
0.895581598602977
0.867397247066787
0.892783768520843
0.926665546755217
0.883727231547151
0.924532038249367
0.873324965536281
1.0066659631635
0.959101759002031
0.984610814949388
0.989364018968029
1.02962693864474
0.790439257749249
0.912940233845264
0.960631216172055
0.907504616478931
0.944150651691202
1.00334737812056
1.00408054948954
1.04363543876999
1.07779183718968
0.878765954019309
1.00291135635
0.902307947515003
1.02690510283241
1.04540627768484
0.980857201821443
1.01532713617811
0.842444022551125
0.988983881660205
1.12282152832453
0.885306708968166
0.990712081224924
0.945063003449594
0.932233587680643
0.991093164024135
