-0.0730303983835683
-1.06206866769919
-0.956804766440069
-0.913983494470819
-1.0014452583154
-1.11204098124007
-0.902503004944677
-0.992829064629746
-0.959010892506609
-0.970141833834402
-0.912281262509839
-0.86533728530033
-0.954241033330717
-0.99558999595287
-0.956209625441464
-0.952120371212588
-1.03940064062773
-1.07930828569341
-0.971636235741619
-0.988100165178966
-0.878285907895488
-0.950786891256116
-1.17221981799405
-0.933817828266669
-0.890473592696656
-0.885382136350148
-0.946314623139754
-0.989443200454685
-0.986006440461631
-1.09375689283262
-0.95062982283823
-0.839765103804443
-0.902544087743168
-0.917563086141169
-0.898501505805669
-0.890571633142179
-0.863534921669139
-0.93929559647658
-0.831027353905659
-0.841273263441108
-0.85385570699368
-0.893439868160194
-0.881568854344674
-0.947962976346067
-0.941626129754151
-0.798222595358462
-0.871605260953983
-0.931960304659517
-0.89031383223615
-0.880761630196698
-0.941199756228493
-0.892551750744331
-0.845531006875721
-0.913180206195395
-0.99951536885943
-0.856757174497985
-1.03999625641486
-0.869715655782996
-0.933113635065396
-0.940280394829385
-1.0226087550394
-0.78062308495524
-0.914459709319062
-0.854661766507297
-0.736339055911018
-0.735972308009698
-0.877942561227636
-0.839886624309787
-0.847760250135452
-0.657135562025077
-0.940587572914841
-0.81430012151181
-0.817422922894017
-0.958686882115356
-0.895127328419563
-1.00854308427926
-0.886006195917833
-0.809203577317675
-0.892333264619462
-0.835623794072931
-0.785935442226712
-0.81745070137834
-0.77571160078477
-1.07179667532469
-0.756753243687746
-0.794953687243066
-0.845735584152642
-0.788461999241544
-1.00081247523127
-0.774466937354206
-0.757193940728295
-0.769959886756544
-0.945127082484141
-0.635314796003421
-0.838626596375389
-0.806231071320228
-0.736519188875398
-0.870605052352888
-0.846451945463583
-0.801136629468797
-0.791850485891145
-0.954826833007259
-0.868513934058257
-0.941882264608107
-0.788690000044811
-0.855869163149664
-0.657381562260606
-0.866560779960058
-1.02449855181013
-0.82303303317908
-0.816676384125729
-0.867851303715424
-0.757674141021514
-0.68935448876267
-0.819087630787711
-0.873490860873959
-0.735565400772801
-0.797786192403012
-0.68038875896022
-0.712959341911265
-0.738627303756142
-0.639265486820349
-0.781472068212404
-0.638793340650622
-0.646934263615018
-0.784983116586551
-0.625141246369261
-0.821447096180934
-0.760247019550225
-0.649426011443896
-0.857548592344939
-0.688236041202219
-0.932287756134777
-0.691828103287758
-0.738956549467607
-0.714756457222517
-0.781491859534873
-0.822126975245731
-0.720597569921616
-0.756045477054578
-0.575291811438069
-0.647274127461798
-0.73350988727018
-0.676864014943593
-0.559999433606897
-0.591851736494242
-0.602534053048694
-0.753778053359471
-0.684229306110916
-0.83355737037391
-0.720494300194307
-0.650924835091191
-0.777091332252234
-0.822837272977599
-0.660815236481748
-0.661137673617735
-0.709644732726177
-0.766939238122455
-0.668394448109162
-0.600501803862935
-0.804877417369148
-0.579255077509267
-0.687912225173732
-0.502265060490869
-0.673923069408548
-0.758748703490016
-0.668224386856635
-0.566771358478908
-0.573464986850507
-0.699496679439903
-0.639783160504281
-0.772906500203062
-0.611097012217719
-0.634934439284136
-0.619767788533661
-0.687954316058683
-0.743168380555085
-0.680968117456858
-0.846135395307485
-0.625745065997346
-0.581638518794258
-0.801167080655493
-0.673170580500413
-0.617834711356082
-0.551806851932922
-0.593804228620748
-0.684429604112679
-0.610597625825877
-0.62826642472999
-0.559888704565881
-0.783870253935247
-0.626932907381228
-0.608327345127003
-0.687688705118736
-0.552659358318356
-0.576791952997017
-0.390912522655604
-0.603707666311158
-0.730431190473551
-0.746019852609013
-0.573905800219142
-0.764471932086479
-0.476988637601869
-0.618789853361057
-0.561230639172199
-0.524161925620212
-0.58609887837937
-0.777976371291696
-0.654940802795004
-0.497017259203922
-0.685074352436151
-0.487526947832291
-0.717134740134686
-0.538337307980081
-0.60458316865333
-0.529175126307534
-0.514463853129392
-0.515138812997239
-0.573701021670027
-0.470866031906842
-0.673437662211934
-0.544293382877446
-0.64672701049675
-0.572263575131732
-0.641654890307732
-0.529635491901736
-0.563638377652145
-0.476770050707647
-0.673446732942981
-0.754267987907143
-0.606296521067148
-0.571692386245515
-0.588674014362786
-0.48640952445354
-0.662342633927723
-0.526484906315894
-0.467895063141176
-0.44542552579127
-0.603285984731446
-0.52873686021375
-0.609437950692471
-0.338025141060779
-0.486018320024032
-0.4738164145074
-0.561254825858347
-0.615244200606911
-0.511736619809113
-0.516356708819244
-0.348337433026967
-0.310109598980018
-0.473877726999318
-0.480795073607017
-0.508900305738305
-0.496304183150557
-0.431730457347531
-0.551942553993289
-0.446500559097537
-0.569176100518316
-0.418572107039538
-0.558636070782888
-0.417032252624762
-0.48927090952191
-0.310343447967463
-0.52037923440658
-0.422011414527893
-0.597910948631121
-0.633567061448644
-0.499032676849067
-0.588558518933787
-0.42286191173758
-0.411936575949258
-0.457074918730824
-0.367114154535017
-0.537161334067535
-0.491793045318202
-0.490107876659352
-0.549687069405263
-0.382064436722141
-0.454637905376626
-0.314781030575688
-0.529636381864398
-0.57132555603256
-0.403144000692681
-0.482042180080859
-0.503748868440631
-0.419926504767063
-0.390383634588995
-0.387750832797535
-0.420345764347267
-0.34518361749803
-0.362440651008605
-0.617234338229748
-0.407555788275257
-0.508111636080749
-0.43145477561544
-0.387988135818225
-0.392694303106677
-0.358200111903511
-0.464017118733121
-0.417211154261385
-0.406345834575126
-0.343528080648542
-0.437913068973252
-0.520283404134983
-0.463733371619314
-0.400919741793046
-0.260544115456832
-0.395477358730934
-0.335577053246048
-0.282361239303842
-0.417065704042561
-0.345378919381047
-0.308619543146302
-0.44450051571862
-0.501184111597631
-0.492616288190146
-0.215548500101944
-0.287229589663788
-0.261680336802042
-0.398983169493295
-0.424057248352208
-0.254094915764788
-0.343325909113758
-0.418244454904512
-0.481041178928388
-0.440658851868045
-0.420807325676421
-0.411858945339999
-0.39169960370791
-0.428702001620808
-0.171332057728607
-0.401943357634139
-0.325215240851009
-0.325432715273314
-0.415260816971188
-0.295925578748668
-0.437648204156158
-0.257133242811568
-0.180531768021719
-0.321970203236802
-0.400004148726611
-0.491595008696804
-0.343903523015136
-0.33296034206536
-0.376025660877744
-0.198898897755182
-0.256279878537679
-0.367645040766821
-0.165718592036997
-0.196836731173281
-0.371432192330817
-0.261885972607544
-0.203303740030276
-0.167112732985533
-0.376773889455124
-0.373239390001634
-0.135651237745381
-0.250409964267982
-0.27223898709692
-0.354499746384661
-0.318887820794993
-0.26664821505972
-0.372848781897112
-0.214494362391854
-0.23784594911075
-0.289269877076415
-0.189665695568389
-0.266007510681425
-0.158254719502131
-0.194653145052298
-0.231285220392172
-0.0652351609646974
-0.359252738865107
-0.235927204847147
-0.162741015548632
-0.179637597909336
-0.24641423617688
-0.341097961409848
-0.240935423958736
-0.344654855532402
-0.114569093133413
-0.212667142922393
-0.200377739938917
-0.322930073472152
-0.271765422019633
-0.200190977308223
-0.272937501234753
-0.152186611905824
-0.314565292145611
-0.106636394557112
-0.23095995500785
-0.164462962934035
-0.162425827407123
-0.136969732499412
-0.291471737291306
-0.157837006805687
-0.383467076467983
-0.282207097835012
-0.279133970390241
-0.229138358261411
-0.0283264708282667
-0.362967324494501
0.0773234212991145
-0.250290887889279
-0.154420305333232
-0.152826942475917
-0.139463541093692
-0.101665497122115
-0.0575006447605484
-0.0569196339523586
-0.0680349897267648
-0.228647319695955
-0.131894471516932
-0.0773771672866512
-0.207497726635751
-0.0764789353595118
-0.258557829372193
-0.0864549974510684
-0.0726942424168582
-0.143092124005576
-0.0698137138950423
-0.0794928544813029
0.0300207447073431
0.0022954869570016
-0.126486227499296
-0.0971767071718823
-0.247493388954999
-0.0712043812339934
-0.0651370571329575
-0.0450903578206868
-0.175374519881158
-0.225480228700818
-0.104127759037879
-0.0948877411655781
-0.102306333432749
-0.0938498896608439
-0.275449756510988
-0.174950469594304
-0.0894257542607152
-0.263771505794842
-0.0466382579417088
-0.272850154707628
-0.143361085765727
-0.0877157835827591
-0.100505435108278
-0.195351465652898
-0.134244637196515
0.00287009896908278
-0.0823453969384126
-0.0368634576502472
-0.146502720715154
-0.10629964381546
0.045474804113524
-0.156566172545123
-0.16901664276214
-0.0340696660472342
-0.0080991203042157
-0.0782536641031172
-0.0303791761342779
-0.0228356751376619
-0.101621701786272
-0.115551673593755
-0.124201716669348
-0.228298428132694
-0.100524081978835
-0.129876533720958
0.0995541041262932
-0.239065196182915
-0.0206267233476509
-0.0503913308285597
-0.139050417456912
-0.0827309013007124
0.0770329493160384
0.0715262875975294
0.0361716241830663
-0.0927122689218374
-0.0202073517241397
0.0293374984337024
-0.190365805906838
0.109087257315397
-0.0389121216445455
-0.0664243634460823
-0.0965030568830913
0.0464929915106081
-0.0137747911000857
-0.123163809772211
0.130366095351249
-0.0650095927876359
0.0253154782611921
-0.0654687371647009
-0.0322091495387518
0.115786182942956
-0.108023211320622
-0.108079843421269
0.0697982145904559
-0.0472117039699861
-0.0576955198278174
0.171720299012954
0.0510962313392683
-0.107444428658828
0.0968595386120843
0.00268130685958831
0.10281625360816
-0.139214199857882
0.119146942119204
-0.00924835524748204
-0.0185455919968302
0.221417978206231
-0.0608156683133672
0.0193429599812845
-0.140112856316257
0.0055108062942248
0.0535023807069563
0.0604303206774097
-0.0119774521464371
0.00427199505688345
0.0660524226316579
-0.0871139473717151
0.198927917068707
0.16877214771295
-0.0522468632425103
0.0582130524627983
0.176248997846931
0.102861969632667
0.00638737472850619
0.0430739372481622
0.161734445708816
0.06984868786422
0.284668972611037
-0.00533697734021681
0.0220231576027687
0.0797907575342197
0.0172613232749141
0.106582712337121
0.092594412948384
-0.0225766496379088
-0.0328426184203187
0.166193272805793
0.106746476805301
-0.0123012900310425
0.130552239638585
0.187957465396687
0.176883311211643
-0.0210247869895853
0.222803537249053
0.0599560479224098
-0.0332410673630495
0.0232730528825791
-0.0146645150156616
0.216705152576133
0.135447452039108
0.00764263396733738
0.234232580533947
0.000410970228536873
-0.00453420627527763
0.0629631583661574
0.0948294071035791
0.057497972185535
0.0179162252817421
0.116722673234675
0.123007333382328
0.150336088202883
0.143565207704355
0.0439031352296725
0.113076196022488
0.228374256939149
0.186358300107082
0.271191989564725
0.0590458478892252
0.193974500336833
0.150493461872857
0.216814152712215
0.130689320781319
-0.0104521640954429
0.168458775369167
0.245588108777925
0.270791073914278
0.22946716926084
0.149450838306612
0.282255354027455
0.254027446501583
0.116716136649257
0.118769046863171
0.187280131482871
0.155021036336224
0.124107555910785
0.20771199345362
0.268175006583397
0.349055914218334
0.12854289300595
0.134997632403697
0.0552949122969611
0.190271460857784
0.122832254472378
0.208984871353252
0.186365535917365
0.0294900686756639
0.141616985711322
0.203660478418306
-0.0446744093066446
0.215415660884636
0.055558900915651
0.193846515141083
0.19252135846669
0.242844008935099
0.308479101733068
0.0990280682148645
0.244995149716295
0.141572438014032
0.291067627737328
0.162378540623406
0.360032431425179
0.278775080632136
0.149668766307447
0.211428938373018
0.350301436564904
0.293954603630904
0.101370072193964
0.310533758441435
0.330263643116028
0.250218858594842
0.250384581418852
0.277394286459403
0.347079413611159
0.245690825964062
0.258853240408208
0.225019781863008
0.260911715371773
0.278653486392122
0.258876602591722
0.111908253638051
0.353150123737429
0.263090743517312
0.394347375300996
0.339264014035173
0.15367124529244
0.340924094615884
0.178833822660987
0.239798215423227
0.279843631860886
0.402388307901523
0.244122463206316
0.252185911283206
0.314127720774774
0.365778331494857
0.47495289847136
0.511739711373372
0.149680252236101
0.369212953393191
0.397383539677802
0.315894286471329
0.230032366230013
0.125591899732979
0.22226750890045
0.225591712771988
0.241976987268601
0.371691294589503
0.223515339604643
0.446902902363279
0.20785935256731
0.474636646867978
0.381118508161929
0.309419600779441
0.296043643536085
0.345707061199948
0.187275262422608
0.083968423024782
0.392963794164511
0.380600245158915
0.33754916406526
0.406344221072108
0.361320272358061
0.303883704107827
0.495210845586382
0.184252821209991
0.444336165498194
0.432087677553113
0.177258042333011
0.433724144712136
0.404460410436913
0.329945472215606
0.243852875259411
0.387347467596727
0.499032488859505
0.288708001677367
0.3382813617642
0.420607731685076
0.405038628592751
0.333192673543452
0.371535768799581
0.532013640191979
0.278731666893048
0.339865019800701
0.348071351691321
0.538906542500796
0.340243095009555
0.457477146559112
0.359950561040998
0.419602285382988
0.351080735504707
0.330502051422231
0.426755002484589
0.448612870038118
0.510409909561537
0.453922174353693
0.309030413442745
0.368949762118746
0.407548121888856
0.479294911263616
0.367870152140966
0.48546974846163
0.454279154613481
0.337551743444307
0.380845002797384
0.346848660696099
0.476317074053773
0.437194036776842
0.289048572140677
0.59106582774076
0.318524492422173
0.457484941938761
0.466822810514181
0.376692537677083
0.392898181634141
0.46265739168213
0.362953661905566
0.475796047376758
0.474477631755276
0.454685691774271
0.45385834952771
0.545182389020783
0.483924635721278
0.537191180363237
0.394865063925733
0.491056915250614
0.497809919642299
0.535119165016951
0.288537540950782
0.477016972682524
0.386139720772119
0.594077163402514
0.59816313152799
0.48785243135187
0.515578457640058
0.494793644740027
0.520155952711958
0.517160455326823
0.522622222553223
0.505960243723469
0.525238247354762
0.506476619464731
0.408478773563114
0.507738849789434
0.447064195659826
0.528735003088958
0.505448854831496
0.362367560085233
0.578446238727706
0.437156540470374
0.476172895304998
0.328808357353879
0.381703253227015
0.570442765229501
0.657696383854568
0.523605284757356
0.497942480667951
0.478517870862923
0.478011588600904
0.584390453210112
0.491164751355649
0.635162250801811
0.443447154905154
0.805094936717031
0.458858557216101
0.536781871731881
0.534310603664237
0.499648892925227
0.668093861563553
0.535007295194275
0.40738607022052
0.561749405242598
0.565077328287203
0.560057628387434
0.513508037685101
0.587756376276305
0.549794945099502
0.71968621310265
0.663367694895739
0.521063415834705
0.432107693360001
0.686792978707653
0.495412856645095
0.618243144632334
0.649776595494524
0.544092725168836
0.485958527239921
0.616857086825603
0.5597072140534
0.560855844759739
0.682130434275464
0.653348861362096
0.669955269953754
0.57946378465783
0.781681051520743
0.761819738348582
0.620398339488338
0.678313455522729
0.64163972691185
0.491577741330952
0.7164746888344
0.522815851322513
0.567938843377086
0.666023728032224
0.678052506164024
0.638216204854402
0.576832174812941
0.839048985031669
0.532317805841704
0.656761120282756
0.714393918087917
0.716359835230725
0.64632222282114
0.59214815560545
0.511998982990354
0.726992751242744
0.672578722575221
0.632731874399223
0.571735407205327
0.738715131295756
0.598113363797473
0.837506046903441
0.669616678335708
0.731959741722477
0.547379548528194
0.468251501812664
0.688542201199397
0.804534811864551
0.567231659461737
0.734973409966162
0.647276359070524
0.563364756545705
0.731802643390299
0.526874592247329
0.732731061483411
0.791156785258566
0.721442969513539
0.611140230823251
0.79756349245123
0.828616818083241
0.544746338586433
0.707938742975427
0.561786784879706
0.691039544010829
0.772344265483457
0.795637163212479
0.800868394794691
0.797131836758557
0.563606190394851
0.729845021072699
0.547530864562382
0.737739052705092
0.854287863514119
0.88748634700575
0.734143637617309
0.782526411303797
0.732571332937088
0.631418658211425
0.843057663742337
0.762499021200171
0.581494394728175
0.911421041560363
0.84463306952566
0.733176002712839
0.718624829768709
0.740417984054951
0.759847853708005
0.777536924775109
0.705885586062686
0.747048289907571
0.766124342373315
0.820964840633134
0.858725159587283
0.796332471068245
0.749351422199766
0.747123919998141
0.705282316735113
0.697197434596525
0.778672906243819
0.757015450813788
0.693456934257347
0.77367032137916
0.827295874479884
0.933638737295997
0.684873806707324
0.971059544324977
0.713812522865987
0.870980787023176
0.688709990660961
0.722152922882722
0.884751481249119
0.96039676557578
0.824945065228788
0.780975950741486
0.81947121239247
0.644461462235825
0.712868471093625
0.675393322477721
0.680422488279707
0.75592074123438
0.87167380498129
0.750551568319103
0.84931904401956
0.809687599010412
0.771927508004884
0.791312525545369
0.714606244398208
0.725528181334303
0.9190341269685
0.666620033573482
0.707669600160598
0.87972853702073
0.915064657141503
0.748317371779297
0.790778403230644
0.941211996659065
0.945430799232432
0.904603214723572
0.802445092947019
0.838210767358246
0.898990460087204
0.957073255910154
0.949640424844123
0.927371658374611
0.778066570711489
0.873679690136208
0.773216649440612
0.923979497559549
0.937651427786034
1.11891609808145
0.804981189068108
0.843882736370128
0.932470714225099
0.877336729067314
0.841085006473077
1.00063202402854
0.894562568290678
0.720934101155298
0.833065524513949
0.738364499446037
0.981080349376111
0.761397688489205
0.901504504495623
0.985486983492673
0.750558006834428
0.858920726910473
0.938348487404786
0.919545881635864
0.84055897663931
0.946137757899226
0.800029983755835
0.953722622812191
1.15810235643941
1.00622410033136
0.982373844138352
1.01743759613506
0.881467878489234
0.858908504295105
0.893954138411299
0.918081172199315
0.866766754366939
0.937028444851557
0.880202003564389
1.01836232476292
0.961163672221538
0.998602224689763
0.991234372178124
1.0290970510793
0.79025817398556
0.91759567653629
0.951941778704051
0.902379940839935
0.936784718824623
0.976387912112555
0.980506169867547
1.05210878081358
1.04945426006651
0.878077184455225
1.02176292031949
0.927230744263058
1.02313176623292
1.04427984729354
0.947360624561591
1.03277276155872
0.84640316949269
0.993729052783335
1.15740500203536
0.899180153541972
1.00301466523301
0.96357043708324
0.92355552045535
1.00392497637798
