0.135837059221048
-0.979849765651533
-0.921862416727383
-0.929764401301595
-0.956446038194478
-1.01759671968977
-1.07512187628994
-1.02090647033604
-0.875431941436342
-0.891009522628441
-1.05863232775617
-1.05635166040823
-0.940815588112935
-1.01601984647639
-0.992965768011475
-1.00398596273841
-0.922984277676801
-0.999010763781225
-0.809909437410648
-1.01094360658085
-0.8380289095833
-0.774854498578886
-0.840450894443165
-1.04957075281461
-0.991688793909386
-1.02471701017631
-0.894790693314603
-0.908040009703534
-1.05131320132651
-0.827525668929647
-1.07362204444461
-0.956241639930048
-0.983811769335418
-0.964131926576139
-1.16587821920819
-0.869046598057257
-0.94726193903397
-0.935901032144595
-1.10390654621772
-1.01336050920278
-0.98961681781656
-0.863312710651553
-0.842203265025811
-0.742958512987909
-0.857028818396452
-0.83839848329515
-0.869059055704468
-0.96502709730975
-0.864052296322116
-0.932535903536698
-0.895238454521431
-0.924920940844473
-0.895874257927403
-0.74681949401525
-1.06267154598902
-0.698493507162623
-0.904243110588787
-1.01332795970597
-0.815124829027111
-0.837980280409365
-0.936831580576839
-0.793076594023659
-0.83366718982757
-0.860313668708384
-0.806606375070169
-0.931609148835558
-0.811239847443775
-0.731603581404961
-0.911287239913859
-0.762046998101811
-0.845002975925901
-0.890322821538066
-0.725508822273026
-0.788787694448137
-0.681092301662783
-0.960243704485409
-0.795317066180813
-0.770690355703125
-0.853408804466562
-0.871148966930621
-0.749290677737719
-0.817171771747382
-0.881575389354248
-0.809576760594144
-0.658499500248915
-0.815114519929276
-0.8929072408155
-0.74098990811602
-0.90333077742831
-0.817389127723255
-0.777787799978207
-0.77535762081765
-0.850030876498467
-0.912686261241052
-0.785428283427083
-0.770386028136204
-0.687142733627361
-0.832730541449539
-0.67650306863743
-0.826451596839316
-0.838188262998441
-0.83513052012522
-0.841617680359839
-0.856688443133607
-0.890387041108184
-0.785863928003406
-0.937266159284876
-0.712862267888877
-0.706135638649157
-0.732140204898633
-0.804187773675933
-0.732298718742811
-0.658727122922492
-0.679681254617825
-0.806452108444631
-0.703444689517061
-0.792198684494031
-0.852704879982746
-0.715611982884562
-0.802794812703379
-0.702731513364173
-0.830344064661334
-0.836476531320474
-0.613451001670846
-0.732270916885705
-0.739746625757064
-0.695067832880971
-0.786185446871911
-0.719631960022957
-0.712292786880656
-0.596929359632754
-0.776461346419859
-0.842413022715355
-0.742785426030336
-0.723210918864327
-0.719646467692049
-0.766285183052711
-0.642197503662537
-0.854405174906356
-0.62936188592144
-0.525296044817944
-0.686112106325593
-0.686584392418575
-0.738747077128563
-0.780357334396319
-0.666281991344417
-0.818344183284444
-0.567907639803311
-0.644937445915759
-0.678494803767786
-0.686178667201047
-0.638822240968032
-0.654383536833426
-0.753578149587942
-0.650055965760156
-0.758004087241172
-0.71970606445223
-0.670366463310089
-0.583121728121673
-0.517239199014853
-0.62580566777758
-0.553937201597637
-0.682561384234921
-0.658887423322399
-0.549518374629188
-0.60923622958642
-0.663987680803804
-0.555683095316319
-0.750675846007108
-0.576210700995399
-0.55780455533674
-0.6243814605151
-0.699507106523183
-0.607713040737173
-0.628026866593864
-0.653332784550274
-0.591048182693096
-0.728544627375693
-0.661827895651899
-0.508891868428231
-0.757592932658818
-0.497812240989199
-0.622733911919319
-0.701274034593839
-0.812217565378024
-0.56459771564476
-0.649471445099431
-0.686493394702823
-0.682798257579582
-0.555067422339095
-0.756323562661192
-0.757904409300304
-0.571609499304681
-0.526949838848247
-0.563878954978391
-0.537339032114222
-0.548833000411407
-0.709592884338041
-0.568955897840645
-0.649866266338312
-0.583105244027987
-0.597080704580955
-0.565285625955973
-0.526938529076036
-0.643508693023639
-0.539681782793274
-0.574247197881046
-0.574439723089056
-0.522875529038634
-0.486746051678726
-0.621039359149034
-0.587972035985263
-0.528622648464926
-0.467058183180088
-0.627196608424539
-0.49918998342182
-0.561929231102501
-0.474368702892262
-0.565827846200431
-0.512369253788925
-0.480722989409742
-0.597807812284712
-0.62234041686188
-0.639998751185268
-0.594606450300723
-0.590763241471099
-0.564989227767101
-0.485115669246792
-0.639441515819073
-0.464890345028199
-0.626301886960068
-0.542828533357411
-0.377339642086837
-0.513822796721873
-0.489658342599052
-0.630656319059589
-0.420121588401028
-0.431981348580647
-0.554336909144908
-0.466937799471146
-0.614622538519768
-0.548288019203997
-0.481588295680232
-0.553343014007404
-0.620056420441105
-0.659049935426668
-0.513051192734914
-0.481980607050944
-0.499474947560481
-0.312172068172009
-0.427489006142462
-0.456637908914635
-0.433117908368847
-0.547472700173825
-0.566160798074498
-0.52023727108447
-0.508158209260054
-0.488865626356514
-0.561528767794975
-0.491817723655461
-0.63219193907008
-0.344005418580186
-0.47952507702404
-0.367391504338949
-0.641626696955594
-0.517703279959292
-0.589477134890643
-0.506174308445856
-0.312301073811724
-0.527106247303952
-0.436982812404316
-0.47091697217668
-0.436363080647484
-0.663538289615534
-0.484646574426031
-0.496426529256033
-0.556236650218042
-0.621043912187389
-0.660033882656783
-0.593852415682205
-0.356631877177481
-0.343335850261195
-0.529058880695885
-0.398365734046547
-0.346144356029752
-0.433550465117832
-0.277467995647136
-0.454604227223581
-0.460212772310939
-0.475512604411282
-0.419302576609571
-0.427444451145179
-0.496869264023753
-0.407145314116987
-0.31205433380754
-0.469148167081057
-0.476206504075164
-0.503559514052628
-0.326618699095384
-0.278471058902565
-0.383097135540886
-0.421545284434823
-0.446335724746155
-0.386523335204378
-0.305264957946594
-0.373572089448366
-0.426508534614055
-0.584274677624836
-0.480122828739043
-0.31462946910947
-0.405649784473792
-0.296596547884905
-0.204290466110503
-0.428541659092145
-0.492262399926327
-0.451654253408579
-0.335687584909886
-0.3838607293507
-0.29735691297488
-0.426575985555634
-0.39363018029754
-0.450755281211081
-0.330022082169005
-0.262895051336104
-0.330709528777297
-0.320409296351002
-0.439752783801811
-0.112757434761395
-0.3610258596168
-0.487665450065006
-0.249972045592648
-0.431024315830146
-0.290518199082673
-0.195640037570565
-0.528048829294432
-0.223241849918755
-0.399294506599629
-0.284025748689794
-0.329312026297116
-0.342972967392338
-0.318177883979972
-0.369553801530751
-0.404709300903611
-0.311293323617753
-0.229654364994212
-0.304921974163192
-0.318324870139935
-0.314753263535377
-0.306884354297468
-0.333075847262803
-0.398679289830602
-0.396660630542611
-0.157495541121957
-0.211733851749201
-0.180041889151981
-0.256978937962879
-0.300823024156314
-0.255595002055149
-0.250567440082065
-0.299909029571006
-0.264200516355684
-0.309104596867423
-0.327399696465273
-0.28903728303538
-0.202198541230085
-0.234311809918935
-0.305332121422102
-0.20082068292728
-0.349595335736178
-0.311426098204521
-0.127351179167093
-0.230736517747771
-0.0912171120186567
-0.335337961310479
-0.200357511491459
-0.288201523736337
-0.23940575471716
-0.164899524222958
-0.17331403391445
-0.26123564827086
-0.225418565262312
-0.301056536341329
-0.399094624189908
-0.177396997315098
-0.299376947610472
-0.182754186081412
-0.138599504255438
-0.267011508500421
-0.108515529522702
-0.210547205985043
-0.220399253777521
-0.199601149878154
-0.243173894943608
-0.22823762578075
-0.208835313595254
-0.175232790025484
-0.21280206134296
-0.0599739260323604
-0.215138591272877
-0.195977710184004
-0.140384282765332
-0.147354874989229
-0.139124992386889
-0.234202602289763
-0.0891402817583202
-0.303120850316636
-0.182816164466953
-0.270517934024717
-0.173824731912501
-0.153185316359434
-0.106274259811317
-0.259640043855788
-0.215794635102524
-0.158807809160552
-0.266837208221074
-0.10611051296556
-0.105257461771548
-0.164667989787279
-0.272377943767986
-0.236472882802058
-0.0578154047006529
-0.0716396630326136
-0.260995175290075
-0.092836860727758
-0.306154885017049
-0.0975164253947469
-0.157067522776361
-0.0251750483922394
-0.0444229431323594
-0.158598465244211
-0.168123162469674
-0.159896930659066
-0.0560320242614261
-0.150219608384188
-0.0217196027089303
0.105030051689009
-0.0436922049272195
-0.193565002756336
-0.177895529927162
-0.116925094370243
-0.142855022285117
-0.211301334172203
-0.17449587117158
-0.0689004937112409
-0.0406794301564704
-0.0349316061417823
-0.145101418019229
-0.155925628590672
-0.012192486159202
-0.186901613019671
-0.124756431121265
-0.0202630735213224
-0.166436143345715
-0.0946807721641015
-0.0913018510777589
-0.0550090280941923
-0.0887364469426809
-0.0557704841025533
0.067683395519558
-0.0626531722163379
-0.120156714687162
-0.062813640353783
-0.101991772135932
-0.00494193676538909
-0.129907524888572
-0.0232057638865242
-0.00976021022194173
-0.0436754687711443
-0.0903585874284886
-0.201477596967687
0.132562294989909
-0.030850519780932
-0.0413919789876276
-0.0981127765165462
0.0779520329273571
-0.058578209340622
-0.00978867156018889
-0.170999740309406
0.024110060417252
0.12744440106895
-0.0877618209586468
-0.137283720312858
-0.0645843948783048
0.0827533611711068
0.0518900124365878
-0.145876837453232
-0.00335715321186801
-0.036163807547983
-0.0202432595896548
-0.0357398591971942
-0.0592808486983494
-0.0435161270759096
0.0975051274673444
-0.0947479330375712
-0.0302425490698381
-0.042154479703382
-0.0362620965417768
0.0335666348838532
0.0626872136303637
-0.194128968625299
-0.0182891209999774
-0.0531689740990272
0.0434143581468795
-0.0615946990197233
-0.112443114417529
0.0787131980240069
-0.0669436054975555
0.0996366979583176
-0.00568172719430478
0.0798285611195702
0.147658352271256
-0.0504994060806589
0.170323043412962
0.0137558507497114
0.0674167997165003
0.00204841656015212
0.0498322124064793
0.102309896405554
-0.152557490033271
0.0221235785490646
-0.000934071147967129
0.0937866615982664
-0.0475042609930856
0.237248307589425
0.0508798371117743
0.067617467975733
0.186049761991386
0.114242973239268
0.0625184873331689
0.056400520362685
0.0472684837331381
0.116778736965974
0.00416850884141652
0.061027987962879
0.100130263491841
0.0602524532414199
-0.0429780558216875
0.0742309236079215
-0.011095862670985
-0.00824031833200393
0.134724713349002
0.100831442731688
-0.0484456615564823
-0.013618667020087
0.0483959106112658
-0.0257780076830326
0.0715113602981337
0.0732767773352967
0.057285220311428
0.154851925146588
-0.0645533882790334
0.141691460854139
0.00337155181110078
0.171519620756556
0.0938308052857888
0.050133919360787
0.16986067302669
0.329049197700994
0.0967497142668418
0.135552793954152
0.193697635394636
-0.0123426777674236
0.0936260066308407
0.072415323711466
0.201798177921477
0.242894553585851
0.154165261726821
0.162257651059593
0.0274583503579408
0.0924174986075117
0.184227549323065
0.223824464673508
0.124806786039348
0.00774454277862317
0.102566133618436
0.21262432685318
0.20504936133739
0.111490272162578
0.211747472564505
0.104567557453029
0.340610983136144
0.0661669220452374
0.142153297939052
0.154597826348662
0.268400829428966
0.191502472890162
0.0576129296403698
0.168606437429495
0.276472042506592
0.219790522384606
0.258690198469798
0.211906646546521
0.147889634931942
0.149584676736318
0.0166427224630072
0.189590698347976
0.123448115208353
0.0687150234709977
0.297171016787041
0.152191813832379
0.229674280374349
0.172437306332897
0.195735958407551
0.167477778323651
0.107828398235505
0.229509386321772
0.305533058977337
0.19897462838427
0.237973689925979
0.165722464722453
0.15732245104516
0.216635527803965
0.142988458828157
0.201034576693979
0.328652969863998
0.150426950790118
0.251392260344053
0.272935535490446
0.279789647959708
0.260930221782132
0.229995667555768
0.395994627489643
0.209535016618394
0.27579780102967
0.214655515798744
0.303584630330452
0.305553896859261
0.272914993859615
0.171167667689843
0.18566463903904
0.024062519394436
0.21005425025221
0.294617299745744
0.347516782484018
0.179475208818943
0.187472597302471
0.384071386104839
0.372341202933041
0.317477422262948
0.192812333681346
0.362570706117388
0.252952049875901
0.159888789526831
0.460389186998304
0.202523572904061
0.226846796386823
0.270601783245199
0.203253528298558
0.257181214903822
0.247080621475849
0.276460356514754
0.337198954506661
0.301220397413398
0.235033771870366
0.326171872985587
0.338115118987981
0.282767173812475
0.384663973749756
0.201420339853077
0.212858233781833
0.497112246330286
0.373042732304882
0.395280200773341
0.341520595277225
0.253689630702587
0.196122937229018
0.334636268079454
0.288852676860802
0.385271280568619
0.352180994588578
0.278805482555865
0.432102309666241
0.365787970088761
0.4194369735272
0.430466319580089
0.412796177055437
0.308865094214289
0.321111731541938
0.275988468371353
0.268370022900616
0.494851992703387
0.313001743442827
0.358575647182348
0.200207436754983
0.192837707997679
0.353190457453278
0.359261570904089
0.279554851083221
0.250218841837892
0.329385372407038
0.37887746488014
0.378225297422817
0.291553671092607
0.408130777287783
0.328686181101552
0.323160784460058
0.49634114106307
0.522965711705056
0.380388126704584
0.518451073770783
0.25117239756945
0.442150983839601
0.437477057822257
0.483148135011337
0.433604521151183
0.290226425498576
0.497360342371914
0.391935840399186
0.596781054675763
0.42670318761599
0.514625275472093
0.600906259452907
0.409046888437011
0.452323305386095
0.371775464410008
0.402052988900167
0.360676518247912
0.309547837699497
0.536521609064953
0.344981119277796
0.467625929816106
0.422254700642971
0.391884412506355
0.39104006793602
0.317912628692132
0.238482392510094
0.395549688884258
0.256153931514042
0.433191438753477
0.390569778375669
0.439562290652012
0.370008816937965
0.452016502237943
0.485332407876183
0.385986293425916
0.330488044656735
0.544841358046908
0.474677598778457
0.568700473428272
0.56740477774155
0.570428308366393
0.584649527187454
0.41632437203701
0.637740375260888
0.345638892256635
0.554476411361303
0.482834520057948
0.451596124858674
0.492213360550331
0.411902209428462
0.424146786016468
0.549790967997356
0.521700731612022
0.570796984471781
0.382646438068404
0.449977390567958
0.416858775527582
0.358318477076457
0.653620329850327
0.456433939673706
0.590272223769694
0.605427958812398
0.573943718527112
0.463989530860793
0.590514742899755
0.459644281371862
0.563240531510442
0.684816832906698
0.603163925765755
0.626338272786525
0.554921153567901
0.355348901518381
0.608046832845074
0.536529603327947
0.631381416569975
0.52756301081823
0.420844276395642
0.500981243410862
0.632053080455499
0.498921715682835
0.519262338106904
0.608600295772853
0.497805058478658
0.373554330131905
0.48548645663899
0.580108534192293
0.583361590297542
0.513882928680367
0.545448881276616
0.616501421241958
0.754061417751287
0.739198719361494
0.551684744709317
0.518919927398553
0.407144467458126
0.477635121271049
0.620327928705856
0.640021920463361
0.654136390170672
0.51704826917537
0.572717424732076
0.673934726605103
0.674623510745482
0.505740207354647
0.594195487045032
0.555829299223877
0.648874876001189
0.589452458021293
0.53183657140839
0.610499862006338
0.622812467512839
0.622212866236696
0.513523484478346
0.692363939206339
0.657964706607383
0.683608698096221
0.68045938794042
0.654822235126879
0.547912615939004
0.727271206702531
0.540745492482878
0.666509582208681
0.685183588813429
0.57493913555966
0.720524099343377
0.603731770837451
0.655964279682442
0.524771069518206
0.691803389591548
0.651008169282031
0.648242776011277
0.640958321316227
0.702919389183008
0.756034225023673
0.723609420133808
0.725020617914111
0.741931664866856
0.651634563765002
0.679463443768917
0.436480877433316
0.666113091467542
0.771951276425013
0.735569546896634
0.617531078159938
0.748717952666679
0.589067564502221
0.774290949206543
0.620528777536413
0.659835755892211
0.631265594088388
0.623811785210899
0.690739051138233
0.665518571540232
0.810399331426981
0.81830521719973
0.756555131519977
0.797008151695648
0.665839522354983
0.728698538678344
0.677570148701746
0.662625121087221
0.787915931446372
0.729763361153453
0.648988070833547
0.884940922903728
0.669286913351092
0.67686117869276
0.82787605684346
0.858987053511709
0.746204787742952
0.57740039088187
0.576428163051698
0.65548955092355
0.82750068517167
0.776557701641632
0.652841105823584
0.681763482708406
0.688919244574929
0.838180008832556
0.812781374076578
0.751560117667235
0.699266625021559
0.835180672835462
0.844325136640366
0.711147676876584
0.828789116128207
0.85978061652864
0.584409056168207
0.676848903679375
1.00059389400581
0.562849461699224
0.754019308255273
0.888373227356418
0.753566731016886
0.926752777387447
0.739849438067373
0.735619412734499
0.853185519480404
0.712637296112785
0.619114498857036
0.785193147958916
0.819755730047838
0.770510652327289
0.880406143424307
0.708940154641009
0.90290962351798
0.940130951998068
0.88709985629116
0.909709986064007
0.734223844345769
0.869205232808354
0.708580001169491
0.866847367262649
0.860348424816411
0.90405067829133
0.786415090571239
0.759623708415417
0.909303884071365
0.763683370509582
0.942503693920727
0.85899338340368
0.885490937044183
0.804573751730333
0.848169312851971
0.747771655186746
0.862958412121794
0.811105296032505
0.795061716473522
0.774329998539049
0.798681713247868
0.836096730181302
0.768186806897134
0.774869972450153
0.909548834930584
0.870273047095106
0.840479378641784
0.881877063951653
0.887061806437725
1.03524815504983
0.896229546047145
0.775059433373799
0.756085898887453
0.923397612349391
0.850446856338746
0.92037240684085
0.782393970980448
0.86686927215553
1.02091800191572
0.990181822395472
1.00120046626331
0.954009220868038
0.799847686158477
0.833704835082273
1.02690694879791
0.81469048666219
0.948560393648795
0.950346466856422
0.937334872483496
1.0507652107155
0.873447381886299
0.829082486780044
0.781286850028871
0.971724336176194
0.935299988358047
0.907958334973979
0.870343566863858
0.863655720392214
0.953496999249115
0.898636092075817
0.935448487989394
1.03451291109697
1.05487247985599
1.12245604177722
1.09576611172358
0.887216570412626
0.900670917811627
1.05518997924727
0.875309127519515
0.920216658357245
0.821930652158284
0.899879238112463
1.06269239910278
1.03321943771659
1.01905899839502
0.873354686110034
0.949629502631195
0.890113795120527
0.885551423318769
0.968889080377125
0.994372076255064
0.930178435359348
0.938467135009042
0.98156477312452
0.851525941754257
1.05470426155089
1.0223552011483
0.847115748003295
0.958483123892525
0.911321456919231
1.00539026885058
1.10681083303771
