0.0588158186701339
-1.04871958608892
-1.02818042968575
-0.928052592190831
-1.04346671700636
-0.804578290613293
-1.01453674733316
-1.046724967137
-1.0604134799789
-0.83485563249082
-0.862057993565819
-0.984231143095678
-1.06258810125825
-0.850533643439332
-0.864060380234104
-0.920478964160584
-0.991535265303418
-0.858547482961732
-1.08689645435325
-1.08864467347059
-0.880139281486374
-0.895808816078288
-0.915965439593009
-0.946834705744115
-0.93620701446307
-1.03844211154906
-0.875792813069055
-1.13773624619547
-0.840451707548093
-1.02835997909307
-0.852730418730582
-0.862815023264134
-1.02559798128507
-0.958422489508316
-0.86432251388709
-0.852354356274781
-0.946186141632555
-0.883659940201059
-0.871938527218927
-0.873462379441411
-0.915807833535089
-0.844707604662636
-1.04139880269854
-0.839473043004725
-0.854418390734047
-0.882170527019935
-0.878736728591822
-0.861334326734635
-0.777011719440511
-0.848304400185377
-0.807367527643103
-0.824204600390343
-0.868603944032059
-0.930148526918595
-0.873754943133339
-1.00803696967803
-1.10041304975512
-0.74593728447562
-0.88769395108046
-0.870161986781512
-0.82777178808713
-0.963832634593445
-0.877418299465287
-0.881743753539707
-0.760344038292506
-0.798480495308365
-0.686262193761028
-0.904724333354463
-0.823537509937717
-0.769232189235922
-0.828598964599213
-0.904336857839849
-0.960863568542965
-0.732361579179976
-0.886035896395371
-0.779729924288868
-0.842213038402535
-0.833505084789289
-0.746821839732703
-0.930816607067229
-0.849285078290632
-0.875028988433361
-0.949672699652461
-0.910620523476313
-0.728932216010013
-1.07397375176405
-0.789723860991245
-0.861039273166703
-0.665275761347839
-0.880148004383339
-0.899228787591108
-0.841465947274408
-0.726687587056989
-0.905369085320758
-0.776939470168043
-0.697289911948596
-0.685309205890581
-0.974035688633883
-0.780516982178325
-0.736852710943511
-0.871530191214843
-0.779513539062123
-0.913541836142772
-0.85001120878994
-0.83865644109385
-0.79142958228072
-0.799286592130441
-0.939232912029232
-0.822110543685818
-0.729560237041282
-0.666081816278096
-0.739689848016067
-0.846820193222844
-0.721911505817875
-0.715820339962462
-0.707914561698694
-0.843185373043581
-0.848133209902065
-0.716215603296935
-0.734468062280189
-0.798106054642812
-0.750383419610969
-0.813883318763919
-0.7959794885673
-0.825421844745397
-0.785532807750397
-0.591954649373051
-0.716211380155887
-0.864551299165821
-0.715957702227927
-0.633573174120877
-0.750307610688213
-0.675595158323826
-0.559895774587926
-0.735522741119481
-0.61988493112768
-0.814304174833138
-0.800672940317595
-0.697849365908801
-0.649613499169864
-0.802806924972249
-0.787116467579733
-0.853365026954969
-0.717823213070227
-0.690485877282846
-0.622644664912685
-0.701298151399989
-0.618395936574612
-0.778948408420565
-0.709138523026484
-0.651110585657512
-0.723265382895977
-0.679643465764949
-0.682353656716123
-0.79427835020261
-0.675655915877621
-0.667423461570324
-0.634983568781156
-0.686643033434781
-0.630589510927891
-0.572804575560513
-0.473487622618937
-0.618771365662232
-0.775910490072197
-0.662991187608288
-0.738709176388069
-0.649398399495654
-0.788135206792768
-0.802040128857775
-0.521013456976314
-0.632752335380756
-0.625577900065772
-0.775106850361014
-0.685501962113145
-0.561983097395793
-0.761447482210693
-0.596015278265877
-0.485747594112169
-0.841775932410589
-0.586716464406203
-0.542218828196925
-0.6244442075492
-0.788480824014829
-0.696070302603692
-0.599091835415342
-0.600199571547153
-0.486875097011087
-0.702890462107432
-0.593303355940867
-0.672126872024553
-0.706255881851084
-0.644239193772191
-0.756987212811825
-0.623215200087143
-0.598276272512585
-0.759817653179805
-0.597812059323054
-0.562501891188336
-0.590685979296102
-0.421406876202319
-0.410918793079633
-0.624331165604091
-0.580976677287143
-0.70931403559024
-0.632679565678424
-0.638635133398287
-0.551606729671366
-0.653055333687531
-0.657865111733951
-0.648986527681215
-0.592509597876016
-0.512724416237113
-0.664384888115662
-0.593451772430503
-0.467627812460738
-0.502224582968564
-0.507927185591754
-0.535614745914433
-0.608604406428247
-0.67101473074839
-0.432231782225161
-0.603836938599434
-0.602367447331058
-0.469346382029953
-0.434675458283753
-0.507217379976707
-0.483753586206796
-0.6830716489941
-0.490289212418278
-0.491072018612382
-0.566236626235365
-0.478218677052457
-0.582891437391834
-0.457739806891382
-0.52848442575722
-0.446646894589248
-0.495784260478545
-0.312932817332618
-0.47772461778674
-0.517608636506722
-0.53906897875895
-0.615548716063575
-0.621252712433458
-0.610445948376093
-0.377409331226409
-0.648121201195841
-0.520647283368636
-0.503039344837851
-0.490016295753676
-0.498240731647824
-0.500204211543844
-0.489810093762292
-0.522650530032402
-0.49645127009284
-0.387171020820068
-0.538759612893214
-0.533458899486992
-0.60163728645916
-0.434011462319387
-0.55452521556792
-0.425314988926702
-0.518726022717405
-0.606375239422034
-0.36476359885175
-0.463655703908143
-0.528758668195403
-0.449436731617454
-0.559571500663292
-0.459414547102556
-0.449839900535791
-0.538452060639443
-0.399961350952858
-0.457532718794835
-0.456143857153968
-0.48820996825365
-0.435223297358405
-0.523620928106647
-0.517726910149798
-0.47048258928546
-0.377793777456884
-0.451655880436536
-0.559197190657
-0.451644118447354
-0.412443747171962
-0.355186186236204
-0.447201278254032
-0.494365245856071
-0.359538765201753
-0.419972775118153
-0.57682700072333
-0.411369174869967
-0.401246363756962
-0.430411425513883
-0.273585462704424
-0.377334962767313
-0.507360850578726
-0.33213736952396
-0.414245500631143
-0.346981078005433
-0.41284193242212
-0.396769147248223
-0.617366801613869
-0.388939240502881
-0.347993998906618
-0.343760375176383
-0.474799694549397
-0.270094948091409
-0.472742927047522
-0.489480487806886
-0.427273443053572
-0.467285489584955
-0.230990281334878
-0.378271176671727
-0.4101974631225
-0.259096171833751
-0.289293381275381
-0.508506440607831
-0.349013935528598
-0.249719857363177
-0.369943268538813
-0.076688042749579
-0.320502868330769
-0.289160839813486
-0.300482334235499
-0.355755497584886
-0.43540105657802
-0.41650122513233
-0.414910436400192
-0.352422627185599
-0.42261118232234
-0.294001443725284
-0.385392650548307
-0.285203646904162
-0.313316552679491
-0.361231090880814
-0.375227035225947
-0.462543618701575
-0.366843456478566
-0.337575932737412
-0.214971692117147
-0.261652267841881
-0.382976261724196
-0.308336412405366
-0.345602789123355
-0.353067255725986
-0.370112820282498
-0.353330996850163
-0.231209789955879
-0.227654349873148
-0.225519039717874
-0.36380443799156
-0.373650354987191
-0.334384832037621
-0.275654804193938
-0.166279569560461
-0.315643288696979
-0.259098713027464
-0.390475032305556
-0.155309335826591
-0.19144255269731
-0.333280285327091
-0.237541223117922
-0.144050798253761
-0.250065994455343
-0.289707038153981
-0.23487146555564
-0.255267734890845
-0.173205120309336
-0.189498710697009
-0.111710074584258
-0.294745120521969
-0.395128904586391
-0.206432303966432
-0.156490192709584
-0.202952275227815
-0.372979201930562
-0.243908446732554
-0.07808702479631
-0.362971829726842
-0.0449999469549074
-0.220148509466212
-0.243702114532846
-0.239010505192166
-0.249206664193141
-0.338312809726659
-0.247256270608828
-0.301328297567859
-0.302745380483149
-0.169288112130636
-0.125712993302694
-0.298706556717829
-0.262283226437206
-0.206047311230313
-0.258124660495158
-0.0632398316497175
-0.231258549505964
-0.146340977508355
-0.422719435133607
-0.102673608304108
-0.115437938058511
-0.189728169170922
-0.257945424394518
-0.175744661785842
-0.187359274155426
-0.271898970416417
-0.127213262701525
-0.133197734445458
-0.199343469449605
-0.286831646579821
-0.228738365703004
-0.100536119784251
-0.213692905776576
-0.148549678589031
-0.137388919941298
-0.186714658680985
-0.249627319166399
-0.0909779391592809
0.0410647473380005
-0.286936422453945
-0.176492545155062
-0.10735131577293
-0.0804167933715925
-0.22443981315682
-0.204790143843661
-0.0923503365192162
-0.265249025544806
-0.0699654895810937
-0.0837044269502842
-0.194335485122119
-0.220517198751515
-0.0669927055789617
-0.166496238136092
-0.196006905760138
-0.120164530388642
-0.160148218517312
-0.204423535546096
-0.0437911998525719
-0.0503685056556906
-0.168419688519912
0.00569045357928743
-0.0618360335218815
-0.181456620936952
-0.209004481289708
-0.0958581449191823
-0.17087066054633
-0.120608283049273
-0.136354013980221
-0.0896251699847443
-0.145874990296736
-0.0266884981157825
-0.15336058857147
-0.302706600452025
-0.205316603816187
-0.136891083911451
0.048076420582024
-0.0469437610129844
-0.00050787940715431
-0.245731108970513
-0.15492150608331
-0.207895737044844
-0.111336310656034
-0.0358900982158646
-0.0834324219128313
-0.264853810154563
-0.102792888485226
0.106177354409138
0.0088312590775935
0.0555428388046716
-0.0819087598945476
-0.0647690237458636
0.0880475055688326
-0.0335684460944229
-0.153239354386102
0.0094963974059282
-0.0745618374157368
-0.139604265377819
-0.0792150389951361
-0.112684742233941
-0.0393696613969156
-0.137737301110954
-0.0811432695811082
-0.104413451180472
-0.00600650447707466
-0.0171606500460486
-0.0877568756856835
0.0836405815413602
0.0119524982891116
-0.217508737071162
0.107353472892982
-0.0592442015017566
-0.0827262291667951
-0.0340881519145521
-0.0804185676167264
0.0174682264915302
0.0402387556217605
0.0611777959031411
-0.0561942218181842
-0.0136739034621787
-0.110212704871112
0.0339327509565194
-0.0750971205973829
-0.0352162730168404
-0.0707805387353639
0.032468245370161
0.101693525179317
-0.0921718868541552
0.0197161378823371
-0.0392919134935616
0.0490389535770803
0.0269473561016617
-0.0247188280774525
0.0751490232622293
-0.050799299794264
-0.145230603650702
0.055895911876218
0.169926906016954
0.0885985222881101
0.0182784503499732
-0.0588772484568822
0.148708435725472
0.0363378380004132
-0.0215886572022343
0.00989493888447594
0.0132062865737369
0.102419435132203
0.0749678833503616
-0.00984696448020725
-0.0293667395939917
0.153539162045816
0.0434575156726409
0.166216853293266
-0.139076405855431
-0.0763446150097787
0.0860550044073763
-0.0177076567169001
0.0376969289003012
0.0781196846186861
0.0138581429056185
0.118992050622056
0.146680396812402
0.198328877809146
0.27868110799145
0.115472345706931
0.0544996390591532
0.0918173594774596
0.0371108889750578
-0.0415554836392548
0.0528536298500487
0.0774285812207327
0.0822247749952399
0.0864125973826045
0.13463889554587
0.0806818605157394
0.0286732369856533
0.223513361912785
0.0465341949514743
0.0282517928917839
0.104566050495296
0.111743622296399
0.14308058159633
0.19035083033915
0.334167327053561
0.212047578204176
0.130982461824606
0.163695919335507
0.131314658838023
0.161565564505713
0.308271895403016
0.150002500225373
0.0400090722672219
0.259167247660405
0.00419930505181948
0.158277211650553
0.0994601741795723
0.172271295881947
0.199870140707118
0.0707920690845209
0.227892940666563
0.0740019812912634
0.107594590019698
0.197296636551367
0.035749240502946
0.12462132058285
0.152353210760176
-0.0990889235286753
0.0344053751218172
0.0751666211647726
0.252287826259859
0.208656208171019
0.170275346131198
0.130355519800789
0.164425511631789
0.310944370204588
0.129978689383359
0.101759684819793
0.213561638386928
0.123762778925407
0.129494281929987
0.0875790685559701
0.157182809015036
0.238644559042951
0.171308165558503
0.0863038939088541
0.175602277010847
0.134258474443068
0.0440818042716933
0.342563517984161
0.270532178168524
0.183896661422082
-0.0170159447565148
0.249215647366217
0.264326846267097
0.273129216312162
0.231434289084196
0.288185661464443
0.205132496542451
0.224662533272004
0.153348411708608
0.210730594480494
0.385611015728674
0.245197708617087
0.207777572807866
0.343521874501763
0.198508772036909
0.185514916714808
0.205571653705963
0.0399612927095763
0.187325846573661
0.235374324008773
0.310987227072331
0.271502656339557
0.344127133521105
0.214815967604132
0.398095445820901
0.328308875863232
0.348444760132631
0.335548335201877
0.190075693130654
0.298783646643027
0.281004354914066
0.230036474238493
0.376919993791842
0.247139726986937
0.228897737938274
0.323027885953893
0.12096450426999
0.240009273103842
0.409067011632174
0.264946155846217
0.237149000123404
0.303340484845903
0.328078264459754
0.38232086267612
0.356882734608595
0.122315043510385
0.452558512920308
0.311916543657396
0.443443701264362
0.307155220640356
0.293449258957408
0.294931796713846
0.276493189787615
0.283612745782535
0.494492166788293
0.267911454664529
0.422412024887299
0.432461262079524
0.177092850811186
0.27946956375256
0.194280501280174
0.241534572269325
0.355744236346597
0.24798975177072
0.250668248058417
0.34040680264307
0.327687966110253
0.417838991913138
0.377830020736568
0.457411850798283
0.51386273022498
0.312004307065831
0.346935357843236
0.37922610935653
0.499809753448452
0.32762523771448
0.435463791623595
0.241863219441238
0.125392047659582
0.420981908812913
0.439936119100375
0.310632334296205
0.238405320103673
0.453436563922418
0.294907999313182
0.428388486998516
0.260636088084226
0.300083810839674
0.387830130731257
0.508434981549366
0.425669176698305
0.365255583662728
0.345238205862374
0.322279244438071
0.307844054004724
0.441959784521868
0.45697772027987
0.493219435111366
0.300009733948743
0.453104768316717
0.38585345479374
0.290751554000504
0.495806217157121
0.535025316227349
0.390915633235023
0.372349680749987
0.464936001433712
0.465753706582272
0.34605437689751
0.419822201606506
0.391833327680302
0.539102929165422
0.554927127967118
0.570241891340751
0.514208757842199
0.406580721165708
0.481380445708856
0.565576300273498
0.543871846080133
0.464608991662445
0.34429828899768
0.424804591660743
0.534276602069779
0.455755837049695
0.517883600587534
0.516639668366193
0.494081551110962
0.330542501367986
0.464842795857986
0.339668025063006
0.536441418413534
0.455634891787973
0.463564315746522
0.479929731305705
0.468200726768577
0.500815185959224
0.501221724870514
0.464480420942682
0.441019966508707
0.534847182800776
0.433441102641517
0.539178281625148
0.474715215739873
0.460635032244281
0.428010420566937
0.358341402213057
0.585602694346357
0.590823276176226
0.454088402266735
0.452165734882556
0.451687612092992
0.536160803242888
0.490826589942802
0.544126073843707
0.551608862114418
0.433134378246993
0.57635282223556
0.594005526633201
0.481698751061205
0.615629323115365
0.368151849223035
0.469036098882437
0.630257577955212
0.575570720823894
0.448617665547688
0.500750210835729
0.570466831765894
0.479489148735404
0.559870392535671
0.32015937092641
0.568626491113133
0.518173118365246
0.583701434950182
0.51657214391635
0.668917484930542
0.669286533209345
0.587824021291348
0.48847747505452
0.51764299746163
0.645166004080729
0.383994958010759
0.464948837895538
0.588345951091101
0.599742600014822
0.570126853385181
0.601159737844192
0.588253933890684
0.433096472119369
0.608253377488927
0.530106804647654
0.61912609407338
0.567601875115017
0.656678305554717
0.637591375359939
0.688608485008759
0.682133298859975
0.62648481343087
0.687875811760768
0.677776277790746
0.515593352388418
0.777670508815342
0.593266567141277
0.7148332954019
0.695144303016902
0.642613964709602
0.633043195908731
0.745850816917681
0.837342843121516
0.494617750032024
0.630405893316367
0.698335307221083
0.566035722472608
0.61375458611316
0.79219094380789
0.584705339871103
0.634118948737326
0.706415046222261
0.718631815650233
0.749460638062529
0.62960137084213
0.617258618486819
0.589598344063948
0.687527932779368
0.706378754335625
0.66319924977436
0.686805976979718
0.733816169823105
0.554608021929559
0.627462735486472
0.831339335041468
0.628012675506771
0.58028139378706
0.699312547729968
0.759955625099347
0.549063296417552
0.801176376422881
0.716255828078791
0.715796863001274
0.72439200693987
0.748173698672083
0.800584553086486
0.759583357192906
0.636903593907191
0.692045562184054
0.732236592205814
0.669333793594592
0.692398065925966
0.758344255356009
0.570078583335432
0.772973578134588
0.81579871398545
0.792590096227241
0.767827850011699
0.805961000924021
0.801227022607914
0.813057769540026
0.795587388927305
0.807665381476381
0.694536921300295
0.711599245294669
0.739644174477858
0.689608630642073
0.715276758707503
0.818041349625247
0.839959585097328
0.741882576283175
0.803761506903362
0.616162001475106
0.748219207512831
0.790746808723109
0.833122819942629
0.73940168791026
0.782869069342369
0.753232039042975
0.749883878948718
0.850452803909577
0.771180468919408
0.758422909993567
0.660262243591839
0.776265037607508
0.588907493259956
0.789139536067106
0.74762975020881
0.762606174971854
0.790710273730226
0.782399770905905
0.808439084582047
0.774849332875669
0.526252213874909
0.919306321572506
0.751280466936309
0.709346488248873
0.85931876701942
0.747257028500602
0.598894961340337
0.591737814784167
0.828420577400445
0.838486840294809
0.846868065801052
0.691553507716775
0.735965398776222
0.806843715680425
0.831830243333713
0.763853588726148
0.714997089391588
0.869266852670849
0.885182102076821
0.76676225412399
0.939021211937718
0.822800000862532
0.717856678078745
0.921967140469078
0.927702641618208
0.775322212697589
0.946493424326549
0.790792814217861
0.666874462932405
0.907992778525702
0.969837599766214
0.845819977292285
0.862649145408694
0.88403044662967
0.820568115519337
0.915109459706813
0.836595485127055
0.76756794355841
0.908292563276395
0.901301297708534
0.852342463354826
0.926123517801391
0.908194372028244
0.937607324708237
0.903773795965967
1.01719229614051
0.794802703988989
0.985949616609025
0.907744919962703
0.881311245115968
0.849585326643857
0.897967345066707
1.03053013072888
0.935105608371898
0.872943102587963
0.890089224363574
0.960140038803473
0.957625235348232
0.828741415965308
0.92851394398235
0.785430871167045
0.93159054445474
0.940854950223138
0.9504430515637
0.800707209348224
0.955983619261446
0.935983490514232
0.883144992418411
1.01208699427997
1.0173420711957
0.684136971993667
1.02447042793077
0.846181010519725
0.821778545699564
1.08295144792269
0.927978944110784
1.02507512840837
0.936502560919324
0.778941339023947
0.755359005421873
0.974307347618539
0.996924201424148
1.03680127036817
0.957233270641115
0.853765090682422
0.966098397793863
0.948636274528468
1.04901042831306
0.979938274883938
1.13490723352015
0.981881698503216
0.99716389506611
1.05769198980944
0.888990049994286
1.0921953643644
1.06473414009669
0.881301910237622
1.00959003640175
0.948896357252768
0.99690693655581
1.01802748397338
0.977212668289691
0.998015375517305
1.07074980666441
