0.110583336397912
-0.987835936236953
-0.936592236766343
-0.928039816641711
-0.972058999610688
-1.02198397185001
-1.07680035994196
-1.0303926195795
-0.881446809040446
-0.885538201608435
-1.06348738439992
-1.07343338275376
-0.946153899052347
-1.00824250785238
-0.979126903100784
-1.00733619608865
-0.917006581268115
-1.03505509926468
-0.804018718246253
-1.02569411339066
-0.838770062175567
-0.768295196301008
-0.821632441437951
-1.03365309468992
-0.983271824227992
-1.01309352078997
-0.910534705780747
-0.903778148153935
-1.05291530461488
-0.839016794626766
-1.06262647596268
-0.950199236755976
-0.995676299061407
-0.968411548999726
-1.14578013316146
-0.875526072307693
-0.931647738306027
-0.940684750864608
-1.11380817917578
-1.01262494941579
-0.97489531506813
-0.819583953989219
-0.836302463626225
-0.746552601438074
-0.816436520216668
-0.843976970964096
-0.867922999157305
-0.980619772411883
-0.892358374022681
-0.925249002196883
-0.906166155065535
-0.905101805024717
-0.897264365224261
-0.757618070492408
-1.0663149596488
-0.690527720752302
-0.903590310269034
-1.02434826867956
-0.818097160840419
-0.843959547408921
-0.893816562968107
-0.810490799760314
-0.839479715023589
-0.863904248270121
-0.811422510017676
-0.932110429982839
-0.793288805338284
-0.724321608949107
-0.895636014707426
-0.754434890978315
-0.855618323472578
-0.907562981327892
-0.737747269832191
-0.773316255069437
-0.650152040760702
-0.954530944150774
-0.788488264775751
-0.789056530982667
-0.857015177294725
-0.874583154308184
-0.756726168316336
-0.815921828392582
-0.901923550885772
-0.79249267586001
-0.671941052449422
-0.837987415954333
-0.891160295697831
-0.765030180066825
-0.891321043475944
-0.841618128315343
-0.787147142659921
-0.792160814789171
-0.863735325975657
-0.915656372676125
-0.760824413387252
-0.737620512604364
-0.684775188257805
-0.841403841914864
-0.698259882935525
-0.825290376281637
-0.834232752780866
-0.841138322400108
-0.84074301621018
-0.873280128937347
-0.885063441298122
-0.779315135597773
-0.943738157207576
-0.695127450575252
-0.705383882270917
-0.74132493510103
-0.803507485626543
-0.749362149300473
-0.645297465546326
-0.659772155266084
-0.801725772363028
-0.73862810011002
-0.795089588013264
-0.853062423298761
-0.736620047220947
-0.793588789734655
-0.704945658221316
-0.838808716979728
-0.820161277362449
-0.601543184078212
-0.717671909647113
-0.742329927426277
-0.70178467022055
-0.777261463271275
-0.712356811673176
-0.72407795731662
-0.623574103812989
-0.774163609829158
-0.81563300556416
-0.75586450167346
-0.714178282593137
-0.739438089712025
-0.756972398227723
-0.626446796429244
-0.86895578604889
-0.626906076380429
-0.527782194626553
-0.685677606443468
-0.69750006996513
-0.716823822547465
-0.791418727441474
-0.642403142578323
-0.800016698536107
-0.574713760392463
-0.644355607824671
-0.669584592345565
-0.674211070762853
-0.626839903517589
-0.638435207544054
-0.717731656933491
-0.662634351487009
-0.740770899925719
-0.721063212629139
-0.670123913586135
-0.580543325765669
-0.536406103261447
-0.618317334779913
-0.573760079050558
-0.68412289159032
-0.642407764320005
-0.532898366176348
-0.605336128314416
-0.655866620541275
-0.565975764076224
-0.763624682637921
-0.556609126279803
-0.552626978080233
-0.625560638506567
-0.703948336255048
-0.602072671548284
-0.634065459403223
-0.685467330885454
-0.602252355717088
-0.737638845351949
-0.65501512760537
-0.505483620106916
-0.746123498231281
-0.491818504070731
-0.64338712934015
-0.709492919968325
-0.782792397549822
-0.564725860124766
-0.667711857275971
-0.676887676250284
-0.679185739105708
-0.572735522881731
-0.760649984112066
-0.72099379679965
-0.584971786504409
-0.528288131326022
-0.574567269847753
-0.544206686108841
-0.541237761873052
-0.687678762297819
-0.594814110126089
-0.662069367578985
-0.570886978118156
-0.602056552407851
-0.571810338926211
-0.518838567093467
-0.633238502326132
-0.529891821164289
-0.580742950887659
-0.566017749406736
-0.514607644754878
-0.491361205765741
-0.594695730515896
-0.592746978933109
-0.524824117544053
-0.460386004681063
-0.622663379863217
-0.535839937764667
-0.569963770012872
-0.481933828845038
-0.547844713444558
-0.514360768545917
-0.463921377204127
-0.610241516765985
-0.618571806657435
-0.641263142916808
-0.583958916864495
-0.566750100918486
-0.579458344950904
-0.481602184830817
-0.633513190871138
-0.475510016079998
-0.606421966685295
-0.525821045138713
-0.383209568217405
-0.531770295603158
-0.476186182535885
-0.613541226328677
-0.398028445091457
-0.435048969379037
-0.575565065360243
-0.475982425907992
-0.627353887968229
-0.55217173307299
-0.469092813875991
-0.54153751109418
-0.618198884526085
-0.665716277246899
-0.491188280407456
-0.471944560548007
-0.502371211821482
-0.315704564005768
-0.441200806243205
-0.460372705875634
-0.429095902380282
-0.550717223509936
-0.578426834777928
-0.520279749711582
-0.496838213513762
-0.489618170195895
-0.566875571135608
-0.487020368202008
-0.628323932871981
-0.345475801006187
-0.465020653500581
-0.380920096598079
-0.643469397656494
-0.519990861682164
-0.597917860188773
-0.499644528587287
-0.28959970178958
-0.535313354464011
-0.42489889486279
-0.480116373038338
-0.435001495678999
-0.657597928224606
-0.494704820123675
-0.48376573513271
-0.568763227540801
-0.613317731846943
-0.626903109391338
-0.594761637686142
-0.386409662002331
-0.343882022886523
-0.503119603133411
-0.396005300364859
-0.335690583240111
-0.449061242485887
-0.280632330830484
-0.433031830011502
-0.467375072271128
-0.472594833265821
-0.401324806315737
-0.395508383829279
-0.500455777962822
-0.415831202652525
-0.293165034594306
-0.481776876387189
-0.480097904712453
-0.497975989561368
-0.31447647772242
-0.251866314063068
-0.384026352623546
-0.408642546587105
-0.436739749180461
-0.395012402444803
-0.291918979730591
-0.361057369841149
-0.42770987146253
-0.597237235720339
-0.483119697789261
-0.33906893252851
-0.396297595192496
-0.293277807206553
-0.19508893193708
-0.420318838521317
-0.499939952516834
-0.449915082678494
-0.349104244557966
-0.374153687455328
-0.2976633040569
-0.42857656119765
-0.386170777560844
-0.451772280829485
-0.331146460716995
-0.276839876612413
-0.341236757691923
-0.316919650807516
-0.426181632359989
-0.129836011692457
-0.355498575144144
-0.48398117643571
-0.23840574392432
-0.402172794139873
-0.2998200395246
-0.197997486108632
-0.523065813004235
-0.225926960255953
-0.408599603934069
-0.29014787790277
-0.334486100614086
-0.359947975552954
-0.306705211130224
-0.345893656913659
-0.379984391341578
-0.313272025165949
-0.230500986705864
-0.285957414087608
-0.325927246880501
-0.309012447687283
-0.303380245640736
-0.323447042742118
-0.366844921601969
-0.366949838397268
-0.168420966362271
-0.208341102725306
-0.172416419213938
-0.27409592013861
-0.321110690147559
-0.247267588089766
-0.239895695672176
-0.256306151875731
-0.293171751565682
-0.30677561799414
-0.328081253954038
-0.26349220859609
-0.20412655809384
-0.226890207788736
-0.315727527017381
-0.200466128480525
-0.338408493011036
-0.316061543763846
-0.141872854805915
-0.226700534982938
-0.113531212093099
-0.357619373572322
-0.179084520982483
-0.294230016099464
-0.242799890630322
-0.160284663452521
-0.188604544446476
-0.269721754287301
-0.236170062452118
-0.278334200452165
-0.386363785594793
-0.191782973998415
-0.304872173337378
-0.17754039307373
-0.152258454506776
-0.280290984728363
-0.101838775789453
-0.201850537914961
-0.232697101985828
-0.209847474286512
-0.2310555010016
-0.234084226432464
-0.21005885508517
-0.182230522807375
-0.216325187780546
-0.0572595917243939
-0.192777316744733
-0.175678221525819
-0.145327634500307
-0.12341575353797
-0.156677799787716
-0.258505492174882
-0.0913736644094422
-0.324741672466103
-0.200801615036322
-0.278792351312074
-0.17972514491705
-0.167573374697091
-0.102657920225992
-0.265328560052188
-0.210913017158406
-0.15596807401265
-0.244462600060694
-0.0879954782499502
-0.122968657856049
-0.139707182872316
-0.273822860291453
-0.238989527386874
-0.0609678348671931
-0.0608996575855046
-0.27215249756372
-0.0966064968582381
-0.302129576449126
-0.0827810803996816
-0.142246690117952
-0.0267270167440318
-0.0254818087696638
-0.166414509785865
-0.157116882376947
-0.174491852413513
-0.0727095592678315
-0.154141404382237
-0.0477742929561909
0.112540500579889
-0.0523250571700711
-0.188663603905401
-0.148616356762037
-0.123534655502814
-0.136475176045362
-0.221471786216477
-0.187519498749137
-0.0894748032088584
-0.055196158454218
-0.0330654650299533
-0.150892337183393
-0.152131015087496
-0.0283884669888613
-0.183986314481835
-0.11327069903609
-0.0114946007285027
-0.162969143463632
-0.0941533897395412
-0.107988508605424
-0.056962533953023
-0.0684518772923796
-0.0737398849198561
0.0741953767693899
-0.0622274517426159
-0.106589685222676
-0.0651877979867466
-0.0935041406724347
-0.00419063344847271
-0.101472597962498
-0.00276331584959655
0.00787094687012965
-0.040121282013945
-0.0934890119227448
-0.210637748472299
0.136951919336725
-0.0437855192257516
-0.0318096754890965
-0.111953613056823
0.0671854777220881
-0.0601281296392416
0.0080932414561957
-0.170354676798704
0.0234508373263909
0.131071451118952
-0.0856385423004507
-0.12140256158501
-0.0600273954279866
0.106198292077076
0.0535814259479202
-0.148586318921246
-0.0109934889740522
-0.0332689990747116
-0.017581596095412
-0.0429876068417125
-0.0485436936891043
-0.0280094538659167
0.101458559294604
-0.103719485750026
-0.0374524557278149
-0.0333226782126969
-0.0261379192594967
0.0267352568365327
0.0521951919732996
-0.189410438413916
-0.013895665620127
-0.0490904127985741
0.0297574266564947
-0.0642888985182496
-0.110792269279403
0.0720139562218847
-0.0706775541934499
0.0816032089668399
-0.0141298780874665
0.0834706003923441
0.16316608491409
-0.023378120587679
0.171974950175073
0.0295004169058793
0.054668387378191
0.00604569588356997
0.053805178354267
0.106515426744865
-0.171253196799542
5.9565022461445e-06
0.0194102855842149
0.0778506448440199
-0.0478959299461792
0.251980511550124
0.0593441862379394
0.0699166509120181
0.18139599509518
0.107564549044609
0.0586664675196713
0.0746096157354108
0.0442931597764766
0.0861836468806947
0.0250515117399299
0.0630357712387077
0.101226612198059
0.0657041616378644
-0.0257815357111519
0.0636815955203455
-0.0224777465768983
-0.0139540140182202
0.107943559264462
0.104022691460633
-0.0479612746170594
0.0104961229664727
0.0508386396156981
-0.0220193852543658
0.0563485671169026
0.078325417954587
0.0437608715295772
0.162275747717274
-0.0664054862476917
0.107226744102017
0.0087447251227542
0.164676865956098
0.0983854184640482
0.0350470148161846
0.174857068538131
0.316972331813344
0.113715883367636
0.135792812987932
0.184067833471896
-0.0245060821152119
0.0870656290929425
0.0889020004844784
0.215613064293049
0.242052210783918
0.173403631715955
0.175202122520026
0.0240478537555999
0.0962502851408487
0.182599907951433
0.214399444092313
0.127945947156338
0.0239334447130992
0.101183337864553
0.212006735839986
0.190400231033566
0.112018817527252
0.194245660443848
0.102008674071218
0.335809073866869
0.073463444232551
0.138553376805584
0.137121486959996
0.280307550433956
0.172825388003976
0.0640536337820582
0.188404686689808
0.280649754885908
0.217522995215584
0.256987340675901
0.19412806901094
0.142133962419773
0.124997370950064
0.0121902838475396
0.182628096763681
0.116731195919675
0.0733380293549404
0.317058574925939
0.150682730713228
0.218598248006849
0.181074080328142
0.19620352554207
0.166718271587818
0.120509226534478
0.223485626207661
0.301239160396344
0.187853013623229
0.260447880811815
0.166064778260474
0.161402601989914
0.240406974770405
0.120047818347813
0.191602491890729
0.342588039465834
0.164455846290195
0.281433823424369
0.256693204472161
0.289269862075848
0.249512890324751
0.237445385049419
0.387632853713345
0.195120664631197
0.259295260530789
0.220515296155103
0.27796704593241
0.311990924884166
0.258452957561869
0.188402807053272
0.190260846456598
0.0374658283276222
0.200120826627767
0.287691376236217
0.345958651521974
0.165702894547718
0.154038950193502
0.366887206035856
0.366336857527815
0.310169794398686
0.17242151500166
0.394581422710577
0.276882699502622
0.161795789148634
0.459642635389252
0.198744691636106
0.236268691489625
0.276353960600237
0.197768490167924
0.241679069491658
0.230409068018446
0.27478880013577
0.342717539236608
0.328665530106609
0.225243672904515
0.324608646766126
0.340541994519695
0.270802873492339
0.396914844510557
0.20871144373096
0.21584643773016
0.50141576577928
0.386139486146495
0.394667579628419
0.329365293064771
0.233129914921727
0.223960255459425
0.334448972312733
0.287943721463723
0.377687156677002
0.351993239959399
0.279926746259586
0.411441755824953
0.377983508300075
0.406084941411442
0.422581414251099
0.429850488183038
0.293095213553786
0.313072556813457
0.280516274773104
0.252667894474627
0.498585708285355
0.320220027830313
0.37548122106349
0.212513732621073
0.170759974803082
0.347996136131617
0.346029990240863
0.271198824954926
0.259920239980888
0.332957857716788
0.398917652823466
0.385163488002886
0.293517696650831
0.41684216601001
0.336437417494559
0.334315687793284
0.488252720387908
0.502038472299379
0.383096551637566
0.538475997344339
0.228256560381432
0.441020016501855
0.414540636640934
0.473327560545267
0.432538010704516
0.293812580034219
0.49838916216286
0.420958745533024
0.57702817719872
0.417285222934687
0.496635314902226
0.599951042077293
0.425718963070467
0.434686102752684
0.379791980593843
0.385422972198987
0.338061727098671
0.325315325357925
0.541883864080697
0.361027169604173
0.463556420804004
0.413262786855464
0.392883922060011
0.396312588980094
0.309065516032279
0.244271152014083
0.41532759086914
0.264855233619851
0.431520630259688
0.397664884718555
0.425400531220743
0.388541950867272
0.438124513384511
0.497530464651474
0.361980355555095
0.330584844622395
0.525912123709671
0.479801999416645
0.576278491569681
0.574001411479083
0.558660573903856
0.578411104810278
0.398652020333607
0.602771612468443
0.349019697057743
0.557031295509637
0.48185323752307
0.438067149435733
0.494960662632593
0.412051825553938
0.412283981532632
0.537473379131071
0.536818661204372
0.596200220558645
0.396460893149224
0.435592947988877
0.425185806581633
0.349997951237872
0.630740315197343
0.46503078269099
0.599902591631933
0.583686240320704
0.579667833141261
0.44910249976564
0.597510322383274
0.47047316037494
0.544747209228272
0.67497341241413
0.573660087404263
0.645694109556582
0.541687170773591
0.332832837673654
0.617082478411956
0.529835299473525
0.609801076915546
0.516774763494041
0.418452676643811
0.503459301961293
0.635114496401538
0.50954216351996
0.490895132284874
0.606717088331847
0.502943729345926
0.37767710774856
0.482982571234351
0.593191762372879
0.578292930969841
0.516664831313674
0.554072287379258
0.602694123220599
0.742096261993513
0.731509487412213
0.565777856865996
0.538465797247466
0.39093850340783
0.484958202484466
0.618192746967137
0.644738129934063
0.647150222438932
0.491334992429173
0.581312211579379
0.681751573159753
0.687137513509253
0.515116127923091
0.610919217998328
0.564400302185135
0.646410461097327
0.575261430296657
0.539198800770847
0.618436709375339
0.619014076945307
0.626131401808087
0.509424671179117
0.693005982953078
0.651416182026872
0.665446688710829
0.669771679524387
0.635684202017518
0.550049132212625
0.719283113019481
0.519011749914857
0.666785589247374
0.702700385408127
0.591699237828605
0.719913908483526
0.632969535476397
0.662318320024598
0.534404920685264
0.693502890570865
0.651118933410183
0.657615863542829
0.64699869329527
0.70429181373422
0.778429983687565
0.729462525391098
0.723236630360657
0.73527785798623
0.66142505660395
0.670994015285498
0.417612694146573
0.649382242677932
0.768624708037676
0.707545913249956
0.606022089246137
0.76965631385058
0.573072229002265
0.768223902744408
0.620357371877933
0.661751432928322
0.630087740669018
0.644034391398477
0.685286265387573
0.687913716067911
0.798328642859297
0.792739559716
0.758779255204951
0.813569950863401
0.660429588009277
0.734892230756298
0.68490492106882
0.679248971733134
0.754439583993365
0.730982392329295
0.667470902743115
0.910000376763755
0.679034133986392
0.680615912007049
0.805982655332832
0.857952623187229
0.760119797908872
0.591121044845978
0.603615744108068
0.661946169874405
0.834968827877001
0.767404789554578
0.638712873643212
0.65550020469048
0.672620395394399
0.835659147410204
0.824664282930738
0.753205534558145
0.717038169450318
0.819376827027701
0.83219622630278
0.719115859827259
0.835821785862332
0.849284804964272
0.587804596796642
0.658207133358813
1.02487412242488
0.574664558811424
0.749566427708513
0.859410364938274
0.736900672870579
0.935236637602982
0.758110818674092
0.730104451155892
0.853881148581804
0.729629593673871
0.610077240078882
0.778992795336616
0.825456321864376
0.781187729170781
0.867189564051829
0.745628195354581
0.901934262898157
0.951264746541944
0.913709667661221
0.875553924264999
0.710410707376807
0.88232465178161
0.705805246537384
0.829344291615896
0.860807261288685
0.914316137714233
0.781453616237164
0.753514001195456
0.893396975392286
0.754693926713903
0.949699336800046
0.85778213254696
0.877739199707156
0.809871938270635
0.827969982477951
0.756211893495396
0.86977697739375
0.817512215213813
0.819867975181863
0.766716358532362
0.793423286060044
0.830667272364129
0.773739786881776
0.768752655545856
0.912818061552228
0.844002648539168
0.85639205077487
0.87098218211252
0.894850201762888
1.07531801318737
0.89783647764335
0.780024889467304
0.746371799169238
0.903444263833202
0.862031333699653
0.89978701330978
0.787465191511827
0.847550138755216
1.02452224995553
1.01005605243833
1.01421711627225
0.953357840989228
0.810261756466112
0.839753180773119
1.00993692951992
0.808198418739926
0.944067728312651
0.948197211365069
0.950372140335245
1.04048459930827
0.851169186447169
0.80322374458011
0.790050357510667
0.952161709342853
0.89857786455042
0.914199272281491
0.879802476995083
0.84441692876276
0.965644389697936
0.916328926427917
0.929737980907303
1.02682394384964
1.03358876467795
1.12071874488852
1.10305209840043
0.913462119201652
0.894828767274849
1.04189661235273
0.879030028912754
0.935077059715838
0.836373101083453
0.893623849976174
1.07443172735277
1.04464446025886
1.03755792855734
0.870056885181108
0.95658551901531
0.891731777665712
0.907456339612199
0.937259123798459
1.01153356710726
0.916061546303769
0.95304386112161
1.01200741343072
0.861803370686184
1.0531365561271
1.02321195230406
0.844859949698578
0.959876711207203
0.933948235112207
0.983858656635257
1.11006170772975
