0.0395006814386195
-0.998423964938734
-1.05513674945808
-1.13031534276452
-0.98877139455133
-0.847995237789056
-0.918373747608143
-0.998558521522226
-0.914742747019532
-0.926560028247286
-1.08343852764357
-1.03999039780743
-0.933462033227211
-0.959137804430834
-0.919234944651427
-0.886434655721994
-1.15178602884952
-1.07451514954925
-0.934738333385788
-0.954803428104567
-1.02398779387512
-0.92810792525029
-0.907091823523702
-0.975702519530939
-0.885165397641074
-0.882960812182362
-0.954352609072494
-0.969141391071303
-1.05997643606737
-0.821672631621047
-0.993207700006249
-1.02576367774841
-0.982463063135649
-0.916275095691242
-0.948952853950866
-0.908168280268634
-0.933462339370884
-1.00075467607878
-0.907280661668078
-0.839842039416226
-0.844552937683552
-0.862344397976243
-1.06122488811176
-0.952625128236246
-1.02928899818665
-1.01970339189733
-1.01689957418725
-0.825097507034763
-0.899947286683131
-0.877659107233214
-0.910292281428255
-0.976514371872646
-0.754257011070271
-0.928723783921765
-0.821660666984406
-0.876770999362154
-0.949500778810725
-1.02538135364189
-0.910685471324092
-0.849733187688249
-0.947896492831875
-0.821896676327356
-0.739122301454493
-0.850427669597042
-0.967092519537284
-0.711469573214013
-0.835351688600834
-0.869972774327833
-0.741023927269164
-0.737590933991528
-0.821775471229862
-0.798797566611947
-0.909222227323097
-0.850075498150923
-0.805005278743471
-0.691153302267137
-0.903914275995212
-0.892843089417213
-0.870485484326355
-0.975439175382533
-0.905930949691206
-0.836254262660438
-0.893351300166816
-0.715129287679989
-0.763615048566656
-0.823759401230951
-0.835112933520686
-0.699231395642333
-0.697187862549251
-0.894842915398392
-0.723575648806318
-0.819130072141279
-0.712238430173299
-0.972942496359871
-0.843588995413557
-0.829188262034001
-0.807484551693025
-0.701756350387476
-0.788804512018832
-0.68431383345917
-0.849308272322044
-0.754839902792012
-0.844584347706749
-0.803357514556395
-0.865093109151442
-0.726007492616357
-0.693018446096289
-0.696356569464376
-0.937953663495357
-0.812710398281204
-0.914310536952394
-0.713384710724359
-0.769782874343075
-0.700747898507552
-0.820785719737237
-0.806252486891737
-0.756494896321476
-0.837751278662969
-0.954093856313418
-0.673083199313538
-0.795902412332501
-0.838967112399684
-0.834212308818614
-0.717135526283254
-0.746210226296878
-0.682578338537254
-0.784389480639736
-0.708355213335417
-0.71446497205571
-0.941406982929574
-0.690359557921691
-0.826926697725901
-0.621576090904038
-0.694546877885948
-0.681316798835546
-0.766710712878978
-0.777183797399615
-0.776251179655051
-0.710140643784445
-0.662189035772527
-0.635408173945773
-0.857261072463552
-0.682154204968813
-0.77952194804656
-0.78415112613368
-0.73205606390755
-0.672732112390054
-0.764734564128206
-0.747023867199195
-0.795287822971558
-0.679235930888845
-0.759858244278637
-0.791639380453496
-0.641312556638756
-0.818972555832274
-0.655723480067725
-0.656090806395979
-0.662853641483932
-0.70252636184064
-0.644858832844255
-0.786829899678709
-0.612156014381405
-0.597305991978132
-0.693434472201756
-0.657858367123368
-0.815536401298095
-0.438578416005253
-0.553973818849927
-0.665026472244874
-0.630399887814615
-0.748037566122512
-0.645168769702751
-0.579367858627229
-0.696130627050596
-0.632746748248933
-0.585239768296679
-0.593957019573226
-0.519658608921054
-0.645008268108786
-0.700200560611373
-0.673438578768126
-0.516213086855304
-0.488520896585329
-0.618829331683832
-0.652407584748202
-0.642250174355263
-0.559411022652597
-0.53210158535401
-0.494339108766256
-0.647047416003356
-0.710166229288642
-0.637910759618816
-0.655653851118341
-0.624998930393295
-0.571913700338771
-0.607240189251299
-0.667292292676887
-0.78063332096021
-0.699452567927819
-0.575928983958352
-0.670633663024426
-0.645741301702489
-0.637560684347319
-0.429310875231304
-0.530445200101517
-0.665290998271973
-0.567514807772799
-0.637153639039769
-0.729596171203229
-0.519890738421023
-0.389037946161446
-0.545646730550555
-0.656714826989391
-0.51334331573457
-0.722458488544396
-0.723389355829172
-0.515471177723093
-0.698940474897041
-0.550147029778735
-0.626501209334699
-0.601182020671251
-0.683683883301555
-0.427934562869979
-0.522046356649358
-0.604192553707268
-0.520122296956717
-0.354302087939302
-0.455183370662718
-0.67647929443751
-0.614522741075871
-0.366636666230787
-0.559073332672026
-0.548360697374727
-0.657752108600082
-0.522428939367577
-0.401592642049044
-0.57815191000678
-0.519042379805162
-0.63083162551792
-0.649458023188562
-0.585830579088345
-0.486007184305795
-0.461789240307809
-0.448209375422953
-0.33811449052865
-0.549896960772968
-0.490269766051047
-0.515712609938858
-0.680437096972653
-0.423568750820312
-0.608033683546928
-0.614775208318092
-0.523186672484114
-0.392141921130265
-0.493589511996315
-0.484043089758767
-0.576040771250198
-0.551913703115542
-0.603704253763215
-0.442392488186318
-0.538889876044628
-0.578158518254246
-0.476915486177976
-0.506458022495616
-0.487428190432611
-0.419868615426999
-0.47709937790575
-0.39368475976243
-0.470110210826737
-0.451116026242974
-0.545993531864546
-0.458163559762218
-0.58547773175907
-0.391821973148924
-0.393845279596439
-0.49734517929756
-0.37121629681827
-0.504829509737983
-0.519979221421618
-0.482416544355723
-0.432969930812275
-0.360958168269892
-0.428142828336552
-0.51351740972071
-0.401266225681765
-0.365610493242402
-0.546814221660845
-0.505085158915354
-0.287698475801751
-0.484045565765517
-0.375698603015982
-0.479772412639921
-0.402394659385034
-0.422323498938215
-0.459474100005137
-0.397742529387561
-0.469216638645716
-0.310545330488798
-0.440908636445062
-0.414591124289973
-0.440755149500507
-0.315169783297497
-0.364992572473989
-0.282369457372553
-0.309004884287076
-0.441855051497867
-0.264137929974098
-0.459133652223672
-0.501167416725655
-0.42084910693741
-0.346611586411164
-0.354435877701101
-0.349470402926729
-0.437598011290966
-0.503271764333311
-0.390671625967572
-0.295346331806036
-0.351064801372757
-0.350748179484393
-0.438380864168177
-0.38873870224086
-0.283112760176731
-0.293685036535387
-0.415208300489533
-0.277068160025273
-0.232193548447632
-0.25169037326856
-0.275772796124206
-0.318345266249366
-0.414000807218125
-0.528841631059329
-0.35938329859548
-0.319527964753855
-0.186659667586564
-0.300872091018606
-0.370665618520929
-0.324039737512861
-0.281363375478566
-0.347154436773385
-0.201706405248038
-0.385226083203914
-0.312251892637454
-0.415196353921538
-0.325797709803895
-0.296653614334407
-0.412052214588787
-0.243665067542077
-0.262755422981638
-0.382365108882788
-0.410483407387421
-0.305435414548602
-0.494655929389212
-0.294460359904107
-0.245809581360578
-0.184870723664922
-0.257352831914915
-0.347001519722102
-0.415320247058945
-0.289454960648556
-0.295771044368754
-0.335426761446433
-0.147350734366916
-0.211755051284709
-0.352391932825063
-0.426698910554196
-0.278396385341433
-0.232560567635845
-0.302132225664595
-0.292097039370068
-0.239678631931039
-0.261614771328823
-0.274357304317546
-0.274071508145687
-0.251710331099396
-0.224412727867042
-0.37876577438384
-0.290518630290762
-0.423973092506763
-0.206205153377563
-0.342235307233849
0.0431934527881244
-0.205314809590905
-0.328039291425635
-0.202982695223266
-0.238312838297579
-0.23173780850701
-0.175882834629358
-0.048829589622218
-0.229634121230193
-0.17578037709638
-0.237266858845318
-0.142634461468868
-0.244314688066215
-0.112988761630018
-0.40474185004304
-0.203117193462353
-0.257178000075341
-0.238813614744497
-0.16174834327271
-0.314483590443854
-0.20605908301258
-0.147445496411566
-0.139761727183027
-0.191215361680256
-0.197297423822984
-0.151850299376358
-0.160443920108343
-0.213042783385626
-0.152562458164892
-0.198375977739422
-0.190917645651628
-0.0621084112833139
-0.312696031154317
-0.270094664640459
-0.135853072974801
-0.0892246290174782
-0.195761887788126
-0.0297681523462126
-0.183253722972067
-0.232133323966349
-0.038191888021463
-0.214311998784238
-0.224889457019046
-0.124075591908099
-0.11139267755006
-0.200487169830485
-0.0648355095307431
-0.106319987049954
-0.0907610577430098
-0.240624885016591
-0.0778365977503931
-0.0248841904810861
-0.193607298769058
-0.215784280657041
-0.0387845728834357
-0.187803555093534
-0.268232248852598
-0.269468533874761
-0.0506077974801008
-0.152748409779212
-0.0897541296615143
-0.239229826449103
-0.130379749132813
-0.10918240222985
-0.13212907870907
-0.00615587940916051
-0.0610500813945938
-0.117879142768048
0.0310670735619489
-0.0958639675466886
0.0626433173473656
-0.232286337401164
-0.119384099328608
-0.0409549243791978
-0.0165077533460579
-0.0518559798432822
0.0190647469037767
-0.202505285442357
-0.0488555792817186
-0.111076084341404
0.027591652304379
-0.162854051047933
-0.0590641861328513
-0.0134796352237258
0.0130211954588821
0.124060706277328
-0.0667122769861206
-0.09204823397629
-0.111227811145513
-0.0561484517215769
-0.0170096703554551
0.0406766735426442
0.0172300394042864
0.0234980181161883
-0.0514184050115022
-0.0370963515863911
0.0447156069746721
-0.148785790499473
-0.143384511993777
-0.0951756505983698
0.081914875015676
-0.0633477954077463
0.0296580527653756
-0.0343487768863314
-0.164311661092989
-0.204921107193186
-0.0588211239499435
-0.0339735828690576
0.166707396550559
-0.0133167291556464
-0.0188029847828868
0.0512354640687868
-0.141370579508971
-0.13230300313664
0.0693749452403064
0.163711232756284
0.0532034817773232
0.29873385885625
-0.00687283289778402
0.0154340073197618
0.0194642879774008
-0.137892328180105
0.164395746473131
0.0186035373414483
-0.12400943297042
0.0383525248482276
-0.00150976685760674
0.132307422935594
-0.0818211407487946
-0.0781624891636133
0.0400655589428791
0.00786159813935362
-0.0491342847408905
-0.00853064536421336
-0.0437012932288907
-0.166181737867122
0.0153740299882
-0.11168465233055
-0.130397791888444
0.0204345920137504
0.166494414770217
0.105711263752071
0.0804463662872707
0.219762611875182
0.0784088627491
0.111001137533307
-0.068720053487767
0.170214601181165
0.0809437605820156
0.0804431159040824
0.0469496890368283
0.2067490047397
-0.0420030907423503
0.135250344172357
0.0871287532703573
0.0393837862848802
-0.0378249642392277
0.0853748067982469
0.11343871991387
-0.0338273497594704
0.0996090771228914
0.0176704024025674
-0.0144835025504988
0.153111829517005
0.10225515969215
0.0354910051028383
0.0896977537622487
0.18663246418531
-0.0208257476326191
0.0184392021671701
0.1738253425662
-0.0264972002586282
0.164815281605196
0.00579409829937417
0.091590406599523
0.0711592144710675
0.187225851842696
0.00429811987033763
0.0403303551456484
0.166273755440039
0.159282248004904
0.101781849021896
0.199994685409843
0.15458968001602
0.184611175173543
0.120694407849301
0.0919062384845552
0.165213642411432
0.0218654495856933
0.0785481081307392
0.116377812234634
0.196548132736374
0.231300855169123
0.179761951617741
0.203589840040706
0.149806403627264
0.0625093392711056
0.176551815877081
0.0716822526812084
0.142286367116862
0.0124294602220894
0.272252407811765
0.00746628330036355
0.166217511656339
0.0676425632459142
0.355986287356208
0.0110710219036098
0.120244040426067
0.210441589090957
0.282637352135992
0.18444728823755
0.149968289533075
0.230323777436108
0.227191354421285
0.214963772442139
0.183257676756444
0.0844208028768725
0.234531269775627
0.228331676337572
0.0940753064685489
0.208084278832
0.0567510029591922
0.186449782834279
0.145025105046969
0.376068102057561
0.33216125237665
0.204526002838145
0.183472977091491
0.26723806772158
0.0258653510381711
0.119171745107502
0.178817538596004
0.169404890420568
0.0623380799914658
0.214443632876797
0.206993209240248
0.044916411891713
0.17197580753024
0.282856594560064
0.258509768961685
0.358049868820483
0.173805923429088
0.230607431673766
0.274724894045914
0.397312589062997
0.211006517120637
0.169725015253177
0.244887771743911
0.35580336251045
0.320352218485559
0.162278127026146
0.294160122920246
0.310478952701811
0.0989528122497587
0.363799849787901
0.367227895368204
0.298612510531623
0.278219332408027
0.184194966837699
0.226431054050352
0.204171797442637
0.195944079757251
0.329315491573101
0.274620143974148
0.294534543019994
0.240650823116894
0.376913683471894
0.125019773397765
0.295762034181959
0.379932640647915
0.337199293056587
0.279158473547568
0.440244593931066
0.300675984624595
0.253586006310811
0.366115826882616
0.350304977978919
0.365517168535781
0.239055603929315
0.357349035610175
0.354911546135809
0.260381811197487
0.366832813977536
0.328290659874787
0.322512223720443
0.263114893777109
0.318555038093503
0.334690652863055
0.313148804787007
0.390200652262934
0.358955199223198
0.303245230994853
0.275634816699138
0.396438718174958
0.399719360560299
0.354127587195676
0.172711107732751
0.365952217793465
0.3476604193207
0.258573835747986
0.358649826630016
0.327276784887563
0.291162016090233
0.407648699682049
0.404525444846077
0.397789360296115
0.410701914237632
0.2851958865973
0.240072542899525
0.354088136010889
0.325682124428573
0.319877866854446
0.366325324917843
0.376189553581327
0.332996331970834
0.514310331716743
0.54716257638707
0.425942560126878
0.493796834195237
0.372784695043006
0.405784407331252
0.540132692566759
0.465454834077842
0.483875826548764
0.413505662968169
0.364217456096312
0.455966430812696
0.205633492029338
0.24867600978522
0.396029488456309
0.288269365343526
0.425983601778728
0.508072676958317
0.528445720904384
0.256816032595068
0.538152468388256
0.4228497397727
0.36687038183268
0.429350802941284
0.357294899759787
0.386645615387147
0.324911679181953
0.633547467868971
0.39641546117206
0.624170541806468
0.552210810462702
0.371546442791303
0.418971637024457
0.278183071445734
0.413408612527058
0.467863859655076
0.584280948307139
0.405861442152195
0.52949533563019
0.435542673930534
0.407564616250525
0.45872469292537
0.426378407924316
0.46282166790685
0.308592362064052
0.404620861358633
0.420719193728849
0.464485921384963
0.408400773128735
0.43183482510993
0.584062869747427
0.379834836885766
0.545919193508016
0.555423765101998
0.504040718690423
0.665928531009184
0.45307917453304
0.588316592020394
0.538278114032014
0.600467803172507
0.44291195619688
0.534153191787834
0.47757485045287
0.505409282190883
0.55289726952536
0.565675293225448
0.518523206909461
0.473407553615813
0.560836425005934
0.527686474736891
0.552685483711013
0.466734470868135
0.640570320003143
0.411960060047831
0.51269130767793
0.421399222910228
0.58111412982045
0.562592053985643
0.509858118972919
0.546177554164539
0.653885212792454
0.603511681056351
0.463917333877589
0.420674640778883
0.491480405133127
0.561893013242584
0.65932036728467
0.529533671644332
0.580884010568088
0.679966276599022
0.545462234467305
0.507268225454398
0.699927777804042
0.529159190979056
0.568007027801236
0.672298838278136
0.624630471238147
0.343075256176499
0.525519669481307
0.62595919724805
0.511979126548899
0.695693224499864
0.670879721417843
0.473107263532688
0.590669164684872
0.609923008874845
0.57161027531466
0.507262302307198
0.53311500069994
0.56048898562925
0.724577121706086
0.534352031140499
0.453763755380222
0.665267668728158
0.500548455761838
0.735320533091376
0.710180946921277
0.652119942998241
0.578505546660432
0.687863131489282
0.601920938298298
0.688110757093608
0.665455624093534
0.531564521171199
0.646477571744351
0.730629589695755
0.577499799247412
0.717418101660938
0.633126869468867
0.654304235278456
0.613796382348884
0.74481099795484
0.65390559760419
0.680401262251228
0.684274890158796
0.68967434396135
0.603766713318408
0.745944526049141
0.757586676866417
0.756263990997421
0.786726360887598
0.571093623958102
0.682077706076325
0.626724667906491
0.686920370639216
0.716745079593398
0.784790275658217
0.831564454848268
0.736945637324884
0.456752312483281
0.652875145899913
0.65346075793181
0.665352309541858
0.638621827679152
0.704253026486922
0.671827110314196
0.694728851141047
0.734314087250837
0.742816375192194
0.776559628366396
0.72182383263457
0.814319237122483
0.816945129667109
0.732018499858577
0.684740066684641
0.859264668065909
0.646160736740201
0.638680177729417
0.764629649794109
0.719296171321439
0.580259766222382
0.636994732206998
0.555770308423089
0.647219959932882
0.749571785013777
0.690414579026552
0.737901677421995
0.674356012621852
0.584853042384741
0.714687828277365
0.827062531362644
0.648114445285792
0.737329271109379
0.673769854903757
0.711889028132882
0.811112386820583
0.767465872914829
0.8438022112033
0.729810365530652
0.87037683696923
0.74276488916047
0.815607100060987
0.723886033579611
0.815111930823771
0.925273932404401
0.757524656787341
0.770505837272401
0.94218773678772
0.891556342054212
0.682634575116276
0.839132008803591
0.826171839223166
0.767893096221813
0.860456669163315
0.795162698539357
0.823594633639589
0.719741233712236
0.681910012199388
0.890545609506265
0.767654761009895
0.68317619958538
0.655860999797793
0.782666440798009
0.987641384032842
0.843436849786466
0.853299053072035
0.862344607241571
0.977584186874714
0.768698187071393
0.741472887619636
0.84066834989461
0.756395017690875
0.827657898928433
0.928802105635596
0.932534241382348
0.83170855665944
0.929397810844319
0.823920426646573
0.771250426163054
0.851592947721463
0.792755298169594
0.77202819822092
0.798795942602255
0.788953799624528
0.877999445231428
1.00079195046811
0.986075475494835
0.926224183841918
0.76334555981747
0.81463392019248
0.885794735262881
0.984130609910198
0.751089679899439
0.912833396726717
0.828226469390609
1.0301966952052
0.88805096658494
1.11379195034697
0.8291529547834
0.932068642087268
0.883933642764811
0.932200061431249
0.879652622554886
0.795719554957617
0.928713907313933
0.950143278193078
0.917549567933241
0.79421987224849
1.17535300007979
0.975006597870979
0.834392994284457
0.798754675143986
0.911271152294095
0.947606623336775
0.712564220100755
0.933944053180861
0.85862039288344
1.01560490024908
0.930273259954613
0.934395683454641
1.0708401724723
1.00455012508857
0.939615429643637
0.986197115469822
0.917727203944392
0.950536373442316
1.04658958180501
0.923886179945039
0.892799496700129
1.01598577540857
0.891844337505157
0.971925377176361
1.04651484177005
0.965492113447375
1.1307125050646
0.941485990515966
1.13200885612408
1.02451434293553
0.925264402102064
1.05011350870383
0.880787236881595
1.07688684616961
0.909191996278764
0.869404453535437
0.941537598330822
1.0807005959534
0.970422486506901
1.08290655329276
0.937865005848145
0.903701091311425
0.959441497118524
1.02037719095243
1.05285378182353
0.998026504763074
1.02316163686517
1.1085136175971
