0.169275505815928
-1.11968402629456
-0.909778227463842
-0.940725185003093
-0.987923332917976
-1.04641171574241
-0.950276037750747
-0.946511385115347
-1.00587903379801
-1.02366271262763
-0.886800635073276
-0.961743177570623
-1.02496556364576
-0.909436323825386
-1.02171973455129
-0.969033821100713
-1.033165648991
-0.969372168089554
-1.08075013040426
-0.934772821260022
-0.958569808204229
-1.05868527443926
-0.894234358287632
-0.897661197126542
-0.853903640488891
-1.0408410719957
-0.998391970443548
-0.956685642954751
-0.869964333516374
-0.957298928026161
-1.03704116704478
-0.94877850631348
-1.08305395387438
-0.872616163777379
-0.978947370875026
-0.894169074637194
-0.837678756850224
-0.947738025975253
-0.827937339064783
-0.800880660699126
-0.98154772561551
-1.03159744300269
-0.667426478127727
-0.934490119450687
-0.931114094914112
-0.827290211483119
-0.892867688161219
-0.929376815587615
-1.1132516594263
-0.983420212402973
-0.815342812714764
-0.838442750372061
-0.864771626839693
-0.773306421776158
-0.792242039831399
-0.984319471300974
-0.998361538893793
-0.771453131761751
-0.974260793311513
-0.864481914947081
-0.937391790562986
-1.02339360343859
-0.883718376302881
-0.816175069617269
-0.976150146658048
-0.915741647663148
-0.943446656749235
-0.776773070760822
-0.901818586054594
-0.979913150634006
-0.926145615045433
-0.942334607298694
-0.719892115064529
-0.998563738832301
-0.8791520876847
-0.840289155486224
-0.801597034523529
-0.726604019081464
-0.851357615818066
-0.771978171650378
-0.802470148139476
-0.919046375886174
-0.805360169634505
-0.93960800744661
-0.719061069394736
-0.946083839589957
-0.826214989890707
-0.973141784802817
-0.848863430758771
-0.818973562804919
-0.758323220172612
-0.828758101573772
-0.810036062128864
-0.791397985422236
-0.764087310997186
-0.867887966768693
-0.677392055377282
-0.843932950216671
-0.854940396489137
-0.867565768815159
-0.7751013947845
-0.884529441870174
-0.808998667652201
-0.758289556438291
-0.828055305191848
-0.778306596752777
-0.812890898132876
-0.871881906405238
-0.847870946077418
-0.957888015689069
-0.751729746465728
-0.807565637611863
-0.762300245556065
-0.811742226106941
-0.767836525672333
-0.763756871837205
-0.700367554164856
-0.864525371199108
-0.740432100741812
-0.69701850611097
-0.76571939263355
-0.794694910060304
-0.782723900582964
-0.782827670158023
-0.777589600157925
-0.738351105607075
-0.659510730322893
-0.768457529544619
-0.734464915331244
-0.809281623460994
-0.793687206282577
-0.828029760691873
-0.80539974856936
-0.848001009190695
-0.706506666490922
-0.545118821273959
-0.739531621227632
-0.611108787850621
-0.707223368563093
-0.693345083889375
-0.680832190001559
-0.624134089017847
-0.864803727491888
-0.682826198472095
-0.783708222744615
-0.80738933756219
-0.718418553365871
-0.707934181693104
-0.656741559716434
-0.752519672604903
-0.673334881059618
-0.639356631964573
-0.679917998671492
-0.656715015544481
-0.72802237353931
-0.702906626467646
-0.614179690507999
-0.55819215192045
-0.644214248224115
-0.657623275455554
-0.708907692602038
-0.680868132784304
-0.546697509388635
-0.705811355638941
-0.679910560029397
-0.792109251976733
-0.666153784233646
-0.704505624133296
-0.480941777868511
-0.70390923311519
-0.746758087366914
-0.671683434532969
-0.596427392909598
-0.745766398805415
-0.644677042801557
-0.705610485648739
-0.640290088414119
-0.687485466764631
-0.630658434944269
-0.823095949895368
-0.645612236821833
-0.695158687219199
-0.675448912079815
-0.714064382351266
-0.717409218246656
-0.633321738848602
-0.568285184813852
-0.720857586791486
-0.621694119341384
-0.74350388452983
-0.626568210482181
-0.683931830950349
-0.749731922604688
-0.664445700360178
-0.581315992804896
-0.360754973080868
-0.631107687442583
-0.569790810298885
-0.715516837589922
-0.62632683156015
-0.518755826042904
-0.592943468811667
-0.593889426669565
-0.594444312343781
-0.60850295324195
-0.559166585842768
-0.667511927435596
-0.486321575934614
-0.682268532966312
-0.53065940710833
-0.517077468317073
-0.617679329718593
-0.611871393311242
-0.552329683872477
-0.623944246336338
-0.633869927930798
-0.63140656249041
-0.445156757855907
-0.512830372131277
-0.494646716544569
-0.538699767276041
-0.639249942174462
-0.57773056001065
-0.576501722019734
-0.544616888827365
-0.543335145294192
-0.536921715752837
-0.598656509754943
-0.421571106352518
-0.549558063594079
-0.510816881400495
-0.409589711076695
-0.521225341483655
-0.528609400639341
-0.473929635504295
-0.484797743852752
-0.684390297085873
-0.389036799302053
-0.437199552328555
-0.657874095940509
-0.514491941164516
-0.541131682078097
-0.477408512627327
-0.468860781866054
-0.559346830214989
-0.530904214663664
-0.59020500354094
-0.521423764004418
-0.374219176456775
-0.583157334636143
-0.491033555580718
-0.636627525446441
-0.456560579321696
-0.396301273130264
-0.463529217025152
-0.583004953731029
-0.538078000509555
-0.305060769052019
-0.479022040762773
-0.471008162444771
-0.553468109553905
-0.478463348343266
-0.506667081112203
-0.338980300054396
-0.609953763205255
-0.465178942067557
-0.52332084112214
-0.399773223531978
-0.442309718633264
-0.514349343444112
-0.638714896928759
-0.410948156991223
-0.653717787330466
-0.481654695797998
-0.394242879453184
-0.483443975219693
-0.544905461214845
-0.442177576382804
-0.42655849444815
-0.473720911054463
-0.412532817270363
-0.466834943813915
-0.495200677573942
-0.546802565684693
-0.479769307034589
-0.372259733989385
-0.556080147993877
-0.436366822860467
-0.365583859346079
-0.45547906017512
-0.428662538187186
-0.420853587510341
-0.376669798457949
-0.589447734534654
-0.46622717181051
-0.352435394595703
-0.371817125266803
-0.427295531849426
-0.393520891736905
-0.347858243134275
-0.473362064002427
-0.559511250227978
-0.391268940053018
-0.371022657088142
-0.5467821223971
-0.412705979781655
-0.361707765439841
-0.317415125130359
-0.384964421046469
-0.355062576308447
-0.239374417761457
-0.427060972744187
-0.330847087784602
-0.572580158435673
-0.440286987763641
-0.304901935742049
-0.388760278688387
-0.333096229269488
-0.419116423792444
-0.379268545473108
-0.431050510218779
-0.284526430680562
-0.418755338171978
-0.342859254353766
-0.372778647067954
-0.356178328897676
-0.329816613354736
-0.312427016091196
-0.369826396261772
-0.31252465482938
-0.43595508369299
-0.253407318137259
-0.409627647411575
-0.329599227072395
-0.214582085443491
-0.283299690298607
-0.290035355070077
-0.487393246731114
-0.240891513060233
-0.159453433941865
-0.348570067598657
-0.383684996373736
-0.204436070475369
-0.24484793398972
-0.338859177498769
-0.374412912891667
-0.347613237887068
-0.567604709757777
-0.307810932778223
-0.335085071550039
-0.313048783332561
-0.241701304874051
-0.378458146474565
-0.188097743984172
-0.191976507880349
-0.318352724647739
-0.266399543701237
-0.271769683497631
-0.347811794801579
-0.296727044955336
-0.420475747259735
-0.22767921793046
-0.15401630936557
-0.388797025349525
-0.349608978287156
-0.364196199269023
-0.332526610022161
-0.243272713582481
-0.243560933227655
-0.375004074556157
-0.179614221894362
-0.229330804694112
-0.0219493774564547
-0.204733153195138
-0.348962908040344
-0.178949963012166
-0.262182426132815
-0.291410580878968
-0.23669930919334
-0.231381315626954
-0.42853008348171
-0.265955905371303
-0.246152151200206
-0.212762140987495
-0.22937303427474
-0.31728345075947
-0.0163780914296304
-0.091155400763753
-0.217706591064908
-0.369642497673973
-0.385030972213737
-0.247650709274116
-0.243102598514966
-0.326059646855104
-0.230676743549646
-0.409586244302491
-0.130907401600526
-0.254834987535766
-0.0104959419119913
-0.192981892419578
-0.286451323768322
-0.106529593784566
-0.144591957873372
-0.218528281702956
-0.126732848370587
-0.141730580151725
-0.21617720387421
-0.187397200829497
-0.292705013841952
-0.0988454634149353
-0.123709998943729
-0.27652343990535
-0.151663729064126
-0.190763365358433
-0.171178098022926
-0.181901064246195
-0.21355509728558
-0.141616466610525
-0.361520841019361
-0.0963697101796909
-0.110220141559138
-0.151134278442444
-0.20980000509556
-0.0536891575772838
-0.331661439427474
-0.299993619541602
-0.168257891065074
-0.255922822188979
-0.241889810532818
-0.164996762844041
-0.116428679196968
-0.202523119972735
-0.124487364156558
-0.147042859848548
-0.0537561581833002
-0.196339034250895
-0.00380998387820606
-0.14897769539384
0.0235544321769018
0.00726178940789104
-0.0566108775373251
-0.094835952598619
-0.176001379917953
-0.174423059839476
-0.0638603868335429
-0.0752549171905482
-0.173439231166289
-0.123653255749888
-0.0549239397073491
-0.161540808076516
-0.0872690439852068
-0.235707523882607
-0.0712530667804734
-0.169566959985249
-0.03268096661881
-0.0830134117234088
0.0639846903664205
-0.092873413235969
-0.00420551204606853
-0.0644708362651268
-0.129965016640306
-0.131823959813123
0.0710845282764233
-0.0269306187477885
-0.16558201914811
-0.0344353692523501
-0.0525991867310699
-0.0600638333283406
-0.0585324134974466
-0.0400284613694021
-0.0251521236848013
-0.146089061357519
-0.0227614825009664
0.0960934774072944
0.0356946085545569
-0.21686421435606
-0.0508559886547119
-0.0634305670819732
-0.109593248778306
0.141517595917516
-0.175341830543781
-0.0822346294387109
-0.0312866435720981
-0.0688834226482099
-0.0742267381277584
-0.0724726743075583
-0.142298974251676
0.0603337004411175
-0.0732339143796228
-0.0476490813299207
0.027675954871383
-0.205153376335777
-0.0674000891452136
-0.10518974916344
-0.00745151020943954
-0.0690448601621637
-0.0627499878998407
-0.0273495765657847
-0.0753881960723505
-0.176222659906727
-0.0608951210163795
0.0557197383863316
0.0889183979708796
0.0462487670073728
0.102057229493458
0.0405803445487788
0.0168410382854907
-0.0230043592050839
-0.0360690987446799
0.0611004615554328
0.0595113837472441
0.00878343888555173
0.0876882981859139
0.119167263562109
0.00937717751572433
0.0191790508670111
-0.123995675392862
0.0923273040986539
-0.067108677402679
0.0783358965369433
0.0110223420036621
0.0837836176122031
0.199610829736356
0.083466084625611
0.101774484193201
0.0366761506192501
-0.021072280409674
0.132010527409946
-0.0189566502147328
-0.0339712073088382
-0.0301507205302895
0.0439782016897109
0.0915850539102619
0.119831795262564
0.110983795020058
0.0299101113591554
0.0544178739529777
0.0238750402030103
-0.0142168953803721
0.0708795739493188
-0.0722096606104392
0.141043437405956
0.189311759248803
0.0925433345393447
0.207720386279649
0.108485457944046
0.0521318639230052
0.077314716843743
0.093117923663258
0.106872898513534
0.124308115442536
0.0485429325181555
0.0597255720200405
0.144213348052818
0.0148748542406158
0.107900091292653
0.292980309265329
0.13541007261387
0.224480791618937
0.112456014716474
0.0641633824202082
0.145112184448142
0.209727077912044
0.0918395999959882
0.134203358150853
0.329455765641872
0.0500649156058176
0.25051982146779
0.305307723569541
0.0666369222138175
0.136686049908457
0.22219450836077
0.0927510884705489
0.271888634084225
0.0967351466704486
0.342229441688033
-0.0200614571468651
0.14652036884169
0.072836678689781
0.201768948269746
0.0325990469242443
0.0420966727180678
0.176591725644858
0.146825156100166
0.292493497682567
0.202177595199155
0.148024190790117
0.25425662152956
0.172636341634013
0.355984988965947
0.203019935595155
0.312631800103177
0.0108235193578851
0.257567487361797
0.334009133964212
0.155259766107509
-0.0115381908730865
0.07742327276023
0.166476920751226
0.204765714587555
0.19658610230983
0.214043848209927
0.0327005872399993
0.133864373373053
0.0515141508006629
0.186703983316675
0.14471009620311
0.292017469993098
0.112290364090468
0.199892139815386
0.315610422592821
0.223537300475324
0.107463041982586
0.304659709296309
0.199326860664027
0.138939081987976
0.176242419599073
0.178965168712523
0.280577542827496
0.20334746098982
0.201947987291485
0.144641143451915
0.45130112675624
0.389930173063007
0.174451701199419
0.172656407911745
0.218194971782523
0.146961119089054
0.207811742890777
0.277769707472825
0.246489010363301
0.28742424075964
0.17453765865299
0.387413732974001
0.294697947153697
0.289889412681528
0.316867389589205
0.221194367950749
0.32040011692238
0.348423997465149
0.212227447289472
0.329184725953829
0.341277835674552
0.260676023026685
0.267201163850212
0.349416979040897
0.263328410091061
0.413189747748666
0.236682378696979
0.357432498407463
0.176592712343563
0.323800925825253
0.47250373210158
0.353893827579396
0.270212279055997
0.353671959931268
0.308058203471389
0.368247092293541
0.394185299635818
0.160599079816771
0.531209841033239
0.270134107948422
0.278374335894586
0.264465974026794
0.463320353558207
0.30089495949255
0.510102173124011
0.221501486301008
0.214996126780263
0.321550489576743
0.444660184694112
0.241096375604763
0.321356818199636
0.235144809709121
0.169810543575431
0.422011009373006
0.330700721189663
0.344550998099127
0.272288813530942
0.279533460564884
0.269889561367975
0.278167823373897
0.360612127819131
0.232600887918938
0.203395012283162
0.310056240479869
0.565822141243571
0.359510452201354
0.447111510945913
0.395966143890443
0.429466098704815
0.314048375313876
0.408048071644286
0.355539219541515
0.577081061647953
0.439099753435494
0.391246306658236
0.448839302547823
0.383157765059638
0.460838953399246
0.427082411780488
0.469386275319861
0.317912267800177
0.418647020537049
0.231176561067076
0.440261556779964
0.264350229688839
0.36574674355564
0.309331225382575
0.458910306790021
0.550975485058439
0.391192716616846
0.495633622284138
0.376054583328232
0.324140746766263
0.461403916812809
0.451325768568609
0.374372283242306
0.272537552000684
0.405574841130889
0.506120148085734
0.437557394281648
0.543811115732934
0.488250213111232
0.410610771322782
0.62108882121432
0.460670327206285
0.225875027893892
0.423571642757873
0.499443597085305
0.54519308654448
0.501210819381403
0.448618531029642
0.525350038730795
0.412991478770165
0.520914990099302
0.374631507979312
0.526533949725695
0.476991736656133
0.457274378933696
0.546840038177032
0.432795362753484
0.452457649245461
0.482495816340409
0.394155537980315
0.550378041881294
0.371735170482678
0.393968983760018
0.45935290539456
0.520768930397426
0.452946346491008
0.508420212484048
0.474870871677823
0.446721744806562
0.524470218182429
0.554327560165046
0.615252647734469
0.491839864790191
0.436126884329128
0.470783557746499
0.39500271959395
0.431172499032699
0.494275886336921
0.69757882348435
0.450602382036182
0.43382144704225
0.505577171628533
0.498281687530503
0.694519120864795
0.417031057533547
0.508294736893541
0.524049048378983
0.476576193507036
0.532382356530679
0.632864332612893
0.578314240447508
0.358408054905389
0.519979590864402
0.602077057044143
0.488571887712341
0.669236466536033
0.649997824306164
0.658620431971614
0.65440071157286
0.591776451475906
0.556980002384134
0.491814429814394
0.541654089883777
0.651892590350824
0.600053954846937
0.531041006598302
0.653885319376263
0.654761874264912
0.531614651114967
0.55973477922575
0.740801024081515
0.490166468195697
0.642867765263777
0.591424456860907
0.790803948740172
0.524058539372672
0.447580690367551
0.537078206002991
0.650349875771982
0.607870500388517
0.674846735914045
0.603703270245335
0.655982318916053
0.746193801252402
0.693699039340761
0.633332133685115
0.609366693114869
0.642960576995482
0.740244801722179
0.653994688457037
0.593242132020523
0.640955646510528
0.499082734056796
0.595364938104723
0.534814179701248
0.656914547748197
0.44682243613281
0.72767533356587
0.55152929179474
0.601120935473078
0.497708297054989
0.558470640340073
0.654931646235127
0.737598169529549
0.713920261609592
0.569377816823597
0.689972373988103
0.659792919104343
0.664943715568589
0.750853750329246
0.644766165122227
0.617679456292033
0.602612187112026
0.710768119304235
0.726688174196858
0.821315197787729
0.543036879580362
0.662633747051466
0.786017914721809
0.722135910949122
0.677662091306783
0.644084834879668
0.841332748669487
0.612119534898877
0.783468735060851
0.811637607045827
0.663104485827947
0.74443113460628
0.783564595365901
0.723715631016709
0.75342482587632
0.814915147441238
0.605338424590057
0.807951502887138
0.753353277844612
0.743435963578267
0.704699358952369
0.814722808180426
0.765614839763967
0.770653882524886
0.847347557068665
0.659823160708598
0.676276806642131
0.621305594993677
0.772060712582197
0.737509329579568
0.651246512766544
0.736047282019205
0.725681671335801
0.651908499486302
0.96621103556714
0.795659289085202
0.711117288117783
0.919862732199538
0.699096897615223
0.79782521728118
0.563433486386581
0.695214496327222
0.730227425093944
0.746658123771832
0.769587925354205
0.757331690730264
0.804636840267663
0.855615972747376
0.749550786908136
0.790917851743305
0.788324824661112
0.658897044465026
0.725510880894839
0.738032217355012
0.747606052313758
0.798525518832443
0.728449505581824
0.781223929391163
0.895041210106231
0.7657102905325
0.684627766608329
0.773788106294993
0.760838031020069
0.75806284430749
0.78357723387944
0.854912607804119
0.811792953262329
0.912094912914639
0.854097311100335
0.732636610711066
0.995589465676773
0.756878333452309
0.868038575075583
0.811358830017991
0.899679929551609
0.779926119392897
0.689909358904651
0.842445616957995
0.877059984384195
0.822646886883709
0.673184324060748
0.881205215582522
0.881085843664383
0.893282947233951
0.94105998863294
0.86653542963995
0.894033377876346
0.672445242202829
0.934148645714286
0.900774750557597
0.831817630534308
0.799215833104883
0.823294607953143
1.0316045956636
0.887488477122136
0.946063138775132
0.834593443894352
0.895014381613407
0.854225596583661
0.940922309785367
0.95278793476688
1.00172726701844
0.881157842447549
0.932735903323364
0.957729891178923
0.996622900096188
0.756993956375081
1.05147172471161
0.841105044439677
0.872610301907909
0.807503506515736
0.847057444488213
0.928636372115286
1.0494840641774
0.939805421080722
0.837843945721538
1.02177093228571
0.942463531786445
0.925132824202151
0.914634672927115
0.938227610014839
0.982613478940085
0.869385255696811
0.80282068800066
0.888805576314151
0.928110450057271
0.8409947221162
0.977466386444682
1.05386819854502
0.84108102677142
0.838009176485697
0.93608517693886
0.8587690263829
1.0862451074587
0.869527202949363
0.978952012113118
1.13404285123132
1.10512924540608
0.854023036079325
0.913550575648983
1.09566706255902
0.876751990477075
0.907266713004309
0.89629701474476
0.841640301836592
1.06104842614399
1.0313996155687
0.960031347781195
1.01452481078828
0.874426252863746
0.858338868960269
1.01697623916729
1.07844053931773
1.2022695109108
1.15549109771054
1.11859815829685
0.99803466029028
1.05252632038889
1.10098596026375
1.04224626375441
