0.0445006173894575
-1.00138108111374
-1.05311244510541
-1.13140409181937
-1.00101177260176
-0.853824987172898
-0.91705777647282
-0.990247341383598
-0.900880165006817
-0.92702239168448
-1.06292572105836
-1.02723045980614
-0.95370378931677
-0.955512652501331
-0.91202498793124
-0.887835622375213
-1.13906752114363
-1.09838775597024
-0.935652417864669
-0.950956907561971
-1.01413028324753
-0.942813661099376
-0.895923488603043
-0.972153455012315
-0.881289775561231
-0.896551226500907
-0.962022829397999
-0.969898870401093
-1.07835728004599
-0.83648233575766
-1.02541127279381
-0.996450833480755
-1.00534586635729
-0.934486774626322
-0.958178507443641
-0.920775738007573
-0.928988134437684
-1.02717047211038
-0.898824305087295
-0.833736153729429
-0.840778240524954
-0.87608662429468
-1.06848083114012
-0.950870181412187
-1.02768385774438
-1.01855767342704
-0.988469826708315
-0.822432399689009
-0.870595284465336
-0.878726050830312
-0.934984684500216
-0.983025540106925
-0.741468332827538
-0.915709624665765
-0.813751455457586
-0.862042704705959
-0.940414961971995
-1.01411935678039
-0.899946739017928
-0.840697022368326
-0.949024264315749
-0.818800170436476
-0.732187166499213
-0.849337070103685
-0.952174674071645
-0.702577500625845
-0.835047546993
-0.863166975099389
-0.747676646223771
-0.757610246149206
-0.811444533121882
-0.789042454720504
-0.899767897194908
-0.85000904096464
-0.782927053067667
-0.711470176493516
-0.920606448458875
-0.888922591760534
-0.883313032804749
-0.984251532036513
-0.896484480081403
-0.847926676940778
-0.869099057691661
-0.714535177030041
-0.772901317006185
-0.813853236961395
-0.810474931274157
-0.688227640477913
-0.703655254068096
-0.891491501526241
-0.7265449522813
-0.812415057011748
-0.702464716394868
-0.985147568464028
-0.850371491248577
-0.821458528508586
-0.834813748370452
-0.688801913330864
-0.784463466176037
-0.691524413721246
-0.839934510690534
-0.751751868414069
-0.821511983040046
-0.795183398177855
-0.851023447453512
-0.73586080353608
-0.688205251799403
-0.719984899214868
-0.942068813863467
-0.804962846801568
-0.918446595399695
-0.731172702633042
-0.759910630376369
-0.719702228812117
-0.827435462938725
-0.822004550272005
-0.769183891507565
-0.812188361470702
-0.963723416601574
-0.680300280612561
-0.80445854751534
-0.863092504885964
-0.828089461578463
-0.696065286010724
-0.746422136959996
-0.702575971782095
-0.773282747978689
-0.71327903804235
-0.697680368214783
-0.928824220628992
-0.692934477263261
-0.841078816406631
-0.633155649514437
-0.718842437355822
-0.680042154852738
-0.740730305777876
-0.778822143578816
-0.792374087087492
-0.737386210542259
-0.666277934197958
-0.636293942955419
-0.858331042896751
-0.68463165265279
-0.799630900475786
-0.77700056405355
-0.736719645357476
-0.676280084320806
-0.759586222995815
-0.747446349812549
-0.79660321654775
-0.683454090343434
-0.763582392225033
-0.749704321426163
-0.640626940628493
-0.804646588432917
-0.660256606476563
-0.646914329877243
-0.641979336078084
-0.725659653223252
-0.637126465897432
-0.798114234635325
-0.59737148537343
-0.617165060017781
-0.684278019348522
-0.67815918261496
-0.82562974502116
-0.424516665648995
-0.553874090666752
-0.659645080588489
-0.647373137567068
-0.697111662626221
-0.653518843027982
-0.569222833057707
-0.698002631440509
-0.643657043455039
-0.583241379115326
-0.606192926213013
-0.534499896380275
-0.664164354827646
-0.722234796998193
-0.701075131928571
-0.511030480669347
-0.49374207601986
-0.624455345160214
-0.647079848721476
-0.650460063539889
-0.587592336495504
-0.533431739586282
-0.522418662411177
-0.634028714890242
-0.682896794515368
-0.627418425092229
-0.650281914219961
-0.62414583221168
-0.561624755369016
-0.619629935570891
-0.65560041702837
-0.767293316670455
-0.679018324310819
-0.552366493073568
-0.673834018075809
-0.65090194742796
-0.655117396462672
-0.428627128325431
-0.516864672354186
-0.670180811732972
-0.571447642253188
-0.633463195473015
-0.715921534617244
-0.50230347053154
-0.379212178589671
-0.548211910846107
-0.662416924613284
-0.51119074479303
-0.710505244990203
-0.725749495941897
-0.512507347269021
-0.689202070953127
-0.517923954929165
-0.650169774494986
-0.595973683877553
-0.663132010502043
-0.434954154605989
-0.537932276428471
-0.61785802475844
-0.525196197773017
-0.345762725152611
-0.452365559156835
-0.682334137055976
-0.611148997134921
-0.381513245408126
-0.543335291407597
-0.538274283944157
-0.649085185183242
-0.532841202420728
-0.414203006489953
-0.602978555644899
-0.515603689805629
-0.59866704351054
-0.646716625839781
-0.597935126571247
-0.492969440282733
-0.463930132291838
-0.479898398777141
-0.343235210575113
-0.540237597518256
-0.495028677028931
-0.526679858925023
-0.692758830089286
-0.426066340868098
-0.601180078942676
-0.610322305467238
-0.532236253145988
-0.395993128236562
-0.483260460600773
-0.480656302988717
-0.57497292768376
-0.559219985151548
-0.603478274573049
-0.432293313710693
-0.534950934102121
-0.584466935695049
-0.46085032200501
-0.510717578128249
-0.478371543488196
-0.399707282395673
-0.485056317854703
-0.394330871294214
-0.468010509142952
-0.455353726228124
-0.550280143893852
-0.442435879798767
-0.561037568836865
-0.408714799510878
-0.408275407486207
-0.480376242863916
-0.385949418307579
-0.505578004928442
-0.484575370923969
-0.478170970416325
-0.43935513731487
-0.367260785301484
-0.445067808337859
-0.518597726003154
-0.397405471871372
-0.352632520895387
-0.526407062858754
-0.509040236647168
-0.284316900910991
-0.49495411321831
-0.371835736973096
-0.475292843267145
-0.408386704948646
-0.43274168313762
-0.459996492005115
-0.407862988438877
-0.490708627922088
-0.320962810630759
-0.431966993636888
-0.441474358919589
-0.435133873517475
-0.319315598599122
-0.362860091562768
-0.272023688771037
-0.31503405630042
-0.44741657804258
-0.256774842757111
-0.451412527532435
-0.494248602541471
-0.448994555402312
-0.351747360783136
-0.370866301009905
-0.345894282794553
-0.445340746951432
-0.478535583357934
-0.356830894605698
-0.317331430410353
-0.350730153924727
-0.35501919907268
-0.474079659007552
-0.415135547681292
-0.293371566410255
-0.287818991369422
-0.411948612549177
-0.281313671878075
-0.197063030389131
-0.273151523066708
-0.280885176197583
-0.307926831782722
-0.412192318371749
-0.502665803556169
-0.353832479409198
-0.290217749219237
-0.171639521431344
-0.311672531861101
-0.35785533060043
-0.313124050896975
-0.274214757197729
-0.352486057362119
-0.191863620017331
-0.407719446053705
-0.31355388967889
-0.401203915941768
-0.345498353393428
-0.321216256294645
-0.392097202544846
-0.24804236359273
-0.278781013535528
-0.401205431012101
-0.419608881598588
-0.30334813748492
-0.496127059860965
-0.306262434698332
-0.282786393026209
-0.179050983045885
-0.258732852237303
-0.334431331313841
-0.388921450650411
-0.278973606084406
-0.285961604176886
-0.314307979063577
-0.170669958497748
-0.201099179177736
-0.354285858810645
-0.430708936469657
-0.29947261265221
-0.23086407701923
-0.309477084166352
-0.288306527314781
-0.239068193815308
-0.290841809929351
-0.286550526705169
-0.270613882273995
-0.243068857870909
-0.219740369111548
-0.385532739205777
-0.284229754897464
-0.441827843707239
-0.183752564405583
-0.335788577167521
0.0573697654971197
-0.210920532188545
-0.322142994867221
-0.199528411491816
-0.245722750596388
-0.224035997074098
-0.190382514136942
-0.0494766662853852
-0.219049705268233
-0.20333339595655
-0.23908292507009
-0.123274809471032
-0.262205323274149
-0.10752145088912
-0.415932363357651
-0.213261881245473
-0.255997305491509
-0.25189223810051
-0.166130511002638
-0.298327442223365
-0.209790588641638
-0.131957061667206
-0.144027552174996
-0.186249866749956
-0.198551169321244
-0.175053989323804
-0.162181076922989
-0.211236205130393
-0.165109083270712
-0.209630575612805
-0.173223362430046
-0.0490346698335438
-0.341533847474657
-0.266950041335456
-0.155897891710324
-0.103273868735451
-0.193801472405503
-0.0181496113996258
-0.214688894695726
-0.221274287722883
-0.0434815258667825
-0.248544858291582
-0.220637285238328
-0.128665244625165
-0.109110623462384
-0.202777782015451
-0.0491767570858614
-0.102323054814286
-0.100098150428733
-0.253871072183393
-0.068203667747304
-0.0320731728207796
-0.183781191527532
-0.193968964989188
-0.0247215197013262
-0.164513980794444
-0.263529690410677
-0.286866067645441
-0.0638909016699809
-0.149913180447055
-0.0937775960757682
-0.241410315617221
-0.127505023866908
-0.11735366858169
-0.126809381896137
-0.00318223420985803
-0.0696882412982494
-0.127397543733888
0.0279762309678452
-0.0960145718216794
0.0685026742392564
-0.230499355693312
-0.13688463962365
-0.0331546573930391
-0.014780105585889
-0.073744590347553
0.0372348397374719
-0.169659592126984
-0.0518547069998617
-0.122765099951219
0.0328669065225391
-0.161504027672624
-0.0659103622920463
-0.000166505928440038
0.0348775374708474
0.125124223810749
-0.0633303045964656
-0.0694419644409289
-0.083806011155117
-0.0559636399306355
-0.0248102060565079
0.0340456547002552
-0.00322134946725427
0.0419213626974159
-0.0566549075374836
-0.0490209533860794
0.0458916303081991
-0.137890704154425
-0.165903876236257
-0.0939551197596614
0.0645192204187854
-0.0536533841150201
0.00590757639170792
-0.0377961648420678
-0.156858321126173
-0.227615183028254
-0.0442138796221102
-0.0267669603928747
0.143408610595406
-0.0500233077894663
-0.00441725881185605
0.0322415150019178
-0.109836436172407
-0.119416238330879
0.0791604386287182
0.158123504601034
0.0580367288143146
0.297127496341042
0.00353081152583698
0.0190985411394402
0.0132350181015569
-0.151601190349402
0.179081600966169
0.0138810388168633
-0.119018619744986
0.0582083499313058
0.000878956167553304
0.139764522808119
-0.0977519307135903
-0.10018582335715
0.0565894437299957
0.000190142136654948
-0.0377075507288539
-0.0189682928618258
-0.0579435151752304
-0.157145934179572
0.00931403343618479
-0.105769364381374
-0.145425174468257
0.0329495421647016
0.165573735406942
0.0912432025129113
0.088115821460775
0.183675142359138
0.0761544006257532
0.0975194289404061
-0.0490274711760676
0.170433865883519
0.0769578650550512
0.0958641335075757
0.0539424425533428
0.235633112114182
-0.0484098206755832
0.116198519921841
0.0614688558039595
0.059907972817913
-0.00472603088076389
0.0895631733858326
0.100189110139072
-0.0259780752663308
0.119239104026329
0.0197189437219383
-0.00696210953053662
0.139033323803088
0.107447186514359
0.0589999973526721
0.117636970434161
0.173239915733984
-0.0468722545309878
0.00701450543524795
0.170447793093796
-0.011665374929574
0.165146795506406
0.0189263008206935
0.0806479186865708
0.0626581079603439
0.176013854180416
0.000758944554130636
0.039547733985136
0.172386697180159
0.152076258434726
0.0978303402052484
0.202929174505359
0.135239370423849
0.157010283321306
0.116417599974763
0.0927306629031183
0.142344005646827
0.0106357970490613
0.0921074273134995
0.121738484541376
0.202704235373004
0.214297928498564
0.185968005158597
0.183457661443951
0.136144038366896
0.0318869324661337
0.176711971287851
0.0517197704320531
0.13611558894098
0.00897465045532885
0.273639813709718
0.00850482627323066
0.159582997930203
0.0864745648572607
0.351365694858527
0.0431336889437235
0.117584003005417
0.200489068622836
0.272589456142525
0.158587487940464
0.155834823545526
0.218921346872998
0.243435220503072
0.213644701621073
0.167830301337417
0.0839686586006012
0.226594041554599
0.248114894758895
0.095454784512895
0.221282843654666
0.0644447085803614
0.168406646528847
0.160331190934669
0.359883763803187
0.312520023070801
0.209872530397872
0.15474299298815
0.272823653934542
0.0413047280002671
0.130188374349369
0.184617209794933
0.174656753158192
0.04144330707232
0.18780021449795
0.23440570452
0.0176994231629054
0.177504356516416
0.25535151418334
0.274612601004443
0.354065612307406
0.169843494285675
0.243063913827056
0.266957940079637
0.394485295230024
0.223613005017162
0.145081783779212
0.246705894089263
0.360191251736024
0.322576043686196
0.156193425847927
0.26111690198755
0.315864273082404
0.0873302085394835
0.353299759661489
0.350753937910637
0.304458279152677
0.24806672211303
0.17461242880605
0.23986719170736
0.204144780697236
0.179001723299917
0.309941100076764
0.268082327819118
0.302942294535567
0.245829060939611
0.397082513870092
0.12983939492067
0.277532071311773
0.386282232605743
0.301703384950605
0.321809863033341
0.440769158120168
0.29916449259063
0.273272793195212
0.362474245709907
0.369814313564961
0.378639746845883
0.226998431663585
0.379274585205899
0.36836298642734
0.27315328645545
0.359686370752595
0.297194339139354
0.319697123900883
0.274262936165498
0.297948747523063
0.322130135663384
0.31817070873406
0.385455704169708
0.374620795593046
0.329583110356779
0.287908518242163
0.4068382854704
0.396316669870293
0.341710896061245
0.187701987679935
0.360305267075332
0.350477902100404
0.263922719578073
0.34109923703036
0.340748188868957
0.278419853820265
0.399726729782177
0.40113509228919
0.431250136957258
0.404868587272026
0.28871256579987
0.260150509817055
0.325802318069425
0.338918728857846
0.313002170973268
0.360213489973195
0.394699326234752
0.358845682352162
0.533125393598269
0.569917106543738
0.448573007692794
0.499488390713519
0.365675214168921
0.426252682149051
0.529237665676482
0.453896510631355
0.4859316762983
0.404363724607996
0.366506101081377
0.460083072882678
0.188381001118559
0.251589028465546
0.41211230157295
0.27190021843683
0.465524104044937
0.517763586112966
0.554808654921322
0.261483342915924
0.536850660683035
0.411858044724545
0.370959482051347
0.42162551698186
0.355359304031898
0.37885114374219
0.29993984055612
0.613992843966202
0.378408065109378
0.620652114912247
0.534967751258614
0.373520970980032
0.412258378009165
0.262708111257683
0.426033177329807
0.466132598078901
0.567015870207299
0.439065942647689
0.540862121536303
0.426566949267781
0.454303698856062
0.477760604672184
0.422710608306205
0.473039562718361
0.316752677239156
0.391938999519628
0.432394551554736
0.454859957434729
0.400116352877654
0.427230782542657
0.593728325917724
0.367739683118011
0.548016202752767
0.530802371103574
0.466845112033703
0.653501530474176
0.459897624990475
0.596237546219295
0.527537723012756
0.58689716096293
0.452235588639644
0.523804471382119
0.460823948407002
0.506870044166811
0.568173452058101
0.55477342215908
0.50814316799504
0.481677145664134
0.556395456278872
0.538004470074267
0.55429283688352
0.452897001622395
0.635202591056303
0.430482894594414
0.501282245742698
0.398640468630988
0.568947556240431
0.561711276034879
0.506628645905353
0.519712036932666
0.663205962998509
0.583137885429029
0.461614990714787
0.420892889369993
0.522313371406451
0.552927068480483
0.617372683823612
0.533630745129449
0.597953719547901
0.691785418330221
0.553132931304102
0.501092893786238
0.693897393855551
0.546202564469479
0.548347363039405
0.686873759160062
0.634497845546618
0.335908105503018
0.552465778713438
0.651121631829638
0.516794696151187
0.691753581836562
0.683174824185821
0.444964356869258
0.608008943865547
0.619986520232385
0.587046596464828
0.514057926570868
0.564904124508105
0.556915166694572
0.722589206126887
0.54849209858238
0.440281902922461
0.66175021662578
0.493305517970929
0.749635632505082
0.700103706830687
0.641842592766452
0.588654072917706
0.669078763143402
0.611048432612069
0.705741293676812
0.672876944058228
0.54211666772426
0.655618362102474
0.733044031362066
0.584219782520359
0.736828321988417
0.637557213096082
0.664868673879109
0.602657305628628
0.760343985559678
0.669910920510537
0.674526371088419
0.68424583661543
0.692210862083345
0.615542252774274
0.736853462649985
0.762776066350523
0.741376662205861
0.786266491630071
0.579231952615372
0.683926151354368
0.623953331355073
0.687017022800705
0.706419263384818
0.785477190759071
0.817437940567768
0.723760300293552
0.476995987702885
0.651002224287952
0.644506886776927
0.684364849684281
0.6271325875005
0.704683920516226
0.677753266604021
0.713136710565912
0.714255220462551
0.721357595866837
0.788240943765011
0.714625186451735
0.805339156500262
0.812855646647823
0.727251190488539
0.678652879294053
0.854315087745583
0.641167396166482
0.648725233359517
0.748513767967491
0.711948505642141
0.58502232412585
0.631403071851113
0.60333650527556
0.651412975338616
0.756061685854899
0.681907950627537
0.718444256567695
0.669524513491026
0.60208003428541
0.703494589139028
0.832981104750324
0.663159180435106
0.753466013692654
0.674523436314416
0.721236415702434
0.809989233713229
0.778661151281511
0.84641374655082
0.723389149976775
0.860090177243827
0.738224213103341
0.812479861300961
0.731179654637263
0.826239763070443
0.91439010675127
0.745877145675628
0.782854491029564
0.949287615585168
0.911490111866359
0.697464986596578
0.832399230135803
0.844116556771651
0.76226306242482
0.83611417317507
0.802297787931172
0.826230986845925
0.732672453009146
0.681279474204418
0.894972502871282
0.764534194043236
0.684805875044888
0.650260682585143
0.804012004758282
0.956473336587854
0.859943162831098
0.823286604942692
0.868519362713699
0.958149829141116
0.771959237659038
0.753369175562467
0.848514441956459
0.767109336331661
0.854598525613855
0.942062808957377
0.937367703760381
0.840728120104395
0.916553250400975
0.821642117623894
0.757851431120388
0.823888635458031
0.793964469672111
0.79476574258073
0.783289533434502
0.777229888941009
0.876176471305389
1.01169532777186
1.00758250678823
0.971434142825714
0.782271220578395
0.80184414107829
0.899030940922322
0.973967273794458
0.759627233716491
0.890600363767054
0.805369311100303
1.02120258113551
0.874298767182069
1.12721282989336
0.825794730759351
0.943376689879228
0.877335718966641
0.942346751016243
0.90856622681213
0.798444214146685
0.935659631533965
0.976762679355839
0.907507681028282
0.811885283956832
1.17171136520949
0.952146537450753
0.832720652651663
0.800388272666536
0.91412185427206
0.945549658743053
0.687716506226412
0.92890338231246
0.863806706982427
1.01436974408052
0.918318672411683
0.948224404928248
1.05387043103568
1.03976582479345
0.950713848566373
0.984144264670565
0.920325612294854
0.99063684517891
1.02668134045545
0.894141239297857
0.918322918356188
1.00543411030609
0.878253993720219
0.969696158158539
1.02820462183252
0.989041535605836
1.117478075583
0.933582718528429
1.16367689233853
0.993894232141269
0.929708296226398
1.04732877419778
0.88967642300934
1.09165114074302
0.913229077420688
0.869375177015893
0.96168156932812
1.07883906006655
0.95979240909682
1.05262163312168
0.93187613271538
0.881887179923918
0.967125848249794
1.05993403150267
1.06425922952247
0.997892651830224
1.01106354502299
1.1149471266654
