0.04786109497921
-0.994155656707257
-1.06681983321749
-1.1415424940958
-0.991630857790467
-0.839505812125043
-0.919027770304262
-0.983026218001577
-0.917363923939152
-0.916190762333702
-1.07637367155379
-1.02522549726983
-0.940484795088137
-0.960099752852158
-0.933300416474475
-0.8734892200549
-1.14976338205571
-1.11696740077218
-0.929715417316466
-0.93816561616656
-1.01239750427397
-0.943410171190482
-0.933220762715948
-0.962644020439575
-0.889150855484087
-0.88832713890418
-0.962842631271425
-0.958626115050619
-1.07866716635978
-0.839921187098164
-1.01374352606082
-1.01807590572251
-0.972839970265288
-0.891131388000342
-0.958669668410147
-0.923969520822554
-0.935153241432537
-1.00777166931025
-0.901881009113565
-0.837298784762733
-0.8278724778607
-0.876532722759768
-1.04601728637894
-0.970478672386563
-1.02680550544104
-1.02470295840636
-0.991185282983711
-0.817378871545477
-0.88415947849478
-0.849362704137804
-0.935949146516846
-0.997237137930965
-0.740405232826904
-0.916566867866205
-0.812649425457464
-0.868103812505513
-0.947294830918234
-1.01202456504591
-0.904866797570564
-0.839300537378469
-0.94311999830003
-0.815101969153663
-0.74055570309047
-0.849053466313227
-0.93039625881715
-0.703002784450761
-0.8096079825476
-0.865449786162121
-0.738796569385404
-0.763059127973723
-0.791446082592796
-0.813359303549549
-0.89005686762836
-0.863352174099949
-0.810682531205904
-0.705744401117579
-0.910009908092932
-0.875373081505796
-0.888283618983042
-0.982944469860204
-0.906502221862508
-0.831754779932719
-0.872102124895286
-0.709204489965449
-0.777434179871158
-0.810636820006108
-0.814228029724318
-0.693312730895233
-0.698612537992501
-0.885936717312811
-0.748114570220309
-0.8353522781813
-0.723358109201066
-0.986650677446724
-0.847568969123197
-0.810292817739215
-0.808534949359986
-0.685683242356114
-0.778070844885277
-0.693642428928386
-0.834956190145736
-0.752885682656241
-0.835759877080934
-0.802243960750737
-0.841305008269976
-0.759103960061525
-0.70173822989946
-0.693446532760501
-0.931285861072802
-0.829350589455075
-0.92878426071361
-0.718727929880327
-0.776649499337221
-0.717115714965626
-0.826259701290773
-0.819611799760647
-0.740331882136568
-0.82699318669151
-0.948690189222997
-0.671185625714831
-0.797063008740667
-0.860871174495302
-0.839777779298191
-0.693258092820279
-0.741698849610177
-0.70642941069975
-0.789902984742278
-0.714271343806194
-0.712143218853995
-0.936312270673136
-0.704564907025646
-0.846964011227801
-0.640044021112258
-0.704750003738757
-0.680805016864982
-0.752064967901622
-0.781295583461293
-0.772309452356663
-0.715238483102091
-0.654590047900312
-0.626884149097513
-0.854767028498876
-0.687985088087461
-0.780118189363764
-0.774791868726306
-0.727090195588949
-0.673376488593723
-0.741005834611443
-0.758255978264989
-0.807969769078367
-0.721878542841313
-0.754292199746569
-0.785401162046391
-0.658010655853988
-0.815812815730408
-0.649430026038734
-0.624297315852212
-0.648675028522739
-0.728166770758722
-0.630130760828655
-0.792058566474283
-0.601344074067524
-0.62611815208196
-0.702987447066327
-0.665444260506869
-0.803435232575159
-0.430555106275968
-0.553684241832683
-0.665584251884052
-0.640055127990906
-0.724637569691061
-0.663795363507959
-0.589721678694884
-0.697663751333855
-0.652886434995459
-0.582481884495983
-0.604721483365389
-0.514186589990882
-0.660233949105722
-0.744034893912769
-0.692068233975602
-0.532194366598448
-0.472413473238034
-0.632705696944721
-0.636723542310618
-0.642832626636302
-0.587098665947607
-0.522212186076397
-0.522898094501098
-0.654071337781441
-0.706378658283856
-0.620885360984301
-0.647142871238211
-0.605184533115095
-0.566592178990126
-0.602496342784278
-0.66100397108505
-0.759858928693022
-0.677003344308392
-0.553684401328268
-0.676381742620674
-0.666775716301951
-0.63697114853953
-0.450409651812349
-0.539813630980232
-0.65070263812276
-0.576666706042414
-0.634045876041641
-0.711113493583266
-0.509937055928642
-0.37964472903033
-0.566646734080306
-0.665335100906219
-0.523705372056221
-0.696259269437921
-0.726802294101391
-0.5099668139587
-0.680693231558244
-0.529427711573558
-0.626895167312413
-0.607640439323088
-0.660907462737327
-0.421615941744907
-0.528363597016537
-0.593531338606181
-0.528102716606707
-0.348391925471684
-0.438576746635062
-0.673402146017961
-0.598411729827581
-0.389378083469702
-0.56749062136984
-0.526944421609115
-0.657780449052286
-0.532373088957431
-0.41329178336013
-0.577707093437001
-0.493055749867289
-0.636992028600337
-0.638191165838559
-0.594214299469497
-0.498642781515956
-0.480436450987861
-0.463218341584759
-0.360805051248532
-0.559867339206441
-0.489778856850242
-0.514457434956706
-0.697420940777542
-0.433406285718892
-0.593444758618827
-0.625980116613002
-0.546975296037561
-0.385152952272659
-0.51398258996757
-0.471845528836328
-0.568924833140572
-0.551383814472576
-0.634557983179878
-0.450904441270054
-0.548390258515669
-0.561206538208417
-0.480009394001376
-0.515510515211744
-0.479697539948891
-0.403944309338377
-0.480063029092679
-0.386613470358092
-0.474374080217057
-0.457035734267031
-0.557473183470529
-0.433573476340893
-0.57509781995682
-0.392302862273084
-0.38701662520175
-0.463847511092197
-0.37177341404031
-0.497821364283476
-0.503454604503696
-0.465572994985172
-0.436287990360039
-0.369783343275802
-0.424301187340963
-0.495585015844076
-0.398799860333166
-0.377786351313273
-0.537933235638517
-0.5209177092709
-0.29342148889573
-0.494193552331988
-0.367829397297978
-0.474806096770549
-0.398929300885382
-0.431683080669074
-0.438993896622686
-0.409158372490181
-0.482050958524546
-0.322225976524676
-0.435276177617399
-0.442639865692421
-0.461925583738353
-0.316498265718339
-0.35097983457315
-0.275634498277998
-0.309592896457382
-0.435689596323274
-0.261072086836558
-0.45441252507977
-0.486299451280758
-0.420986589959238
-0.345849757815683
-0.348562647954353
-0.346329667588458
-0.435090370177442
-0.486546959141
-0.383686538861997
-0.317859290096952
-0.362070469859764
-0.348371183997182
-0.445140941709824
-0.401408177929262
-0.304319471565458
-0.2994488070685
-0.40814331650249
-0.299701570705184
-0.214711167541115
-0.265190569164439
-0.303521907688597
-0.293721658982381
-0.394395108028779
-0.528386307995128
-0.361688151237089
-0.294286737520595
-0.193477394607039
-0.303625802251317
-0.388004588199316
-0.322957997910724
-0.27522551949287
-0.370267982822403
-0.183004263554251
-0.386442339543792
-0.300595178754967
-0.411190310080521
-0.337049998879058
-0.316971468734622
-0.390831282694783
-0.285904736174929
-0.275262992584564
-0.399567548521823
-0.417469242366475
-0.31614335764525
-0.512236882712469
-0.302791223662392
-0.284403798872476
-0.184712292977703
-0.248949662123652
-0.331137409903635
-0.414795246876973
-0.26664079381671
-0.283454342160092
-0.320890991698934
-0.168004420707855
-0.211688980090326
-0.357266454638876
-0.403608930946691
-0.293075231234322
-0.23555375130054
-0.311439726688265
-0.28497883745436
-0.209333481943354
-0.2835057221011
-0.28988154723248
-0.257468720476952
-0.256982036701676
-0.228574774064548
-0.382001807039117
-0.299081797427496
-0.441367816352586
-0.17501559369145
-0.348456756532923
0.0643222605065304
-0.199806539849901
-0.311621768673896
-0.222234763039589
-0.23174848956977
-0.225538633935562
-0.178011490114924
-0.0627857606276506
-0.240748155853292
-0.18116775737465
-0.263817642742762
-0.134761837251508
-0.270406869909992
-0.120197076210486
-0.404062842150296
-0.21694134236766
-0.260483473470679
-0.248474285141525
-0.169526071317182
-0.308769297003683
-0.214834424011283
-0.140562904579295
-0.129474289849271
-0.171795792348343
-0.187448649946246
-0.155978737442825
-0.144069170672671
-0.205761759707203
-0.150749688522607
-0.214465548060274
-0.16253406916989
-0.0481742334623583
-0.325964286592741
-0.276368809439703
-0.143632990824465
-0.0815408314573321
-0.183468579687418
-0.0558981810575973
-0.212676903615597
-0.239997704991442
-0.0487232636953042
-0.24003336625771
-0.188195668505894
-0.134226227138625
-0.104331866953708
-0.224641193643911
-0.0379572901863641
-0.118260701308274
-0.106129387607593
-0.251337632964703
-0.0853502383727113
-0.0409863463322384
-0.198675813292126
-0.208833540527633
-0.033545817964612
-0.177188154487168
-0.259809764143532
-0.287177889339135
-0.0428472515116701
-0.138199091437275
-0.0855367826289944
-0.235095273904355
-0.128261130754478
-0.114019852956723
-0.131252595200926
0.00712776165831888
-0.0614085132823951
-0.115074009852149
0.0329334543750854
-0.116886686254039
0.0493805821398652
-0.205879036412588
-0.117752560099434
-0.0300570646619813
-0.00702631508185362
-0.0579018894007505
0.0241478498911455
-0.175498815647858
-0.0408373257456347
-0.114134966680395
0.027965957613246
-0.164028349592053
-0.0686486985273727
-0.00504496143771875
0.0101325996922826
0.121331619843258
-0.0700301729938175
-0.0942225159881276
-0.0838534344816697
-0.0470977489481718
-0.0252539642220345
0.0223610926205504
0.0245617145411753
0.0421989081926995
-0.0671317635600861
-0.0712588521282077
0.0206205255607978
-0.159910844135507
-0.141958048786875
-0.0857244224224881
0.0968915887381007
-0.0417156165807334
0.0154336451363257
0.00555895995585058
-0.155247438215112
-0.227412956884667
-0.0445415553026756
-0.0227568093552604
0.143571400333974
-0.0316242464230401
-0.00822643167138816
0.0403879509975895
-0.127025315684748
-0.12682012878459
0.0463984743923578
0.16630909528465
0.0333759213476216
0.311963137659776
-0.0106158627860847
-0.000382684025105834
0.0136806328785524
-0.153367135228113
0.183325993132642
0.0194157988812918
-0.108290131547232
0.0573086102088978
-0.000486517713196608
0.159468901104054
-0.0896401961300581
-0.070557149111616
0.0793823539473809
0.00624001360136145
-0.0594157725273836
-0.0197698892643374
-0.0495990538538687
-0.153942727385491
0.0186261407141997
-0.100395829169775
-0.109229942096426
0.00481275863214542
0.164196190039958
0.0755823691389817
0.0758025752119027
0.220677807730909
0.0829285551484642
0.09862781073866
-0.0464598079470223
0.164674715398685
0.06618545564729
0.10919789403444
0.0714999384265493
0.221334629570025
-0.0421150391687993
0.139646549632882
0.0780099152835361
0.0505652491074845
-0.00736724101558557
0.0819137531731983
0.109902984193005
-0.0396188845042348
0.105262638089847
0.0152475634036828
-0.0271917999473783
0.148976791305152
0.122160119850369
0.045501430767386
0.102759585672266
0.185511382469139
-0.0242778246505251
0.0458211816490571
0.163811193658743
-0.00872255437888404
0.178750857448609
-0.00443371277593791
0.0819690879805276
0.0866104973886748
0.163270847811457
0.0149132387247527
0.0379822970594568
0.157406351744487
0.162394024247363
0.0945801659352557
0.204789148850912
0.144238341063527
0.179839537809105
0.113717716988639
0.0803120168790613
0.180167124254908
0.0053008589773218
0.10552357985052
0.121442423341775
0.189151862517191
0.22673001905554
0.189831997348381
0.203979201940048
0.139610107673506
0.043378719196622
0.188420664889388
0.065195709982526
0.125404264868365
-0.000157122253920258
0.268900119823199
0.0326402879732665
0.170400379255535
0.0710370419930026
0.347892629205741
0.051317081069969
0.114508666980739
0.214035984327627
0.269519766317543
0.15961413487838
0.15213870274209
0.228614084337952
0.2343564999691
0.199225333706127
0.188056409846419
0.0871712221908292
0.228202557497679
0.229201865390208
0.105806693808337
0.205415100784551
0.0649563098012979
0.167125791804071
0.149913672654779
0.37216795696369
0.312029522262831
0.201816184338918
0.161681067070094
0.274213225820381
0.038829539521957
0.110571338110283
0.168854928213215
0.185727836151869
0.0586535959585103
0.196083622376869
0.237138396627934
0.0313394815982525
0.18430350858198
0.2579466761213
0.27457366863714
0.347062117427664
0.176771405750083
0.259532087384992
0.266788150815494
0.403429254816811
0.21119497557668
0.150561440411128
0.223762691911929
0.360082332205323
0.330037913631359
0.170050994376737
0.276262150293052
0.301924881303863
0.0907718864010768
0.359401416246266
0.365660384946699
0.291063898314829
0.269022377664369
0.172441994131085
0.24883908446737
0.21080438069385
0.196346914642006
0.310130364726991
0.284335885987627
0.298330024777233
0.244534061000012
0.366233993748743
0.14032643581343
0.284448372132653
0.374494905716601
0.328727267064853
0.306300450679306
0.438188747954547
0.286595360561113
0.263877891425537
0.366536138804653
0.36510158306131
0.36824775890161
0.253821219930335
0.364647153832253
0.35996956241473
0.261768059906089
0.364365120055929
0.306466499372952
0.306660842794197
0.265837313328885
0.292147945014736
0.322655937561325
0.303553186977963
0.394382889757994
0.356868340839783
0.334036704899763
0.305636559199357
0.389282676364265
0.40804475415383
0.345048390299607
0.196548097856871
0.354261255144318
0.357126472606155
0.26169112287978
0.358253872723153
0.318141191910468
0.292430735955327
0.403830766591545
0.390030289871496
0.438173970148823
0.390576516869221
0.275241800856403
0.244442653805342
0.356134715288303
0.331190534687038
0.331355662172385
0.363240971435145
0.397414372566499
0.331974331698267
0.53550859762623
0.548911663923469
0.424186128074442
0.465413084754204
0.363101593838469
0.414268105450655
0.537157430579181
0.452961813665636
0.477955134417308
0.408214395915296
0.374254792048867
0.460794914424382
0.213501417839102
0.265366892426287
0.420500678129666
0.306994914157435
0.433811776665056
0.517433696500916
0.53930734119885
0.260946671513307
0.559233739570167
0.439153723314879
0.387822396885171
0.42725329007056
0.383011568674846
0.395877484694069
0.315158046126619
0.618082156407702
0.376303638524851
0.658743031532312
0.542547388675969
0.356317585225757
0.414145714937698
0.27248184039387
0.432086790303471
0.478237802636365
0.567648134354292
0.42208402128686
0.532439945842331
0.415478981830991
0.431913489849096
0.48989645825213
0.407714673756037
0.478089853713497
0.307125962262017
0.397441899682934
0.413158766990258
0.453965033437864
0.400350073833068
0.423516001451616
0.588292711298722
0.375979220628008
0.521625077779945
0.544254863373142
0.47838555055079
0.663930234177309
0.44837992485574
0.593361289500606
0.544127830840816
0.58563104552763
0.442651847312817
0.531769650981142
0.462461087677381
0.505324417207983
0.550206401414365
0.556838591017313
0.513474950798244
0.494374049182381
0.570574086239418
0.541517865383865
0.547679514358422
0.477477151595738
0.625508233105344
0.414730723158488
0.510067290474789
0.422877632796618
0.587838166961353
0.553614736222149
0.493284405661339
0.532107941539992
0.656250417213885
0.597522024894034
0.470639413220281
0.406256452936453
0.513839129824933
0.560999754330171
0.643879041450741
0.538790264252975
0.585678343949981
0.678273361377752
0.543093196542525
0.504904614643681
0.694030056564646
0.535354394138573
0.559740875585576
0.695779548442011
0.629271996214237
0.324930436345441
0.557312370663712
0.63596564064723
0.52072651101554
0.688949219473001
0.692390184957741
0.467688101232731
0.601590314562144
0.616271771241649
0.586496895811958
0.502313452793702
0.536472982473812
0.569011771135026
0.71188305130074
0.54643867241117
0.419191720208065
0.670532296364708
0.492229801350816
0.741957693529947
0.702219442434948
0.65661145989791
0.574263478786499
0.672047368916417
0.614427845037814
0.713446256303647
0.645116633498301
0.533278879111126
0.664614999230045
0.733310206317172
0.583307623717758
0.722348680386332
0.641587773614514
0.666433749020174
0.605420916293944
0.766192554788238
0.670266813601548
0.681311292376665
0.655045635760528
0.686657309143867
0.616794041207608
0.719266937865229
0.75899026502387
0.74910119014824
0.770480866189611
0.594393577770024
0.685938529213679
0.632288011616398
0.682764025594977
0.712107708641772
0.805559286818631
0.813874690425746
0.730738671262313
0.451442018212882
0.661799387972251
0.646130805554481
0.686712266812388
0.630349490726683
0.702027178113917
0.677732199319986
0.710785201598075
0.720478232987997
0.718345882223416
0.794071010644104
0.720566325926202
0.816713754407772
0.796534569622255
0.715847528219542
0.699808629694519
0.875255773016934
0.630047144442904
0.628829742932601
0.763331913880499
0.700041277373949
0.595509950075392
0.621159425672278
0.584013122755045
0.643243692328121
0.762285466888386
0.697621374517024
0.723840005578842
0.692129590880558
0.585047527430884
0.716813163383256
0.833799109786071
0.642810442159227
0.741405434791572
0.671841581076714
0.713882868125569
0.816868557692498
0.770387026141817
0.847909048034271
0.726414074368621
0.867078479717877
0.741508746550958
0.79742977525862
0.731795578488397
0.815755342819877
0.91274802629179
0.755032110644237
0.768205688344687
0.947484572296415
0.89807143018843
0.706187760921782
0.85802690838412
0.838692119367446
0.76582842342751
0.843939098250877
0.812212360217958
0.828672583137039
0.723879109886312
0.688067889153266
0.90603903916335
0.773096269732323
0.683043242792644
0.67198523610311
0.792244651095726
0.980335401846763
0.843348126944121
0.844151104725696
0.86958882158778
0.979593743056714
0.773271882445652
0.736056532293329
0.846598391241155
0.763308082543025
0.839706564798465
0.942937073690791
0.928658077576307
0.826734391043082
0.904054490405028
0.819295138447821
0.745220123875153
0.834822215347937
0.791053316093784
0.786500333130589
0.773613525691892
0.767178998102653
0.87914183843326
1.01978211145538
0.99337310682674
0.940288856562667
0.796789785653187
0.815912112723536
0.901172328859115
0.982943868772827
0.754454410450898
0.906413059351753
0.819077526574693
1.04836817145451
0.874602504402751
1.11379109744884
0.83978888252241
0.942003708169233
0.886846576692675
0.944131946716838
0.893082106704792
0.796455396745062
0.922781550999595
0.947225661975973
0.913517805996496
0.806643647937785
1.17107989769157
0.965078602719426
0.831824095866548
0.784307738633815
0.908077629178869
0.960486250854674
0.684126494610216
0.950893772597081
0.858713538378515
1.00338068839742
0.897340452394457
0.948330291220236
1.07158221836997
1.03120270675306
0.967192687845496
1.00635487963378
0.930803067737091
0.966442083992947
1.05040691331953
0.916349500913527
0.908146258343464
1.01682607433124
0.884510760133346
0.992019749634265
1.02252702471853
0.965099923747923
1.13446863045414
0.935824576368644
1.16658240390658
1.03102254996209
0.930450734253304
1.0639937173918
0.885677416360983
1.07947505356974
0.891560110291952
0.861375474872689
0.963664927666157
1.08404254877516
0.983098338292227
1.06377795384454
0.937001591123293
0.903752836789777
0.962853845361039
1.03198674448835
1.04934435703074
0.97730903926266
1.05046971278462
1.09815742377073
