0.167366591209376
-1.09942305469244
-0.920640673290971
-0.954425881664628
-0.948086569134798
-1.05894784821271
-0.953711816354002
-0.941383980391555
-1.02915829283241
-1.02165809153538
-0.893137232812077
-0.977186768688114
-1.00933437103586
-0.909264560281664
-1.02373037610101
-0.975786055392321
-1.01022943868924
-0.970703402867321
-1.05894417105579
-0.93299441750087
-0.959437987706566
-1.05720127670072
-0.884052821877141
-0.901654949447575
-0.832781353175111
-1.02620673390607
-1.01788701630459
-0.961936051889448
-0.859679588218331
-0.955688030098744
-1.04123275487997
-0.950033000081308
-1.10098492455734
-0.891348157066496
-0.98116157254221
-0.87174031068394
-0.842213390827063
-0.966661977501909
-0.833068757605009
-0.795138837561725
-0.988999400461095
-1.03118995245995
-0.66032941477407
-0.93221557469852
-0.927471517208535
-0.827218610944459
-0.885358289145804
-0.92563635681071
-1.11246988761802
-0.964966000303567
-0.815976103374917
-0.854354534314969
-0.862456854443156
-0.778478752911745
-0.77490212294261
-0.962544311706613
-0.996273979418201
-0.782935097707561
-0.965104724423533
-0.883902412931604
-0.909653696430956
-1.02175373661855
-0.902186799821794
-0.822278918210162
-0.997418598034617
-0.924714454037428
-0.939557885758384
-0.77571672081126
-0.913912617563015
-1.0050755798639
-0.915859302995129
-0.958563581109884
-0.721646004843744
-0.996943994029698
-0.900491298307553
-0.825635411429961
-0.797512237600901
-0.736084206195204
-0.854145984797954
-0.760057260333093
-0.823021978143741
-0.907261707476433
-0.822668938340093
-0.954638478156295
-0.698627664406484
-0.954165450414492
-0.816318932778303
-0.974432499324868
-0.829645565224147
-0.819169209503972
-0.765019082247655
-0.804337079516379
-0.816990335707847
-0.792738283778097
-0.789145759145976
-0.892114980325752
-0.699241434192609
-0.86016310161685
-0.869769533961925
-0.880435247163673
-0.793685492572523
-0.882950823936423
-0.803012289022753
-0.758310469117377
-0.811897811671406
-0.769285825026095
-0.795057195951239
-0.865035653825364
-0.820867272098011
-0.97688985468891
-0.728621193636633
-0.794311808077294
-0.73692087117953
-0.81499135884909
-0.784558638269918
-0.763834138686959
-0.69051406154894
-0.871057616357254
-0.752151641072355
-0.703864678700676
-0.782810948387389
-0.791280752413615
-0.78710751555688
-0.793181626974893
-0.79869899837739
-0.725807417751377
-0.641200574566947
-0.766449935335353
-0.73509524303658
-0.802379377937015
-0.782964167031127
-0.803409375750578
-0.795036910681399
-0.819903548058447
-0.710793688809167
-0.554769432270612
-0.76475759712563
-0.623977856678392
-0.722417526246559
-0.669005620380579
-0.718120422817863
-0.613119409335334
-0.844271136105599
-0.678225321909569
-0.783472135814858
-0.810612484842677
-0.720756751176829
-0.691636532943828
-0.632982857995869
-0.76017139042662
-0.681751237738661
-0.646718427408648
-0.67249110435853
-0.64951314862889
-0.735673683055327
-0.712550312169939
-0.623295092604205
-0.564985015901182
-0.658298509829662
-0.643857373160147
-0.705408798140191
-0.685690845234188
-0.546889019313686
-0.725225023256304
-0.708076007306237
-0.810953229094164
-0.65584005249231
-0.684820220790543
-0.463379150133768
-0.727053769324432
-0.719520648200952
-0.665675452215687
-0.599172099543608
-0.741344638460251
-0.647435542986794
-0.705117377334388
-0.650181710777475
-0.677423903522638
-0.649820450662906
-0.805051282006324
-0.663519974666351
-0.681672499464813
-0.68140152315654
-0.707753438915527
-0.723553142605931
-0.638854614594087
-0.546866839013261
-0.705852979205604
-0.622355272740779
-0.740234950729455
-0.631174052808751
-0.694111177599279
-0.766936755704858
-0.638408528352291
-0.577941721396679
-0.384324480751834
-0.63337608586256
-0.571369349132816
-0.722584918046647
-0.63456224809454
-0.513044908076437
-0.573056222684086
-0.570373713568686
-0.607715217243286
-0.608463689095719
-0.551422404663943
-0.668238997006576
-0.45632767155057
-0.680684816448277
-0.537132771206756
-0.494268754691186
-0.63613577112495
-0.587482413283226
-0.550056967859252
-0.646595019509714
-0.64648461710919
-0.637390912826448
-0.451384864487697
-0.502089127925105
-0.494440119665274
-0.542278863610044
-0.647003297126768
-0.56991857752161
-0.580081832710083
-0.56156999788863
-0.531978907628894
-0.534085538267508
-0.602230121880442
-0.416951421444989
-0.543939987976944
-0.520756393152684
-0.42229288505644
-0.48977878180963
-0.547482393765042
-0.460448918621459
-0.495841711963211
-0.681694132236298
-0.38847005017392
-0.462349928636806
-0.658480303152027
-0.536770263462665
-0.545092957575656
-0.469938187178791
-0.457725779101371
-0.56260829741629
-0.539880699035608
-0.573030362572771
-0.526506108247325
-0.380216212412147
-0.580026363796949
-0.505619567859131
-0.607998749625652
-0.46980096739732
-0.419996219723595
-0.444313825310836
-0.562755746609951
-0.556414854801235
-0.334332265065923
-0.468264444492701
-0.480496144035618
-0.551617797944179
-0.48426513115276
-0.487078461609043
-0.35582836323211
-0.603669114664148
-0.45320198176936
-0.529761141635049
-0.411205651295414
-0.450023701152799
-0.494751818139712
-0.633925477708043
-0.387734089638137
-0.645925921853262
-0.497526737623973
-0.403045074199682
-0.491797490450735
-0.53980482244109
-0.447243130031501
-0.425395998197124
-0.492567604767996
-0.41071059978078
-0.453256151699543
-0.511164385015667
-0.563306777162254
-0.503653535791596
-0.381923137790677
-0.551119689006806
-0.46354332060293
-0.376172995076294
-0.435925984842591
-0.443286005763009
-0.399867161036908
-0.362803065114318
-0.582073071973759
-0.452689971720454
-0.348713148872375
-0.356034600924041
-0.450942980443466
-0.405081762303562
-0.336622010575234
-0.475517623759293
-0.569043335625436
-0.38783962372758
-0.387318852509006
-0.535321481197254
-0.422593962862246
-0.393376685822519
-0.325153938141512
-0.399133428547199
-0.346799232127002
-0.260032635366157
-0.446098743866573
-0.319175328852395
-0.5799398009459
-0.411478669057188
-0.326952137659608
-0.376756922783709
-0.309945864793356
-0.411493834849314
-0.355092317095507
-0.410340488886811
-0.271311369244104
-0.420935154785164
-0.339723399834587
-0.379286173689038
-0.381265151912724
-0.344214133259733
-0.317101766764277
-0.351744051949635
-0.323454932104613
-0.42920137539152
-0.237929473230772
-0.375457234833468
-0.325282715160125
-0.211046470741916
-0.284255420380468
-0.283128690598069
-0.497926294834366
-0.249427474663371
-0.155121537622257
-0.323313805744499
-0.393113717222482
-0.230624069336155
-0.264511789114142
-0.353015929683408
-0.39374681859335
-0.340553879544769
-0.559956535925267
-0.355796942340009
-0.317975862839212
-0.313732566027672
-0.249256523949045
-0.384413563250963
-0.169133479654061
-0.18835617539042
-0.304191461006484
-0.267392571773445
-0.255871909123896
-0.326812159172608
-0.301171827799691
-0.427106507658031
-0.212380071846213
-0.172336746739772
-0.404917358800788
-0.346907182641577
-0.357383844863562
-0.320378624292902
-0.241714556945963
-0.244680008369111
-0.367833807677165
-0.186887745623608
-0.228814991626273
-0.0314000992003992
-0.199049502863969
-0.350929441740087
-0.212633461605072
-0.246910288120641
-0.288390520736728
-0.222364543029942
-0.233368148639454
-0.437889749733338
-0.27325238370855
-0.227441420557845
-0.209596418653516
-0.230795838392271
-0.31451525266117
-0.00459527118590937
-0.101085725439538
-0.216083879411238
-0.389028198809556
-0.396655167174505
-0.249605995176723
-0.258910089240569
-0.314118950976538
-0.238597993353102
-0.404863549374068
-0.178321480937038
-0.249006151967292
-0.00586320142040539
-0.182326436904007
-0.281227605101517
-0.121940711071631
-0.166616693583189
-0.211868080595982
-0.136224098764916
-0.173440536376818
-0.21500606998424
-0.192604040820632
-0.298814076566652
-0.0808030665585063
-0.111466417134692
-0.292020464231211
-0.163193171164003
-0.202329659689126
-0.183837741521205
-0.185430020835064
-0.199978890611686
-0.144890610123528
-0.354304553251341
-0.0988390957880022
-0.123623255257893
-0.148373347832481
-0.218079231268823
-0.0715968607202866
-0.323627671612633
-0.300968795176485
-0.164436245651908
-0.256984641725547
-0.227501337308147
-0.176389029904702
-0.113687193524972
-0.200685363066198
-0.156712920867565
-0.144643659909492
-0.0630522407863005
-0.204866698425517
-0.001946874757014
-0.138863361448177
0.0393854291264424
-0.0178620273894728
-0.056387696070843
-0.084762531258315
-0.167274408129058
-0.165193116417057
-0.0913068277670344
-0.0714235084095572
-0.176121490823738
-0.123719993996987
-0.0446209765835454
-0.155374560216359
-0.0739817480437526
-0.242135475727091
-0.0674839502912433
-0.196491877874154
-0.0458021438103327
-0.0707843466901288
0.0784861576981537
-0.0870491828823448
0.00243799096941939
-0.0732716309905398
-0.123256163033558
-0.125203601801396
0.0452067326473214
-0.0304306564458207
-0.153659417901313
-0.0193804550720938
-0.0332927656165544
-0.0970393185468952
-0.0678608471224378
-0.0280785533445125
-0.0068431494195808
-0.144660994402562
-0.0120370406239971
0.0968995289946445
0.0314335313007459
-0.204608274584483
-0.0554198200320642
-0.0553963794473828
-0.078457420257694
0.148235199917456
-0.16800165932492
-0.0914751534705257
-0.0148650461673292
-0.0770546805700445
-0.094488857296128
-0.0556451371543595
-0.144110968234173
0.0487960987636357
-0.0837857541384609
-0.0210210087452295
0.00583862078495051
-0.216232014950841
-0.0667980501197055
-0.103077403652854
-0.014119040238835
-0.0702976130271755
-0.0593639775697601
-0.028997242288487
-0.0586154857589097
-0.189611072569608
-0.0541545941583705
0.04820864781032
0.0644322845214849
0.0149045817756867
0.0925750274053126
0.0441870126371044
0.0271435574731099
-0.0220094858646754
-0.0480295680281658
0.0856490273970566
0.0664567019939903
-0.00110959847113953
0.104070579680299
0.125437965971128
0.0147902781616489
0.036347094541239
-0.125481668300179
0.0881915006680226
-0.0669288967483193
0.055869046606206
0.00724109505374415
0.0545426368156689
0.214679592235339
0.0951786031380946
0.0921902513228153
0.0732793639095346
-0.00829009137960936
0.139059889760978
-0.0274739402856078
-0.0385118894691943
0.000114442821710738
0.0692076244874286
0.0856858653869115
0.123364237733944
0.118724531625469
0.0436519897547419
0.0583958294426431
0.0277307945707704
-0.0184935742501981
0.0636793628188209
-0.0796947962451342
0.151796617875763
0.202245481750085
0.0848836831352368
0.195005270616329
0.104802630769286
0.044394776287917
0.0907458235125938
0.132100115329856
0.126731162400461
0.106753697892983
0.0611362915486288
0.0549875693584751
0.144832693804092
0.037426351287271
0.107219046570594
0.298622748522866
0.134174294659606
0.250335958063131
0.100360017157268
0.0885638645361316
0.139274529857131
0.229281928925822
0.103887716320313
0.123142961993461
0.302448755896196
0.0423728841694766
0.266965925676995
0.303402240738109
0.0795039442219648
0.103169797201731
0.245429080213631
0.0908390850157914
0.26395734316174
0.0786977586535499
0.33099163370845
-0.0155543089106461
0.130093307112406
0.0728342398903632
0.208442867356365
0.00410305967677905
0.0609193904515819
0.154566799507915
0.153857459588683
0.27208063400298
0.203495945330867
0.155913432510176
0.249590175409017
0.18050979142151
0.339039490972484
0.197632755565051
0.311921216459204
0.0122896555938284
0.236372060683182
0.319766388590289
0.161495684827598
-0.0246059162938143
0.0670107522073658
0.171906544866667
0.202618228974757
0.194175746889322
0.221500452960031
0.0228685986950862
0.112377063592864
0.0528276773818473
0.190592943628111
0.157561957900974
0.297184154602238
0.0951679998431977
0.199084695040862
0.33226062822423
0.234191456475689
0.12211081760486
0.314372764981099
0.189474508737289
0.124200213451519
0.17670186003544
0.159775889363463
0.269824771455773
0.207310050521383
0.19226150108486
0.162783995671302
0.462136662389113
0.381441159350244
0.186225917517864
0.169811058948645
0.209001557867398
0.140283249394337
0.207359178576301
0.261139457608029
0.258925732416379
0.295941776018315
0.15811111770864
0.382340172989102
0.282515711675435
0.264498885103814
0.322404463769131
0.21731522750049
0.324052406739071
0.368056137300971
0.254485255191998
0.339717030033218
0.338611240580325
0.269176063769228
0.28315348691686
0.348040404028217
0.261532891999964
0.401493104159812
0.216918044458237
0.356026581806416
0.181778196841872
0.311893931240329
0.486435555376228
0.335848292468964
0.26853910544836
0.356666362810907
0.293345322812278
0.358049313158456
0.419657633220652
0.197615550520825
0.523720934400394
0.269503003056764
0.27626182615028
0.255160231174037
0.457887408903416
0.305328758857629
0.517274117944582
0.230105736046309
0.233306547701356
0.317765355711118
0.453918252423656
0.224948027325183
0.307081485444306
0.256961075857858
0.161156668931567
0.404491044773676
0.342052406832721
0.355494605064293
0.27203149216533
0.284459544122701
0.249853495650765
0.287403559928885
0.366594486624791
0.240133599640588
0.207936772725033
0.312312430468012
0.574579298803184
0.349342515134205
0.437958478649586
0.40755119567589
0.418498214519923
0.31089215192956
0.43507811149084
0.338084292046952
0.57105145590786
0.448519479548273
0.38622695655805
0.46051767653446
0.360870720536027
0.457511644235452
0.420252257124851
0.471963103169472
0.311914837727801
0.429078045302468
0.224970329738021
0.432537171621178
0.246951838775602
0.360423032994317
0.307207820280503
0.454484203334578
0.545265282090877
0.405562778933605
0.483383636159238
0.383667058444166
0.316057826921873
0.441285990515462
0.47956966987096
0.38638281024043
0.282347561986599
0.394165639772669
0.496969739373284
0.444287368178507
0.532343652501207
0.471149193375936
0.433608142192211
0.591964001594726
0.448053480196602
0.235440893043752
0.420275811713116
0.517667351115161
0.538338018167193
0.475919019846554
0.448061489537124
0.522278532154766
0.428337753884888
0.501641388481777
0.364343526373714
0.52428055649747
0.49006605812393
0.445333100688008
0.543734692388774
0.42877651578718
0.483629967894615
0.497629087652375
0.400705943691278
0.558806148648465
0.370570539994683
0.408712498004034
0.435404264946207
0.519686818567253
0.43484615193979
0.473597879609914
0.474748069217847
0.441161804363357
0.510307448767062
0.548952906223208
0.623288181657658
0.511825542778258
0.423448719263519
0.493339300498451
0.392311217033826
0.440584693138119
0.516716034155285
0.694758612206319
0.466815303464092
0.432962826532171
0.511128021388405
0.511822617409378
0.680210611988013
0.401792488266113
0.505942168792831
0.515003395153746
0.460618762823402
0.520527538108918
0.651707829564224
0.569446620792849
0.364957896180504
0.548838561038905
0.589639306299543
0.465133002942058
0.654331117928963
0.652098876622814
0.642370997734692
0.637697829344288
0.57888604396977
0.573158625237293
0.477705200331502
0.554078001467529
0.658759233375265
0.605379517030242
0.524693004150248
0.672106645938479
0.614447953699546
0.553291113061057
0.564001748894605
0.729521766823344
0.485546956533643
0.652310877627735
0.600295488426799
0.792123721868411
0.533606870088529
0.453483003437174
0.537208010891559
0.65868370662648
0.594756491395536
0.676352141936796
0.590812677864014
0.642491683042013
0.745335636327778
0.714393439696354
0.633276992085454
0.607549046751378
0.647056825169457
0.734035193760631
0.645622558883029
0.604539366844556
0.66563691246707
0.465866627553936
0.596705094147021
0.545004049748066
0.649703489802462
0.425381163552317
0.738052581150538
0.545090902811114
0.567447691438869
0.504571988753648
0.56485580586696
0.675394832185833
0.752062886741931
0.719060134237835
0.569075056364295
0.680861839855907
0.662782416193229
0.683950553164201
0.776470983963879
0.647059872473403
0.607686126330737
0.603005510387013
0.741052580546647
0.737089141472753
0.807793604914922
0.565402802432943
0.666214646327429
0.801109802740742
0.730385956088199
0.683360910529101
0.617958870124313
0.855460286703892
0.611098783691195
0.782307300661216
0.807296809100067
0.668941640981702
0.746159077603903
0.790355869141998
0.746815507584273
0.772391670283532
0.792351548181294
0.604814018023734
0.812849544741939
0.758286339059223
0.743326939311421
0.710428871455409
0.794218623936089
0.764348714559854
0.78738366183087
0.852180698381709
0.685102994043153
0.663082875937439
0.596840948259978
0.782940371682785
0.746892072377489
0.646735093400371
0.762002056243082
0.716471837481044
0.631896347460252
0.986395313041375
0.792604697190231
0.71441801106989
0.933798096541134
0.690644858931544
0.794516769823738
0.528246589421162
0.709003055190419
0.711157091066845
0.758337136323951
0.77082860987218
0.762702038349774
0.809241837974213
0.837769687318626
0.736115428924541
0.778904250974067
0.786678829598105
0.659123876088512
0.739463677556355
0.726285156111957
0.709597982175168
0.789078548244396
0.750416681013819
0.768347480546992
0.875689753797498
0.782300134796045
0.7157855300891
0.792854781035323
0.739459717776776
0.745356022263855
0.791747631028278
0.866075975344072
0.824471305884265
0.909275174914046
0.839451165629783
0.731690134043811
0.959524900922502
0.738087363036439
0.858230272380246
0.801822522483405
0.956478090688741
0.806988765616704
0.687068931477704
0.841880608862948
0.86686336030532
0.82641334564795
0.677972008651406
0.882271797750619
0.855399292471091
0.897594558401096
0.931984444659913
0.869505154173173
0.890233928934733
0.692535641379373
0.925887049065486
0.921306794469047
0.830663427361374
0.798064735983555
0.812017430582473
1.02979502034459
0.876919914861414
0.951844056611826
0.848339655824
0.900885715563103
0.876845885842761
0.928815031659585
0.956283120304177
0.995492429176483
0.888248390795608
0.926400888078362
0.962877077101281
0.990334394338251
0.753891192837689
1.05024202766754
0.827778404197922
0.860879321640245
0.812082395707113
0.831869969064213
0.910554305474742
1.02558604688058
0.933506041192676
0.864148042368823
1.00758157233659
0.956894585074143
0.923707584056545
0.903410388186502
0.938345790276018
0.966416022766494
0.881302565075773
0.820263293447365
0.895159813833401
0.942096705136004
0.831111303045862
0.979010532603628
1.02202290405383
0.824881394168821
0.835802020740048
0.932161845641499
0.867364605238609
1.10510176265972
0.900825917701218
0.966287152738324
1.14130219675825
1.08106954122364
0.851073265547918
0.929430790277398
1.09992177138673
0.854999071871572
0.94848094728528
0.859350962570259
0.851884794200574
1.05481235245267
1.0227193970567
0.962060717258417
0.998843700733658
0.88907104792133
0.864220199895598
0.998628521900599
1.07215563129572
1.20045790039795
1.14740884012154
1.12156797801776
0.997974355271263
1.04710885910733
1.11889849891382
1.02749753361885
