-0.0583285369639242
-1.07437806814898
-0.953080397028531
-0.902985726536731
-1.01064100836922
-1.12453707822225
-0.91102408063039
-0.981942500181803
-0.954015468902111
-0.960381574159777
-0.922667632382583
-0.864443716404878
-0.954633045149432
-1.01718569657791
-0.967827910805188
-0.967581050113545
-1.04458601279959
-1.05988661807575
-0.948170103896481
-0.977965295448196
-0.876643077795926
-0.952291522247417
-1.13295171452924
-0.939394914015395
-0.90249703759883
-0.872529858003791
-0.940789188072053
-0.971915305861062
-1.01758635940437
-1.11824390359743
-0.972705289834465
-0.848007336170965
-0.908200369551894
-0.914099027940677
-0.910231941483445
-0.880595444330256
-0.848584958780453
-0.943625475399813
-0.84330025521525
-0.826317749441448
-0.84722108073841
-0.901273732447139
-0.858428460788765
-0.942744669979207
-0.945078474372218
-0.802393749102415
-0.890386930215134
-0.920993993507559
-0.909038834365446
-0.896910920860063
-0.939155057359819
-0.887783424059391
-0.874520306037985
-0.900867153115916
-0.976369907969907
-0.836664733837437
-1.03662814150747
-0.868280597853823
-0.929196156263247
-0.940344346026132
-1.015245992807
-0.798702051016842
-0.898061314561508
-0.841486431817531
-0.746483511671244
-0.746048288370095
-0.858286356587208
-0.838858564064023
-0.858756968960836
-0.638524097948585
-0.922635863990986
-0.845809700867584
-0.820533318948373
-0.964171734172383
-0.910025878448702
-1.01328839920644
-0.861597047910432
-0.807767766120649
-0.907406510804857
-0.804870495919046
-0.775545371165115
-0.812100220773343
-0.781729706733212
-1.07899870224399
-0.745988783466277
-0.79450964751278
-0.86119902802014
-0.800730259223434
-0.997666223699924
-0.77125208861951
-0.772148008788457
-0.772497929858522
-0.923373170810025
-0.618208262895417
-0.841226472358683
-0.839801783368105
-0.735522357279971
-0.852662975330414
-0.837175417117961
-0.805787808479767
-0.793171807887441
-0.941441479794583
-0.872466365880625
-0.949421355426999
-0.792059843304477
-0.848736723334845
-0.640358547555215
-0.869731972033516
-1.05201716705175
-0.813806162210541
-0.820066510322341
-0.872883726299777
-0.772328260633402
-0.695782269846732
-0.825945421737503
-0.892961856795928
-0.746157420525657
-0.78853148377542
-0.677725552973631
-0.694700523961004
-0.766448063579838
-0.621561218630775
-0.772586260826447
-0.661341772297057
-0.633993045460148
-0.77132438339203
-0.629321982352077
-0.840231215677681
-0.762897640257399
-0.630759371024817
-0.848165924378609
-0.681924767776234
-0.900872262350047
-0.710764178899523
-0.744278506294928
-0.690403596677502
-0.805155781720529
-0.828369845062523
-0.714410268840742
-0.727640067956387
-0.578851968374281
-0.646198242727078
-0.727996632853082
-0.704762520698699
-0.583339501737742
-0.58558548422415
-0.57335833404664
-0.757583183891405
-0.677117446897133
-0.837453120090716
-0.727829588024974
-0.637565679198003
-0.763204495973606
-0.811384751458819
-0.656236664829186
-0.662492918082656
-0.716641252470352
-0.781317880990596
-0.687202766232753
-0.57485936408703
-0.811375927543862
-0.561674847077208
-0.679053880093935
-0.498937748334002
-0.703188223047526
-0.73654169997933
-0.676692709135663
-0.573942828185261
-0.57468639557853
-0.693219141078443
-0.675445776035036
-0.769973132123929
-0.612658955008875
-0.646757641202387
-0.632117102331733
-0.712963641799803
-0.761810591057913
-0.679237780205129
-0.872643851691609
-0.633912561218786
-0.57132432763511
-0.803047642093058
-0.681177312384226
-0.626098063956905
-0.547690284875985
-0.596534294015586
-0.679444930573365
-0.606679661441298
-0.615634790892849
-0.584257890295431
-0.779250588078881
-0.630197947826594
-0.627539128106283
-0.661873112597393
-0.576071196664125
-0.574689521787975
-0.393262567766059
-0.612978924499128
-0.747414526405583
-0.725875453033084
-0.581776839668812
-0.788623170642758
-0.469765661303057
-0.624512467460086
-0.558094417106503
-0.524994028526405
-0.572088208669807
-0.791636150332992
-0.644496505072213
-0.493004909213656
-0.67422193863703
-0.477256822126351
-0.715555752204367
-0.532112227977013
-0.596223824111927
-0.54422848258185
-0.517435981802058
-0.501043613605206
-0.565767946735809
-0.482505669549356
-0.667407884618439
-0.514868310131694
-0.64935739465284
-0.568023891102518
-0.645190835631874
-0.544017887895934
-0.568746616173444
-0.471001730605165
-0.691243005151903
-0.781358198952013
-0.610852226234527
-0.599961356482231
-0.57064341211422
-0.487283010651313
-0.653745177412746
-0.539614515751608
-0.493828496542863
-0.435495210295845
-0.602887240276439
-0.531794844888461
-0.584891314960728
-0.360934366733487
-0.483435472862634
-0.476643708384743
-0.560896368399988
-0.588302496276448
-0.514284689953319
-0.504914801556303
-0.363753012373753
-0.323652918301853
-0.477942558986026
-0.471904434942961
-0.513460315907306
-0.508991586940931
-0.429906129820354
-0.543829818002751
-0.433985279288671
-0.560291212651122
-0.438674080480667
-0.54428983443244
-0.438673628808528
-0.479871505758378
-0.305921506727115
-0.521466586403643
-0.413371387653234
-0.601405588363999
-0.602269074770878
-0.502459292748007
-0.594571318145919
-0.428061165995313
-0.428423076361064
-0.448216193759146
-0.386322718010786
-0.52325494459169
-0.493183561660556
-0.504117147322335
-0.538267237184061
-0.370809347262301
-0.46668177478067
-0.319954975178362
-0.508981958116118
-0.554100928043085
-0.409887172881329
-0.49412352803101
-0.461657525820643
-0.425272288633629
-0.424464511441912
-0.405830276917096
-0.407627031553929
-0.347866580726379
-0.386571088235461
-0.625839893062035
-0.448632197144401
-0.516793951401153
-0.426727061588697
-0.402947145623115
-0.408794358421724
-0.365940629335827
-0.480500958726857
-0.404420978588426
-0.405655500829009
-0.333113410727145
-0.424486619391251
-0.51841941654925
-0.46821395249093
-0.381097307353954
-0.25166396914618
-0.386707507356929
-0.32206829282329
-0.283266353037007
-0.422764313362763
-0.332500062857967
-0.317112367643985
-0.448682588834432
-0.48499916454322
-0.487206926344707
-0.219969813670555
-0.286093092086551
-0.267721372245388
-0.407341935200308
-0.431850837156132
-0.264108259297987
-0.355379830577649
-0.424067447814352
-0.49049534010258
-0.430932124453649
-0.429000950885625
-0.40746313924044
-0.424978285184985
-0.414662848970678
-0.189645458536273
-0.410695581610015
-0.32159226200292
-0.296124934095625
-0.404931522996862
-0.310048749838188
-0.445313765431403
-0.265566656601506
-0.191947946206521
-0.311985546070771
-0.399492302256186
-0.490802774329809
-0.360160254469153
-0.333935532352568
-0.353762607658545
-0.216443408053575
-0.264883917498303
-0.372169875888669
-0.138931019516688
-0.183532915136012
-0.371468329891334
-0.265441777991507
-0.211437218863273
-0.165751751398132
-0.418388321195666
-0.362067978624588
-0.126686734756248
-0.250835913672374
-0.263190893709753
-0.372050711959926
-0.33809121885311
-0.242868278023866
-0.360010445882318
-0.169739676591665
-0.230504537983895
-0.272609496594083
-0.209368218407788
-0.254965743295645
-0.149832766097595
-0.186880862369617
-0.241428126653548
-0.0485978964113924
-0.357130075117159
-0.228361374803241
-0.138470015394261
-0.203315661807576
-0.255168326050569
-0.327413506994475
-0.232346136073392
-0.361549851046437
-0.112128398029484
-0.21124715291879
-0.176475878336187
-0.322870972080586
-0.265248214314626
-0.195526612956741
-0.282042973900698
-0.173205862104197
-0.333950752051859
-0.130044749540536
-0.229111585266897
-0.165821887922458
-0.134846753760272
-0.131378567852937
-0.289673816895088
-0.167320754985148
-0.41204785133475
-0.258792023580024
-0.265291428663823
-0.235269558713685
-0.0424592003313413
-0.375013578876224
0.0718398138683899
-0.229104676310775
-0.168976798547056
-0.136845769914053
-0.151759997333748
-0.0894564570769446
-0.0448142866488676
-0.0613958037284048
-0.0983593243084735
-0.233990984653191
-0.124621447962668
-0.0793936613403733
-0.217736198432547
-0.0636709436554958
-0.248956587926168
-0.0832624438804137
-0.0534529363355374
-0.127851776573906
-0.0592924645567747
-0.0894436364081585
0.0167664139509214
0.00511777887809416
-0.139265316419353
-0.0937845428676509
-0.243980347520392
-0.0701283589967557
-0.0765042575585378
-0.0536656090748293
-0.181815856968307
-0.220457674018691
-0.0951127825022623
-0.0941553905353939
-0.111269696526631
-0.0787143629975816
-0.262234420247455
-0.164005282502681
-0.115723963866145
-0.272300412251642
-0.0373968615061514
-0.301561934330348
-0.154898433498742
-0.11012981575046
-0.0894343625077709
-0.185443317127959
-0.104655020718411
0.00342796184263695
-0.0794549667666736
-0.0355804711685729
-0.138064836319281
-0.103685528705251
0.0531288217938598
-0.139182409623356
-0.173772539220862
-0.032442809042965
0.0060933228815737
-0.0878204044628818
-0.0230767931512866
-0.0255589225965827
-0.113345947527594
-0.10123616893381
-0.133318413574246
-0.24270569401315
-0.0979021258436268
-0.127060001029868
0.113598243567518
-0.225154364847728
-0.0317691913256768
-0.0684428797830791
-0.151174330227377
-0.0711733137065751
0.0807681240848411
0.0609396014078957
0.045962183151762
-0.0991055196012186
-0.0400308874395666
0.0368616750200615
-0.183995833186312
0.0884147110522932
-0.0347022043157292
-0.0669660670961005
-0.118637167859795
0.0596247506697669
-0.0152643303419728
-0.133643901749106
0.121020326151337
-0.07292803321825
0.0299881351095508
-0.060120766036066
-0.0339982898932479
0.113180101617469
-0.105836519168967
-0.124018655482665
0.052191477347691
-0.0408186781030428
-0.0338540144991851
0.159793872699989
0.0601074392731498
-0.10342324523771
0.101431651194022
0.00362315201146921
0.0955068065113625
-0.137613655021547
0.132139812590363
0.00508294435330421
-0.0365456539165145
0.242835925102672
-0.0496600011242277
0.0298095573361032
-0.137008086218519
-0.0202017866570131
0.0448082043877407
0.0709300079279332
-0.0146078131075901
0.0238189929066076
0.0475363422813514
-0.0723472608762291
0.198620487969718
0.182818343345754
-0.0790624421763254
0.0716056222334424
0.173802717361684
0.0939572053210747
0.0213979609320628
0.0313998116773206
0.148670467769086
0.0695990267388943
0.291305271214275
-0.0244386663209452
0.0498520238695502
0.0812332899358491
0.00766558913083183
0.102204900813408
0.0974063200816768
0.00047732729840906
-0.0315161904197529
0.153313371185671
0.0993105787363573
-0.0271071350907889
0.120079313317645
0.187542635743076
0.172948357049157
-0.024151306603664
0.210297833325512
0.077279016606711
-0.0281852138552127
0.0412166876372542
-0.00899810891107992
0.227052969760849
0.147520991658369
0.0103849231541516
0.234872501702117
0.0127609125988121
-0.0259625154905278
0.0487910593973492
0.0893613625386579
0.0647223684429801
0.0208538588554885
0.10820144058217
0.111248069217092
0.155600501918978
0.124100577247455
0.0398753023004403
0.120191551034116
0.241364535439476
0.1864477997455
0.266167100097554
0.0598017741670611
0.199971751744606
0.150692049200625
0.219179668411133
0.130605100960022
-0.0292786437135397
0.173207300468312
0.238524112326524
0.276664647038803
0.223628731370183
0.136679771618672
0.272356330083228
0.275392913031805
0.136366802916007
0.124277456843611
0.191581432502388
0.154395515614313
0.134943483850102
0.196259844759846
0.249731442599184
0.314915569870464
0.14141088104315
0.144722626369271
0.047535565503734
0.178482031215363
0.112905226491948
0.199388919808781
0.170267401610866
0.0208969901420193
0.151406236203626
0.209219465488963
-0.0355548304737819
0.224468159713167
0.0533632661682866
0.199556762095063
0.184024753227454
0.235776724904722
0.297529529250553
0.0999448345765464
0.242577868445636
0.132861972870706
0.283751068006587
0.16447266005494
0.37633674552507
0.262330421907927
0.142317760119541
0.206454723429843
0.339717616991995
0.306949119138668
0.0998872238046891
0.289238108462021
0.336982235806308
0.253463961467514
0.247385832330467
0.284000763562012
0.330109501568851
0.239577776495146
0.273670897827351
0.24322730855662
0.247918141349034
0.288314696189247
0.267361022581096
0.0977483554789057
0.329699345696133
0.268161930446566
0.394583054838504
0.34032389127517
0.139476763823605
0.345880083727684
0.164417637568663
0.233211404102306
0.284768852057039
0.406442987616011
0.233843219842766
0.262664689507993
0.304686074593063
0.365812709131611
0.469938267825088
0.485027585640142
0.14293677540411
0.360014265460783
0.380861150044673
0.306724088138406
0.224772768517193
0.132523771761537
0.209885129622476
0.225470621215865
0.222063906287598
0.390992473125316
0.214570608202437
0.472899716454074
0.232941079144824
0.458048103612152
0.357361573540991
0.292820309299064
0.317167681921153
0.339861800838322
0.208572712988427
0.0967589576253385
0.396551176968199
0.391978089003993
0.337383935665166
0.406546365613504
0.349726360255433
0.318998895802851
0.489288065936607
0.19329244541742
0.458029414627323
0.430687857445995
0.190967839744641
0.445926764937423
0.400078093845312
0.333699981149357
0.267212365121124
0.386427751983141
0.496140497338208
0.285583369366943
0.354648594097727
0.420736309356157
0.391792008237381
0.321149980224544
0.382858834971039
0.522430573053378
0.278119719470091
0.354255901692627
0.35776937349054
0.529889479420493
0.31969829306659
0.441472958748629
0.358551157458347
0.415539781807053
0.350464060509937
0.326523574343781
0.414103223899434
0.447416814017921
0.507119902260299
0.458204146085178
0.301927447588298
0.353540236789252
0.405129703161837
0.493244406466153
0.366396371179516
0.500068137610869
0.435793871428516
0.354733042365714
0.385591421519863
0.338613273484711
0.477273298836434
0.42080694367518
0.291475780528185
0.604719857609108
0.322345629295669
0.458959543298303
0.461977226735936
0.374322596920914
0.39411787783251
0.455793300675458
0.36151591690568
0.486593543099404
0.458994082458371
0.455435979013794
0.435295883574904
0.5239689745611
0.467390441714992
0.539922266170513
0.36111306313134
0.486426124628932
0.504881881041107
0.540834094397077
0.287027458045665
0.480345511457194
0.403332637324986
0.580194600102577
0.595745416997654
0.482879865506871
0.531080713381006
0.478584558062303
0.504678479878914
0.513840332062081
0.529921702147909
0.501034891194728
0.561414888634454
0.529545704077535
0.397603615202951
0.53597073970377
0.430892956543681
0.544852508211858
0.509021256408455
0.348218717690752
0.56473126312574
0.41891455093836
0.472345819365935
0.320255837365455
0.381224523278923
0.559852482412336
0.672032108562557
0.524650629082797
0.502928780237223
0.490724702283107
0.486798708585891
0.615104938903616
0.491688212155238
0.622407835425196
0.433720889519738
0.784458014479132
0.464454216401141
0.549455189121662
0.532030131157008
0.501714411317262
0.669457048286271
0.540568303280186
0.384615037745412
0.57658095985335
0.576335744599503
0.539735162357097
0.479921599165595
0.623974926098437
0.558222366201768
0.720695365782482
0.677230505760629
0.506615565796283
0.441656941012168
0.682764334929086
0.514540451316084
0.613944092433078
0.658057147961333
0.535650400275317
0.489758162868327
0.65164216498216
0.55931512681057
0.569336278523554
0.678829287931624
0.659826201114706
0.649372344894089
0.585791097088852
0.733816118270087
0.761962711379471
0.618255945515864
0.705713346833453
0.668079530269885
0.472682323830822
0.714096629072531
0.541809894504022
0.576108112260411
0.659023850311892
0.68237116108409
0.64177383492882
0.548519200594273
0.820122073366076
0.533352203813583
0.656293680389139
0.702042618558657
0.703198266520444
0.645965971131285
0.610291811924271
0.504252336904346
0.730683399403478
0.675210278731792
0.638930964974523
0.580517919842972
0.756143340903508
0.598689614190249
0.822387054899449
0.664411174180876
0.72999326528655
0.552920096673666
0.45411354734541
0.68099150170665
0.801187437042697
0.556796589591266
0.741985500184186
0.660967557052302
0.57003530446829
0.741671283828098
0.518881810664746
0.74249958608887
0.798300941804494
0.717858905003462
0.600209811484177
0.832859882483122
0.854822046749921
0.538765479607578
0.687345908733001
0.593558363237211
0.715256822633215
0.777962222912444
0.80049272713654
0.802379119234567
0.813368873498796
0.550389049231747
0.711529813341346
0.542749692460109
0.714407215032502
0.869703072164061
0.865535618000392
0.745046972264955
0.734404020314324
0.737137346831928
0.636175845633092
0.847347840619518
0.766685480513949
0.594982831061238
0.912800678414162
0.820368747021411
0.74501894216597
0.734381521965913
0.762815649073839
0.755458170511117
0.783140058768158
0.694697564411477
0.74020500207472
0.780919270801824
0.807455394772495
0.872683517004432
0.798733589055719
0.734147278572285
0.733987045989617
0.699126295472191
0.692637955129719
0.763058641742239
0.753160149432494
0.692667286163207
0.77973034004041
0.825000212124939
0.941388595234838
0.701282442205424
0.963875205069034
0.70906608179304
0.845928480778832
0.712275088758757
0.733165934351641
0.892139135837006
0.943481416949911
0.794649624227864
0.788338413789395
0.816135588654413
0.662630488044334
0.721414442709406
0.662933693772841
0.67979188929465
0.752313097236631
0.881143054494524
0.767944558319959
0.819184934792981
0.805354439487351
0.781025306939516
0.77919672653543
0.714346789006835
0.70902098425157
0.937188294984591
0.671472100766154
0.715498639176389
0.876960191126441
0.922684705436494
0.765356488233728
0.792934546389893
0.945549986699981
0.951604732292847
0.907415539151531
0.762588133481446
0.828282218431586
0.907145807059529
0.975012827214327
0.970785999777478
0.914307180301674
0.768241810493655
0.858927217808441
0.777559464593696
0.904760054834037
0.939087363076128
1.11018779421154
0.823551626159755
0.840535676613576
0.950698371365377
0.881114441339079
0.847612442054085
0.980704219776799
0.889854640878868
0.741624442097146
0.85969089219313
0.734256167405827
0.981903387662352
0.781441075001082
0.906117856746729
0.99315460571923
0.753760255629739
0.852436487401571
0.925245696827689
0.923694499333892
0.823722663254408
0.945908767136048
0.801401240704327
0.983399248017716
1.20038634249478
1.01008103634931
0.974420691704537
1.03465588122753
0.867653111472414
0.888021320666831
0.870873969299471
0.905931760335655
0.881283323338382
0.912724777238615
0.877603362976453
1.0149107269776
0.961021677665745
0.964445597912084
0.981786721254628
1.03662774229821
0.778272470966508
0.921328880078504
0.950445078620174
0.892637636616272
0.937377471346638
0.980390324609937
0.976920720226838
1.04599775071549
1.05366140414614
0.883261505421536
1.00773692362931
0.929534953119531
1.03482380249022
1.04686860588594
0.942735988839438
1.01081658077707
0.851816546996303
0.995709043141253
1.13149698983389
0.906672806908051
1.01710080290327
0.952698050418983
0.925238723282072
0.996547891325873
