0.137850408328022
-0.972902155414991
-0.932745142563009
-0.927539615136758
-0.969225601053936
-1.0397107490402
-1.0607956159015
-1.02940788304544
-0.883882134318049
-0.877813448367351
-1.06737789289665
-1.06701450369421
-0.941946348791195
-1.00638068692962
-0.983679330145541
-0.993243915144501
-0.940300539775649
-1.00238792905293
-0.784642800373287
-1.04713857273721
-0.800642019928878
-0.75414647681789
-0.821278387923527
-1.03592128063586
-0.995686651742563
-1.00600149804243
-0.907506371583491
-0.904619082757456
-1.04609493269321
-0.821211529560475
-1.06754038889103
-0.980199746291229
-0.983766572981554
-0.966860458506297
-1.16586214860347
-0.845981853990144
-0.950987431883855
-0.939213354605189
-1.12385560390472
-1.00677544969337
-0.969530672731136
-0.845648076053747
-0.798598715891799
-0.737623538251299
-0.84971165112712
-0.835008716811746
-0.868215862324293
-1.0006364662478
-0.879459281079878
-0.925870113939159
-0.900107563463591
-0.897250778934927
-0.890429384694439
-0.751029044254993
-1.05171634575384
-0.707819519198909
-0.932383176601784
-1.00773491399515
-0.833495195060918
-0.842466344559021
-0.908360701362457
-0.810954094289364
-0.822171617309107
-0.873477469177192
-0.814977977039328
-0.92899103878567
-0.798637539779053
-0.716623478042067
-0.917085401087562
-0.764478565790306
-0.833126294397818
-0.903764199526503
-0.715011765963851
-0.789886366762654
-0.680807306206124
-0.964773066515875
-0.793995636245889
-0.80181605657218
-0.839700271870191
-0.860440314957163
-0.747992236576426
-0.798926771508581
-0.905192358174093
-0.793166277590569
-0.67920366794369
-0.821159837940722
-0.859526258110135
-0.750697188621171
-0.923256976598696
-0.809758121209076
-0.790489926973095
-0.793318535434967
-0.853033879955979
-0.90251372771064
-0.779908164166355
-0.745188153738601
-0.691862463078992
-0.833006505061995
-0.67664520967161
-0.824619882922436
-0.815994772197154
-0.82526019647703
-0.827736820851418
-0.870758139896016
-0.901304317026573
-0.792889158598453
-0.942046393598969
-0.732551488129798
-0.714134389041445
-0.723946853010675
-0.807923083114362
-0.736606839278642
-0.675441965795127
-0.675875326680804
-0.818112164256541
-0.706903562883896
-0.809683651692338
-0.843772693318801
-0.739880900879909
-0.809307023611897
-0.710618254267867
-0.818822308561525
-0.838168280923777
-0.610736839458539
-0.740083797110174
-0.721504224961793
-0.710249188055888
-0.769548099695189
-0.720123383961927
-0.726717744148948
-0.60550255660307
-0.791529080575784
-0.852721951269491
-0.74008059039431
-0.733970024544747
-0.727562034850888
-0.771301213798549
-0.630589616582558
-0.862153692198425
-0.624495312137634
-0.516820840079794
-0.695916443475585
-0.679879922821308
-0.729338387831277
-0.80555434180302
-0.650240521423552
-0.821000426836492
-0.587934234178819
-0.631907923045942
-0.696988106777995
-0.669097581665928
-0.633435421866409
-0.652203318786212
-0.745083784878169
-0.640774653514467
-0.750879249249776
-0.730526991902934
-0.689117951542745
-0.566437645170834
-0.517602883945126
-0.609770897747148
-0.547357646985519
-0.70080096938155
-0.663464412971647
-0.534444396854776
-0.622230254316379
-0.66417999507736
-0.570802919593728
-0.749758418840572
-0.580448054209672
-0.564106976737931
-0.64836992503986
-0.713528409304265
-0.601033176892759
-0.63774594422885
-0.66569287627346
-0.608470143895982
-0.741261125175209
-0.67113239514417
-0.503775135753775
-0.751139799420797
-0.510963991762924
-0.634135677004277
-0.714005670724419
-0.787664099377612
-0.568013512652027
-0.632993381846053
-0.686488206175934
-0.668703983496351
-0.571785635534242
-0.770452528626694
-0.760566143578516
-0.582671909718684
-0.556558818976545
-0.586440162083941
-0.558782547227595
-0.540408617466523
-0.690594968305682
-0.578030675123299
-0.648521928300279
-0.594557776162536
-0.611620738095284
-0.584321364375535
-0.554685626962681
-0.626249633150556
-0.527538896863573
-0.576289289213009
-0.592514799237259
-0.522099157393221
-0.484865445016564
-0.62188631517984
-0.583578501891861
-0.502598981375709
-0.447608477176471
-0.613890233891894
-0.507612044922211
-0.563768340183543
-0.496667441221322
-0.557101095611742
-0.516651247196007
-0.473672630317713
-0.61200350851967
-0.608484689235663
-0.656097627420166
-0.576760450171866
-0.589875052299627
-0.570240402416596
-0.469175793723844
-0.649015596261473
-0.46444860176201
-0.621554959975318
-0.545686642797663
-0.376493197768623
-0.541827355085486
-0.484154974287428
-0.616304587166644
-0.410901398516882
-0.427353654993694
-0.562872471610801
-0.470392251889263
-0.596218809518737
-0.56312305365528
-0.468094350599419
-0.523209472284982
-0.593996588375019
-0.664697900689703
-0.511023913452104
-0.483977819636907
-0.485185238840328
-0.313292186773906
-0.424068817722433
-0.470478766966152
-0.432859039010252
-0.562353834635396
-0.543339479809246
-0.539395765249847
-0.485465429795381
-0.499956615834576
-0.544285954602789
-0.492880715878417
-0.623273053224354
-0.353135327582853
-0.457266192427638
-0.356970436458317
-0.640604506222818
-0.506407131303525
-0.576279195190151
-0.509919512411867
-0.292683342599467
-0.546061053402341
-0.428142143360551
-0.459482207543863
-0.442606004154528
-0.63755129656775
-0.50190871169824
-0.487847532635155
-0.570899430723923
-0.625756384842163
-0.634420768693343
-0.581405395134557
-0.381797192543408
-0.346308167479017
-0.506152260564684
-0.404641086369701
-0.359820771648248
-0.44569395178823
-0.272582574103302
-0.453306773028553
-0.478639183205317
-0.470624873820209
-0.423796232877384
-0.398949767559073
-0.49471639508455
-0.409094586570025
-0.292296545203419
-0.483168379594793
-0.477551956838667
-0.49851608854894
-0.31740150911712
-0.271900431991977
-0.379769677110215
-0.399746520878657
-0.433146731901223
-0.412093921334903
-0.301154388049683
-0.364237646549197
-0.415660084599832
-0.592232731909021
-0.502913338578683
-0.328842292347966
-0.385005148834628
-0.292483408424705
-0.211614813513323
-0.435680384960329
-0.515511301783806
-0.426365440154016
-0.357274681564211
-0.354169141310806
-0.301547381525093
-0.408430728327408
-0.397210627097381
-0.40989517993165
-0.324024199393334
-0.260734731482306
-0.308702912200507
-0.324588738523161
-0.41616841726279
-0.128578297157163
-0.371352795575922
-0.468752755180582
-0.239723895603209
-0.400563270176207
-0.298274447443005
-0.190411906420508
-0.50368812995401
-0.216934694702797
-0.428697697087828
-0.291607663025781
-0.322688064438165
-0.351437725387316
-0.313143949202923
-0.353044398465494
-0.380289409126682
-0.323190232979203
-0.219048179037241
-0.284990693621282
-0.31812750206291
-0.318641988731875
-0.317565014434949
-0.308986161159077
-0.373840061782071
-0.376364764538063
-0.170690481877155
-0.171683195117951
-0.200039817552661
-0.272600878899532
-0.295766342784777
-0.236957085028526
-0.254887337932993
-0.28187521404157
-0.306669635585025
-0.292458983365617
-0.345109081167285
-0.267939970849349
-0.212120450100889
-0.234916336039566
-0.316380138569736
-0.210874877584321
-0.336868411212785
-0.310274384248462
-0.142487424082769
-0.234801368515037
-0.0881106453683216
-0.352355651663637
-0.170410730916877
-0.282283762089577
-0.236665914844977
-0.145103681671568
-0.174803183610383
-0.257571647766806
-0.218728771584308
-0.291465694004229
-0.399262670548064
-0.16108331232777
-0.305633154015496
-0.178415130207161
-0.147502388370185
-0.27259405218583
-0.108837871228373
-0.208989081931816
-0.210327740336314
-0.212349777578244
-0.24265762629977
-0.221700454614781
-0.23160276443421
-0.186839199315276
-0.221340301628836
-0.0452305530301019
-0.183632257155454
-0.197190545388514
-0.138919511315653
-0.12811819269753
-0.174291870884987
-0.231045936699748
-0.0955378926382725
-0.310072291783624
-0.184058801167666
-0.289896532881474
-0.200386850172997
-0.141843034460803
-0.0938644005649085
-0.273382537853656
-0.201575122021214
-0.189629887328345
-0.254673118245953
-0.0889372239851435
-0.128714519400609
-0.152930292586673
-0.290349988930425
-0.243096896625123
-0.0735288442279911
-0.0755250371572625
-0.264393780204171
-0.0975974610662228
-0.318617835386465
-0.08747327041758
-0.151833049576885
-0.0453730163072305
-0.0199811587816262
-0.146344513751892
-0.159352469890353
-0.163294553318721
-0.0818122357523478
-0.168425764404631
-0.0249732404492787
0.114219319849075
-0.0696254472758468
-0.217437113784888
-0.172107215420933
-0.120085177267798
-0.137612606342166
-0.218336775591776
-0.179278409041331
-0.0789248516875757
-0.0560913372012281
-0.0344506496750131
-0.121341017059155
-0.144846988071319
-0.00922578174868089
-0.198850237288185
-0.122529933108064
-0.00200192652917466
-0.149686346898635
-0.0866152380547594
-0.082652706251617
-0.0648658584848849
-0.0709052963207068
-0.056978261590847
0.0749618909415118
-0.0600982691302134
-0.125205987641985
-0.0657595436568017
-0.0941485144135574
0.000780244536685191
-0.111081773869663
-0.00855076503310586
-0.00508119721631174
-0.0529015093448946
-0.0804113682697125
-0.219528883497915
0.123938230599684
-0.0265764753264004
-0.0182719085330476
-0.100489641913187
0.0707663960992554
-0.0490184542482935
0.0132014588880868
-0.167396258497624
0.0112025211368654
0.134818691558461
-0.0732200773981949
-0.123551288142526
-0.0483517817465866
0.0907551587686877
0.0407912171305336
-0.145134761730319
-0.00498586709850683
-0.0249098607692195
-0.0138315448036752
-0.0448615908027132
-0.0468308314899325
-0.0446110177253636
0.0984902188588588
-0.122487557693714
-0.0275431636031389
-0.0189070139660854
-0.0459258402782607
0.0196401421903055
0.0585964465146763
-0.20331665870769
0.00138402231440334
-0.0686199129685297
0.0311467548972906
-0.0680994050307668
-0.105301864202117
0.0594413490814573
-0.0290867718200552
0.101040817502015
-0.021309604999585
0.0562081488949584
0.153331036789581
-0.0365900228779136
0.17836459037273
0.0558686067485383
0.069503282481402
-0.0116153249060285
0.0501342327919762
0.105962929921084
-0.157434751164925
0.00950314036105517
0.0373605601111897
0.0898617185748764
-0.0550492811028383
0.2504427305391
0.0457622186848522
0.0707722737622673
0.194617048588741
0.121495195069078
0.0457479918244462
0.0739363194119642
0.041766154446024
0.12263143328744
0.0254283308876926
0.0234322470680322
0.0831625946769578
0.073013992442082
-0.0288973659828327
0.0473992771571082
-0.0265677322167034
0.0119701486575704
0.132731025441573
0.102994757483534
-0.0572230099710637
0.00220347343671832
0.0599280389172408
-0.0211888053664713
0.060367958659525
0.0659831409747354
0.0481547865960914
0.146574243712368
-0.0627863412808944
0.11955458711215
0.0269625149467394
0.174891438359748
0.103839079433017
0.0554399554043243
0.177630615214692
0.318869257868617
0.0974256245230607
0.146282237591984
0.203925463970919
-0.0400923216968299
0.0699221005029825
0.0946507910501253
0.201699904722272
0.219613336946987
0.173534923077399
0.165213921768721
0.0378479774043022
0.0994295953107969
0.167841560265385
0.220380495961869
0.154072391074044
0.0222025214083068
0.0916736801026754
0.219370314007764
0.206330423435731
0.0920350144707614
0.218471978406758
0.083622048808685
0.351528057125497
0.0721349714424674
0.144524615843958
0.162884161001496
0.258004444794068
0.193227744127276
0.0617123751856305
0.169753475528996
0.264870804754913
0.219520372697967
0.264258177161269
0.204840110686118
0.176231197578124
0.118929777323587
0.00417271874148423
0.183112022785675
0.131871449324606
0.0585792139725249
0.276580839044069
0.146684155816345
0.222463187946215
0.184887727178992
0.173896905873557
0.177483769037052
0.109457371631742
0.231985785054569
0.316658920969889
0.210343458316913
0.270264727405416
0.168067434767188
0.144372181832206
0.225767523065919
0.106087682636964
0.191075072853801
0.336227423432343
0.14927179237865
0.278072114947497
0.254184493034134
0.270992137573082
0.253380275387832
0.22627453388834
0.377120266591711
0.221824148580216
0.263889487926504
0.210085369562581
0.298170832358396
0.306088454949149
0.254073877056626
0.18529806926022
0.170926563689364
0.0273064356745508
0.213225178849151
0.296001043607227
0.333429080457719
0.159594577766229
0.177561363690895
0.392336884460575
0.375169369444668
0.299680997159572
0.176261786453184
0.383316087567842
0.276614075794361
0.168373731142924
0.439711458708548
0.212012118769122
0.229744182515917
0.264322991669038
0.214041319237999
0.254320946071276
0.22926709897486
0.269953259139032
0.340190192028372
0.310757143176943
0.245547924193357
0.323308143684582
0.330716693523108
0.268697960142355
0.394976734554189
0.221643854393926
0.222987894309742
0.501422974877786
0.381346143473553
0.40667312484568
0.322927251975506
0.246596474987516
0.214746470363313
0.320522154765139
0.299941492486775
0.374126832246458
0.356757192189034
0.283756177998311
0.421293999812123
0.3757207011863
0.398298550461113
0.420937278180042
0.425025741654495
0.30445969117015
0.324623659813829
0.274792238737592
0.260463666889554
0.493984950378983
0.318560625658188
0.374874815152036
0.201401225748517
0.170808960874453
0.365992253185041
0.341698944046732
0.285397993558892
0.242421862567367
0.345090153446917
0.385689045316232
0.376944174647052
0.291566431168574
0.406226299304405
0.338276230654976
0.346166450528303
0.483275034191747
0.505439951633918
0.385976890210458
0.538539511369446
0.225044740868759
0.464069652953061
0.436656666253428
0.470702656500386
0.431773816570608
0.296753097129046
0.497528934940702
0.383466134365935
0.593118379133817
0.43466785800521
0.504143484477408
0.605568479875863
0.427797448408689
0.422645225383325
0.38474738697344
0.38072248006785
0.358393796519261
0.328386419640589
0.543995629120266
0.362491795028152
0.500778295960332
0.417452653953728
0.411513341104887
0.403373877125521
0.308530559249315
0.23439121528671
0.404055487556101
0.276376762268012
0.431920417550707
0.380640787217824
0.431483675318459
0.381048736550629
0.440834639205126
0.493277077914477
0.376097633745213
0.330328788942568
0.529378467238006
0.467747174536713
0.582940838815781
0.570109285464901
0.584049991838339
0.576903048234669
0.418431438030092
0.619865715690564
0.349331627455894
0.556635677725886
0.472909685645384
0.456168688543435
0.490952098163219
0.404916262057826
0.427766501458719
0.562607264116803
0.529200635976155
0.581040317465806
0.418418305296349
0.434518582313272
0.416274462922781
0.364283787740607
0.656163262988179
0.480485311653379
0.602922252066324
0.616922626887728
0.569618277571744
0.471594197312806
0.596278762643627
0.471740334170913
0.567327875861775
0.687695396763613
0.575310313334417
0.634794151481676
0.546255767628107
0.357476619808669
0.615997688093371
0.525189497550549
0.622395295742531
0.536769119313273
0.413816798930081
0.483615302008189
0.640708238065718
0.506010826558465
0.50000107199103
0.590149208044508
0.50151881593022
0.375225161336435
0.487510374948442
0.582848919322642
0.601804401121183
0.496331493705033
0.528437963011915
0.623439284670472
0.745551749303444
0.724323867107077
0.55955810965378
0.527949312164889
0.408309729259652
0.502486596744774
0.629127203793291
0.633354110256836
0.654227923846588
0.526570639902382
0.597381497053801
0.661498438589701
0.664273127219518
0.51834469830003
0.605281128560903
0.566922063222194
0.639963169787882
0.596115592917788
0.534954254677769
0.610815058896373
0.635058709484676
0.621632432457265
0.529277043001361
0.697392144502573
0.652921477158011
0.662933482725578
0.660074636525176
0.626864125192258
0.540805256544944
0.710708775336388
0.539543818934683
0.64568645414813
0.707563258297898
0.58997813286596
0.732302651045939
0.62578513230612
0.652017838680932
0.52859222022897
0.706789466004339
0.644462795383364
0.656178089215876
0.656553896530534
0.703609349522121
0.791862398209016
0.719891163263542
0.707605935143608
0.758343837948881
0.635394601198124
0.668951450010608
0.435770892582921
0.632410651024927
0.780632742026047
0.708605265827217
0.632428693662153
0.757910445664514
0.58007931737064
0.769417206569287
0.601309983175556
0.66531111199067
0.624736732938905
0.628813449489304
0.664417922221688
0.679468301597053
0.799630534399118
0.816390713668725
0.78265114453161
0.80550990148848
0.67446147344536
0.719933287097781
0.688768032875677
0.672157317211757
0.767406319910982
0.735050564360737
0.674648280948948
0.911207547891297
0.707681350008614
0.684960266978153
0.803958411256047
0.863133366257228
0.74353460179928
0.566629028288405
0.599247684855333
0.654563742536311
0.82036318340329
0.788867845445227
0.670219321670137
0.66996806239906
0.678549251580205
0.851014204261483
0.825366122146161
0.7298665960503
0.708593945586688
0.821626731766446
0.870349290606417
0.718675761684886
0.815195274861285
0.86395363645185
0.589401579691472
0.666463512678456
1.02914704556513
0.56661039303237
0.756518588989945
0.860645822919824
0.744193915317742
0.928935251606631
0.741704387137421
0.723596432835086
0.867907530466719
0.722407745491976
0.613227081903742
0.786115970676438
0.818014832203046
0.766503152299455
0.895722555440555
0.739458698097183
0.917797774581172
0.947230214012485
0.896074757105515
0.90095317737312
0.715967683343236
0.854647104239407
0.70986877736388
0.870907647711495
0.851260106565042
0.883989032557315
0.786623822029666
0.748989662772327
0.897760963743265
0.765049084458689
0.947974109213588
0.863923439559194
0.8640915564825
0.816738135161743
0.820537719965529
0.759345590994132
0.864631403233315
0.804881744569881
0.802563842097565
0.79296869940268
0.798564538324539
0.837592326812846
0.772826874836529
0.769681571805783
0.897027853800287
0.859405310251152
0.847197221109535
0.898045316336663
0.880433750330023
1.06189872988187
0.919027534844195
0.766921336255354
0.735770652204405
0.912802018347138
0.852868435272286
0.905937492304496
0.775985745271366
0.875010224919148
1.01516734496816
1.00085284207625
1.01241582452239
0.957131044051115
0.787642607393276
0.833702537011435
1.02227089536408
0.831769511926956
0.953453733947968
0.935259272422496
0.923100264021416
1.03433732908307
0.854710278828986
0.81159218108091
0.784822742604724
0.962386826244956
0.923667058440716
0.897030303068766
0.874798231553556
0.860260186468504
0.96249385480314
0.904157068772782
0.937063593993821
1.0190868771543
1.05703463980581
1.12868971962716
1.07407711945187
0.887998599620155
0.873882110102413
1.06317210629891
0.88959231674326
0.9585060244301
0.807224965056067
0.896180838778438
1.06918493212434
1.03900604257933
1.02749584220747
0.875980614969648
0.948394932642376
0.898967954938278
0.899670708311703
0.966176747775593
1.00659938915619
0.943161871653846
0.962583594495141
1.00145513292962
0.864601198813415
1.0682630103773
1.03348473161078
0.858952532557489
0.942911029409433
0.913538208413324
0.99002987502835
1.1353730306081
