0.0508367500536005
-1.04257991819253
-1.02065267393599
-0.920177011790121
-1.07181299182138
-0.834769650977123
-1.01125406252387
-1.05555726646081
-1.04799421808007
-0.827599033015401
-0.868144752283703
-0.980642863775014
-1.07992338282529
-0.841089183197391
-0.841472307550802
-0.913378805541023
-0.997248141723426
-0.866845620752973
-1.09129131240326
-1.10703313611513
-0.852856815896998
-0.885201821484359
-0.938101167673161
-0.940828218421696
-0.948902986554668
-1.03853389510616
-0.862385318832538
-1.12270871875426
-0.852954190810986
-1.05064728506122
-0.849630528241997
-0.878504938110942
-0.996072220795688
-0.97197047225876
-0.878037875875372
-0.845409821966513
-0.977952883287629
-0.884740827509962
-0.878377925170939
-0.880910527863055
-0.924001248664693
-0.847891401335656
-1.06591135902309
-0.824344145237229
-0.857073284545742
-0.90523795624474
-0.89180130741669
-0.873095588325366
-0.779753111871842
-0.840365900105001
-0.801577994640485
-0.836438938889715
-0.869238144351845
-0.915451966069761
-0.867335210524083
-0.980327237151507
-1.09640189015692
-0.763752041183255
-0.867203681268674
-0.850930648721267
-0.846567281745405
-0.970168616080873
-0.888911706781325
-0.884967038500201
-0.746186974094375
-0.793616585656101
-0.693103265819925
-0.893128300741506
-0.834511868841516
-0.753811258503223
-0.819048087374083
-0.903411256981973
-0.952389078883337
-0.718532226412097
-0.860784442638837
-0.804704804303547
-0.825051930074733
-0.823174655566413
-0.744906098976873
-0.941213686274292
-0.871658666524764
-0.882451544834362
-0.947911125722127
-0.918972928993685
-0.74340591099851
-1.08373911122324
-0.776499331478229
-0.864071647732871
-0.65644809257135
-0.836071266775561
-0.895224432932035
-0.808255059338155
-0.711125930779168
-0.899894164618364
-0.749329323586315
-0.697999514998944
-0.684233303008443
-0.987014328791584
-0.756349089749424
-0.727889466896948
-0.866851719441198
-0.793488466389399
-0.907738612520735
-0.841186296976779
-0.831417622076632
-0.801332592045742
-0.795129506402854
-0.938405554712783
-0.838180920874319
-0.723926226243245
-0.658417494668427
-0.735195417426195
-0.821772715334877
-0.714739576746928
-0.72742340314756
-0.721816128625252
-0.856972228716225
-0.830130452256223
-0.751284964356432
-0.732055032951875
-0.789158617754794
-0.741517024293146
-0.809603819492754
-0.78622092131752
-0.791084608448107
-0.764393645317998
-0.615820713919879
-0.734805008516441
-0.878245576628308
-0.689857884155702
-0.623416038798342
-0.757980646903416
-0.685643739499896
-0.569242443976522
-0.73185436266127
-0.631360420911148
-0.792183750132899
-0.7908720330324
-0.69703642245924
-0.651109040934933
-0.786322409453077
-0.783413358527685
-0.871908216380344
-0.72751024371541
-0.678078669031484
-0.617012026397888
-0.693844242363112
-0.64196960444871
-0.782328232067377
-0.692953609566727
-0.648671898870288
-0.710554691979802
-0.694550237192582
-0.660324782584679
-0.794825657525636
-0.689401295833993
-0.683125751952731
-0.645619152925124
-0.687509715085077
-0.626195281445444
-0.575590822156261
-0.500827922579298
-0.610303539972044
-0.765819033069757
-0.655454927001167
-0.760895231770528
-0.662201849141099
-0.788061460552978
-0.794347776614489
-0.520109172775199
-0.644262330998438
-0.629003656598516
-0.737056565260149
-0.674228132479521
-0.540824106396495
-0.730568976157371
-0.574488032849844
-0.4975341699983
-0.833821059449459
-0.591207688297871
-0.532627366504609
-0.6039118754115
-0.791690529113944
-0.735048056159757
-0.597109252399327
-0.603172132160199
-0.483852551429264
-0.674541162837845
-0.603753306891659
-0.682069936764233
-0.697927103326967
-0.653688318651033
-0.756867757945305
-0.618497905031824
-0.590695369801374
-0.753660488942972
-0.577446111735692
-0.554668587683774
-0.611968085514329
-0.441679316736652
-0.392696363486926
-0.633607092400969
-0.602844834118664
-0.707433767281139
-0.644297465368962
-0.647543048692871
-0.561040074043686
-0.680216612379281
-0.653806147300211
-0.624593924293172
-0.625910909253975
-0.520248584043182
-0.666876037215109
-0.632060493932701
-0.455200910103207
-0.49903857131668
-0.536152156422471
-0.538145792132227
-0.575840473393824
-0.674941695419383
-0.431307783803111
-0.618461214650763
-0.602625205402565
-0.45704162304001
-0.458848284585666
-0.507320784674353
-0.493974723068788
-0.682407478081934
-0.487442351526377
-0.464131287447482
-0.575546113566837
-0.492814243146388
-0.60196458061573
-0.454455488327069
-0.50696060162076
-0.434165328466775
-0.496404980182992
-0.29509643359315
-0.483461465570717
-0.51305001334019
-0.530850132854831
-0.599986160887651
-0.622057496090834
-0.610184027744209
-0.37961565300043
-0.645578723378343
-0.49931062132105
-0.51599637543076
-0.474510677589588
-0.499635348482385
-0.485130180815739
-0.489243779574198
-0.522081165534879
-0.49485666107884
-0.440080234195505
-0.546598508553539
-0.526670617078979
-0.577493702298227
-0.437485446583917
-0.539342296366842
-0.409532428358768
-0.545929476573019
-0.598578757821802
-0.36872009485181
-0.484437503911292
-0.534409300870937
-0.444506858896244
-0.516609562281139
-0.458593590404527
-0.443890089567481
-0.552881007761498
-0.404798120646344
-0.471451169595093
-0.432679467404042
-0.479471532236285
-0.469706213533294
-0.534476707258565
-0.5103280348172
-0.478190872212383
-0.370244822597873
-0.433271636496807
-0.572034387449781
-0.466246645205174
-0.414076253857305
-0.359673356456698
-0.449595122436135
-0.473312347346742
-0.354657983086579
-0.443799840873407
-0.570509248114305
-0.411088571947267
-0.395350626965035
-0.429506913606968
-0.276881618884096
-0.361029629897823
-0.502010761177534
-0.34603652797321
-0.402422446361627
-0.380099942261275
-0.426961660954151
-0.384187306459873
-0.606102639147719
-0.397522654301717
-0.36008737776746
-0.337075848072101
-0.470357951324594
-0.277762562357888
-0.485692791305632
-0.476336289423613
-0.419430698373357
-0.458540775274361
-0.218475673848426
-0.35851104577043
-0.417801642919226
-0.248719737992627
-0.297859896954735
-0.524292472857773
-0.344561103251021
-0.265472046494123
-0.362319028085463
-0.0945116528600531
-0.293894715712091
-0.289158909128658
-0.303125675155909
-0.350612379176338
-0.416146089184791
-0.410112858433338
-0.397725998015901
-0.350845286918439
-0.431955002261869
-0.290079883275678
-0.382015927664117
-0.294454191010443
-0.295883516797349
-0.340702305701657
-0.384154564035718
-0.463453494592509
-0.393653534734452
-0.307730901607121
-0.221197729345232
-0.274039570903689
-0.404391693999736
-0.318157100504527
-0.357623923039785
-0.340657874536401
-0.375152480900171
-0.351301997463832
-0.249812740311435
-0.232880685652766
-0.253465046952238
-0.348141669201492
-0.350099764352904
-0.322778683377952
-0.258364016296404
-0.168742254195475
-0.310633151074234
-0.238114112171845
-0.375721444050096
-0.1636543540013
-0.214406977648005
-0.349613746441381
-0.260891419072899
-0.15587844089863
-0.258013639071151
-0.28948791960541
-0.244437365828873
-0.281610950759556
-0.178971762685726
-0.198067782871893
-0.139082230633984
-0.282156380378645
-0.407264400022011
-0.195461989731342
-0.150476474697744
-0.199477292150076
-0.38845152481342
-0.277668340750495
-0.0721743203629508
-0.329449877002952
-0.0412390277792219
-0.213342096675667
-0.235255739163031
-0.246369368625212
-0.280526457620992
-0.32643327429241
-0.250168039409521
-0.300881017847135
-0.311937149237212
-0.179474484099138
-0.119437634678173
-0.291294530096486
-0.281997902186981
-0.195451986148536
-0.281430965720495
-0.0686452411498845
-0.218309126155698
-0.152109340648548
-0.451445946548548
-0.111342668182675
-0.129413790463792
-0.186860335345154
-0.281046935679957
-0.18442985102778
-0.180480365490737
-0.283382580390021
-0.132737488098355
-0.123748726864173
-0.216196781045962
-0.280021854578765
-0.224128327253462
-0.0970542811255211
-0.22397144396898
-0.173198258533096
-0.145015228964155
-0.191578303604832
-0.231752223986579
-0.0919747674263115
0.0488843801718614
-0.284500404806521
-0.161321186915479
-0.114921330098002
-0.0853284639357812
-0.239958107002213
-0.183041687778486
-0.0999050031529267
-0.253280285314531
-0.0731816717310504
-0.0974274371506357
-0.207148057802113
-0.218417730213721
-0.0665626917197139
-0.153170535888428
-0.206016539186703
-0.132412853753738
-0.168138748155731
-0.190004758190313
-0.0627710429718205
-0.052067114125078
-0.167590118977511
0.0193748181584763
-0.0603346762266784
-0.202073701386512
-0.211478496033751
-0.10035248677578
-0.170343733486483
-0.129474790587831
-0.140233847202929
-0.0946164984933816
-0.120968449171927
-0.0359823180816901
-0.150209713888909
-0.288542543706551
-0.183922626015448
-0.123704626604115
0.0435873841131109
-0.0634594503416167
-0.00604197495307529
-0.215525579096603
-0.172645860478563
-0.200320858757804
-0.119740003172729
-0.0436221301767858
-0.0695581761752716
-0.257027080416719
-0.134446892905784
0.0955039996990023
0.0212204486518511
0.0495064280298403
-0.0846956145342282
-0.0665845108459153
0.0842006565087115
-0.0412305635844032
-0.165026524757894
-0.00207379880773759
-0.0348297828571852
-0.129192213148812
-0.0830582410860001
-0.112723105932932
-0.0475997332511995
-0.13672452854946
-0.0721141647141415
-0.109586983074262
0.000169122448038767
0.000143212119590529
-0.0937022551499953
0.0760624430968427
0.0288358147815447
-0.213271595742398
0.101629445057696
-0.0514213053535985
-0.0885251131094424
-0.0431890068414233
-0.0796608187816483
0.0294367807474727
0.0264390855877485
0.0601845512106168
-0.0764052501850146
-0.00441022288743577
-0.124041465403357
0.00715417001091688
-0.0762201535392342
-0.0558256597952834
-0.0457423777059174
0.057656822188725
0.117383438212272
-0.0885157640947711
-0.00990676799315123
-0.0519092589576636
0.0902537971124821
0.03374928409061
-0.0327857130715573
0.074648515820579
-0.0657732981421577
-0.128827863434382
0.0534233660899479
0.146452242550874
0.0892006609584464
0.0188185297053658
-0.03963774596585
0.136679948637698
0.0220639870019528
-0.0200347064116918
0.00620450921933371
0.000981226549244215
0.0903830481525645
0.0821097535615677
0.0123696203878065
-0.0363686339783289
0.155564656557344
0.0281651165537838
0.131148126015956
-0.143022991597723
-0.0654882816298934
0.0821463275610038
-0.0183810642482923
0.0281980141655566
0.0917379755369069
0.0224167989690114
0.128808725292994
0.111825654828758
0.184535539744896
0.285844366584686
0.121928711477383
0.0522924460551577
0.101141085912535
0.0235977922254955
-0.0400373402601131
0.0509586899819058
0.0760411909419182
0.0901330939860281
0.087879443883895
0.158990963124677
0.0909193771883325
0.0410156302217628
0.194655666837949
0.037626032467218
0.0158847253243832
0.0913642016294177
0.101358786503548
0.133052059346471
0.193747634612044
0.321850906609801
0.217217879158117
0.142491679777692
0.164416896790298
0.107039071097379
0.1434753397373
0.321273665006951
0.120490399560324
0.0227749679293098
0.212378432305544
0.0210116496708397
0.162354720645526
0.103148954805653
0.176164412905253
0.18713070507491
0.0823447729456105
0.232798980159304
0.0792921687472578
0.103160135059534
0.238020293101797
0.0296957900918275
0.124439455628797
0.169636267818027
-0.0897781941774667
0.0326381835837774
0.0867372582253136
0.222400805717324
0.210337458218041
0.178459732219955
0.114585037568648
0.166982703218013
0.301647590546955
0.115100903230922
0.111278785542916
0.191212001214978
0.118581831461131
0.117228651916769
0.100799680887655
0.12372698021418
0.22779640823173
0.187853265733308
0.0819419073015456
0.146363529033372
0.130694135282947
0.0357455688959952
0.342728489125662
0.268454832076989
0.154979045039424
0.0109678067473146
0.268198627744565
0.255190160347536
0.286591951885422
0.222618651424045
0.290184435783947
0.219465835502255
0.208135751603532
0.143077696086782
0.224558459684002
0.391903224809943
0.246413298583619
0.187166849590726
0.321214090517397
0.226256236805314
0.180611565721823
0.209257524006296
0.03075633073727
0.191756751265017
0.2418231253814
0.302121526552768
0.249796889223991
0.320450841943114
0.215699696371674
0.391288870881799
0.31411127820256
0.345317317298354
0.319018848843086
0.190110649742779
0.285106573906688
0.287619173958576
0.203470659692358
0.345299844427206
0.259865740085554
0.209015219496691
0.322068622798335
0.128757773609223
0.238901508385841
0.409621230627284
0.288426015069706
0.242493326677362
0.293409038448956
0.313078589281092
0.383732312684688
0.376989580840037
0.160097606205952
0.455298511504035
0.302631491710315
0.440684149913349
0.28561604178047
0.264776730086069
0.309550881759689
0.277299094077883
0.302020733460268
0.486216932817873
0.262048696337487
0.423627755108824
0.473183166703063
0.186326053326547
0.295970777982521
0.183897913618153
0.25069522337933
0.352563342921287
0.235912316358099
0.252997162815116
0.344580052536048
0.332023351263525
0.382524563937919
0.339785828593144
0.461247765703211
0.537988365378295
0.316756205434747
0.357818555662645
0.398997424597837
0.49102166004086
0.305945022246358
0.432726582985579
0.243303799054531
0.118537056496025
0.453517864251861
0.419620459953937
0.311546718077876
0.225229763106535
0.453386625361079
0.318324597512606
0.456406302504353
0.269238893304981
0.30345500893641
0.38052548409471
0.512735949530292
0.428401367537407
0.330673853579524
0.319172266127838
0.329548688291824
0.332956848572267
0.442774365412046
0.464522769978593
0.48152435083357
0.289799600203234
0.474342770388599
0.383832489714058
0.292042541569171
0.522266975532162
0.553683706260211
0.405740196795676
0.394108000348237
0.457723472711817
0.478344098726797
0.354163222500546
0.420286439951959
0.383024317726639
0.519634834031833
0.533192154923144
0.563868253317605
0.505807030999486
0.401160678469992
0.472565823987978
0.576784630280327
0.562309285562248
0.442906860970364
0.353971712055209
0.429316549310749
0.538783439403576
0.464450422732183
0.506135144231534
0.529154937809809
0.474695905284403
0.326726177367368
0.477525499739484
0.323811635909258
0.544634156692484
0.437898662021792
0.474490003176683
0.471592600719093
0.478501450503568
0.494149668169452
0.508675736514855
0.471436667538383
0.422559749538324
0.546090437749265
0.430200948287499
0.530997529410915
0.457405121903686
0.467105494703045
0.411265464437426
0.365155745756717
0.585691434843746
0.598621131062015
0.446025267012833
0.428140459039991
0.452651861122463
0.549070078452483
0.510435301771654
0.550064120513268
0.515153563064441
0.449824750197617
0.582563506498827
0.591122591112076
0.491062639691421
0.632893124921587
0.37261064969747
0.475347972881446
0.61418403347834
0.584369681282793
0.437447416645214
0.515244783226627
0.58184692827431
0.480186151570702
0.555502533120986
0.343420501028994
0.54519858686824
0.501145187994391
0.568178526169726
0.534944421542283
0.690789607264854
0.673390539962932
0.60748424415008
0.488089587315596
0.497492659453584
0.643515274937337
0.400762493019724
0.449970654517139
0.583874966892352
0.596141857747088
0.573976438538854
0.624556586469885
0.606122966026122
0.400504680991047
0.591240657139512
0.522872206547458
0.631416739269718
0.589142052199425
0.664823991559876
0.632206988440862
0.668401632741741
0.671091642717009
0.635432128055814
0.682111105312709
0.674465327307727
0.522949759542162
0.776787343392909
0.599516971996704
0.72825084223778
0.670866604970789
0.631352949148308
0.641858362783944
0.749352273221613
0.845597149683223
0.495159539997554
0.634806751241229
0.691595920405003
0.543293738901421
0.607122489223314
0.778571130884818
0.598525793642971
0.625017939696949
0.712773689994138
0.699246710942224
0.738123663675188
0.630732572449671
0.632193997128019
0.56192371373097
0.704437318078551
0.719973561087759
0.639697076933941
0.689160488038887
0.733333254283452
0.556279863464727
0.63739758288757
0.851962066883577
0.637946469781508
0.582836816948953
0.675562203827104
0.761066560384454
0.568367333628216
0.781858002321735
0.729485304704031
0.717752838216446
0.714175871454687
0.763219886015558
0.796079968811298
0.755564094372787
0.647532228708321
0.689436694185353
0.740058524357539
0.669544267684215
0.694127449200727
0.745887822680442
0.597558930764408
0.801831342659603
0.795260298992187
0.797767877797891
0.772858540497763
0.808600140110183
0.804150564942079
0.825090329666975
0.773074112150868
0.796665840434761
0.701050117642093
0.704473534390288
0.710494490190994
0.70256484854316
0.686297038695219
0.792669447506274
0.826415735755672
0.727831197179232
0.797501455938894
0.598214917190122
0.767248827509059
0.79602406717792
0.814494152963396
0.74572565043218
0.792807829835398
0.739331308141098
0.730550132507849
0.860428208482128
0.770178582625944
0.751538815806296
0.677524297558657
0.762415403465266
0.578731120140114
0.805009067318546
0.739936434101243
0.780985512173386
0.747725845309115
0.805891530787765
0.825834348048382
0.782238813349294
0.503986453186272
0.925900441620087
0.739185188173445
0.71576066776311
0.884329361518766
0.749134541507068
0.618112492256323
0.575244336521672
0.846508602726528
0.845048798898085
0.863590250222425
0.692283003660666
0.718142949594212
0.797512539205481
0.833612020441223
0.742096480583345
0.718203453144875
0.872089242841831
0.901265120425773
0.767642546996652
0.926096742008039
0.82820050737446
0.741706823090346
0.902485424807775
0.921836608785841
0.747525226549581
0.954074125364288
0.779833895305509
0.659629678061364
0.909234091737673
0.970698152404596
0.84445216926714
0.852422191356638
0.857240183671261
0.806517336939502
0.934342683721275
0.827534113625713
0.769688178894071
0.901492975083385
0.908499735062815
0.855814677878189
0.911348901590873
0.896147648932045
0.924885313983249
0.888583688959734
0.978036675206472
0.801228440724191
0.970714014581612
0.890271604361561
0.895848626491097
0.844135126357586
0.887378552868517
1.05121250024692
0.940259175505605
0.909850264291635
0.870913659538333
0.938831985795363
0.963798192996411
0.836594237512318
0.935222735240146
0.782131986500794
0.937281035946414
0.966183409994218
0.972713700238405
0.797949225434914
0.957331666360318
0.934251543737115
0.878671421016919
1.02490811953807
1.00161375569229
0.687004781028337
1.01352005229945
0.852177893479971
0.802015169951297
1.09086151024821
0.907451742897457
1.03147960032
0.957890376492547
0.788279093269128
0.767678498425199
0.969236554606802
0.997263152891913
1.0297584459986
0.94642897841554
0.876387834229837
0.974080486113602
0.963212189761507
1.01242658794808
0.950366384921723
1.13690179189029
0.972642450006657
0.977402757196053
1.07219188924254
0.897236661865885
1.08476984350074
1.08421234283145
0.861252479435486
1.03417061441159
0.937604621985888
0.99092921120646
1.03862367074564
0.972425880845256
0.999299043491753
1.08196777470485
