-0.0578987522292152
-1.05408896079718
-0.949144881848817
-0.896019619236155
-1.02640616625246
-1.11980971449712
-0.902521962755303
-0.988713459338979
-0.95778465244652
-0.980756251895918
-0.914677694823003
-0.87136891915664
-0.946293883483956
-1.01834787192801
-0.963734919307088
-0.96008319978347
-1.04789774003282
-1.07722285284033
-0.981919319062711
-0.997521407171495
-0.882687435203058
-0.954425149801089
-1.16824206240287
-0.923783114769536
-0.893317268541693
-0.880734249282906
-0.946901779390447
-0.981559418698448
-1.01343567726329
-1.09417355607007
-0.957498490292797
-0.848545149098317
-0.916136452672822
-0.916354498350652
-0.9091287236698
-0.886264757137323
-0.862995969948809
-0.952271166072858
-0.847701244797603
-0.828172848596318
-0.839524827076835
-0.894256844925208
-0.882808497795616
-0.924890252958711
-0.942611082319355
-0.802724101573847
-0.866649583182796
-0.930557332541569
-0.918970668029586
-0.892916228426285
-0.949662480042099
-0.883753365866881
-0.882982473641641
-0.917221435102522
-0.972214482732934
-0.859593052209109
-1.03372994441257
-0.884658191452303
-0.945307777761519
-0.934236115955818
-1.00731616307411
-0.77562305165852
-0.893462363572084
-0.854033199630375
-0.742592827726265
-0.727737268104524
-0.889682346491214
-0.841112008536892
-0.837973408625658
-0.635666537674965
-0.935157259904032
-0.827170098620738
-0.794653342581527
-0.949975936653372
-0.890927325609583
-1.03599332969135
-0.910455165081578
-0.81261278189177
-0.914891170997132
-0.835587655121069
-0.78691147533672
-0.820233313751847
-0.798214750837055
-1.06940979187786
-0.753670790984583
-0.796642582604172
-0.852664773140903
-0.787290863792863
-0.986989241139217
-0.796404549550499
-0.771175436180317
-0.760496771347009
-0.922658848931933
-0.638845472738467
-0.829257706022812
-0.821343948357668
-0.744786287451435
-0.859242141604364
-0.863089294902012
-0.810675399522155
-0.804119118737078
-0.952072419354274
-0.889249840776551
-0.964193941537152
-0.801674097937619
-0.848032944324734
-0.639615025834698
-0.878641073887829
-1.02108410382855
-0.802767252181316
-0.834636297184551
-0.883723529122151
-0.759235852883629
-0.705454853684475
-0.799733049460862
-0.860580329295657
-0.736560506503235
-0.776791743227091
-0.679884042281271
-0.713792470915283
-0.746728973528849
-0.639694133306444
-0.769662093335141
-0.661721325962501
-0.64307577594282
-0.760833102972225
-0.610064564301188
-0.824796593363119
-0.779227061003469
-0.652109902452167
-0.853874861077753
-0.693373519253865
-0.913562433079983
-0.698490150725957
-0.740166796601169
-0.706904908858796
-0.786522532319066
-0.823210688164404
-0.713359965991294
-0.749308719216832
-0.564933959510622
-0.642293513645164
-0.720674495071561
-0.70312270734638
-0.589817619553504
-0.587664926498355
-0.586891801537131
-0.761644461974642
-0.690138881832959
-0.812581511191559
-0.730905898114588
-0.640382915786753
-0.768547749090159
-0.822035675446825
-0.666431116552686
-0.659932925371221
-0.699620503082035
-0.75611226586449
-0.676888484671664
-0.588767324627077
-0.822754383087688
-0.581129748710724
-0.682094224396319
-0.500850475152494
-0.68482954338463
-0.739463708792581
-0.695662272318079
-0.565896776684671
-0.563807118932378
-0.706432076758532
-0.65501559690427
-0.778293871555897
-0.625936483732564
-0.625949388294756
-0.631955908365396
-0.69013243487946
-0.768152512586841
-0.655526429846359
-0.859888107771143
-0.629272929640772
-0.587547790042654
-0.808932597414942
-0.67994969720738
-0.593429112638585
-0.551228476660041
-0.61362541248448
-0.680341023992008
-0.611066991771246
-0.610290028706061
-0.571075057076871
-0.794812435149259
-0.630737857990817
-0.597020231618763
-0.687388295165384
-0.564839773096509
-0.55109821451816
-0.401692097229955
-0.61148734728336
-0.727042312077276
-0.724258476497203
-0.564650190451756
-0.761582460048604
-0.471058763622461
-0.606734464339932
-0.566670048530355
-0.518710364407339
-0.561254945670236
-0.774452292657631
-0.666445002871375
-0.471495838757197
-0.672123176594278
-0.488207654989349
-0.725845452268427
-0.533620012038779
-0.590026478905712
-0.531878736438132
-0.508151800311184
-0.501247712262672
-0.572866442736173
-0.484846672656364
-0.679765090335751
-0.536855032464345
-0.62976222522703
-0.584182468759867
-0.656931589368658
-0.540239288744612
-0.546758367899552
-0.459645265604961
-0.692040101517874
-0.769512662445314
-0.611292103200192
-0.594579389147145
-0.554607367731548
-0.492706291375495
-0.639620351969553
-0.52840699169522
-0.483936133572638
-0.426934064264104
-0.602314381592918
-0.512132232481567
-0.606844226935125
-0.363812554121526
-0.494176229810363
-0.480614639000243
-0.564330726506803
-0.582463584100007
-0.511498286257792
-0.503796087850035
-0.354217730613864
-0.336514373593841
-0.481976387883868
-0.502655626570335
-0.508631226363391
-0.513107420074422
-0.427851949141593
-0.537712299572979
-0.42230841708596
-0.583455850084969
-0.422870149377294
-0.563836033435356
-0.40616700345582
-0.478023064326447
-0.312582013254462
-0.52609348831154
-0.408846023997051
-0.611060309132014
-0.607569344111343
-0.499747152042996
-0.583124102815504
-0.419507844775521
-0.417792885545088
-0.437787245165892
-0.382763566576819
-0.545440275053194
-0.500464160752617
-0.508533363849461
-0.555814254680691
-0.370518443772077
-0.452097417014062
-0.33549459506086
-0.527402999415614
-0.564975299568253
-0.393659867470045
-0.509267829117542
-0.494390870824668
-0.424193131668826
-0.432971843993329
-0.392270368373419
-0.406714750371472
-0.336105545558108
-0.364326195180329
-0.613471708720689
-0.4443166637852
-0.508172374139229
-0.416850630319398
-0.431900483199492
-0.388281896009627
-0.366208982997237
-0.472997498632503
-0.416615812382074
-0.402517545178466
-0.333089238189345
-0.446122973551802
-0.5278915521069
-0.490463238563709
-0.398488726170438
-0.244214785415414
-0.393945376570631
-0.299770577864055
-0.254065410397932
-0.425616102806616
-0.347860280445134
-0.318273207597296
-0.430392265714895
-0.485509217744427
-0.46889444786948
-0.213302381663321
-0.288263168635352
-0.271728563347222
-0.400831264148737
-0.441832517599748
-0.270770319781588
-0.348512334399547
-0.428136775913824
-0.481334710587125
-0.434773905384102
-0.402672607397655
-0.420218460757086
-0.398840122611464
-0.414893885032329
-0.174553945020876
-0.406290221355133
-0.325280481373644
-0.321276810965994
-0.425766594196995
-0.289697932200793
-0.445871106299774
-0.26525602315976
-0.183105868391543
-0.327546361306003
-0.412004203771042
-0.463649757816941
-0.363816860936065
-0.331875079674924
-0.38315438575856
-0.208307752754475
-0.258471414235237
-0.350641687247379
-0.147546423014645
-0.176600272391011
-0.36946389344549
-0.262366807064239
-0.20014423412236
-0.148120066521397
-0.417035626401294
-0.350093677582312
-0.135902393184283
-0.257975606576061
-0.262849906411546
-0.377101854189941
-0.350628664707163
-0.262107540116018
-0.347586142489117
-0.17867286081029
-0.234468110864101
-0.286571087343946
-0.207530960644819
-0.274213231420313
-0.141426822404875
-0.20241269639823
-0.242965881735574
-0.0414589468527413
-0.361655001417879
-0.232410619090943
-0.155589394281724
-0.195516148648496
-0.243550470568093
-0.337171730752714
-0.214553520574348
-0.351662905915581
-0.122894983199771
-0.206750762924725
-0.205775768050194
-0.316698209771049
-0.272210766459061
-0.205410174674801
-0.276858456984559
-0.173824304169742
-0.337052683972009
-0.106058292318751
-0.251666549842038
-0.148585844080343
-0.132150796803795
-0.13309010186832
-0.289472450237375
-0.180508340246773
-0.391265022160002
-0.26324789600306
-0.281514411173425
-0.225595048195431
-0.0190977473844717
-0.357404799025134
0.108418847547788
-0.235319552334142
-0.175408907282986
-0.134838810822672
-0.12245775894743
-0.117008193515861
-0.0743707463407747
-0.0440917605392643
-0.0859927653330558
-0.25449900541318
-0.129130005489518
-0.0837062332547554
-0.220821929515271
-0.064460437552848
-0.246740316882567
-0.0983796094527474
-0.0705667003226625
-0.126337992577896
-0.0478486010459155
-0.0848913464336456
0.0262364784166308
0.00336823736415037
-0.123614399229641
-0.056990806768938
-0.264943706714162
-0.0518719869046473
-0.0625137362600846
-0.0538807752086184
-0.193717555000087
-0.234599352508373
-0.097546654982988
-0.117238865518752
-0.105191725280182
-0.0920762869909979
-0.266257084257274
-0.150829471012257
-0.0832288729658084
-0.243147656411054
-0.0492911900249674
-0.285819154895155
-0.14417134882095
-0.112939832240013
-0.100455634312857
-0.215850922843521
-0.139166951248179
-0.00645047075670331
-0.0644533488927926
-0.0362688725008052
-0.142238473582524
-0.0843098823507009
0.0390254699228358
-0.156099366791477
-0.168467184932991
-0.0249325124507212
0.0110396261808708
-0.0917718897623016
-0.0183134027606965
-0.025497275152736
-0.110732498435278
-0.101397830948852
-0.143421894710372
-0.206590350747467
-0.0844997216728327
-0.125683953963413
0.110280880122248
-0.225978151396292
-0.0337063131314445
-0.0783206691957863
-0.137661124343932
-0.0734750403412422
0.0892589700548737
0.0605410571903237
0.0308624686138444
-0.102002826266251
-0.0240247678016328
0.039898648041046
-0.190035360335228
0.103484848317772
-0.0601391965954116
-0.0725921609802264
-0.113122630052101
0.0474019568696529
-0.011649955883638
-0.144623634413586
0.118762662165996
-0.0618347315149386
0.0307499132257808
-0.0920873719556776
-0.0361477175650907
0.117998110136376
-0.106658690211766
-0.105237393642363
0.0555715177604656
-0.0458309654423415
-0.0371324076828757
0.174155626143224
0.0348180722595222
-0.0977880594375542
0.0859052174811715
0.00410565259031357
0.101238994623759
-0.157657586992603
0.147149116232743
-0.0178488064320051
-0.0372229674603756
0.231494706325058
-0.0603582060552753
0.0194583975620695
-0.150207652147892
-0.0192631397647701
0.0564652711595881
0.0659340784310238
-0.0266601769770136
0.0305449842976833
0.041265124643786
-0.0752976877586886
0.180544171160668
0.182973971877249
-0.0584397681556948
0.052131609168116
0.161772840830545
0.105573516590182
0.0272573321575637
0.0417317077383247
0.131642647597085
0.0591577246457106
0.27678155603787
-0.0192247874330008
0.0466457959200195
0.0597098972986683
0.0264147351247903
0.11412635656878
0.107296788660743
-0.0426734957310703
-0.0470077951022504
0.167809116835679
0.107740457765047
-0.0201722797433171
0.122979231164816
0.197320500818797
0.187545740578231
-0.0541313780368559
0.227618400352292
0.076745450386219
-0.0244341558759188
0.0206505696584675
0.0048249223882657
0.205747513323217
0.139371727691913
0.000199560925586678
0.239016232437445
0.00537636153057442
0.00474275402623041
0.0670091690651146
0.0945260044279465
0.0574042499438615
0.0136964462054322
0.116326675342443
0.0935610695502448
0.159039538999143
0.145548057289169
0.0177124623684852
0.108532944351311
0.197035973392531
0.198601655862058
0.267701268397908
0.0656699981702017
0.187483170521574
0.158253593878086
0.245235406932284
0.126389217891776
-0.0128490923529029
0.16771091262143
0.251034086234273
0.29651809368979
0.249788379646515
0.149308964253675
0.283730243284788
0.258059924075499
0.111612000746901
0.123172069829626
0.223109864277984
0.155909011054808
0.13811028270332
0.189560208780801
0.267005475689121
0.351885173721444
0.116448025040926
0.136371160622
0.0803083720710042
0.196312695490122
0.128739894889296
0.191147269771724
0.177115238960673
0.0353466095032653
0.136831680479966
0.201634079292816
-0.025523156879772
0.210748291217668
0.0678992292797435
0.2067389823818
0.174278423305092
0.258493995094525
0.302859690248228
0.104833267726889
0.238344127823064
0.129843099542881
0.267631687862847
0.170525269192918
0.354602256179151
0.279346464203717
0.161570585667482
0.220578626081673
0.337703507157258
0.303449365657497
0.103402711564926
0.275639538970713
0.3404719395721
0.247609020804735
0.252163271860765
0.290678045404755
0.352360333114976
0.223118788828647
0.270910805521764
0.218392851960567
0.255606057545863
0.281135631572217
0.271302677418847
0.108649532666529
0.333933219274397
0.260712112766339
0.379686971032935
0.340691841081658
0.169778938923398
0.35484242678058
0.184186337174191
0.233815184853649
0.290867677378709
0.374174361809799
0.244258325218808
0.244489143498345
0.308842077690497
0.372534831343294
0.484318353051397
0.494401140163245
0.164715645249994
0.34645720237807
0.413404759940723
0.3062254230161
0.216089024737154
0.140154640514089
0.208379239925358
0.227485354922873
0.244201415191407
0.391176547389913
0.207830177362122
0.453341789740003
0.20751190740262
0.480052524260496
0.354748727383424
0.296477527499682
0.314463562288436
0.350063960997093
0.214814460532539
0.0828498754720783
0.401077829056807
0.378483028377901
0.326259572256996
0.412450032712243
0.363855818567702
0.294600516710548
0.471121471392954
0.195571479899561
0.455533443678364
0.420996142588568
0.176742054150662
0.426511577336492
0.401956595445555
0.34284773285045
0.259035932922389
0.386070198258216
0.47865564049257
0.306760104257441
0.340942008557022
0.418139854885219
0.425762106598554
0.32155125943022
0.36740268507949
0.506214439072651
0.277687747681054
0.347821119743794
0.352488571073303
0.520424165479511
0.314881144015482
0.422614733939672
0.346908904216002
0.41660202681902
0.366745588180471
0.330801504857412
0.437824545796429
0.455382266214195
0.467765534115363
0.447359010353648
0.312067700547156
0.3605535679111
0.403215287678613
0.479004827690209
0.377219161481394
0.515649395765345
0.452725903241574
0.362667918679535
0.385403990413685
0.339327338993125
0.472986495454241
0.435026006121609
0.286396245762415
0.601590371107477
0.336213830732961
0.462051123709366
0.475825616242418
0.382650278638193
0.408487476223359
0.457439546994078
0.327234677944325
0.477368822006768
0.461712548365702
0.461590505807747
0.450093795845244
0.553012665347137
0.487136146974052
0.53088741881943
0.391323505435893
0.48986324402149
0.500960388774799
0.52124629524743
0.295405966898626
0.475325432405634
0.389560708921444
0.583781040506831
0.597856571669937
0.502533523054631
0.54130928937024
0.471490672085697
0.512657069825061
0.512082147868185
0.511633030041171
0.513118959798413
0.540281144668072
0.507076924159364
0.418099872694136
0.527144373549241
0.440438064122872
0.545358541933975
0.522430373838424
0.359248239786895
0.566429963943688
0.435703388362605
0.46230957477634
0.353607034260589
0.391157229660703
0.573243501874177
0.660115056397476
0.507271175246813
0.481590187752876
0.484123793139667
0.494849552826052
0.614717946540629
0.498051184445046
0.611769014421651
0.442525384747713
0.808994431142577
0.461844042652823
0.534052291091689
0.517986008562676
0.528489621721823
0.683344451710665
0.546472186878275
0.385779523163837
0.575633021218346
0.561547317937973
0.566368866090553
0.486378985383121
0.596860803988294
0.557338369909306
0.731762043348117
0.68141975036991
0.527405469580442
0.449070889320299
0.683186334747395
0.515350059027254
0.618206698518062
0.657789539643754
0.524990631791131
0.483445312033822
0.624588568306936
0.575496311717527
0.555441068136103
0.671312050149718
0.627464741217204
0.667658608510719
0.593196975106161
0.749925407250543
0.765862528665125
0.600217627509512
0.682481211414737
0.660938989958108
0.483006462095238
0.723778400681425
0.533067133610948
0.577300150497606
0.649525023618465
0.684366840952473
0.632771532530387
0.570828954717586
0.836873104172045
0.572512435984894
0.663179874058782
0.708307283061705
0.700848017364363
0.64553476681095
0.60453071797341
0.502535975780438
0.753685546520931
0.673060060146505
0.656003576744608
0.579057279145602
0.753601850488546
0.597811267110706
0.821148477436145
0.675403556566196
0.714234899444704
0.536365612350457
0.459459468148778
0.707942910426323
0.802708655280008
0.559481084458428
0.756022438150479
0.642904843014522
0.555859010799648
0.745968622919922
0.509080467989942
0.73350368302555
0.797783066983809
0.723715046509912
0.62842751209552
0.815950774669047
0.81716000293346
0.547613520311489
0.705665825262152
0.573723142592214
0.710405555224603
0.784433600574296
0.780046790948568
0.807076643964806
0.816347520590104
0.535460367032651
0.714224708858372
0.555355035347724
0.714297261964166
0.873717886961925
0.898768599582178
0.736383107762557
0.753768634122283
0.727561301165045
0.651207090952238
0.844514252674908
0.772106765743777
0.593120635232999
0.922467312962182
0.836807105052861
0.737053854428793
0.714465173713132
0.736384359787928
0.767268975358607
0.786803472257083
0.728084194667089
0.754713741017645
0.751854385130834
0.82028282965721
0.869074822156929
0.806296605417603
0.741711324812825
0.746020488033246
0.705566767106039
0.688774444372329
0.766338353735005
0.749125184566228
0.708547439142066
0.777294960647674
0.818339792057096
0.918388164052488
0.67177838262943
0.949139823187837
0.725543174434568
0.86498794614857
0.707547818024938
0.742445730791936
0.884497737485329
0.965716286443051
0.830914469631587
0.767727506681795
0.819479454256221
0.670007357248894
0.728666543206014
0.677337181149187
0.679085463576031
0.741309705482673
0.87531005409071
0.785051060896376
0.848839079099578
0.820980951274541
0.785010357227295
0.791515528418437
0.724394052364658
0.705994276981052
0.928784416152699
0.661942199675846
0.696684959808099
0.9001100848323
0.923826698317858
0.763754052443279
0.8098536609551
0.93721722323937
0.970814859945427
0.901232436006176
0.785609618098276
0.81270630425843
0.906083206615191
0.982343221340794
0.944885284558412
0.90649329707258
0.77459769512107
0.874583769882286
0.77624916817059
0.916956943989856
0.934438293992635
1.12599487975613
0.826149806509294
0.858503445923575
0.930370683860132
0.876197763237811
0.857839082280323
0.99357807820823
0.899875021026023
0.725010028721646
0.852171772808955
0.754497870380001
1.00814082964771
0.778191319559031
0.878833954839723
0.994048278073231
0.756138084851969
0.859959510250549
0.937395631614237
0.91505974478406
0.849354876932486
0.959567611586298
0.794010154545404
0.979836519131839
1.18976521018827
1.02880568300751
0.962144373415076
1.00707059598207
0.87432973799189
0.860809931055965
0.896525355895419
0.898441637947658
0.881909671638138
0.927280688933402
0.874096481810738
1.01841904386363
0.977202099356058
0.978078175225887
0.973805364423489
1.04401965638481
0.759231764659733
0.905245321677877
0.958987845247109
0.894023564238797
0.941003561510124
0.972401271413659
0.991302528954297
1.05422032921423
1.08361907200302
0.863497822345291
1.01032665551774
0.917347170885185
1.04609760289599
1.03397183835009
0.932371156715906
1.00711232024878
0.835993791851021
0.998561939346539
1.1545579628575
0.908654842804852
1.0287355181437
0.941024779719731
0.940565245641248
0.977160925042088
