0.0320139564741086
-0.989477098418979
-1.05281914691387
-1.11426197018879
-0.992779735496545
-0.858236293360563
-0.934392234477183
-0.984067403613961
-0.912043260407414
-0.919693695098748
-1.07020626057985
-1.05492846614679
-0.943155241901789
-0.980315020113928
-0.938918905768277
-0.873281410011199
-1.14092252563146
-1.08975804223018
-0.938555337344374
-0.945925161929349
-1.03346236353902
-0.937390525650173
-0.899865548797212
-0.97321162456888
-0.896130217571485
-0.88458476744222
-0.966326341274405
-0.981957642499397
-1.07149055812854
-0.83706327811193
-1.00561786906373
-0.994024516338998
-0.984094700300634
-0.89657848622726
-0.956743788289693
-0.913805926291791
-0.91457722097215
-1.00432548223066
-0.912239113340826
-0.827664426415473
-0.840916858525524
-0.865975157516327
-1.05578708911078
-0.958284830937395
-1.03606969089911
-1.01805111834429
-1.02376169507339
-0.819900821345115
-0.89241868091529
-0.870892484210156
-0.90466818207296
-0.987831741482647
-0.751537752560432
-0.909431351623109
-0.79575227481611
-0.864390930822178
-0.94266900570139
-1.01496034128409
-0.881266158273037
-0.835771380742929
-0.955349116410034
-0.831963642605093
-0.754945379041416
-0.835371011977447
-0.948632013910528
-0.686067063722743
-0.829547820841712
-0.860557966051075
-0.720936774164297
-0.760188590285175
-0.812194305535804
-0.793429448320042
-0.907508350991991
-0.841201563147152
-0.821897333109082
-0.722223469819464
-0.922874291098521
-0.897907852508707
-0.892176246388698
-0.977731235038642
-0.897836463858358
-0.853615763985325
-0.871364942651002
-0.730036814005318
-0.752959868005411
-0.812062880661748
-0.822239443689022
-0.711656275557636
-0.696567184305229
-0.907950799087461
-0.714913830772944
-0.816223992011974
-0.718640368801527
-0.991114813069529
-0.837827908786372
-0.840429631782863
-0.834351208653853
-0.695854179795379
-0.810509324874288
-0.694839392718684
-0.836081006462207
-0.753537387886118
-0.839455164347191
-0.806864924345044
-0.870968344469697
-0.746412147987142
-0.712150748268004
-0.705578713802884
-0.921747962857768
-0.797020823195172
-0.931322996765942
-0.706452430638945
-0.771568841083818
-0.700967606297729
-0.817377413635152
-0.806093307420875
-0.767943786300599
-0.816541642811906
-0.945293614631821
-0.686899414907682
-0.815794753321549
-0.854161032139295
-0.849510889609832
-0.705818286525209
-0.739995848628667
-0.709679682601906
-0.75523146687767
-0.723033061068236
-0.718533606965737
-0.937678671175214
-0.697187396199004
-0.837741221988898
-0.641285135466427
-0.70266415201673
-0.66470707519238
-0.760797863993798
-0.792606022180483
-0.780900364826411
-0.721509224499952
-0.665693142536947
-0.632090532012525
-0.843518673746976
-0.699496042829903
-0.786144522904989
-0.780961498504175
-0.749127931595595
-0.677718860229525
-0.748832893479946
-0.760821907895209
-0.803196190851029
-0.688143736834572
-0.738070355412729
-0.773181507850579
-0.643904822552582
-0.783762438420075
-0.638273493495482
-0.640902308898477
-0.674560109756887
-0.736058718878709
-0.651714351965739
-0.769683197472234
-0.614997846156484
-0.614623827350604
-0.69853548880141
-0.649303207611758
-0.827796617395226
-0.429365745987882
-0.566173255270789
-0.638312509678872
-0.646491371276919
-0.722373715391283
-0.650232290324268
-0.584911700006031
-0.702266981515904
-0.632448048033846
-0.583342025890217
-0.628173485495801
-0.517290385994355
-0.655584338421084
-0.726077881477696
-0.68993637129412
-0.529962948481778
-0.497518389111211
-0.623196484476362
-0.628810829112066
-0.661711108089039
-0.594674456964838
-0.522372958526485
-0.501161659897039
-0.660205489459896
-0.728902140383064
-0.629995283160434
-0.641378443267071
-0.605024368107341
-0.560049198151907
-0.609413785841226
-0.672644557697081
-0.770916908925859
-0.684825371061456
-0.576551824736695
-0.652128488197955
-0.651361942565998
-0.641636763139147
-0.418166619547393
-0.512028691709877
-0.65523763054969
-0.572965037966172
-0.646847884519848
-0.702527244623119
-0.500598468988019
-0.382755293300757
-0.566010615393908
-0.660528343721713
-0.512748891241144
-0.713198226168491
-0.721602496084937
-0.510031129129574
-0.697983291252996
-0.538380645057457
-0.618731992137789
-0.625112390205697
-0.662851262236585
-0.418094710538408
-0.537873797355506
-0.588011244159928
-0.511638294438887
-0.338620676152587
-0.434947867862616
-0.670736338540354
-0.608068023482891
-0.395762335713251
-0.558005871603811
-0.540942822352505
-0.664174402686658
-0.497427890706855
-0.397740498859591
-0.603912237509468
-0.509285994006235
-0.598788624390791
-0.649704872369261
-0.608334906510475
-0.498302942607477
-0.476136073563086
-0.485599312099254
-0.349081799056068
-0.54056891613906
-0.48984789741123
-0.510804253361962
-0.697167404362378
-0.430147478189123
-0.591779232955751
-0.615421328763017
-0.547703019183176
-0.391013055128386
-0.48280150060963
-0.480630505389888
-0.568763784514342
-0.559587452375946
-0.61781236734495
-0.440248220373009
-0.550345211170385
-0.56350773449786
-0.467141244355834
-0.486844428125456
-0.50103989112973
-0.427018171915349
-0.470801162665135
-0.383386213546628
-0.477837634996914
-0.472324859434094
-0.559766618143867
-0.473388034068329
-0.583557632159518
-0.401281471020932
-0.412332794824064
-0.48620811051841
-0.385388315521517
-0.501630625033157
-0.49715213128223
-0.479283035636919
-0.432461038682512
-0.36672522738736
-0.431092339469802
-0.493460483128592
-0.367750504402658
-0.34639302113305
-0.53038673079694
-0.499367597401952
-0.28755010350733
-0.486686412687146
-0.35556789798757
-0.464944533047001
-0.420579622206224
-0.437665885424553
-0.449251220575858
-0.432774820464925
-0.475648861014658
-0.32348252554371
-0.437449351039041
-0.421790550331939
-0.4522233926446
-0.337465502847405
-0.352834164721783
-0.284055317009093
-0.300505774023213
-0.428200973892187
-0.258428805354352
-0.444529079283803
-0.493079075980399
-0.432979230878246
-0.372057370544555
-0.363316050613043
-0.342265608396631
-0.432248249570851
-0.498529124514295
-0.377507241600729
-0.322145880373731
-0.346962065108455
-0.347400581282218
-0.461075796496937
-0.409144943308986
-0.278738523806256
-0.291957521518626
-0.431107474397105
-0.303808397964323
-0.226959497008025
-0.250324921433678
-0.301260266210977
-0.290439516141587
-0.416641528470976
-0.535692578030238
-0.343300794999973
-0.296871601496004
-0.190174271385245
-0.300478351185068
-0.352610892551406
-0.321814849963314
-0.274845492636188
-0.379866690017126
-0.191072121358032
-0.398135713718432
-0.3210870824925
-0.417548805734266
-0.323583029441802
-0.322811305580086
-0.394061311205764
-0.252784403433521
-0.278776037228853
-0.399396221849091
-0.406625696109276
-0.317599020129283
-0.521752494872958
-0.294273950257232
-0.282963730194263
-0.195853490653635
-0.248133461148636
-0.329966602377506
-0.404438543268353
-0.274634171998004
-0.28323573920245
-0.326665590149904
-0.160508775918164
-0.206819918161184
-0.360416478545105
-0.410279746595071
-0.280490486282786
-0.246140834378953
-0.293862056484752
-0.297394599990928
-0.228287418777862
-0.283853040205323
-0.299329560861459
-0.28619240569368
-0.238103245579872
-0.215710757228329
-0.374865172254971
-0.295775779121265
-0.445641780008498
-0.203569272225624
-0.349360048902609
0.0506767852918653
-0.202510410702523
-0.303555546928032
-0.203137842613894
-0.220605455719481
-0.212473705163374
-0.172382264135146
-0.0463879169233579
-0.238377197788779
-0.17273349030689
-0.245272351415879
-0.149589018656617
-0.257396501122937
-0.131074115268967
-0.408073650684497
-0.202610487979009
-0.273885693700909
-0.245187515189186
-0.158360109821942
-0.3087918451826
-0.212490797643366
-0.157046835712081
-0.133674701400608
-0.196079260270236
-0.19074935040965
-0.152918272836362
-0.155563812161427
-0.223591696624811
-0.146775561047593
-0.239166750206093
-0.180260247197842
-0.0477791601588772
-0.340462650874319
-0.274741891795605
-0.142153369171638
-0.0782904621089839
-0.200653362801646
-0.0349488606609153
-0.209540028312259
-0.240704059996665
-0.0340721826761115
-0.229614250146706
-0.193422998520119
-0.116305554255604
-0.109850241714081
-0.200191270594241
-0.0532963498850363
-0.121045427891549
-0.116009709174808
-0.272372354151154
-0.0911237884947314
-0.0433280812468791
-0.20356397275408
-0.21041935073284
-0.00962506362822826
-0.156010176439083
-0.263750630184453
-0.291911533908039
-0.0410129705591808
-0.15231419797727
-0.0795702791063266
-0.23053959402589
-0.143187449865221
-0.106385232717634
-0.12517650365814
-0.00851122501388049
-0.0682295169364162
-0.138376713379268
0.0248616716608013
-0.109715030607955
0.0602314084516883
-0.226581325805345
-0.130724326197467
-0.0679987923364742
-0.0233837892874678
-0.0770767275685562
0.0202270559448086
-0.16305887471529
-0.0584249874507113
-0.109221854688687
0.0334788128013978
-0.168884142001364
-0.0721540013191376
-0.00990232036628568
0.0307210564956399
0.0954412980683014
-0.0747980988319984
-0.0756167921926697
-0.104002494514045
-0.0549913310813635
-0.0365970629977216
0.0304456059113161
-0.00430055702057076
0.0424639042138777
-0.0707018703478866
-0.048828416879283
0.0468254326802481
-0.134273698754799
-0.136197220369733
-0.102377286901296
0.0829393380373271
-0.0581726793833082
0.0215723176055777
-0.00855016668617612
-0.167962507624551
-0.20797774354563
-0.0209533620754547
-0.0288269820831033
0.165636106016765
-0.0212530149061718
-0.0201051287788232
0.0454562599784411
-0.117836730313168
-0.128489447452583
0.0847082031733428
0.168072066654014
0.0434604865896571
0.299393866868907
-0.0122108057619056
0.024431059982341
0.000349262431605288
-0.138567089398379
0.162853678820971
0.0229840947295991
-0.107900255804863
0.059694650238287
-0.00707097361367729
0.155682785832883
-0.0683028571321613
-0.0782372682889768
0.0512978076833077
0.00427699632483813
-0.0347222927603661
0.00195547834802692
-0.0515447630174114
-0.15676716595267
0.0220207992933505
-0.12150296336841
-0.120500970688657
0.00691035693800314
0.164123896126586
0.0780280978035563
0.0796883985238694
0.204635774423993
0.0737389883196402
0.0962176508121721
-0.0488945316094647
0.181923501060962
0.0851158582302998
0.087480917404339
0.0288862648027511
0.194790260949558
-0.0568609975397227
0.136641246693041
0.0702726675691735
0.0422953496051836
-0.0115599210785577
0.0741084316367988
0.122509338245674
-0.00814763023066206
0.101837263356412
0.00801240936514157
-0.0264697197793886
0.170984722202501
0.12696935751401
0.0571507290665994
0.0735298275167309
0.183311887550233
-0.0640132799744266
0.0428935123736558
0.178817469766098
-0.0218215993744367
0.164617762599565
0.0168085982927327
0.0857755269721451
0.0663079755403368
0.166359561788216
-0.00942595466965679
0.0278066230392417
0.159301319081803
0.156017503473039
0.0974255046267724
0.21130714469426
0.152429879120065
0.179112328132039
0.0948990233287995
0.0731255728710989
0.15662378973295
0.013844104250108
0.100324784453909
0.103776841361726
0.186143721042106
0.235772341687931
0.206464793073093
0.209882557136332
0.135462648406236
0.0331938896091262
0.189675390766389
0.0434874641687956
0.15730219378244
0.00209899174973435
0.265921993368415
-0.00407097954395464
0.188469456917029
0.06471496069155
0.365939495570282
0.0329598181866744
0.111054618222764
0.220276556733796
0.30020674829193
0.15084670467742
0.144912173191162
0.238510820070412
0.255486737707312
0.211275040643719
0.180185003024564
0.076493942129527
0.226969293495095
0.216242579276971
0.103127405735456
0.212540805009882
0.0475653923604595
0.168563426436211
0.167804432687309
0.384595350032568
0.298845897077257
0.222234717156473
0.165070367109468
0.276916116842371
0.0296357188370532
0.0986071852010218
0.168424477843956
0.178016432285226
0.0571288227258676
0.210699202462112
0.204867461694849
0.0378776523497744
0.171488028518586
0.269496810487709
0.291374550266608
0.36307690504481
0.184449878318581
0.236921736099752
0.272248951270003
0.392505562789206
0.212630125898672
0.150452380573821
0.238053606559651
0.369440341055349
0.330461066167189
0.173655620548231
0.265281320038904
0.309664781409271
0.0990510936541768
0.368382024333843
0.365388182164472
0.303756967723382
0.26470271917286
0.166867871741574
0.239627442531993
0.206665101970553
0.191959317468373
0.313421849461745
0.285315753864567
0.298142163473683
0.244114076941759
0.385049017878611
0.152679272116285
0.271032466520336
0.403718818420198
0.323802728396639
0.296775249851842
0.454477144135176
0.291222596522029
0.266875552858631
0.378099452181142
0.356695576840648
0.368912739978671
0.245898738869913
0.367478010971642
0.336338754323904
0.260197383677944
0.358609977623819
0.292275687529547
0.3064599528113
0.270376314923831
0.298555717923548
0.327311826526804
0.321984608250737
0.392408454884508
0.384173105259118
0.318622954474836
0.308002338305862
0.404309330794937
0.379676359268126
0.349234987699425
0.17259188641299
0.367724978663202
0.371912502676019
0.261691676060026
0.344405849656637
0.329356298436574
0.287016553472213
0.38903302441479
0.40068791671831
0.422605648066931
0.388822577255819
0.303103565099922
0.248438576825286
0.361276655579585
0.334068791081204
0.313723432983335
0.360343197734767
0.387468687175509
0.325865036254359
0.533245107804978
0.554684752165541
0.424991848682361
0.521943571823046
0.362848476501505
0.421132220357433
0.552286616232541
0.448815661027006
0.483689073354266
0.412339856112074
0.357344531878213
0.460955491620198
0.20147548183163
0.258361132784191
0.396867187807126
0.282533240839515
0.433317239234411
0.499054063169948
0.526127076140999
0.266003187453268
0.532855092431846
0.428194018376508
0.392199651200129
0.434937577557383
0.365587690888007
0.374986737520699
0.311814167957491
0.634652598469496
0.393987042235024
0.649920621957026
0.550639293688407
0.352416643947699
0.405348818656948
0.273630702730159
0.429073367588996
0.495370324123053
0.567432010945104
0.430069624081688
0.5429181500057
0.421021935597509
0.432151008018747
0.474810828283069
0.421868560017047
0.463888959008673
0.312304396060878
0.393976570094577
0.434014008738536
0.449205881552862
0.412203659033186
0.41680306298693
0.58512693681419
0.403957204238543
0.543716352523461
0.543741453291592
0.490818752105419
0.654794861754319
0.447114767383508
0.592426638100834
0.531131079708869
0.595476155483078
0.440838657184554
0.529504379607032
0.472452204179751
0.525266538252227
0.560246785200769
0.569578793586967
0.503409720498106
0.475400152714178
0.562429551327367
0.546872841160096
0.544925160936977
0.466187715461265
0.631747196281281
0.433134742004384
0.508739691923
0.411111943971876
0.577927626725219
0.548848865224112
0.502334789955961
0.518566358911148
0.66184861388856
0.586213801367433
0.454756921141449
0.418965045032863
0.476757581925267
0.559831281893385
0.630049935715477
0.541853324796482
0.60631849027545
0.710286654384938
0.541814242647951
0.497701281100997
0.706668933393668
0.549759970764078
0.546698264793849
0.699659540857436
0.636278498981083
0.338259285034429
0.544511703990258
0.633254103019316
0.525203284207248
0.69399836229143
0.689882506570816
0.453785810414273
0.58137728174403
0.627078199509495
0.591891712977376
0.492401741040709
0.557688647777639
0.56351636708283
0.735166619581762
0.551008059203631
0.451960529353593
0.668109858366345
0.487254572649382
0.729282082649448
0.686566560409529
0.633970122342677
0.583364952078811
0.680501915754455
0.597447926853647
0.696438902633971
0.650682275355323
0.539668456102984
0.664491706401823
0.73024652697918
0.57673701142232
0.712048627156937
0.641961509863395
0.672561863817688
0.611542778465935
0.762141661564082
0.657162006713177
0.674786696479333
0.680755819810222
0.671568229984621
0.613088932618534
0.743810050274712
0.750876356370269
0.740009816845307
0.766062085197726
0.584671334888715
0.690687162180447
0.627546265080014
0.690471870495129
0.696739279712016
0.799692235649746
0.820324855930055
0.741643906414126
0.473836672441411
0.667417898790033
0.635785684591768
0.702282102376788
0.638348449170557
0.703670860177344
0.674151108134039
0.706326308097301
0.721478055157821
0.725420959821732
0.777511449870164
0.731070788639065
0.80752804936374
0.804426254289225
0.728401635392466
0.70511083786452
0.859813121414916
0.641311242984681
0.641706800335771
0.77583341246423
0.694061774050334
0.584593588080961
0.624388084478676
0.603222019790783
0.675687730262409
0.754587069777785
0.705247052462268
0.731502113064028
0.693040561346387
0.601747556907423
0.707166887463793
0.837617267621133
0.66554587998355
0.759695908162527
0.675033644315903
0.744863910805668
0.804492514581312
0.790935783564376
0.850506885237884
0.725805212649321
0.874538560955255
0.73435144963009
0.808419579855393
0.739259493475813
0.804762012310521
0.906161507657734
0.738754164480346
0.798243813240783
0.957481676183843
0.898120304327297
0.704724582186695
0.832184592310319
0.830790388429135
0.757719757737367
0.849617073932406
0.803374196147126
0.830833414738985
0.714581131262826
0.685685759288908
0.890183276441116
0.773682673943576
0.696898993656581
0.683084920965403
0.788664264162507
0.966898355696133
0.83285267077015
0.855287584308065
0.869374078109888
0.963859660130479
0.775928044021858
0.753848657197198
0.841188252422782
0.743571707948451
0.851768919796661
0.935720846051214
0.944865186410727
0.834751822997611
0.917254219352625
0.805146862257769
0.754945111296501
0.834126459796518
0.803688135163639
0.765264703159723
0.792806283083045
0.78878404580623
0.872219606201042
1.00457856473237
0.987619103974632
0.930784902016023
0.803340924289247
0.818986225471838
0.89838034914026
0.981487879910353
0.77293763082867
0.895546138628919
0.799092964086382
1.04765476344641
0.866417477264223
1.11139444794774
0.834926785060648
0.93715651434286
0.892539819432435
0.945381666641004
0.879158075562553
0.808822667098891
0.942191382089188
0.971079395996737
0.911840902700214
0.797690936812728
1.16160137559722
0.952130076587092
0.813355647218575
0.78382809018603
0.895087935057505
0.926978506492765
0.683379400057517
0.932983884817505
0.843272253782495
1.00704283942728
0.90233873593583
0.948258855227717
1.07163619806055
1.01193714821377
0.947522049088129
1.00478362011851
0.903297754907812
0.959984151507259
1.00995068005618
0.907910362030846
0.924694912517677
1.02687751239877
0.880699096627002
0.990167931642645
1.03907277626448
0.980083199285066
1.12391122650117
0.924614125274441
1.1345460193915
1.01838265131763
0.944028461523383
1.06240815518786
0.889388328909895
1.08761023124145
0.920777407372624
0.867576394004381
0.960342791827006
1.08606735789793
0.970768144563545
1.06701604798391
0.939233182082248
0.903943974089501
0.951774383287851
1.04819658268867
1.05997292658542
0.985689027019019
1.02187869574382
1.11506721195898
