0.0292667993310079
-0.991475166994612
-1.06409847506819
-1.12005301048331
-0.991000559602568
-0.834991216054569
-0.913721659809945
-0.984454264131133
-0.90371739973394
-0.930498846757198
-1.07504975858398
-1.03630687073695
-0.932300281226879
-0.966355521224127
-0.926178528720556
-0.880059885955538
-1.14382270138734
-1.11814843187262
-0.937484799085417
-0.940793147206063
-1.02661201162427
-0.92844670242846
-0.936770825801072
-0.986768194175057
-0.895707831210822
-0.882739124964029
-0.965659589190532
-0.968950562228097
-1.06359753760154
-0.836339387135026
-0.980532156480267
-1.01209884901369
-0.984236929977603
-0.917952757867908
-0.961475312535015
-0.909188871417576
-0.940965677332547
-1.02872692369189
-0.916494842189453
-0.845719001040206
-0.825113419186004
-0.867943630483825
-1.08500512332534
-0.935544851285879
-1.01984263591854
-0.993109151928836
-1.02401004065503
-0.814461405971026
-0.881639652067805
-0.878080603195687
-0.918498403387461
-0.980368209272601
-0.742354706994343
-0.892979120480456
-0.808346056469605
-0.855969687130634
-0.947594306110573
-1.02162331265109
-0.897516622702377
-0.836103581100995
-0.943268109935621
-0.838043269268786
-0.734876628544834
-0.841127241627899
-0.954706420058484
-0.695984134394429
-0.826022175730891
-0.869196062626616
-0.732736912384932
-0.723488231996435
-0.795060168802433
-0.778383479313619
-0.918317192190587
-0.844240027672663
-0.800557657626901
-0.707399161080755
-0.893552867459895
-0.894058826254275
-0.89798311865406
-0.981302141485905
-0.895751677843731
-0.854096214198795
-0.881926039936455
-0.734346867986884
-0.774299964753362
-0.807011499914474
-0.816179859804894
-0.691005876903241
-0.707351571622735
-0.894607071252498
-0.734266753718062
-0.83493017063411
-0.724375248751345
-0.970302948368578
-0.859244903537646
-0.822575435910511
-0.826893937812814
-0.673766442367989
-0.792620184091
-0.684740409817684
-0.845370790220274
-0.753081188941586
-0.819466002393816
-0.808232043530258
-0.859983617693156
-0.742943159474636
-0.717516937618447
-0.702167903998349
-0.938266632999458
-0.814444355763381
-0.907992576214048
-0.705751586168768
-0.781469453617756
-0.73124794076169
-0.825999089535679
-0.816164941404637
-0.753275387537177
-0.832147741229506
-0.927748962854504
-0.683259016336341
-0.812893494662004
-0.838883099068378
-0.834195933353222
-0.704178314805667
-0.763381342893791
-0.690757333034439
-0.774650066848909
-0.71925306638605
-0.717926110161602
-0.948689074669353
-0.699888839481855
-0.850890477902183
-0.625411315412745
-0.70633515631066
-0.695302134839806
-0.739500273517149
-0.790228731016967
-0.766352367060591
-0.714667094324922
-0.677616860239409
-0.630485193313782
-0.862722102872543
-0.689806110841977
-0.778050754352755
-0.778911823559531
-0.734568933324845
-0.690199287277147
-0.755846447387093
-0.752303493366076
-0.814047125333147
-0.690929330061411
-0.746857710930904
-0.780272464726605
-0.644807521077968
-0.798314370422097
-0.643735917559912
-0.645341900545891
-0.654889919893856
-0.73139405175894
-0.643545895666995
-0.80087062764002
-0.632177650188272
-0.608991557191272
-0.706313013844933
-0.672928754389234
-0.83581018495353
-0.419264153403025
-0.562317359434871
-0.646583247814572
-0.642651890929727
-0.717862222019276
-0.638541991533327
-0.579716959085421
-0.706960883439725
-0.63406448580227
-0.589331815756992
-0.622005031273886
-0.530649743587315
-0.635917623198617
-0.74429062727142
-0.679905453087716
-0.514209367332268
-0.490015587717548
-0.638849917264617
-0.647717366896827
-0.652933385806598
-0.573914796391129
-0.558813410364166
-0.510250123841719
-0.634598671333357
-0.718550959470013
-0.637278963826741
-0.652241811254546
-0.588501834129097
-0.567577743433217
-0.629258209528936
-0.666396659504754
-0.775832014641376
-0.690546446444969
-0.560197524630916
-0.652725519529376
-0.669915751447357
-0.647958427760038
-0.438562555928695
-0.507036005849265
-0.650388659207201
-0.564409232226356
-0.645123072562319
-0.731076752334476
-0.509334295268563
-0.388246205427453
-0.539944331212365
-0.662684017405209
-0.511873398458245
-0.698078249742483
-0.737780448933548
-0.512164958826046
-0.691689175832982
-0.531531719715931
-0.636010818837245
-0.615279268776734
-0.639253498584332
-0.43374408282898
-0.522989445317252
-0.612407710508704
-0.518413800220846
-0.339334769791769
-0.429676339021652
-0.659252408119652
-0.600684690966167
-0.382395726786699
-0.545943728286389
-0.52941991177599
-0.658845139521966
-0.521698263208363
-0.397871964109879
-0.59344004450468
-0.509267106302774
-0.630066216864366
-0.633326120219778
-0.581799263713605
-0.512460063320106
-0.481848438031094
-0.449189447433655
-0.342857978691715
-0.555620352234128
-0.492900050708825
-0.525155567670191
-0.694309227981078
-0.415292017553951
-0.609475055729836
-0.609613507296407
-0.532878768699794
-0.386190735766518
-0.484381305617165
-0.487402649571787
-0.560906112192533
-0.558480694415856
-0.608844006141631
-0.436469226156583
-0.529611144810647
-0.561701059555683
-0.466193241117114
-0.508137191438379
-0.508314004726477
-0.41326361160804
-0.474199957834806
-0.378117529754027
-0.462706821542174
-0.457527020780287
-0.566381013410224
-0.438700489762772
-0.579705313340424
-0.408151293309563
-0.39569739843009
-0.481485646672405
-0.375367534176789
-0.487713797269338
-0.501140035376111
-0.473285388355807
-0.435981092202685
-0.362614204202298
-0.413508103498921
-0.487218452703106
-0.397586674603108
-0.355181591658519
-0.547731514790304
-0.494771449729885
-0.275423482451538
-0.484159549207128
-0.38865142603156
-0.485363534041132
-0.395796430352779
-0.433597290944667
-0.45955609286147
-0.391436063114751
-0.485639240479255
-0.306498540549598
-0.456935803946955
-0.421322599848918
-0.460126912108412
-0.33777850076626
-0.350909525621304
-0.300456900792264
-0.291845937596743
-0.439985541364766
-0.258249681675442
-0.428972832074281
-0.480034194237707
-0.433186408645149
-0.326906500876381
-0.361830138597078
-0.330673659940618
-0.428914792160506
-0.501921284570042
-0.377677548934562
-0.31364742923826
-0.349030776932956
-0.344679337570636
-0.449330448443767
-0.380864117165849
-0.302669515582082
-0.295745140245759
-0.422125802543167
-0.283867584187827
-0.216220250179395
-0.263335064209801
-0.295275454961868
-0.297165162109632
-0.400278914149098
-0.514558394684934
-0.348418938329157
-0.297629018407899
-0.18164955761417
-0.314309942668841
-0.359946205917617
-0.316971544332677
-0.268471735341232
-0.363645334960889
-0.214167544975178
-0.376149977383322
-0.308011233095887
-0.40455830203595
-0.33262269590803
-0.298579285192944
-0.392829478883708
-0.254364967346418
-0.269937267373153
-0.395019104058829
-0.428981362805135
-0.310071517049064
-0.525184776481052
-0.310969354669106
-0.291709814959352
-0.17313224982795
-0.231599221733777
-0.353279860193692
-0.403951384204881
-0.286349459233012
-0.287672972833566
-0.340477561400154
-0.161361148664049
-0.213503904146131
-0.373102905742482
-0.409589385575705
-0.297118888202211
-0.249260969262185
-0.302569877137022
-0.292770109162092
-0.210638238270266
-0.276370477617356
-0.27806213302868
-0.266884126615389
-0.239161928770837
-0.210185296383823
-0.366300431271213
-0.290694578017372
-0.437534208225166
-0.180208722582354
-0.353048953868062
0.0721205626339756
-0.208825171770425
-0.3276288257006
-0.197143625235793
-0.218403882203588
-0.205818647262535
-0.171821474877533
-0.030202836610711
-0.207700768858863
-0.164492841205095
-0.261390480540558
-0.12280386610589
-0.251708423303613
-0.131475681231814
-0.405912493680747
-0.222134351116947
-0.254141292970619
-0.240312081428862
-0.157589179998812
-0.294136529624148
-0.202037662954934
-0.173038774861721
-0.141618220286143
-0.211844663735603
-0.199902695359682
-0.160084708086352
-0.165211691353664
-0.212879325430412
-0.141875299335135
-0.194332261734552
-0.176134694381927
-0.0577118716328723
-0.313050784023981
-0.275927118866047
-0.120453723503957
-0.0903887144486866
-0.187787811237539
-0.0424377844027197
-0.223193361170744
-0.240433723944278
-0.0451164285501548
-0.242098100724261
-0.213899310656328
-0.135496336708937
-0.109251064898766
-0.195774650885608
-0.0340064953331177
-0.111590852302167
-0.101044931644471
-0.256265707060401
-0.0864398813937157
-0.0285478888145138
-0.204835637589654
-0.190827385810921
-0.0246809366638662
-0.177070880300847
-0.268017744516354
-0.285472589419341
-0.03942272185018
-0.143085493580288
-0.0862543457559284
-0.235486637121442
-0.116361979940853
-0.11400503180893
-0.115271168041516
-0.000192793216498545
-0.0760222719648595
-0.126199262824508
0.0419385443242591
-0.10722322312594
0.0633952759840555
-0.212227534805067
-0.107598202114259
-0.0351269462537433
-0.0082118878257198
-0.0594992819252949
0.0261778611485025
-0.16978533385676
-0.0462717544464014
-0.108446212376487
0.0362138178919023
-0.153642599204997
-0.0726736592684347
-0.00149115653438284
0.0168239799410004
0.134623600079281
-0.0754787595836078
-0.0684221985529871
-0.113066025312053
-0.0372823919567991
-0.0218600830338106
0.044119126536733
0.0115305473219146
0.0426577503589236
-0.059633536182377
-0.0669248051382767
0.0288925958458885
-0.136411815122834
-0.170961314983407
-0.107240770622197
0.0882135539280113
-0.0611917182535922
0.00211363063955249
-0.0185395750302663
-0.154196616278262
-0.228456813211985
-0.0292180195296569
-0.033383221555406
0.154389554732134
-0.0445770377805301
-0.0101023158569685
0.0261410455621686
-0.119209253905141
-0.122121170868656
0.0634804896742763
0.158573058630083
0.0526462874979489
0.307457020946194
-0.0344641944781798
0.0409464738751844
-0.00440918267516525
-0.145886872662045
0.19341184722058
0.00891932005737003
-0.0989939449410833
0.0519360018418597
0.0103893880963996
0.132216560577666
-0.0775509668698754
-0.0927249362861855
0.0538276822981089
0.00158411569266919
-0.0418909469953269
-0.015711697925298
-0.0600258965658146
-0.150044980264406
0.0241865365475035
-0.113598366408344
-0.115741403231374
0.0189615870050359
0.171141269657115
0.0748806195315481
0.0779579737419741
0.187732931001097
0.0671893899208684
0.113558015234663
-0.0629829052703131
0.168231472434054
0.091144459708875
0.0937230114801198
0.0521760848243845
0.200897560672946
-0.0452286320808675
0.139373808150884
0.0742895493713402
0.0275445843647709
-0.00881951998167022
0.0816369754408011
0.0916990841036184
-0.0225086430695495
0.105238151631977
0.011810574757671
-0.0062541926772884
0.158309383836813
0.101530796678279
0.0583747998134791
0.0759064754888155
0.198748532944522
-0.0310021417746742
0.0111708003463536
0.177536298387558
-0.0303837359706367
0.1457182994751
0.00655612805826096
0.070168190394086
0.0890468377368776
0.18180820601711
0.0110544787063637
0.0326922465341362
0.186285536959822
0.177584063360787
0.0892018195751696
0.208203594264316
0.148607470909967
0.176829994066029
0.113879939610765
0.0874654264340572
0.143944549932607
-0.000142760334345187
0.0817291767079673
0.111164944551761
0.209991267030788
0.213122615420012
0.186189549076267
0.202892255985147
0.143480420062132
0.0489022139692894
0.207488369253058
0.0531242385773507
0.139768479547895
0.0459239097827281
0.25639432263421
0.0250403975536786
0.16647692700016
0.0890661628942399
0.349698176362289
0.0326578488028384
0.128104638861629
0.198501579004716
0.2802642886242
0.146356341394357
0.155286253283675
0.22222533663473
0.2338823476949
0.203562630895062
0.17614918677986
0.0841285840001517
0.239539596207424
0.235230792688664
0.101625096633627
0.191814714769528
0.0636645828018124
0.175238487414077
0.15609366858236
0.377286506902381
0.320837678680225
0.2191646672566
0.165913361152957
0.274247577692967
0.0351115108380152
0.107714748631265
0.178307899843186
0.164631893838119
0.0492482286633655
0.19193205221076
0.200925467206692
0.0258991618277086
0.168577468914172
0.269678379143874
0.257289323941505
0.375188410645963
0.194733044562558
0.225860444997053
0.248236629799468
0.369048659660427
0.197110001482513
0.153102073602918
0.220499032723218
0.345659552430858
0.326993280162471
0.167770594768015
0.264518531861845
0.28260293782985
0.0969681044162078
0.371762264926916
0.364636330928524
0.302763685081907
0.257392154260739
0.176031600309538
0.22783891375253
0.209706184386261
0.180269816245311
0.337514494687936
0.275488776864512
0.296876500455817
0.228167897365012
0.381632314353929
0.151463320733882
0.27516904750879
0.369976006268935
0.338680698824228
0.311616821782643
0.421220903027871
0.299154302708783
0.265410746375031
0.383810065688979
0.34145477909055
0.3755135631775
0.236393326815532
0.362732406113707
0.352296210479456
0.266235411062123
0.381198115914611
0.318833984451585
0.306304795223888
0.264945610570674
0.287803418801439
0.329153367395989
0.327465161041669
0.387560121596589
0.370705020162492
0.305532279846234
0.293164736013295
0.393267871024849
0.415919649841644
0.340622644906432
0.197582093419124
0.33635154766589
0.357871566280868
0.247024902085903
0.34684693774912
0.322270654587808
0.290158855240745
0.394219231409382
0.390212297700425
0.439714664370869
0.396081317319422
0.270793656519289
0.24856430665273
0.337226200446174
0.289499094762391
0.309852943213347
0.363929613210564
0.393348326054352
0.33604628025385
0.523854554165007
0.548704329763488
0.424288133770045
0.488493690598316
0.34133420054716
0.413490377002401
0.55314702992964
0.448698683883206
0.47686147438072
0.390907108380832
0.352209467822073
0.447153109363033
0.193047216198479
0.250331214648882
0.423135452568847
0.295093776573454
0.44491202413242
0.507202188914757
0.536115530668051
0.257394488303197
0.52333620072323
0.436894500539259
0.366337075740912
0.433787010603121
0.385136757997898
0.394448530003064
0.314324651373708
0.640492967663317
0.388970418370026
0.645270381568129
0.540649205153749
0.368830518197563
0.413178133280492
0.284813226069907
0.404639034065364
0.469296526868898
0.573637231370479
0.427699767771599
0.529741379978286
0.410719866921907
0.435432816364587
0.455986036372236
0.410226258650669
0.461047529353419
0.309699204139727
0.415791748404281
0.42356580115668
0.455455365680322
0.381737355912122
0.436698448197993
0.590539308479784
0.371126119775923
0.520662181460053
0.540937389980548
0.470752901968204
0.668473429973781
0.449934919975334
0.594894554019904
0.541513669243389
0.598954852970942
0.434812234541741
0.533785583622861
0.454679703700582
0.504511368612138
0.559517628637748
0.554790055756233
0.520309523249375
0.486555586356489
0.568683285451026
0.528633830428162
0.569307191934834
0.480185305107903
0.64133909339112
0.419715958617466
0.497208277355593
0.410101951310886
0.590813664323211
0.53729864919253
0.503492266906167
0.540780758910518
0.649944518595507
0.591151123589188
0.457682711440489
0.416154712833443
0.504610386770185
0.552375827265674
0.627682575837112
0.545198734258744
0.580333906822764
0.689556190344915
0.550719904473303
0.507178350611024
0.696214103374734
0.530436759477023
0.556999940956313
0.685046224670724
0.654280624570626
0.341889131003191
0.539741028914269
0.645087685416964
0.514560053396571
0.689139821054638
0.696034593195422
0.45344426006435
0.577775721574913
0.609218258358168
0.585247858236333
0.49842504746394
0.538283118676909
0.561754163466884
0.718144070847332
0.560178494243304
0.451007893333409
0.675962207995237
0.484622216665313
0.73597548672598
0.717327518191451
0.632639120825849
0.570483927991878
0.686205052410527
0.594094839263665
0.710363304094499
0.657146470110764
0.540939006716179
0.665940108077336
0.735102842410436
0.581614021999129
0.714447739641866
0.638850945903528
0.654055993122733
0.608750828346122
0.756012522851755
0.658694676887281
0.664268591962312
0.665686643791217
0.691594812571034
0.608072806048147
0.721942791473661
0.764490899720004
0.746791686799583
0.767657119213905
0.580780874821355
0.680491685443803
0.620278765700781
0.694362972145453
0.710424795709831
0.797916694754387
0.824372791541368
0.744423547217111
0.473158266539051
0.6512791872645
0.643470706394342
0.692643940425432
0.617525933954324
0.687379974877562
0.684110792780783
0.72453937637751
0.720874014140536
0.723591565749548
0.764743860423596
0.714428879615714
0.830947499300819
0.803856010046722
0.748591630516718
0.685533130605623
0.876685968313015
0.663958294139141
0.625989892026001
0.773923261746133
0.694705754128864
0.588630642427095
0.610341300411546
0.578494642517957
0.656547536825248
0.753551152539967
0.690715679154157
0.73438995419082
0.672890636941436
0.590205765206245
0.709137881209109
0.834817773588352
0.637265312008903
0.744486443511099
0.678611959447563
0.725052761764972
0.817699228245184
0.792192838198198
0.84103778665929
0.733713351471313
0.871841453346765
0.721958151454994
0.819750447399979
0.733597203065286
0.820325823688129
0.921984075850503
0.737165495995712
0.798729483304587
0.929290247389398
0.900769758106545
0.704267365297597
0.849272026102709
0.856347425395361
0.768960151897318
0.85116048434976
0.791815251512069
0.836565008029768
0.738170305019362
0.687793466097873
0.900792925371664
0.780358517274419
0.672100391042248
0.674932896233259
0.779549417610307
0.992671273119387
0.851867806960933
0.838803282713759
0.852646739780954
0.971172460871359
0.760416214435497
0.741088637799489
0.854029179276443
0.763187612591257
0.826180972864348
0.9472195123574
0.933268259315484
0.83016813008794
0.90889784050397
0.838272172429225
0.774037247551874
0.816600011608727
0.801170099239704
0.759983294823515
0.770339407218793
0.769462342572709
0.892640465320746
1.00774737933295
0.980582431856156
0.93212952308338
0.796196128747555
0.807127890352586
0.893726354629817
0.960937931967403
0.753728952901715
0.895771407158906
0.797664188743356
1.02832112647848
0.880828252699943
1.11155211994899
0.838479312743594
0.928014619735643
0.885291702158455
0.948812454266567
0.891002922839567
0.805775334090681
0.938414141405209
0.953517036001296
0.909804969328559
0.799917744454614
1.16362080556515
0.972006364661259
0.826474076026269
0.798122507845052
0.90160005683291
0.95054365203206
0.6923822259737
0.940708723243217
0.855985530996189
1.02138528988144
0.89706894076573
0.945357201571785
1.06326004213291
1.00822911166707
0.948166211116291
0.980507643812178
0.906924910825374
0.970940772002824
1.0382905559946
0.899295393626614
0.9070134477808
1.01587395554314
0.9009838141264
0.977956877860873
1.05741531847316
0.992160050286855
1.10235817538298
0.951776539932017
1.15077684863772
1.01290396083881
0.931635578416674
1.04460079875002
0.876925861817689
1.08581985627018
0.892868797840567
0.859164567608206
0.96673030562319
1.07513103623747
0.94706920284346
1.06324739276064
0.92560933310629
0.897162068732615
0.96250876747379
1.04936018938929
1.06986787007583
1.00599060497372
1.02285131457198
1.10130935365698
