0.167019636835344
-1.09195129660137
-0.936918310809294
-0.954230931428247
-0.968587770525376
-1.04334537928943
-0.944973262296189
-0.954279404529867
-1.0292318749616
-1.01928131978478
-0.890752479158249
-0.979369127500266
-1.01934532065145
-0.891972583816998
-1.02030184407275
-0.954736114924008
-1.03301654557997
-0.971987849552566
-1.0769969048212
-0.945633951972833
-0.956619286576235
-1.06009493802285
-0.878953449649643
-0.904660605186387
-0.823524622233075
-1.03868980997982
-1.01575853765415
-0.958235664003498
-0.876289542325834
-0.959430393153391
-1.03408428932359
-0.941583867114825
-1.0698077026807
-0.871938057925021
-0.990773219809525
-0.87192216013765
-0.860411743740052
-0.94796705092562
-0.823668319780143
-0.791443594948727
-0.9807898815008
-1.040088175839
-0.659638519770968
-0.919240036499829
-0.924759485143354
-0.814765070943978
-0.892570335395614
-0.922059449117969
-1.11235205311295
-0.975623649183716
-0.832935812184603
-0.839370504761868
-0.871455952179338
-0.7859127260054
-0.77076222426698
-0.964615059656345
-0.990355971115103
-0.774223679044654
-0.997937789016512
-0.900624968614533
-0.937238914800875
-1.01117367575976
-0.89255538216298
-0.826052631032052
-0.989185081867464
-0.915638260007168
-0.933206144895384
-0.78816559479438
-0.9118617713248
-0.984839390123454
-0.924230558477915
-0.943505656204325
-0.721150197402936
-0.983718385983886
-0.88984772861182
-0.853322416949098
-0.787927804732856
-0.746633240858059
-0.833989342601918
-0.754783153613775
-0.815285496359018
-0.908956793454987
-0.827521440115514
-0.945983804176347
-0.703855505715358
-0.940650593806626
-0.826562621657802
-0.991301983397012
-0.833537394386452
-0.832330259087161
-0.749021515642931
-0.82908684171453
-0.82612743775982
-0.780876226500541
-0.763683852677884
-0.886230961550246
-0.687979264068075
-0.844231562592446
-0.851477780182131
-0.878141294582454
-0.804524974248718
-0.896582721452728
-0.827985183595793
-0.763615005697133
-0.823076920796958
-0.772672518880597
-0.786530297275564
-0.882701439304458
-0.821364192403789
-0.944428041075135
-0.747145217108761
-0.791204690797527
-0.757735437501513
-0.799130676746965
-0.768370217977571
-0.756868363975629
-0.726775052827358
-0.865516338497984
-0.757922596576874
-0.69623031241702
-0.767645205075808
-0.794430970468271
-0.782231242972225
-0.809485644841009
-0.775988609819001
-0.738579339206242
-0.651661156763575
-0.759853599586085
-0.746914487907694
-0.812638519882153
-0.807936513810635
-0.814869184114307
-0.800471095248587
-0.818232481345917
-0.70139064915333
-0.539316265087657
-0.743429799587842
-0.610892665148326
-0.744642090071769
-0.676175881051134
-0.699847048361394
-0.597759006122929
-0.822006574931359
-0.677787795148584
-0.774754165130782
-0.802769320037621
-0.706888815955074
-0.699248295502116
-0.651190376703375
-0.769740031377989
-0.674944749198044
-0.636137741413321
-0.67603320567785
-0.640376753627048
-0.723981540469463
-0.708983082121406
-0.643254613975618
-0.564146152668159
-0.652656628904598
-0.637214080161106
-0.693189166244824
-0.674115343670116
-0.550821941367692
-0.702082813387894
-0.710133636842424
-0.8059669071951
-0.645946081088039
-0.69687592474067
-0.471181584592075
-0.702804233256401
-0.739485241411548
-0.688430497697168
-0.576912839603762
-0.720464122207561
-0.645902787065388
-0.710903303195902
-0.659867485254852
-0.694138860051514
-0.612142884773025
-0.809194619230615
-0.668634620772
-0.693722954014446
-0.692935501828804
-0.731270947362615
-0.710957550834891
-0.637054275598232
-0.562244897075115
-0.709411497147964
-0.625219735321406
-0.739674241053131
-0.614666036571409
-0.676352786487494
-0.769015201706823
-0.664677222659777
-0.577830836382798
-0.365951111944062
-0.611166857490885
-0.576157239584758
-0.735216867285297
-0.616799749871896
-0.527998365916165
-0.561622176013795
-0.584417631268778
-0.597334834077096
-0.599125856266966
-0.573846683659404
-0.669358427043915
-0.452344818986959
-0.679701508790091
-0.532581109302173
-0.523656556136138
-0.648018126050889
-0.604370105549559
-0.572291637105228
-0.638383942049162
-0.640498182822857
-0.650138905249564
-0.446279087218366
-0.500989524267556
-0.476974865316166
-0.528935183928943
-0.628631442328489
-0.588106438482502
-0.601931893523457
-0.559983349308155
-0.543049172945281
-0.536571229729026
-0.592347722032862
-0.43590261279039
-0.52291849553445
-0.508881229907678
-0.406470964178933
-0.505048770720801
-0.524940621942271
-0.470342913488836
-0.493822213377483
-0.700058918242108
-0.404791769103539
-0.42866058285869
-0.661504303150694
-0.527363052036485
-0.542074383605444
-0.471582096032835
-0.473388614656105
-0.559958569685377
-0.518370528609463
-0.571244478960145
-0.526322523988071
-0.384339252944809
-0.582236216049392
-0.491797657805414
-0.619054875926711
-0.459463783549283
-0.393602212280877
-0.451051369639033
-0.58035219900884
-0.542417915861863
-0.312655017655392
-0.484110869433676
-0.473529340434512
-0.549076959523257
-0.488423437334993
-0.489217756504012
-0.352304841822723
-0.609386807889168
-0.45916759167747
-0.522138166700663
-0.407859127307981
-0.451453418302346
-0.513113745083737
-0.635098407451772
-0.402589558391015
-0.650111061872226
-0.480892117470635
-0.383376618079834
-0.48429890245158
-0.513392778237778
-0.461580532832922
-0.433768270117442
-0.482770942020243
-0.430937773273036
-0.460654859928331
-0.515789917263143
-0.567615179846285
-0.500886708592124
-0.377455826988144
-0.57498666487189
-0.458307058904127
-0.393620794046046
-0.453363072854107
-0.45774868059854
-0.402790823440505
-0.376342553919812
-0.587311346361917
-0.476910326118999
-0.346451674478803
-0.364201134007204
-0.457705289772073
-0.39623246777984
-0.350866170817771
-0.490219391306417
-0.55726502876652
-0.39092871371137
-0.381099389191156
-0.563593715250108
-0.429660420859965
-0.380123048559537
-0.310246798955794
-0.364295862305064
-0.334291529744298
-0.248581430793797
-0.445354424366209
-0.333700522717937
-0.584178929535082
-0.439797331882166
-0.31970923433635
-0.38569585810656
-0.319653445543276
-0.4114669353532
-0.378306375013511
-0.43447620506598
-0.284648256868969
-0.433232859943177
-0.324919786177117
-0.393391980396306
-0.379234390667028
-0.334302071020812
-0.325612441609624
-0.354082914459819
-0.341030840773371
-0.442273353314397
-0.249770106384954
-0.399450643875508
-0.329534752929025
-0.204281281282034
-0.282270669803908
-0.301081785561936
-0.486863046056231
-0.252787698162489
-0.152994717129055
-0.330824512205284
-0.3831953395024
-0.204956635204562
-0.250003308100047
-0.342622997632959
-0.373709212463791
-0.333246168844774
-0.556511967299916
-0.331541393904556
-0.33124694944659
-0.314741044239772
-0.230826836677875
-0.384370022092462
-0.162427077988703
-0.198590598840689
-0.293973876354872
-0.266703662505482
-0.25754594464182
-0.349861320695905
-0.293254972430115
-0.417664595680468
-0.249359567154823
-0.175606223382213
-0.39979517533709
-0.33978572815641
-0.357950736735352
-0.31829830555702
-0.242910139049105
-0.260003054142809
-0.379890730601015
-0.205697894641975
-0.218644700617352
-0.0393205532755291
-0.206802495418454
-0.352940828155987
-0.196986741985469
-0.260378081265983
-0.26924101693283
-0.23956065524504
-0.251085882868953
-0.423816357867079
-0.247148600725859
-0.243894768962709
-0.206705009485214
-0.219882128481071
-0.315704024378263
-0.0183056050792569
-0.0973413944817881
-0.21181206658117
-0.358464852595128
-0.385097518170103
-0.226887487869347
-0.246327040881794
-0.324888050115499
-0.235685540470007
-0.400031542141881
-0.157807159325253
-0.267665537205947
0.00128726307692421
-0.187965148606388
-0.265567533269613
-0.124732039061286
-0.167246191034802
-0.20675216526718
-0.133990174533013
-0.171100094330972
-0.21645257574636
-0.193654805927771
-0.273673100365162
-0.0787203179115604
-0.106180692015039
-0.281332166980938
-0.161902522288731
-0.183844252428894
-0.17583650959576
-0.187468863257839
-0.203549867523732
-0.154860579699936
-0.372602236282132
-0.115684700721827
-0.114870190784189
-0.146573260872046
-0.217187172166779
-0.0725327404539538
-0.351855461457118
-0.304051524545215
-0.153554452812068
-0.260870450745951
-0.231547196474061
-0.167521514831763
-0.112121419245031
-0.204653351936673
-0.13124743181027
-0.139862337262272
-0.0755347918294531
-0.186135412316478
-0.000966360342342294
-0.137554567704929
0.0443718278081879
0.0136891279722374
-0.0416485259443237
-0.103316563033185
-0.166927257408044
-0.185511700968443
-0.0774159777451713
-0.0826973361794557
-0.188848002929528
-0.119189710568718
-0.0535361580030274
-0.136741497086302
-0.0763697998369366
-0.229551096297865
-0.0837608844011669
-0.178826018526322
-0.0483420259762724
-0.0744675923637627
0.0822496587537687
-0.0846890984263528
-0.017981416754426
-0.0665776013009446
-0.150430926592772
-0.129473824177416
0.0744605901970053
-0.0327639897543226
-0.150108559416387
-0.00160886070323019
-0.0449338613810676
-0.0673327724851592
-0.0690876467956404
-0.0439841376200809
0.00163670515205525
-0.148187363136317
-0.0208197979340695
0.0853401766622892
0.0284715720542529
-0.209528341929946
-0.0544708564354175
-0.05632022282026
-0.0953262931012639
0.137670329056649
-0.15349278893562
-0.107322968689344
-0.00713923451815502
-0.062860296302221
-0.0769684878199798
-0.082542543897977
-0.15209754261905
0.0552251405317959
-0.104468403903286
-0.0455999532892913
0.0102996823368852
-0.218553184717568
-0.0652132713291027
-0.0962557106285557
-0.00153780923928582
-0.0666093334861607
-0.0727998612177625
-0.0213069111340102
-0.056464699383927
-0.1974125969546
-0.0352921853974931
0.0553854476718215
0.0817150684925312
0.0326723968297739
0.0889264697475908
0.0194168253804108
0.0359091681213741
-0.00695447750168631
-0.0400933877210494
0.0840936592083278
0.0600252101777863
0.0176726225155576
0.0797099859460303
0.128223387539201
0.0089601433036272
0.0379016227372052
-0.110717301603948
0.0901648076876968
-0.0501726684523172
0.067505899183325
-0.000998816645094477
0.0763308018099221
0.21918949171601
0.0864211478445539
0.112138994000283
0.0681548379365373
-0.0180997817843268
0.101539769722594
-0.00749193181426381
-0.0466390069664923
-0.0311182732635532
0.0659319102176474
0.103158554095958
0.144615561972126
0.12691436102286
0.060762511258944
0.0493975633224852
0.0346855440859556
-0.036438975008715
0.0704680032032457
-0.0598153168368158
0.140505539431206
0.190822771251427
0.0870890432442849
0.205952520820702
0.101827921040289
0.0378003394574616
0.100682489276754
0.101288723861079
0.110698405213101
0.0791713767338675
0.076499042908334
0.0606493400914404
0.113427074071529
0.0379728702497703
0.109653555183839
0.288769393433398
0.136746534362409
0.245961355106662
0.1087166157476
0.0672390950596626
0.140674468190758
0.23874118000021
0.0897782692965693
0.127604158700893
0.314601473656852
0.0459130834581899
0.255632776454334
0.306993779639964
0.0870343773091735
0.103580217937266
0.258502640128001
0.0913886509274342
0.264550352293342
0.0660054328591083
0.353578399799883
-0.0125165203398625
0.149651788104724
0.0782075020539461
0.177502903546685
0.0268791784453173
0.0311118192289439
0.142431299361787
0.155609780167246
0.274360771467647
0.201372881006618
0.142220468729477
0.242910505469514
0.168661800607461
0.359277364191029
0.195527502198686
0.309866561112338
0.00530533982120915
0.240733707610959
0.312280335781634
0.173832608952886
-0.0129524361699221
0.0742486242949562
0.176668691963112
0.240021257653274
0.199433635437651
0.220767037384389
0.0280943853238295
0.118227068058235
0.0404504973676316
0.20892793685606
0.157009560250403
0.278123855532887
0.108942084590771
0.182089798889151
0.330870919871621
0.222979743949974
0.12926717202141
0.301283189437139
0.177783587825477
0.14682931179102
0.168088163031586
0.186470407908062
0.302856439191644
0.223933346162099
0.177294503427945
0.160266540044881
0.45174461180874
0.393411221250063
0.198438666603445
0.180256931263573
0.218658970111134
0.146010793320585
0.194554864497845
0.26033174318154
0.262311020403687
0.289716850599909
0.17446622948248
0.381750490786881
0.303937108318524
0.284026030905395
0.333783010961663
0.226860226862754
0.323065184194793
0.330428673088107
0.234641032438788
0.329067038784562
0.340535875553438
0.257374167626043
0.263520244356815
0.372309390813907
0.243706429742344
0.413833770391927
0.231052632239058
0.342366123438792
0.178303507394009
0.313241134964497
0.493545436226823
0.320831771316246
0.293267455927174
0.353694540716768
0.31080395249373
0.358742056805627
0.408119710402331
0.180309791172684
0.562002082691145
0.254592103954922
0.256868810711105
0.251293354760727
0.444951408316291
0.307223547087305
0.540415826259955
0.23246418318645
0.235825679530213
0.306867769579695
0.452849472156157
0.233848410998266
0.30936435528608
0.253928962900599
0.171435357873359
0.421955585757176
0.338742835041499
0.350383747245084
0.28393075086521
0.29408251214369
0.259305030094498
0.289924648207029
0.365159966863092
0.235451049008968
0.202476736140539
0.300759568947392
0.576201467796436
0.368950030430135
0.432934418551075
0.405440525672437
0.432624732603143
0.286986692841786
0.427854844956205
0.345767016896772
0.584452900449744
0.455410899005915
0.391133986927281
0.458157433104877
0.386445732716498
0.460232661932963
0.403959028657132
0.468310847154893
0.314515916872778
0.433474903087204
0.235565941585301
0.437246226051912
0.250566327508093
0.36174449988628
0.309526290063433
0.433627883444101
0.541931902955371
0.392560202553459
0.483016399534744
0.356512522888377
0.302360573894536
0.443846492918754
0.485185438702152
0.367156940827599
0.284296542576743
0.396121432208764
0.51927265390398
0.443507886169161
0.553541923672986
0.459954046266707
0.434326056339006
0.633089409904628
0.439719728639708
0.238467346684984
0.407955585137313
0.522540290863166
0.5333923835945
0.502970668671682
0.453895423484986
0.52047510100931
0.411094575067786
0.479210457362759
0.365639119155297
0.503844319371219
0.480404783081943
0.44692931663548
0.569337381657885
0.429755010695506
0.465079501862935
0.474934159730649
0.390948147350171
0.558522029116264
0.377922777587094
0.383584436979324
0.438355019816682
0.51481193382443
0.451355378867834
0.483487331730006
0.480658893458997
0.464155000313802
0.519304081275181
0.559828649471399
0.602411214623939
0.510227437316339
0.410492960645739
0.483789814830828
0.388682411329121
0.448026199790385
0.483123610524205
0.694270644446854
0.438408731063156
0.430986899974872
0.48311525840848
0.489849478496783
0.679723582580201
0.407838533902146
0.523202166779927
0.507927189339964
0.456653867972001
0.53975822579857
0.641214626395386
0.570441802404398
0.353124334974181
0.551199248338959
0.582315776172427
0.481320834414181
0.681716341644096
0.636832891395559
0.658958842006361
0.64604608595586
0.575035757097193
0.554565354364904
0.493995477149748
0.558119594766164
0.651368308477448
0.605961000902764
0.533068728518947
0.671719075476041
0.637536579977198
0.551240125771231
0.568735593874427
0.715118762334126
0.492259059180772
0.651569354755978
0.603457072288531
0.794322993083129
0.525081825336496
0.448452875578256
0.551305191255831
0.653766271879056
0.620733310056936
0.672400191398879
0.622571210556817
0.666231703261163
0.730950790051566
0.677491541529032
0.63219937445669
0.62189813156405
0.659366736752885
0.738605119698534
0.638773861061777
0.605991654761019
0.644192474218238
0.473573454937589
0.582040887535398
0.532905962340703
0.661514851212834
0.425663767892659
0.732403465604792
0.546477913849173
0.59652693278855
0.499253879482936
0.557472214469701
0.663982642592858
0.756655193113489
0.720921701765676
0.557118134001734
0.68697108135395
0.656341098646052
0.65414572279994
0.770451100885982
0.643575410208528
0.622598495055941
0.609269095832345
0.722578742136284
0.72070997321299
0.815172551563307
0.552120652241263
0.653813343113202
0.785187326745798
0.737435766188919
0.687488479860258
0.629816911811337
0.841668325034539
0.610578422367972
0.790719720817788
0.795142082687504
0.662985940369866
0.761034632712819
0.785390284668044
0.734327477902584
0.75167307736952
0.79800764910733
0.602464925476659
0.812085987805931
0.748167853001307
0.724183650451549
0.705228234321252
0.795710824091724
0.762560554930625
0.794443293007897
0.832898248349569
0.662548921907451
0.660667115336657
0.608806715215318
0.748301195298828
0.756982776992391
0.622265155377991
0.775941070880944
0.726795420059121
0.655967837854251
0.969554855865752
0.817126763666539
0.705024958154258
0.907494130281284
0.706695144380939
0.790469353177446
0.539663009839025
0.690410650247759
0.719817972271895
0.727128301583502
0.76906142797368
0.766396428739194
0.81263568830797
0.856350216145407
0.725181698020266
0.801270242534205
0.782157754577679
0.655380221906264
0.734918290829139
0.73600008768116
0.735495899979644
0.791990948987443
0.743834957928688
0.788059440913132
0.866425155496571
0.752024291474677
0.72238251273342
0.761658610949354
0.743834240763566
0.74301530225656
0.792296580571566
0.858598955135373
0.815791636207866
0.91047847882907
0.843711454516546
0.743804564896028
0.960902983057266
0.737469176685649
0.871135075317986
0.800069288783104
0.912461395341755
0.796337945425095
0.679158437428089
0.820336067933372
0.878672085218982
0.836156319965954
0.677465360570987
0.877021380238167
0.877172151360428
0.917384173891251
0.937288976585784
0.856977870018807
0.895863078054734
0.69109210069106
0.956348749106226
0.914453501108267
0.834839487396242
0.817155229810638
0.822321766900326
1.02711952817866
0.894754719082707
0.940651851255227
0.84456202649988
0.884892567376354
0.849118987218029
0.925624434880609
0.966130194706549
1.0210159596029
0.88704352975332
0.957927230071833
0.971383200407328
0.977687277881913
0.749732641238898
1.02678936877105
0.843826004066246
0.853665554455011
0.795527653672028
0.830325402156481
0.921564833376935
1.04750924386166
0.935388541120354
0.849146694889702
0.992538899478836
0.955607172030043
0.930503210335063
0.908810124008415
0.945071589680698
0.962385166687718
0.873575645443494
0.794050197784308
0.909897656234773
0.965971599743084
0.836940081004792
0.980129573637254
1.05096840612669
0.852030853772265
0.839150842495744
0.9182519414658
0.832759929117206
1.10639769369157
0.875335138835067
0.972309190814109
1.13455632039658
1.10991772592499
0.852806438038565
0.91962218556582
1.11147929278719
0.865397079711293
0.932455417653976
0.879304589577287
0.84028439749178
1.04144713356099
1.02313507046459
0.94289910102915
1.00655601373577
0.863400684668017
0.862673044399836
0.997028737225857
1.08896645300412
1.18614314460629
1.1528092204744
1.1163002831048
0.977730988149935
1.05692837563347
1.10432710470061
1.05031900968126
