0.0464060532464338
-1.04494781221845
-1.02752521620919
-0.917729546532682
-1.06291580567691
-0.799410644451817
-1.01896029227923
-1.04691873262523
-1.03767029838548
-0.841457112706878
-0.874534386650248
-0.992837388172948
-1.07151980443061
-0.842732288949027
-0.854389024898117
-0.90298828591565
-0.973409221172631
-0.850634557219016
-1.07326000847914
-1.09739634062656
-0.871379586777334
-0.896896815046435
-0.948640950720446
-0.930676856755578
-0.934193513525207
-1.02284963226208
-0.865963589675563
-1.12922855971959
-0.829988616797166
-1.05058864850606
-0.87549280011441
-0.862830983381498
-0.991115264633983
-0.95017954106892
-0.890105010300509
-0.84757008516086
-0.975008924285215
-0.881080134072444
-0.882815955222878
-0.846631013529116
-0.943686039479197
-0.852770889554566
-1.05166922148865
-0.83875012267878
-0.864932480206098
-0.887484426433668
-0.880952940044943
-0.882011285763142
-0.788488500015002
-0.862533779926798
-0.780172120644001
-0.835974233160238
-0.871715086695346
-0.922258644512191
-0.861336632569173
-0.987509504480103
-1.0897946806966
-0.769020295121176
-0.896369154759978
-0.852426077476726
-0.823538655393891
-0.961452321584126
-0.871021263204883
-0.891660368062132
-0.745316965800307
-0.80478424590726
-0.715946524124535
-0.886633706426005
-0.852508419611871
-0.754652090787475
-0.813881101154101
-0.907299957568962
-0.971980233230502
-0.723344465310872
-0.880697695677033
-0.78900584416606
-0.806632698191567
-0.822553097776092
-0.745912969652218
-0.934939517626966
-0.875438663970412
-0.889512109060833
-0.939629208358849
-0.913350431833343
-0.73992269607767
-1.0717693814643
-0.767023840305602
-0.866591698213338
-0.646960182689184
-0.880556848367784
-0.906512430246613
-0.798276688506926
-0.729953719894884
-0.905529906491391
-0.780133498523463
-0.704694790643347
-0.695084943420464
-1.00157396999008
-0.759254164172322
-0.749536289905041
-0.867011455866088
-0.775120304896097
-0.894369344486852
-0.837579469083375
-0.843407441355401
-0.802635340024965
-0.777690168907157
-0.935866273637916
-0.837542547821868
-0.740735158990198
-0.654618469225031
-0.756236893862147
-0.834806812121186
-0.718868345552512
-0.722210579043264
-0.70312770817186
-0.843508538501956
-0.832181054824806
-0.745018007459114
-0.714066809960066
-0.789520681525386
-0.746237952751281
-0.787965905289413
-0.783660391784228
-0.79128591621978
-0.783283614607168
-0.608669752782644
-0.726679356011117
-0.894296558315578
-0.707571062155543
-0.627172521224338
-0.75838913165885
-0.684912111483539
-0.565264062482779
-0.727447308376161
-0.640680263625755
-0.796808454556282
-0.804784673500011
-0.694392274068705
-0.633309363439246
-0.775781744284839
-0.779739013204066
-0.871549987669191
-0.736330160456898
-0.67801666321103
-0.613206173620601
-0.695986252810586
-0.624882922396023
-0.794472600041117
-0.699403630836015
-0.665108602621753
-0.730366423984458
-0.682598805253278
-0.669190262814198
-0.818864823589857
-0.681138564998026
-0.67541090544961
-0.630777892521308
-0.6932637560033
-0.637386751752553
-0.58870056357169
-0.473219118336641
-0.599394819698704
-0.77223922255044
-0.6518798990989
-0.734790228121494
-0.655648132745664
-0.78981804901386
-0.808969530248155
-0.517574685857829
-0.62177538688687
-0.624352952444023
-0.746762693777381
-0.68342629878731
-0.55654572163039
-0.767039514058999
-0.578674298307147
-0.50959995344007
-0.833546692371595
-0.576469821897607
-0.534068201379627
-0.604731360118913
-0.79923791107616
-0.736918418182824
-0.594237455859394
-0.587731845879659
-0.486891259077095
-0.689585502615306
-0.586017851445708
-0.671410896095346
-0.729806509988738
-0.642771755253681
-0.753561946702239
-0.607466129836743
-0.607516203800963
-0.750840317853084
-0.583480687411586
-0.557782681921
-0.594094075638129
-0.442125729919603
-0.398637902559355
-0.62550836523203
-0.583036401555161
-0.684859925059644
-0.644559099494948
-0.65348546687692
-0.561147402797744
-0.668676181405214
-0.65779148637658
-0.64560995042414
-0.614588026893715
-0.509471177971312
-0.686528216498951
-0.589090835433344
-0.456918066602634
-0.519764702569845
-0.530602781600269
-0.506164914165952
-0.605080134230076
-0.697838314032167
-0.433915766643636
-0.610266833941405
-0.594883826377844
-0.464834785001527
-0.442185080793911
-0.520323814729785
-0.508026517011528
-0.693037402131868
-0.485187897033534
-0.461494533652066
-0.591163401167557
-0.50027376316123
-0.595048640033638
-0.46188828522748
-0.530008724727929
-0.45359604702131
-0.52924902870814
-0.317200708770068
-0.479919065492814
-0.518181292297734
-0.553116661466437
-0.591050762103183
-0.639267328964258
-0.597769503866537
-0.373556734842142
-0.661997406961814
-0.503096596516958
-0.527126819967779
-0.487251879599305
-0.494739937205271
-0.5028242884412
-0.45787686372951
-0.533878364037565
-0.51055713615154
-0.411224069943151
-0.552614341644185
-0.553097287812398
-0.586097009643889
-0.426144510833835
-0.551535986394405
-0.408790261071683
-0.556794862493986
-0.618641340058248
-0.349863857129798
-0.490272331666927
-0.537346657794152
-0.446434848587001
-0.54090330939124
-0.475911265660592
-0.460317672399017
-0.560402379152254
-0.407084740306252
-0.459915547897899
-0.430399399829881
-0.494635248712811
-0.469201417113916
-0.524839828239266
-0.489891633065671
-0.450714926293635
-0.373507740622056
-0.405967773792601
-0.570443499273029
-0.452139110895559
-0.425044123368785
-0.363271058324488
-0.443983359866655
-0.485358220524807
-0.365490190524823
-0.459552304204443
-0.586002140162231
-0.424522703112011
-0.418127150266499
-0.435640163509114
-0.267997016557934
-0.36565302805415
-0.502752863785374
-0.354040321378771
-0.407896482687773
-0.360390245857844
-0.424439642612896
-0.386003318398552
-0.5983812113326
-0.402120546290106
-0.334868684246071
-0.320753673671556
-0.470672771176796
-0.266102458134549
-0.487016671544446
-0.481391350794729
-0.411440962692068
-0.470366822710259
-0.237145838981385
-0.378815223772298
-0.405076909193534
-0.236196584979878
-0.302252480835835
-0.51856745637309
-0.33804260933897
-0.24992827047896
-0.361991671813162
-0.099611784966268
-0.299034502357629
-0.294618505980702
-0.297112889152626
-0.363457545548081
-0.420954046353909
-0.412203173649488
-0.411161631578203
-0.336688986145506
-0.416572916668809
-0.276910042816262
-0.386227603488261
-0.27767700345516
-0.306159920166281
-0.35996770660929
-0.368914197167906
-0.447355795129991
-0.382104937825386
-0.309701512450687
-0.211578897384651
-0.268686463271122
-0.417206893799652
-0.30895854462421
-0.353391670502593
-0.344730259498187
-0.352405119835615
-0.350467953847883
-0.23247780593197
-0.220426098416813
-0.239579250110278
-0.346159830009667
-0.375956285313817
-0.310022102729456
-0.265833910804812
-0.171598228281913
-0.316438577686334
-0.243394969062455
-0.385207288144511
-0.165336003047276
-0.19097958692282
-0.344450566451393
-0.242301833474391
-0.160448321398566
-0.248656829188657
-0.291157761371636
-0.217728300020896
-0.250155622113511
-0.171185727647438
-0.194797743559395
-0.128042836753553
-0.280184766330395
-0.400116520426941
-0.202369150624908
-0.157989983812245
-0.188784312665215
-0.378992163119489
-0.262624064711256
-0.0768193518240528
-0.335681971187631
-0.0325714451230591
-0.218788873884923
-0.235996632443562
-0.22563452458034
-0.270457028431588
-0.332256401231698
-0.261387676675247
-0.303357225788872
-0.287961191833589
-0.181697117473859
-0.133236443253895
-0.28405784139306
-0.264707251159539
-0.207429413095073
-0.253983180217542
-0.061796023772417
-0.219933729551072
-0.131128624527862
-0.451626610836914
-0.11774427326555
-0.131471823439685
-0.184760054742184
-0.274560558355259
-0.179480960943784
-0.172387887334059
-0.282841327267637
-0.130003746882889
-0.135149158245419
-0.200863948028139
-0.275748712566892
-0.221039348794762
-0.0865601783168835
-0.219196379337257
-0.174815989215632
-0.16072905528637
-0.157461717150695
-0.233227802146931
-0.0922828125955032
0.0490066006674243
-0.299667269839656
-0.156669271459091
-0.121816023638501
-0.0942274573212243
-0.208955929497939
-0.210353252645369
-0.104290807978289
-0.265612122482217
-0.0682177597524449
-0.106636031717869
-0.221580247414591
-0.23118395359318
-0.0334132883851329
-0.163170906657217
-0.174754312056875
-0.135833433941926
-0.166822118640673
-0.191887279394036
-0.0550092157577378
-0.0679713863796863
-0.168770103747883
-0.00277601374033486
-0.0691139240446472
-0.156967705936597
-0.201802065387408
-0.0980114251894468
-0.184414395473001
-0.106558540422493
-0.145204479700528
-0.0953550530305793
-0.12797566853948
-0.0229971906412845
-0.161099156410096
-0.303103805990409
-0.202753262711146
-0.121041796491319
0.0438319342259371
-0.0496146548750292
0.0120523016243716
-0.246489925736825
-0.172824365226305
-0.189686802258857
-0.101685078862428
-0.0344465767155416
-0.0432990178857347
-0.263959776483835
-0.118831336794282
0.112149184354032
0.0259634193772352
0.0460151627599031
-0.0697887238980574
-0.0702609785845353
0.0993166394323895
-0.0412135800290052
-0.153995552976584
0.00442388846236173
-0.0753978485441141
-0.106815815681655
-0.105694932066374
-0.122468900263813
-0.0404000891859768
-0.13508611502139
-0.0691791973836016
-0.126472302129925
-0.0160684456999214
-0.0129429695421151
-0.0922249401909273
0.0666990328301939
0.0127116699340701
-0.223116591462403
0.107204461225436
-0.0643555303144227
-0.0770376647972992
-0.0541856363297475
-0.0788406471017937
0.0267978477135069
0.0357925368323467
0.0628786772624756
-0.0842569189314486
-0.0126446360528685
-0.104046747803855
0.0124115602234658
-0.0851662307226734
-0.0611017049070639
-0.0540738522990798
0.0503337398462244
0.119648126647218
-0.121890701987965
0.0312322338565195
-0.0353146683081802
0.0663893963923914
0.0505103242454798
-0.0462753967040185
0.0873930765665728
-0.0739418689212809
-0.138494456425115
0.0677796088173408
0.155182378962363
0.109855353421559
0.0161069318434055
-0.032960743292326
0.151109735649441
0.0402978625333614
-0.00272158437717372
0.00594634752761412
0.00775484086258553
0.0832233704065833
0.0809452960735919
0.0122254823077412
-0.051261299651929
0.137485727356388
0.0439468703691912
0.131928229206147
-0.133651317985871
-0.054328452656347
0.088458158332342
-0.0201673345898007
0.0184517518983633
0.0792287994491354
0.00131512590155271
0.108381245626813
0.153573731781678
0.196075943830309
0.282441290579168
0.105859952887481
0.047050334852931
0.0882181411254799
0.032688479092247
-0.0343357697407388
0.0484353799890147
0.0663485980153226
0.101299504589934
0.0802586274317835
0.146877136312244
0.0862705057696809
0.0459020760767224
0.235318556161796
0.036329251520445
0.0222499392171119
0.0797836058203354
0.118003718368685
0.132339181776431
0.186856028938324
0.316754901445176
0.204666343289754
0.135736920139568
0.172861013236163
0.13529185205296
0.166247703994585
0.3310143337187
0.140209747858568
0.0238654100142331
0.225611782968592
-0.00210657945970316
0.173594006120644
0.0993256525205652
0.176215103345711
0.188313784025599
0.0873390370954357
0.218589020286482
0.0656962360187072
0.107261943398645
0.211781228797501
0.0147053546216967
0.137080173748516
0.146182996271954
-0.0709186799899141
0.0205433159103267
0.0956648448011817
0.239954512614472
0.207469863924439
0.178278814374446
0.120394620975385
0.151941030636642
0.328698922804547
0.114677430970141
0.106211107728652
0.202469872032053
0.122983616120782
0.122704095512845
0.0846630387035501
0.157895257114344
0.222670840076787
0.190380801956671
0.0811453814832818
0.155105408101348
0.145777264601466
0.0299014326048725
0.34080410193816
0.263380375477056
0.192807985685381
-0.0122652424897536
0.26977667192125
0.260980318893954
0.277949359602045
0.243905088302977
0.302609847019059
0.224080139411769
0.216261797873553
0.156464634521827
0.209981875792034
0.366127449232877
0.242090907943475
0.202081627333196
0.331051759856662
0.195703737855482
0.157285985600961
0.188060733931978
0.0409269355134284
0.176697450076272
0.216956193575621
0.300107780932029
0.258631935385921
0.328270902855574
0.22625234300652
0.397795674067
0.315290968003354
0.331120965114706
0.335654011165009
0.193517945118276
0.300190761391435
0.280534961940225
0.222498923082532
0.354211008504337
0.251060561368061
0.211291773288997
0.326262960618526
0.120707404787709
0.236795467677363
0.416818848628282
0.260665785842098
0.21877625627307
0.314762410446033
0.298868269600462
0.364033096384035
0.366932362683726
0.133319890640145
0.437975710547979
0.316851033187826
0.447782110460597
0.33038715172589
0.274993707138437
0.293555585440257
0.274015309089466
0.306494995652654
0.49796151220262
0.273889142486238
0.428484598666987
0.448911123113276
0.196821870149341
0.302877750087354
0.190792072927536
0.246580597348455
0.357092660094163
0.242130742291883
0.245098968088055
0.338103042746306
0.3175651310376
0.400316605809888
0.352443528899168
0.432954265060916
0.530063142406372
0.303929488561022
0.342159680489751
0.376449777631376
0.510613076474406
0.317379619871446
0.44070171844075
0.241023901255345
0.128791664092771
0.437771868674286
0.446695303819688
0.305865175995793
0.228390431828379
0.458084998099958
0.315971449431632
0.427416345854965
0.256457742175781
0.308629391192556
0.399050999612273
0.494337501480789
0.423405385402748
0.336227445452707
0.331223397245167
0.335047453085348
0.315285238786934
0.433311218709278
0.452018203386714
0.484445473978
0.272223095795082
0.443942281719719
0.397960989553024
0.28435567703636
0.518982528184186
0.52926874515612
0.389294686158515
0.367027842097846
0.462506511959379
0.487349238697449
0.353406639918515
0.393847072461067
0.377171479502049
0.531410684367672
0.557112379806089
0.546322920750824
0.525884874285281
0.392142314969628
0.477441445829426
0.575913987759891
0.571388300442536
0.437180044753105
0.351479062917674
0.416506512088328
0.527348073361917
0.485438307218105
0.529676603764494
0.519546312411701
0.488169107639451
0.334963263448666
0.461416330157661
0.359322621323785
0.537001221753655
0.441497881466516
0.459828752835516
0.465271475454375
0.473459640416746
0.492110974468164
0.506976380403823
0.46709066941107
0.426383714950535
0.536125785369102
0.418378478313483
0.527887776333208
0.4831274196796
0.476661299368096
0.443034684975893
0.366563433832753
0.579206319393599
0.591716441281567
0.438611898679165
0.433478006563728
0.473101663482084
0.532870981427362
0.485874938107568
0.529240359857515
0.526424720584309
0.420081439279648
0.57076236507434
0.599503016644112
0.491271149231581
0.647641285372486
0.365740266623442
0.473354307453132
0.620522201115142
0.601031404495068
0.456047073346831
0.508818284111659
0.575793205393294
0.482427211911946
0.550273101226627
0.319291917087023
0.541692461932894
0.526529877006144
0.580629818038765
0.517463233500612
0.688450441152075
0.685133263904158
0.602160855731403
0.482510529247883
0.511604514443447
0.633785703276892
0.386320131487176
0.463370020968598
0.569159364237357
0.588427241202322
0.585073407250907
0.585624522537191
0.574264232207964
0.418639306457797
0.578638484960106
0.535646075807678
0.61160621261921
0.577793896665383
0.654339240388765
0.623912346196094
0.696559315835948
0.671146072576593
0.64723046510259
0.704983185497586
0.681144061506849
0.507679883413608
0.787715406009962
0.591226096481359
0.695278484388309
0.698067026656059
0.645046329991553
0.64925972543668
0.749258271140283
0.829588630050241
0.463084368008665
0.632113594994032
0.696611377084341
0.553362294176407
0.621287338123425
0.796471649143939
0.581308827571877
0.628332688097193
0.710747424014925
0.708880108084762
0.74346632611747
0.626326160257653
0.630757171613349
0.580871252027403
0.684266077206107
0.712342916115644
0.661964734674636
0.675296059952599
0.741440576996206
0.556473100369095
0.613949507979134
0.850829651176715
0.615106860399259
0.597256277197246
0.673586785312305
0.761570426448452
0.566452444693465
0.783209839841357
0.715937985817884
0.726822131487816
0.697207947502864
0.773999825339814
0.802833364491027
0.748160823700153
0.660780194338459
0.688499547458136
0.728415331820457
0.676450459065982
0.674366915768823
0.740247283756343
0.59697571203138
0.803028217328083
0.800645047356876
0.796205866292018
0.760384588830822
0.820419103581086
0.80039873530206
0.801759748550978
0.784683177944101
0.79533005422322
0.690123137222454
0.713514556182494
0.735359434626564
0.686085875933053
0.698903267826456
0.812458064623423
0.856495745300013
0.720973879131224
0.79571573805809
0.608263116430512
0.766825552849211
0.803198843806827
0.812229562021908
0.726046392527773
0.791973745769363
0.747694154527972
0.744574890559827
0.8361686057533
0.755366646814957
0.764048386577983
0.639607091455096
0.766133293839444
0.559626150409491
0.792028821131819
0.765828526202886
0.770503627502713
0.783378316556408
0.771849561356705
0.814158895064324
0.803126584903299
0.497872133335272
0.933388436582446
0.751863548033377
0.716671061811069
0.864663313150677
0.745261730343681
0.616987448803556
0.583149576004566
0.828002525779002
0.831943181074128
0.854392158428534
0.678363926714184
0.732647192904845
0.810504091459049
0.827589990240046
0.746689859218869
0.711839565710184
0.879807712738316
0.910437973607446
0.779095030726289
0.953953332547174
0.808506043502961
0.72425094450494
0.918227601485298
0.918037935041235
0.746301291562012
0.960515865111173
0.793391557222341
0.643724687119365
0.898008300542474
0.976581266999014
0.861906473276494
0.842237839216474
0.884436978811135
0.812907894442568
0.92935859235616
0.837763310723536
0.768171842083816
0.882328200146391
0.904531257056131
0.852587464906486
0.923983401485726
0.902929033911235
0.928314251234806
0.883815582791213
0.971272659243267
0.807353598511469
0.997010874438909
0.905971378251681
0.876731205173875
0.852237360984014
0.886257665176196
1.04357188397724
0.940742164053905
0.888037337468265
0.875925187009952
0.969520413400543
0.960112990750429
0.853771388249593
0.950434866181165
0.808602627837467
0.930436763748473
0.95465239165495
0.958955592498083
0.78471672678142
0.949214665863795
0.941149989795765
0.869893165325273
1.01769534385535
1.00744775701732
0.681214258203314
1.01347656831387
0.851097862214536
0.809270567143292
1.09230716485456
0.946721398819502
1.03855406895588
0.933839311885649
0.775790952685026
0.745365495179821
0.959665259957886
1.00994194666986
1.00782935890591
0.971854928562464
0.870865424581987
0.940883890527919
0.970175938530308
1.04222236655734
0.964260633335228
1.14131711582626
0.988210159236738
0.967303031944826
1.08846122868818
0.883364909828338
1.09789234487775
1.07216345389494
0.863642931536788
1.02180701341609
0.937130542549708
0.986062133564144
1.04648853879934
0.977160566313013
1.01870035451735
1.07474359646842
