0.0415459256446387
-0.997486735289165
-1.06145024363558
-1.10666498523305
-0.98698498009219
-0.843403275079814
-0.910319818596258
-0.985457957549571
-0.91079060872154
-0.93335129106369
-1.07210399525352
-1.02793867952042
-0.949653283311158
-0.95650955040475
-0.92579629123035
-0.864583758448631
-1.16252332103384
-1.08118263744537
-0.947311879397239
-0.945902734539191
-1.02891831751017
-0.940739700587355
-0.907448888246017
-0.982419775437809
-0.893337956666149
-0.889079090479351
-0.969403248653444
-0.95898820516289
-1.070367297979
-0.831712501977471
-0.992271301587445
-1.00050901952678
-0.99212876834236
-0.902456579911762
-0.953077623079664
-0.91674052353505
-0.920035038354134
-1.0049671745968
-0.904796679087451
-0.838846352473383
-0.838844985688455
-0.852952702022593
-1.04431690087137
-0.962693856771415
-1.01497617541504
-1.03180005213923
-1.0158148424997
-0.80283149087372
-0.880778153389906
-0.873313294062601
-0.923319053185135
-0.981435891053619
-0.764214300851377
-0.907829114067784
-0.815970707871478
-0.868389190538671
-0.933767519488848
-1.01357896991536
-0.901639010746388
-0.836714766213124
-0.96017855480296
-0.816153495631063
-0.732748273654467
-0.84451530102312
-0.947918210414328
-0.697628079436847
-0.822673832130631
-0.853959446902719
-0.735699070964168
-0.742767483593034
-0.811268261698071
-0.786411482267177
-0.920144986995766
-0.838653098052796
-0.823302343052712
-0.702129894064314
-0.902628499313447
-0.882545164867467
-0.879314196686232
-0.994161487305061
-0.912770199030973
-0.859857873131434
-0.871511567471696
-0.711427381364903
-0.769407149162176
-0.814092000985766
-0.813914528036817
-0.695720398950591
-0.707128344965389
-0.900349495624222
-0.736051462092029
-0.823781723472272
-0.730749127888095
-1.00133738746094
-0.83377614074764
-0.817456315014036
-0.834151115350202
-0.694075962117788
-0.801099226942674
-0.686661413096704
-0.828620711908733
-0.74330850492516
-0.806643966101837
-0.803481137006307
-0.843800220388055
-0.745140309173812
-0.693475038976599
-0.723152114586016
-0.925511540659642
-0.801851870538483
-0.918522684452963
-0.706297695238129
-0.782386417321858
-0.729803935507444
-0.81184188220328
-0.792817218499596
-0.774200576741035
-0.818472249966026
-0.941849372183819
-0.666759236303189
-0.805954080821019
-0.848369920888586
-0.82934913310235
-0.714946923017689
-0.742851207819143
-0.694674714182187
-0.776818123418023
-0.692172888753475
-0.727900073814635
-0.958576785912807
-0.704247042750055
-0.829699008946711
-0.636720811956914
-0.70826355571113
-0.656567936528111
-0.736107552373297
-0.795432762168028
-0.773399929218617
-0.718146772706092
-0.665881940953786
-0.620255277858998
-0.870513590832751
-0.687649996980172
-0.795035595351542
-0.786492722276338
-0.74008240718067
-0.685369889955339
-0.742765076803781
-0.755272470298178
-0.811774969492199
-0.694651309854789
-0.738559169928689
-0.767505937011691
-0.63106791970524
-0.797765933538336
-0.645210949297726
-0.648417989573947
-0.668495652109065
-0.718742452212088
-0.655426753700225
-0.801769523159867
-0.633425135462183
-0.627340956601172
-0.695684565097585
-0.656749968055369
-0.816874712987102
-0.433536035736969
-0.558935126061532
-0.662536278773816
-0.636126081121692
-0.722993559744636
-0.671267648606927
-0.580424236093168
-0.697751301416971
-0.642002270718161
-0.578726791768674
-0.590705383054078
-0.511556589275542
-0.656392756834977
-0.720270437552972
-0.67344227427187
-0.519289126497809
-0.498202225703
-0.627070787001381
-0.641531521980414
-0.649629606353919
-0.564733987913984
-0.542644365310021
-0.504792891607421
-0.637399473300326
-0.702734366823277
-0.63737367234628
-0.656711497052461
-0.612431670398891
-0.56009162638652
-0.612948633214563
-0.646136386752122
-0.76237226484243
-0.670899573745489
-0.56958888077847
-0.671101176287668
-0.656488416505255
-0.629461775392219
-0.430770184738725
-0.504550795894657
-0.655854285620241
-0.562701178552194
-0.647841040835369
-0.718408961414789
-0.504715254936052
-0.390031950229798
-0.545346116877414
-0.654545961356699
-0.516028033021093
-0.706256786703164
-0.71890952928369
-0.50915723197646
-0.688580241817141
-0.541162441690494
-0.622521282956242
-0.624088333492773
-0.673654913830024
-0.441757203131108
-0.523948908836975
-0.623101512974448
-0.519896863014536
-0.349754681850753
-0.425946902064178
-0.667820753582049
-0.61903883142529
-0.3708022288427
-0.544517955034347
-0.532759073396319
-0.666000614688012
-0.520781945590802
-0.395004922275147
-0.593276102343315
-0.51941890430321
-0.616691138652288
-0.647428821937031
-0.592421254673902
-0.50536445751956
-0.4680520178679
-0.482759738610292
-0.351826222943525
-0.550024295006389
-0.492553769805619
-0.519208818986472
-0.704218464680853
-0.417498976475742
-0.609306916977883
-0.604805883592882
-0.525154666098433
-0.403024815573806
-0.487856817891121
-0.483076600927413
-0.577139514222208
-0.564817886324591
-0.599009981910546
-0.421089728131895
-0.549785991502967
-0.55850466394318
-0.480111352306788
-0.491340159172447
-0.50441714947384
-0.405061985606359
-0.466071109184531
-0.375564264154914
-0.482295730197239
-0.434521101972651
-0.572834436753109
-0.439587966639423
-0.576532165302996
-0.410124516515158
-0.398402438349659
-0.473801972455444
-0.383166199891599
-0.516337726175591
-0.493613905299324
-0.479695265649019
-0.443890449410213
-0.355656717280199
-0.419607036251496
-0.510158199329834
-0.415621406048989
-0.368132046178956
-0.530988694582494
-0.538968864985176
-0.304468829179689
-0.483980682891258
-0.368381122892828
-0.472765067490145
-0.412319721305681
-0.438524890105943
-0.456141674358913
-0.399832966854529
-0.466181628322329
-0.321921925574006
-0.452977548577806
-0.448493796798064
-0.464690201724523
-0.316228931237793
-0.345360732946587
-0.264582682781558
-0.29143583942649
-0.42797617591286
-0.259128593680584
-0.450729228059285
-0.485619859270573
-0.435645625764415
-0.331546717772117
-0.349317775068119
-0.336546874380815
-0.438695552638176
-0.487199544013034
-0.394752099475302
-0.317466629256724
-0.329904413191147
-0.352143127464413
-0.444842125750152
-0.402859572661396
-0.286412317321835
-0.286204762293471
-0.406991771060848
-0.285497682481797
-0.217680544820363
-0.276395939239861
-0.296453085407724
-0.310588922698633
-0.401288951887179
-0.52064661791908
-0.342543935140964
-0.279193727803173
-0.194021171234356
-0.294965162911203
-0.373119139390991
-0.333005557299014
-0.280053053305506
-0.358218070805576
-0.198962721075469
-0.405848116616412
-0.304892000316059
-0.406851293638764
-0.340061091348258
-0.325165334372448
-0.400627945304047
-0.271764063370813
-0.275861202070142
-0.392551348378473
-0.432477646698451
-0.303752856389613
-0.500577355511877
-0.319893911206501
-0.28091902747019
-0.198956638472083
-0.246792422685352
-0.340804562724985
-0.393684525399221
-0.273600861879514
-0.286400119403035
-0.310434557077981
-0.158996933396929
-0.216274115335903
-0.375396580626336
-0.399325403152097
-0.282374729550572
-0.247487840860999
-0.314006206466682
-0.284911282263658
-0.213917154563026
-0.263331294579242
-0.286185714817235
-0.263462151077962
-0.25278557359338
-0.220833638012063
-0.370595460474488
-0.286702657181634
-0.452896347147737
-0.183845328025982
-0.358957862010921
0.0503873291315655
-0.20947868608794
-0.328098264402392
-0.214184371435993
-0.237758305798827
-0.229134700908304
-0.175794769930365
-0.0340342578802982
-0.208248074451399
-0.177566151770142
-0.237807602977384
-0.125780794887345
-0.255253357745309
-0.123890023359838
-0.39723349270959
-0.199604408906532
-0.257627775739014
-0.251526755238619
-0.144571354797472
-0.295131479793682
-0.206171470999173
-0.148779046688207
-0.120539792781012
-0.166194845555464
-0.188604075150351
-0.160281069309614
-0.15266398632947
-0.228344889657529
-0.155481621887933
-0.20228270378535
-0.193025803877747
-0.0497120274519602
-0.348573245033843
-0.242858039143116
-0.163993390601107
-0.0731417047285462
-0.177707653477343
-0.0072098830963867
-0.206485884769621
-0.232948658595877
-0.0333087709269647
-0.215475504317708
-0.203279246844017
-0.135928673889877
-0.131925541706551
-0.19561515207908
-0.0225390772040904
-0.113286919448522
-0.091965632782138
-0.257223825744445
-0.0794725103734622
-0.0272772523896421
-0.183297734523927
-0.201694415613488
-0.020074601225553
-0.160601831521226
-0.271789560608681
-0.277453132465072
-0.0616173346386079
-0.135089725717151
-0.0977895656228902
-0.24228039512268
-0.11606977681289
-0.115451049833134
-0.123429378089483
-0.00272214764701025
-0.0680642523319269
-0.111674621573147
0.0343542901973543
-0.0981843043535299
0.0641675080992435
-0.220170365134888
-0.111991453841742
-0.042871062266259
-0.0162195447285623
-0.0476833797494684
0.00585668229637847
-0.186536588644263
-0.022577194484293
-0.0980574427442013
0.0390661732795459
-0.171495476225174
-0.0715874009346062
-0.0028974727642581
0.0201551494505696
0.11251463415083
-0.0752957691004229
-0.070167585859239
-0.104865387962467
-0.0626484464408718
-0.0216847113962998
0.033086720784003
0.0251641764740937
0.0530748370908003
-0.057981389275093
-0.0495370578527626
0.0365524464791894
-0.126080434330403
-0.155267356184537
-0.0875919592351974
0.102886733962131
-0.0415461538754396
0.00265450379296644
-0.0361845926863244
-0.144296592402047
-0.196431722579423
-0.0291393442892507
-0.00324238192340189
0.161213254261399
-0.0536462696715054
-0.0203007510975089
0.0460084373107909
-0.13249362339169
-0.120189052500532
0.0697176227072359
0.180370650585504
0.0578331015520946
0.299896616554868
-0.0146806677493051
0.0135145351146232
0.00576308375538427
-0.147280416903456
0.156884702691963
0.0173628143661075
-0.112784312658575
0.0419100631007075
0.0136193667554115
0.130796796968704
-0.100235146758635
-0.0900404655052637
0.0667966697233131
0.0147969473560594
-0.0430112924598789
0.00283981739109887
-0.0685400428092443
-0.159676891564214
0.00747831659914042
-0.133035582863288
-0.12792522973974
0.0195132082618125
0.164238690179639
0.0784048961756783
0.0804067369339367
0.220168458879425
0.0526167507467568
0.110296474831684
-0.0489721024539841
0.166466378260044
0.0932019698387086
0.0979527805331697
0.0543631693890213
0.224554811478464
-0.0264790328427445
0.142488915464339
0.0653882229002311
0.0544374405808424
-0.0148998857667068
0.074803577258143
0.116661931712593
-0.0201791042707944
0.109120731393153
0.0156038325000992
-0.034540162394577
0.135907794594401
0.104186784880622
0.0538210836906731
0.0916316127332175
0.172109828101363
-0.0330188099198747
0.060114528691151
0.159048865265784
-0.0322452624992822
0.16673854061655
0.0126120273816209
0.0921602331529801
0.067783819817
0.178758675289352
0.00316673887965069
0.0439553238353852
0.173591358188275
0.16523134177486
0.10926258893519
0.185488956003275
0.151913395040004
0.171483957097841
0.11898044682386
0.110778515826947
0.171873717593954
0.00192298455841332
0.0863195663397894
0.0965332291856623
0.184357365925898
0.237670989867471
0.191549171836363
0.204038971445961
0.145018603522412
0.0565859735030211
0.183691158077319
0.0586751626396577
0.132537754988201
0.0168562455917605
0.275452579435498
0.00224887630351631
0.168969525692026
0.0921020599530565
0.357933339513834
0.0368547186122184
0.116481485157363
0.212297626484355
0.278039790363281
0.17989963385074
0.167664736424635
0.246208218348176
0.235372877033846
0.230208927465027
0.181997351616862
0.0756776420050849
0.22425732347081
0.239568809418411
0.0980038653423613
0.211775822477052
0.0618027154672503
0.167547118809541
0.140068912814816
0.366600210966814
0.330406457946622
0.215210995375737
0.173124633699835
0.267199920528465
0.0432252554874772
0.110032937277742
0.158533999429477
0.161894859345153
0.0642220886271303
0.181982303644153
0.209210123052898
0.0347482081661459
0.189469966924068
0.263399733487783
0.27761529274644
0.344691960161516
0.187214689940684
0.240639436544462
0.263712866858887
0.399087481909392
0.193296421512028
0.168692159257771
0.231336678284137
0.363780963386573
0.321456935864788
0.178650873010949
0.264304470807353
0.305181196555808
0.0770279260379117
0.339560632536265
0.345755773080026
0.303038138996255
0.258041697253514
0.154735215437538
0.242241303008474
0.222381314558951
0.187280110953077
0.302171482360987
0.280694126888935
0.312119598071125
0.264916548894105
0.371073592168682
0.142119532615531
0.270174170000641
0.373986611665027
0.336616809313178
0.312088316557392
0.436131227428071
0.288216315269094
0.251888724908615
0.368664366523029
0.37017267089629
0.390691950000664
0.229660122775406
0.352253535481633
0.351567592192337
0.261227447686194
0.366553308305103
0.315755982822582
0.312004011070357
0.286814131690662
0.28946059687852
0.343832884056518
0.344773304350753
0.380718370080953
0.381575736435593
0.306776363562573
0.283462564985067
0.37636144652897
0.403193863833358
0.333071777342152
0.185857211269454
0.345940660300845
0.363286611349346
0.241059546847835
0.336146780032733
0.320227661823533
0.287575347883613
0.410631819093817
0.394835816951162
0.419831421512945
0.405400445683784
0.285743159401844
0.24949258129672
0.351647244944394
0.327299566289684
0.322053697539415
0.348778091441051
0.395729075240716
0.351637500699087
0.546131415732798
0.546190778794617
0.408480862675853
0.476779731726122
0.372695469185311
0.405474320965122
0.552860005056289
0.462507130437465
0.464100297247023
0.402751407637626
0.365857232553132
0.472184689056726
0.202311685878324
0.269450110415841
0.42038517161827
0.29565163727692
0.437202908618437
0.508903311718854
0.528540051053509
0.260014443270204
0.541492291423979
0.435820286146057
0.367298240127034
0.42770306383983
0.376574581079556
0.406312438864841
0.326534670268543
0.625386108802431
0.380905727636557
0.64594130501223
0.541817725636669
0.365523886339157
0.429800675753282
0.268998672184672
0.411928126732148
0.474184016409979
0.572611107987584
0.435026964762123
0.524867383908549
0.433081728126443
0.44421297923706
0.462960365434303
0.417425381610726
0.45736432041027
0.303263945975531
0.406653148134456
0.440225291013688
0.480703763346273
0.384363187417592
0.416073553096426
0.584125858814224
0.377714215442273
0.539854433077901
0.53553642001733
0.495997054232444
0.652544683630738
0.456803306535717
0.588079662045961
0.539252044973905
0.590223707090382
0.436164484977229
0.526360016404692
0.47418885772748
0.51099863210174
0.588512696845934
0.551733290474597
0.511104274746663
0.494975187112687
0.573218263774199
0.559353449277255
0.547853539934834
0.471648233509125
0.610468714210273
0.418488807357425
0.493862882801317
0.425716138689729
0.57018979271766
0.555789217423104
0.4935099986048
0.527345633720667
0.651357555805083
0.592817418573854
0.479155171474084
0.414031222346984
0.498982225096625
0.553446887316024
0.639283939800033
0.533453185680526
0.590309116558584
0.68615647205177
0.538445699161616
0.509164408009036
0.702067877347269
0.539673475107656
0.56424271867741
0.677956216150764
0.622742265548263
0.339673700863317
0.556725884428507
0.621683780187714
0.530062880478476
0.696913244553108
0.67827136281131
0.445343987957032
0.572656524190202
0.613862082916194
0.598933216276068
0.507609879422811
0.550378479041732
0.563097222822293
0.719282899776526
0.538549084030837
0.43726952387968
0.67522010383113
0.48394113429959
0.735947387637533
0.69312717554862
0.646681979232023
0.584874237511402
0.675778146689423
0.592240839188749
0.699800062769186
0.646943712270399
0.538786178750478
0.683203623961331
0.729486297217695
0.579743033247688
0.739729457378819
0.629503051896245
0.671063291942914
0.616003486732422
0.77217262158193
0.677920008358608
0.683917972492257
0.682858535325
0.66703950880147
0.610112887742428
0.721215882640448
0.767622946445405
0.750508493384532
0.769477278944169
0.575179954802739
0.686309595767553
0.635418613324303
0.688656222335263
0.692783048562231
0.781339527327085
0.835770777770477
0.732199021253329
0.473059259545449
0.651651585513591
0.660444638651252
0.685281882056497
0.655297325977162
0.686723976190937
0.664035167970588
0.720075956180002
0.707649153191443
0.722242082929931
0.781505868241078
0.748449150247873
0.799851624113168
0.800925183980741
0.744487444564956
0.67780946922609
0.855481170979372
0.636335700007696
0.650256752350921
0.776115293724075
0.691858050638258
0.586531705631545
0.618812568873528
0.586839130221647
0.643054421257307
0.736903755576119
0.675123868844155
0.724443818166452
0.673919648559116
0.597646167982088
0.729566697382461
0.832330866413084
0.651555227042174
0.74802478252947
0.680682389063341
0.729439600850542
0.835985111968955
0.778809942376446
0.838090280232934
0.730534613356771
0.852113968621522
0.744088205284103
0.806643105296877
0.720931933710684
0.824294767301489
0.918401113009792
0.739222197352887
0.782359625016197
0.92259432335113
0.920808432889734
0.699631145416454
0.851941812852973
0.834664947582392
0.766701724948537
0.85911716911732
0.803722593078006
0.841714900150481
0.710294852882573
0.703876980280867
0.896214847979214
0.772730741430405
0.679559631769745
0.665574922355589
0.803488749826244
0.98740933399564
0.852419368978012
0.824952483138291
0.883466288706899
0.973861884409117
0.747189430812418
0.757300431395177
0.855650369217978
0.753805045686577
0.837767336716729
0.935799659006429
0.920473074493192
0.848053503477679
0.917344020699199
0.82040440396199
0.749600669191512
0.828586095921627
0.788740441007683
0.771695663967234
0.778104695342059
0.785904397063562
0.877954529985086
0.989472147787859
0.990293762950589
0.95331860638425
0.78495482584898
0.801769908210353
0.881637637041469
0.955906822764201
0.73490462286125
0.917497262652328
0.808162171816196
1.02029533699406
0.875704231372105
1.11058835384799
0.824125231668057
0.924027053697465
0.890098265675763
0.947276659648943
0.875585990511665
0.800459759316838
0.936569969606687
0.949930700560027
0.913897899357976
0.809196953101768
1.16386135422548
0.938656629602218
0.818625301257375
0.78631116274633
0.896075074629084
0.946102736239796
0.696814575727005
0.943805025200308
0.867109481478488
1.01650744767737
0.911696912622738
0.945847036243814
1.06184701359238
1.01913936868159
0.945243297154479
0.98992404109034
0.921461955881404
0.966394212528705
1.02380189848827
0.913567329596293
0.910112638328309
1.01670289537245
0.888990157965142
0.975723073243021
1.04307956607486
0.966871811591389
1.13066760103656
0.954722409623582
1.14589624185664
1.01690966768279
0.935368132907209
1.06211877310466
0.888280463480607
1.09676167093379
0.923233088572414
0.869850525566582
0.939011389104658
1.0906665458384
0.961890825356103
1.0593843484938
0.945968938279949
0.882824060618241
0.959175418571205
1.0308117270441
1.06219718391431
0.99085752718298
1.01782879976855
1.10650518052224
