-0.0761388368643352
-1.07650305757346
-0.931655418452002
-0.899976407242293
-1.0277824142444
-1.10576802454612
-0.902607477935323
-1.00134005717306
-0.962090666670547
-0.95297377515684
-0.918400558102758
-0.861969071579104
-0.97252080958133
-1.02989789520924
-0.968561710587005
-0.943015539295213
-1.03845984279654
-1.0660746778185
-0.97099654582701
-0.998925270561863
-0.871137513039337
-0.948783571904152
-1.17503486761617
-0.944554248820388
-0.878031019096101
-0.873875782279721
-0.931731544066147
-0.981935579570499
-1.00708400462649
-1.11356502040957
-0.947580665521666
-0.853252813729611
-0.913812587269741
-0.914150077134229
-0.93014326515495
-0.884354040661189
-0.86283632714058
-0.922292522693819
-0.829979578325241
-0.826338808296001
-0.837345376244151
-0.889044646132069
-0.886721966038349
-0.931216329569825
-0.941060283573271
-0.794619998921912
-0.897519940844076
-0.926098863180861
-0.895178769018693
-0.905402865715366
-0.92808648040066
-0.861299309232077
-0.848132179271989
-0.917055427804242
-0.987995309901811
-0.846986781986054
-1.04443152503556
-0.882615943553006
-0.942062350635743
-0.944304748946923
-1.01479140152677
-0.77754107854008
-0.90005178646364
-0.840267793062689
-0.755794212869076
-0.74112668755035
-0.854807345418863
-0.844431513978941
-0.834617412682795
-0.638022431893005
-0.902902926058454
-0.818015351469368
-0.803683782491968
-0.957229414022006
-0.901415543489932
-1.01860832659608
-0.879962945256789
-0.81016470052214
-0.889799552042009
-0.829888115141391
-0.781683785881395
-0.804258219902046
-0.795795198072857
-1.06473777920679
-0.770856476473413
-0.796867540039496
-0.84076468117139
-0.778258081624565
-0.989550948982044
-0.799490391763768
-0.76749390928025
-0.749717162820763
-0.918183257256957
-0.63374965192201
-0.848335555059885
-0.800727598598201
-0.732120453440119
-0.872726030139052
-0.846106765136388
-0.817699324936603
-0.803469158522157
-0.96078969514623
-0.862972135228251
-0.955442099536022
-0.790377684844863
-0.84542946825937
-0.641858612770784
-0.860363139784347
-1.03957985109075
-0.808174896246723
-0.832035040747036
-0.878902190821752
-0.750725549038398
-0.712183013524237
-0.828207795675615
-0.878783066833085
-0.747461028727069
-0.780258176367148
-0.672403791611652
-0.70401338162172
-0.743160257878855
-0.629507748202356
-0.785385742246018
-0.645395777222895
-0.651954359463989
-0.759188504564106
-0.609683861597545
-0.82562884152991
-0.762863746091066
-0.647384380962389
-0.847986846948231
-0.679479216479689
-0.929720301852086
-0.717808716878377
-0.742798294509866
-0.723525560606569
-0.803917581680787
-0.846198361628156
-0.716916439228518
-0.748448503390035
-0.599693223678413
-0.639931103305781
-0.722241738876769
-0.703316732854258
-0.589665525228226
-0.573469932255543
-0.579173003292269
-0.741309864117881
-0.664977499979466
-0.831941790174678
-0.738183744468888
-0.622457241821891
-0.776765390073194
-0.819451183190456
-0.675734138264611
-0.655427830227381
-0.701474030911451
-0.749411243876658
-0.67918784212829
-0.572660346924034
-0.814956804496687
-0.578974715691376
-0.709178208307749
-0.497107220559308
-0.701876526933725
-0.766326842097317
-0.686582687385775
-0.567102620550079
-0.561784147872715
-0.696477296197186
-0.657755876352681
-0.78611894919684
-0.61986988941464
-0.628029335674802
-0.616962378455703
-0.7063738630866
-0.754218278203115
-0.653581817555312
-0.870882752167574
-0.632715862980276
-0.554840906100842
-0.813876962274066
-0.676571019104471
-0.619999058172054
-0.544953808382474
-0.590961927796469
-0.661973785984116
-0.628039951444272
-0.626645621375802
-0.570026923208258
-0.790069522413683
-0.606277171526354
-0.619312896822203
-0.675503932334101
-0.558936342616504
-0.548574753864458
-0.389049661468929
-0.624844907427086
-0.744652822686033
-0.732047917045633
-0.582986836270315
-0.767468167860974
-0.459919835114997
-0.628672260211272
-0.558481555414638
-0.515853329374669
-0.560179082586743
-0.772126319624474
-0.663511640851279
-0.479789741267942
-0.666753136674156
-0.470352791579431
-0.713901844163217
-0.531054555675053
-0.598280999291278
-0.535152174088579
-0.524292052893487
-0.504630531079839
-0.572506972831377
-0.489318697421151
-0.667835487591448
-0.536011775772573
-0.648128791484463
-0.572523858058833
-0.642240945226969
-0.52640415587254
-0.554943114736877
-0.457332595723328
-0.693824532456227
-0.768303087588828
-0.59735533018436
-0.598612663801061
-0.567556522311336
-0.491597511474765
-0.665806553137609
-0.520442042520066
-0.463079621155156
-0.440781789254533
-0.588781894216239
-0.528121553224291
-0.596454159287753
-0.362918692849383
-0.482869595859533
-0.467271276157316
-0.559709367634458
-0.578452562524848
-0.50311332275555
-0.507550015572154
-0.364561835471316
-0.326477688542668
-0.465193525998424
-0.466282421046342
-0.522594586799711
-0.515260092831134
-0.418415786927098
-0.534741676694663
-0.425735470861278
-0.572104958032615
-0.433278339446139
-0.533748497084066
-0.408294744556576
-0.485888916462497
-0.306960892094155
-0.544348605342984
-0.41659761511983
-0.603850877086803
-0.608688454207335
-0.51447149019165
-0.586597367072005
-0.438324072136478
-0.417250256644034
-0.462921916231259
-0.383854551328611
-0.532200357593366
-0.500578077544217
-0.497557953229445
-0.525778051538604
-0.340793934473285
-0.445116047100673
-0.344163061927095
-0.509248215220564
-0.567456217384975
-0.381037549890901
-0.486996002481613
-0.478296530567515
-0.437853402088503
-0.421139630193771
-0.411711634275929
-0.417804105738121
-0.328342633304254
-0.37931358599492
-0.624082733901125
-0.437853924080826
-0.502517508883718
-0.435876499105897
-0.414083873207321
-0.399992289122079
-0.389569648307833
-0.482991949883938
-0.405606815162985
-0.420445658456149
-0.348961026969799
-0.413783237822683
-0.526553849948862
-0.47519737707263
-0.399747588478595
-0.26156441334087
-0.377884569380414
-0.317040072682972
-0.280088580502411
-0.414900365382441
-0.348118432647556
-0.322300183485776
-0.443900554144903
-0.483203598318105
-0.474146658442961
-0.215776804893713
-0.274059023145908
-0.277593207871369
-0.399568925459991
-0.427703521342492
-0.256049796600839
-0.338052048470251
-0.417691235859952
-0.474189377780828
-0.437042106571782
-0.411581784333851
-0.418476763169209
-0.424204895337563
-0.40058304349159
-0.153328956525775
-0.407057746696094
-0.306670860808055
-0.297723061960332
-0.41245106656104
-0.309144981089775
-0.441170439067384
-0.27827109132215
-0.204162261186068
-0.331361229520902
-0.411993376621984
-0.488841830405511
-0.337142849758596
-0.329833675362608
-0.387941450023707
-0.213791985106461
-0.244940714731364
-0.357174598611936
-0.154804350769873
-0.189438829026554
-0.361791524003923
-0.25977611528037
-0.207336623669239
-0.151553714833244
-0.404683979512194
-0.348597938867272
-0.157027609893397
-0.245130526149074
-0.25812315003092
-0.382269991684514
-0.337471984728584
-0.250323989217769
-0.358078737975045
-0.186370575921643
-0.221258309462455
-0.287319973565915
-0.200859274753527
-0.266816273861333
-0.153786819216582
-0.189100847093306
-0.242597349394622
-0.0587163844686289
-0.356294197282465
-0.235527797633283
-0.160326162384283
-0.210850684017693
-0.23298327391864
-0.355302424718053
-0.215834280434347
-0.326307771356042
-0.133635679419315
-0.220227823936782
-0.217715522947706
-0.306433335231259
-0.253822370017083
-0.187090780529049
-0.274087709886257
-0.168527310861549
-0.329034348048193
-0.0996317729009136
-0.226238697609732
-0.159697762823154
-0.143495966362932
-0.141206924567779
-0.289675565694782
-0.170420615624423
-0.381648674498087
-0.261643841832915
-0.272349064532806
-0.227861458472851
-0.0217042230272693
-0.361261000754688
0.0808926672763403
-0.218191080943342
-0.178150673997767
-0.154300798378162
-0.116390462139003
-0.11425754479413
-0.060082700157738
-0.0579540913836246
-0.0940213874496263
-0.223976840753592
-0.12454505778932
-0.0826776414134552
-0.204057299234818
-0.0829523819750609
-0.233673989617724
-0.0962390519776858
-0.0810812058110101
-0.14286383712908
-0.0575519661686144
-0.0829080531651731
0.0276013146729019
-0.000225093511889909
-0.125559305104487
-0.108305698770844
-0.23757833504062
-0.0648786187552274
-0.067674418410882
-0.0598241480922441
-0.151202849603154
-0.217428091458121
-0.0795249562128063
-0.102160328679329
-0.0965617131690173
-0.0733121798440623
-0.266760098030855
-0.150892820831743
-0.0939216714888006
-0.251794260035387
-0.0511621571274434
-0.30404246196275
-0.141201492360833
-0.0864666821467359
-0.116146103940448
-0.208857359561737
-0.130427076580826
0.0150719984104809
-0.0746704866203357
-0.0431424286609662
-0.151180409488316
-0.108024104791686
0.0428482357117068
-0.14888828693502
-0.167284634971848
-0.0206784853577167
0.0108209765288574
-0.0846384344307795
-0.0238023449206372
-0.0177643225038833
-0.112936786351544
-0.0968380139334823
-0.14839595638269
-0.233197236705939
-0.0989426014953894
-0.127369437143304
0.112470899398501
-0.238805662760561
-0.0393938882052339
-0.0464481093250697
-0.143901749312611
-0.0640884097689915
0.0713408900048783
0.0487552030015956
0.0355994767469946
-0.107751703055514
-0.0321641332814634
0.0330806277393946
-0.176366853905888
0.114921076171353
-0.0554072151991555
-0.0601745323285238
-0.110339447499231
0.0614735122764598
0.00081382772130506
-0.128445455635947
0.111152533988834
-0.076835245916071
0.0278267264665321
-0.0791787160988308
-0.0147052825114486
0.117081049476504
-0.0818688762431111
-0.0881218951062651
0.0542708081410875
-0.061523143341894
-0.0366706782510551
0.167115073653022
0.043734935742227
-0.0929961166942421
0.0712154410707993
-0.011177552885059
0.0899820447187703
-0.140863467482236
0.147216588876245
-0.0251639741560721
-0.0476258586417181
0.228753539451316
-0.0548185671555489
0.0206172340606589
-0.158342619664838
-0.00437798430524975
0.0508157218541112
0.0761489367657586
-0.0147134354056565
0.0224111480645705
0.057672912315724
-0.068787014178911
0.174280146574077
0.180022170510906
-0.0638263598696236
0.0565795816970596
0.162485093717299
0.0973519891629652
0.0105802471383919
0.0354603245362921
0.146375066113756
0.046799128445497
0.275668883264606
-0.024870169080639
0.0537679041467942
0.0657498528827379
0.0110751181745431
0.0999791865511293
0.104345811176006
-0.0204050708864357
-0.020560165745936
0.175443926667009
0.110564687045373
-0.0174489692072964
0.124107635710294
0.180811627796441
0.20100586308242
-0.0406410116406962
0.237139645375893
0.0707184346401888
-0.00771858212802714
0.0195815230614104
-0.00533719073761297
0.198955177500068
0.126210952692588
-0.0185447920424982
0.237718618968158
0.0271182747894286
-0.00268916219743455
0.0641318631056487
0.0935462360586291
0.0474496491318779
0.018960866358441
0.101110841639577
0.0905716350252315
0.157913678907686
0.13211377258438
0.0425218766225037
0.117279714844817
0.22613005261172
0.191414248507127
0.270517782041817
0.053766471300712
0.210033178146483
0.148760102887168
0.212983915079559
0.131553077652133
-0.000736167302553626
0.167680386699443
0.258681045293773
0.277894977929909
0.253407193340164
0.148297287230807
0.291909576363968
0.258905730754709
0.120906200380463
0.114700147426193
0.211534116230924
0.149415528902244
0.115819324544142
0.196000173453024
0.25090481280977
0.325156613527754
0.119160594819122
0.135255896528589
0.0588852067096473
0.173401858868708
0.117821521712584
0.197539274525239
0.18537637122815
0.0341087794522534
0.150093206356349
0.203202281351272
-0.026322939306371
0.22268600716691
0.0676211064092975
0.205478526596118
0.200251640315966
0.233486130453897
0.308456042346907
0.131990159826206
0.234659866249303
0.155188510121853
0.26561556746003
0.17666420287859
0.358130478405421
0.300208299636867
0.132778073134453
0.196633742824458
0.347980153117514
0.287336941663866
0.101562128320324
0.299184633509749
0.340366331131942
0.260887750428409
0.25342257249722
0.31705817271202
0.336615015595629
0.242515057196632
0.270573951935275
0.249334656750108
0.252422048629768
0.279895859222191
0.280098301494861
0.113928512992862
0.343070699341752
0.273947164419205
0.395057777634436
0.343881528991287
0.155738668575854
0.363530674666317
0.177816842673141
0.24571493668441
0.282350798052854
0.381135723835311
0.216277053783158
0.251998817699891
0.32883731563729
0.356806718313486
0.478883083350704
0.487095198752848
0.172282204154077
0.361682247296715
0.383367820536883
0.312890572448682
0.215861665199125
0.130382294794429
0.186442783315276
0.236465115999351
0.220594322348389
0.376041115824665
0.212351425268171
0.454350201591299
0.196683309677656
0.464662126191122
0.358084019438661
0.296886730038292
0.301071419788071
0.346637901487961
0.210849461708272
0.0982305711711782
0.399700848593218
0.387872101908685
0.34518255662252
0.413176281122023
0.374004973794355
0.324562909173435
0.499014810823655
0.188148166661291
0.448056631123036
0.419295719564217
0.179575361317634
0.442072083264284
0.397883187488324
0.34725088398728
0.26612099009904
0.388212341032938
0.491060357502821
0.299399726499233
0.355129789233454
0.422114702010027
0.395236455281706
0.306132918808202
0.394393283714633
0.523931610216362
0.272209474821243
0.369123441129629
0.347645938212606
0.529065821703051
0.312090838390827
0.466580262464967
0.341935255465977
0.431192207194606
0.36215456510655
0.34565602089708
0.438264579141372
0.46801619483238
0.50688546336272
0.452631613288965
0.317276203883218
0.33852070709321
0.413669701271739
0.463717160557895
0.362058157070748
0.508809964447231
0.446773001407962
0.336100861054416
0.377213857497043
0.342614461557232
0.481902643316653
0.433703135721551
0.289088151348374
0.581268121299082
0.315651657316029
0.465759084547408
0.47239380401538
0.391635527475555
0.403903058960979
0.464217232705533
0.323670753146745
0.483669845948232
0.462783278504577
0.452985836409181
0.454637661821497
0.543100355706773
0.477507728289178
0.533094541097478
0.401493157000849
0.484321401137362
0.504846736985618
0.552354097736005
0.29765334288972
0.489153423003194
0.405324413488172
0.581625301639499
0.606077995094354
0.514344911007915
0.505264013475655
0.476908820589737
0.50172037763911
0.511484951035244
0.523225066690914
0.505018293521171
0.54721321436835
0.516294125045004
0.405239373768975
0.515710896287891
0.433060135757746
0.533381782565896
0.506704802945308
0.342647050897737
0.563791606883055
0.43250831709176
0.474174246678437
0.339169947295296
0.38943487512525
0.549493017030364
0.669327731460974
0.510735459728261
0.505242537317945
0.48063190982818
0.480303224992686
0.583984505770247
0.492255271797313
0.622412229792592
0.441794608213088
0.79764094227829
0.472482511248439
0.520333255583001
0.507062513756414
0.525534373132236
0.672303980440899
0.534573353780959
0.386236016916112
0.598343542219235
0.549702334743449
0.547837144846442
0.485099719411705
0.607631807906516
0.56063489365186
0.715365081110349
0.68731549243098
0.537019982671675
0.426633825085277
0.685615906132215
0.522278595949163
0.613075235373845
0.661652145322134
0.550387599469483
0.46839736518033
0.644852775801482
0.573114604642013
0.553951763548856
0.696521628778748
0.631107280773957
0.654403459953481
0.573531318100289
0.76674082766618
0.773273993869423
0.615699928792677
0.699342355117131
0.65117230165426
0.48128634482166
0.727729973852367
0.519348888774053
0.561816906067792
0.65708699230466
0.669943786386706
0.623668259720874
0.56946261610132
0.824638652155188
0.564527552005278
0.669982803400513
0.706648406919715
0.685205322618116
0.641869541334755
0.626130726579445
0.512990123510036
0.718221737240865
0.675644947291627
0.65353112713463
0.586661287112755
0.743710705456446
0.599423950403555
0.823678492692401
0.680974912626299
0.719911168238987
0.561864148351543
0.456439065252351
0.680763347112115
0.793417513699869
0.550346012995902
0.746209036360414
0.657366874229967
0.573356561326602
0.718836060932645
0.532396451377509
0.73807844667865
0.798020144616254
0.724575102985881
0.608010941243847
0.839969049754881
0.854522541653418
0.541981100346032
0.67737516699237
0.561050499097934
0.716188377917104
0.787141812595564
0.798444706814048
0.832069462518844
0.822021319213816
0.540755682886742
0.720046762356292
0.542957438573871
0.718532855404043
0.875447367680727
0.876395233343593
0.726063250131789
0.77214617672156
0.724732153603077
0.630904744748834
0.852744390765255
0.77130133473326
0.594965261032984
0.908659541351821
0.811208209912339
0.752834188459216
0.734831568088601
0.72440770872146
0.772765939986162
0.777077768846879
0.712808223033961
0.772337556288506
0.74681301689697
0.817711824137998
0.878574345657777
0.806329864906629
0.731623444475383
0.749277946622078
0.7166238088547
0.703059093462662
0.7750342373697
0.764719653436428
0.7134304675774
0.774775445581908
0.821886428424448
0.931336186995388
0.692532857068481
0.958296775333731
0.722441965496938
0.88137450956482
0.706569894866905
0.727515848043293
0.9129515738533
0.948127927565524
0.82739885991358
0.79562849294192
0.822362167300238
0.643672812376979
0.728600920077307
0.68491704487918
0.70679574326793
0.746330721991506
0.876425758926359
0.773059893666189
0.834843237680807
0.820290188821272
0.760826935703306
0.779168346669581
0.715653461526363
0.719361985181398
0.914333678801164
0.657146854659362
0.707853753829264
0.886673215254668
0.90951545519962
0.762159029795569
0.80144598876592
0.941708626234745
0.949074984581676
0.897881735457371
0.774963530713042
0.811071591525982
0.895256602581452
0.962671930257812
0.949202200864186
0.917920685013276
0.772911716375635
0.878074231062889
0.770189409613613
0.915707601503514
0.892867898074024
1.12417746910444
0.815715718740162
0.838299913840134
0.952549063184501
0.882051424819677
0.850843492883245
0.987155345453663
0.906990502077575
0.740679364811758
0.876344557245605
0.729240065713127
0.996571903458012
0.769276706971396
0.902644432646107
1.00790038263935
0.738497388753166
0.85616087676861
0.946560419291515
0.927682217025367
0.818743374131359
0.95287911429044
0.798193321493129
0.967080243432672
1.18234485754685
1.02538623935651
0.97269037861407
1.00772929982889
0.86105728507066
0.886089559686111
0.870364691608355
0.916190939702815
0.864533848423912
0.918989800886078
0.876521673674487
1.01731630528426
0.968473241046321
0.964851911877545
0.992057419387822
1.04294571979558
0.77773076932828
0.919759036511422
0.958870010257281
0.892777606366229
0.929887052063196
0.986616209642259
0.972024369173499
1.04928152111718
1.05651642138569
0.869807758526706
1.01299083149065
0.913915201934918
1.04173407575772
1.02948887459112
0.920787723006877
1.01358588194142
0.854464511704052
1.02351004808054
1.15491790054944
0.926577273051543
0.990810051826771
0.953485931320012
0.947704155958271
0.994159313118614
