-0.0763490851526699
-1.06339564457481
-0.929314446992211
-0.915248025857543
-1.02394605675888
-1.09784284070557
-0.911852436681444
-1.00311614566496
-0.963097323269773
-0.981015425117274
-0.902487031225192
-0.85920418234507
-0.972269394268199
-1.00118428640877
-0.97477699904433
-0.967192397020567
-1.02761063061691
-1.08267952010033
-0.971484375389333
-0.994392910433994
-0.884198934429615
-0.937093394268043
-1.1434896397766
-0.943346460859414
-0.877822698299031
-0.889955634642795
-0.94507165486191
-0.986310049199997
-1.00460547495664
-1.11770408461151
-0.963181725221387
-0.830041455076712
-0.895000171813386
-0.905605304364776
-0.918023302969775
-0.883490077007927
-0.849654413636757
-0.94195770512647
-0.847118551381292
-0.833978852966136
-0.823897803290471
-0.90905498604236
-0.900833093721215
-0.926918384201152
-0.945103934881726
-0.81242404967816
-0.908679765674159
-0.923742238013746
-0.895402420929591
-0.892162548180815
-0.940389382267711
-0.877159598369048
-0.86468161375089
-0.907070826201272
-0.967856433702795
-0.856646671897447
-1.04080891280423
-0.88807896124575
-0.934241355825361
-0.953289426194525
-1.01652981428258
-0.785259051972122
-0.911003328043689
-0.858579414689787
-0.730431880535245
-0.724224437706863
-0.857099599600806
-0.843664598167263
-0.838264548003867
-0.627502711824476
-0.921518880851845
-0.815936448955323
-0.818932899345623
-0.945711020816169
-0.891553006894977
-1.00942288120832
-0.88048011528282
-0.82857018970815
-0.898404138557263
-0.798350107032001
-0.798126588718816
-0.812148062779318
-0.780727306480093
-1.09987171189442
-0.762309706128842
-0.804925218311621
-0.849245835408714
-0.780522315785998
-0.993444789399297
-0.773590984155599
-0.770572983390747
-0.777414797234102
-0.92682743319479
-0.619898027201758
-0.840460357570025
-0.831476086033254
-0.723031676843499
-0.850893059523751
-0.844840528841223
-0.799769083265183
-0.804437259486458
-0.935934556218242
-0.885846140764246
-0.94976900378301
-0.791279060691394
-0.845095344215852
-0.654570281944157
-0.845815866140445
-1.00547330097448
-0.819749251985388
-0.821961105950482
-0.847496575348205
-0.764983467040389
-0.706496963702752
-0.812121085247086
-0.876034009721557
-0.750081841827601
-0.790555706286997
-0.668706283293535
-0.71337295561373
-0.758942548083654
-0.648467898044108
-0.769828560442315
-0.668170398133304
-0.646540143477231
-0.76553401373957
-0.614579802809515
-0.841159524849834
-0.756290293468524
-0.630446717255699
-0.84093770037438
-0.697988611558788
-0.931493817939401
-0.718316805990571
-0.743787036876658
-0.704511238989013
-0.81231684654392
-0.844115382886205
-0.722821162542201
-0.741240804176026
-0.575317248045264
-0.634084311363164
-0.715067731195548
-0.699613430526535
-0.573886861794289
-0.593125048735948
-0.610405433537487
-0.761759650594655
-0.665031563840209
-0.834953001578112
-0.746532515480004
-0.642245529123699
-0.774182177480617
-0.818400124630589
-0.654699390779087
-0.670789142773931
-0.693044031427516
-0.755281450493415
-0.680142044242724
-0.573027843564994
-0.819903103886417
-0.588450108709527
-0.689101417133903
-0.496715057903695
-0.695248249770005
-0.75987390250652
-0.683454882066668
-0.568787163117091
-0.554321435192013
-0.719534098980858
-0.643897116375132
-0.777873684186087
-0.620615755557046
-0.654399681809011
-0.633618159840909
-0.708581501523883
-0.760863142049872
-0.669394052909995
-0.848661123669152
-0.639526024375441
-0.565885413790339
-0.789773127014177
-0.680231758359855
-0.600670494352058
-0.547299356061038
-0.605640727061046
-0.675050045671064
-0.619389624566386
-0.646107441720067
-0.563774970330364
-0.812600733722457
-0.622267429007819
-0.613700313894181
-0.691576271652937
-0.567879792961806
-0.557174653150759
-0.385108712937439
-0.614655542787922
-0.738122764498056
-0.716363828347992
-0.582599756345232
-0.752078708656417
-0.483585503950052
-0.60086045985315
-0.570698338817835
-0.529305904124438
-0.565620936341299
-0.762852503177053
-0.65793442761693
-0.477827792127607
-0.67597278791672
-0.459350369427293
-0.724658227829771
-0.531581166357583
-0.601841877041686
-0.550274497357089
-0.510061743009076
-0.495094160848897
-0.565591894904495
-0.495449394492348
-0.65009018789753
-0.540295370121943
-0.609924761046345
-0.557698198046424
-0.642597153302833
-0.545100851103749
-0.568932668588776
-0.465800512276323
-0.671770769734705
-0.785052446096293
-0.614626912109748
-0.606732614196973
-0.568806489239426
-0.47159921967968
-0.660396447276164
-0.524592825004805
-0.468623077851159
-0.422709955573186
-0.606918052632234
-0.52798212093681
-0.605811953461163
-0.325445158746342
-0.499703111525098
-0.449584799140849
-0.574158519135392
-0.580337420421199
-0.498722244416776
-0.512605582748322
-0.3559463460441
-0.317602339761851
-0.465950832771868
-0.503759523726594
-0.501744831719015
-0.502851476996401
-0.429422243429772
-0.558371882896934
-0.414099419975267
-0.5672392376132
-0.43216968144181
-0.554584191294434
-0.428372018921798
-0.466544530342522
-0.320020241485159
-0.54008497716115
-0.412719678130979
-0.603329059661158
-0.622376681256253
-0.500151261738846
-0.587839860927501
-0.430961613149952
-0.40978205525919
-0.475872943774997
-0.368438365489567
-0.552811093091197
-0.496430914801255
-0.479151487324162
-0.549399994666881
-0.377096571036752
-0.461592482756293
-0.332172736917639
-0.514942974682949
-0.574778990734095
-0.391085087283559
-0.496059820008249
-0.483040219980126
-0.414529377844059
-0.392592601585232
-0.383034803785695
-0.426280761432495
-0.35073473536905
-0.369437921861861
-0.612412832489881
-0.433003529684254
-0.513406706099443
-0.434025314859586
-0.402890280933385
-0.413336501655078
-0.361463781949837
-0.476908785485818
-0.418899420910447
-0.415061561219242
-0.338471969432758
-0.430543375932295
-0.511932220782263
-0.479580301662482
-0.391068353219554
-0.271926314307471
-0.395276429525734
-0.326148688133844
-0.265805810072806
-0.413255899396993
-0.335421796998896
-0.318749850651053
-0.444250852646202
-0.485844015505406
-0.500586290587282
-0.227855330384642
-0.305458661658375
-0.277337470191106
-0.401317810344258
-0.433036347437438
-0.254810075278675
-0.34062390372756
-0.423552315884794
-0.46962811437129
-0.421340761052653
-0.409048153669718
-0.422374144487808
-0.401406442234646
-0.418081316370255
-0.181365984026639
-0.408527336439586
-0.324373685532314
-0.309924426599354
-0.424706979317775
-0.310160390003438
-0.44907773722568
-0.268054665232244
-0.192239028547495
-0.33516391209596
-0.387379678060012
-0.501461625679978
-0.347969547180223
-0.327467001384705
-0.401782865226201
-0.20755620344223
-0.242413550823348
-0.361471584040381
-0.124693486213754
-0.195379012298167
-0.368864371034398
-0.24141079819353
-0.195919730598863
-0.148052540694576
-0.411334881271871
-0.366884832952661
-0.145066293590624
-0.249014702038217
-0.262665993226904
-0.365559850457622
-0.337480384062592
-0.254627707344275
-0.350012953474155
-0.17315781785032
-0.255696881052757
-0.269632780058268
-0.220413963991827
-0.267792229849088
-0.148417091488594
-0.164337798444564
-0.232171042712075
-0.0485415856539467
-0.365322562057973
-0.220935364505376
-0.15186458506401
-0.195542673588327
-0.233393131812837
-0.357196359936957
-0.212134804671794
-0.343671339471916
-0.122733595494785
-0.218311123331114
-0.204635294845729
-0.305385639312539
-0.275928555635624
-0.203131125329314
-0.272626782818922
-0.164403015749308
-0.318258592612562
-0.104465315477919
-0.229936411539299
-0.15727914506095
-0.15247242858604
-0.130505750692588
-0.281955919049993
-0.160840725588632
-0.388993036902675
-0.264861559965149
-0.277025034434802
-0.216303574121638
-0.0314773134228421
-0.349265831804882
0.0824073336275586
-0.234029427138413
-0.144423991448883
-0.145633873100423
-0.130196726471005
-0.108352780683811
-0.0603572227791994
-0.0601680815111212
-0.0670119732003643
-0.244176592585359
-0.134933264103897
-0.0839577760870083
-0.208172410679756
-0.0843929325481879
-0.256708918625831
-0.0871416376705168
-0.0655162383971861
-0.14607445403449
-0.0714741397205166
-0.0764805658588268
0.0231946200848122
-0.015511238879471
-0.115323441679875
-0.091006184196368
-0.242355862641669
-0.0728750934347269
-0.0571485288067642
-0.0530373860267492
-0.16542923472606
-0.219053923318009
-0.115150110010496
-0.110238676739743
-0.100845811226346
-0.081387184206108
-0.265499005713526
-0.16447494539751
-0.0933670886218673
-0.257199427756549
-0.046439172431954
-0.287633580784064
-0.157384379229597
-0.0691503094108489
-0.104538073486162
-0.20365339348081
-0.129160922360071
0.00647535882890966
-0.087976723318863
-0.0311998498896482
-0.162794859272816
-0.102153853715124
0.0378389348906477
-0.136054729748695
-0.179288639665002
-0.0246179932575587
0.0112530234251565
-0.0696009686376842
-0.035508776436214
-0.0164651204317899
-0.107945527778443
-0.101559031365077
-0.133657141254851
-0.219450932212725
-0.115826223527407
-0.139110363990644
0.0914185202769484
-0.230728355059811
-0.0357499285922746
-0.0652488347910084
-0.138680401262392
-0.0760031981391572
0.0768730769317333
0.0686981663833623
0.0526038437359479
-0.096466548212559
-0.0172604567149323
0.0418431241229931
-0.16489535725156
0.124021918738516
-0.0491971634996889
-0.0674444828252385
-0.145656219491576
0.063836835152057
-0.0135250231421914
-0.144906767162036
0.123709240657027
-0.0654346855171777
0.030590228423241
-0.0792598079538901
-0.0286587317222322
0.109590290838574
-0.0828951342478249
-0.103286808572247
0.039076395312823
-0.0628373204674905
-0.0389947874052872
0.167915784418773
0.0554257070270843
-0.104230367908991
0.0768041780327543
0.00320566574937293
0.0826577852960751
-0.132526851918681
0.133990181837429
-0.0160331719868133
-0.021778888303557
0.220562479481498
-0.0427884112216207
0.0247976179670965
-0.143973906359974
-0.00995548843421403
0.0295714978874712
0.0588771959336873
-0.0155612086772787
0.0132469699344182
0.0796222571050974
-0.0781701638323097
0.177741780257579
0.176580653998034
-0.0613083339982337
0.058971692462259
0.169197158385811
0.0844457649277796
0.00694073785962475
0.0701575092854518
0.159584302550586
0.0727019657961261
0.296514316953647
-0.0104466041238657
0.0260459339010917
0.0467678952394888
-0.00379304312900802
0.100720022741819
0.0944559338630009
-0.018755139636071
-0.0235477014558823
0.159025796232083
0.0979759145888393
-0.0162697139617224
0.118598885062096
0.178910131735753
0.194372827937766
-0.0181879874626125
0.219777678214459
0.0706628804369678
-0.0411235975166058
0.0227414751174781
-0.00181899359290304
0.202141554269712
0.141245360144756
-0.000480149359727012
0.263366972159738
0.0156046240096099
0.0119896165589717
0.0658824630065931
0.0829205738409825
0.0653835370591936
0.0161945644667606
0.109260037437156
0.084981476926902
0.146377144970535
0.138959781737265
0.0339868714033242
0.106262809441047
0.215845010569902
0.185301652237063
0.246746831522678
0.0553318777440093
0.209510805231977
0.164538898824122
0.19382093684324
0.105750099931125
-0.0154730535637994
0.166614581347912
0.253420988488383
0.281805939376566
0.246035355444866
0.12245369841851
0.275078237272018
0.274279115146403
0.127595483508228
0.114566322412508
0.189220006885351
0.162231601568059
0.112872570769976
0.19645640462088
0.26613362803927
0.329960115238158
0.118577537991384
0.12926076735614
0.0727075582717233
0.196017928944667
0.115182660934454
0.209340671202247
0.186250956313196
0.031499697708438
0.147491447406263
0.210184287585801
-0.0360810461095813
0.223958152226093
0.0618394371470425
0.189678612594943
0.195840596714223
0.238407805253007
0.314634040224535
0.117553273033039
0.248509207120281
0.114595910294772
0.263897849884579
0.179974792002503
0.339344178165653
0.283117052593938
0.137368417875397
0.205531893581291
0.35992645396221
0.297305848026299
0.0851699431744187
0.285375997530743
0.31844339423352
0.245564165931142
0.261210354896535
0.302484667247305
0.337192036301533
0.234868627242258
0.284555038333577
0.233449533323564
0.244928129880693
0.286943883390631
0.283094210278549
0.0972732597937003
0.335055475601865
0.296456260391165
0.385956458832345
0.337480392472779
0.166944495950474
0.34355882891893
0.174506189450863
0.253475337818638
0.276698684547043
0.383830703522819
0.227885286392811
0.260664673409803
0.320672257075654
0.338125826151309
0.482316273941472
0.487407169436138
0.148218239209006
0.354307322959633
0.386901865376527
0.303240307634315
0.20928070873144
0.140556735924952
0.215855071003437
0.235855917013668
0.242616898178705
0.389151478749891
0.195406876043199
0.441117906289351
0.202026472809468
0.476565295059961
0.358575994792127
0.289223164092105
0.301724667581744
0.335781481929038
0.198770573015439
0.0879886160135928
0.38605145891592
0.373612367280238
0.365793930322173
0.415092718410871
0.350961003709275
0.307713500777272
0.484376280703173
0.200844831665983
0.431829854940324
0.425310240729477
0.165159498719989
0.423748464915609
0.38759479444888
0.344872103853612
0.251877908643731
0.383615720393203
0.478682866669111
0.293049179903104
0.350611922385733
0.422466239405261
0.398390049348685
0.296405726561353
0.385409855632111
0.527988417435744
0.273118749156928
0.342513292062352
0.367294834659884
0.526320759077861
0.321963764433799
0.455113039977487
0.355332830499945
0.417543004150255
0.337095102559843
0.334573901413991
0.44316800394846
0.462811886254517
0.497014192472314
0.453046640185587
0.316607504295232
0.360712013253074
0.416143324320391
0.453084287526113
0.373164449401665
0.494473138744241
0.448671852250729
0.341908132110634
0.401132591187156
0.341193463819311
0.484354626992686
0.408327210255347
0.293205617886803
0.606175167926084
0.326850621124523
0.473147433638912
0.47832798535212
0.370532956036736
0.40623521171617
0.470698362856102
0.341273685376056
0.505426391074367
0.461162087241287
0.448429238744185
0.449691869697191
0.527671751530413
0.47468025332447
0.519277626512451
0.384059725519894
0.49020378112914
0.502003661789221
0.55245605989147
0.30132409237075
0.483746173709404
0.397195327949222
0.568244926978923
0.601653976108146
0.489214000923629
0.518059245960365
0.486219612055478
0.507356345814825
0.514495830103694
0.513331139893046
0.47918749191314
0.543820154524967
0.531272033113788
0.398070047191983
0.54257819109881
0.433188202374735
0.536733565663973
0.520385942513881
0.333017572453652
0.563542285859599
0.425047629791918
0.488845430894177
0.328441949072095
0.407800392023475
0.565859778664116
0.672668640851546
0.518921460712852
0.500577512213552
0.47458642946326
0.469036794016249
0.604768104039385
0.496628205884315
0.62439371014733
0.447708051924621
0.787237549995925
0.466315872981089
0.542462777301154
0.530608517295616
0.514629175259497
0.681533263900982
0.528885235211733
0.384217854836184
0.569957723908285
0.5750609466757
0.529061080479724
0.489604551715974
0.619504173710538
0.565374512457511
0.733544676404453
0.667574959885449
0.528340834194801
0.435406273126276
0.691324666829711
0.506709536729521
0.602321772423843
0.662152488899181
0.521034351555767
0.491242684696137
0.623867118245499
0.55832980016916
0.560696241546773
0.684650492779021
0.632273842630625
0.67202893371567
0.600137920631367
0.751256710845837
0.784148389402064
0.614541977528198
0.702045493205347
0.673649968365145
0.468777537991609
0.710310470326183
0.514785606501039
0.565838625559503
0.661913404756509
0.680622018118895
0.643037406152707
0.564494910257674
0.847147990963601
0.546829032696795
0.670498862275464
0.701645827891596
0.709017617517243
0.648405901218323
0.615998485210165
0.505416989933646
0.70630709646491
0.648322908161953
0.643899733025458
0.587096031807683
0.729762708583823
0.578372457294205
0.828155075837767
0.66590703490565
0.724439580960623
0.557921866059394
0.46192582766829
0.70585114196557
0.788419208116082
0.542336376759209
0.741672258913595
0.646521439400338
0.57460692022293
0.718337723851627
0.51412231164101
0.744814509194233
0.786338692488879
0.728339098408661
0.592023682362221
0.804718838496246
0.824629805497794
0.546710682129418
0.71396499737672
0.573362559266534
0.705925442429114
0.766676317789787
0.797997710318797
0.806456465837445
0.804295891082302
0.553099054153775
0.717218563130429
0.540114080119436
0.733518677189019
0.859587136241655
0.896492910287275
0.732659815862732
0.781203430676598
0.724114108905367
0.644232271110771
0.840319325660152
0.769927330156311
0.600684146372887
0.908114096473089
0.840786736614999
0.73362006921302
0.718187863794228
0.738790092376588
0.780954148391773
0.74573785997884
0.70172547811964
0.746298334820244
0.758096128878542
0.821316880817115
0.859727132319121
0.8013448289918
0.746279651647132
0.739623563489242
0.694047498265515
0.686979978041686
0.755038749038179
0.758491578827401
0.704339152101361
0.762548085566723
0.81620630160952
0.914889715962722
0.675854074806515
0.958665226728645
0.732643257904314
0.878041482178802
0.703296754863835
0.740581883678865
0.891500975970704
0.959684165986158
0.82390555862392
0.785055457821766
0.817215348504477
0.650223136793395
0.746337847455231
0.675024625057073
0.679672543872998
0.743508080487942
0.871790456244965
0.750802768171999
0.852841585273278
0.828644666573239
0.758297035512006
0.794553124687178
0.728656107516009
0.712256328218598
0.927796904552277
0.6381996622387
0.7177408394211
0.890976800170306
0.933046029777284
0.773990993319632
0.796123295319991
0.925703776487158
0.974388759565602
0.886929761406553
0.788099775061184
0.821910340653436
0.904365705502627
0.978371915041707
0.928231183441627
0.917422961609005
0.770663445980485
0.852042087860712
0.747629532622374
0.928150930719314
0.910102886096323
1.12461503439564
0.825344852907414
0.850573874715543
0.945395271693415
0.8826926188483
0.849823121350261
0.982038245240244
0.916071271325377
0.738363321382101
0.858597526099815
0.738969311678407
0.980589807809994
0.786923256109693
0.879578716826835
0.978950027628564
0.74371218773228
0.85740866734995
0.949439705740434
0.907397544139847
0.807642775630232
0.947212782371692
0.790636493790424
0.971864454819052
1.17679435081135
1.01054503074642
0.966355858520941
1.01064210383985
0.874615418098362
0.880889428006147
0.909833915851897
0.896154119947996
0.883288974952887
0.909888349065222
0.874658405764402
1.00804700228244
0.967687735168392
0.9735467153819
0.990913837005456
1.05486775470498
0.772965553676486
0.903391757805009
0.962801132261861
0.900548337054316
0.928014034747308
0.988576060929835
1.00016797552658
1.03278234790029
1.07170298750768
0.860461902348024
0.994164542271679
0.909312644146093
1.02668357486413
1.04230221341982
0.968501734108349
1.03302969166747
0.844099462408373
0.983604029096234
1.14912324404764
0.905171113874611
1.00508255390222
0.946270320579888
0.934270256197018
0.999669820162461
