0.0582843190515071
-0.995711649135354
-1.05633719013698
-1.13422349823384
-1.00820546136686
-0.848390082753677
-0.899797157691348
-1.01535407504424
-0.920810587823113
-0.919747281476992
-1.0803114764531
-1.0346822325252
-0.935331348902099
-0.947243890483726
-0.919606920273254
-0.895882849184438
-1.14677696962624
-1.09837593621173
-0.934320173860385
-0.922723385847225
-1.0325899209364
-0.93914239729892
-0.902576696535855
-0.980821185012594
-0.893874852598922
-0.908264703742694
-0.948536366338998
-0.978411462007646
-1.0814051056379
-0.832517696926218
-1.01413674124398
-1.01289795916502
-0.969775619178119
-0.910340813377234
-0.947488594569667
-0.907996949550971
-0.927149354544037
-1.0074815515501
-0.916374714831802
-0.820541669888047
-0.85500770989989
-0.874137645454391
-1.05045688846593
-0.952047729206561
-1.01729243100563
-1.00924788084589
-1.01329363498562
-0.809412256075007
-0.885719752625507
-0.880387845325914
-0.937193580355362
-0.999213557012785
-0.749174754868102
-0.89642791763534
-0.815198213434729
-0.876882369612676
-0.957159546524705
-1.02283172438045
-0.910816301787223
-0.84165421728387
-0.95355691200657
-0.830553846547354
-0.722620045372017
-0.84052425804552
-0.953196423482528
-0.712461092112137
-0.835413544906053
-0.869899463965259
-0.735300458964839
-0.741656575571852
-0.802719861801935
-0.7853825143446
-0.912889103931703
-0.849136433742855
-0.811198139686237
-0.728426129771537
-0.918587135004596
-0.887965069629841
-0.870763570670066
-0.992932550137598
-0.888527552345167
-0.856092947930603
-0.880296689669551
-0.72764484176463
-0.777644281605754
-0.805590668272289
-0.824388063040238
-0.679530956199352
-0.714971408821343
-0.888704296270242
-0.726175611817041
-0.825558871755088
-0.715449578615401
-0.99286640486661
-0.849899210165012
-0.816962342207871
-0.816488650672026
-0.696271005300931
-0.777014158318931
-0.672958674213026
-0.834750808877397
-0.753237481077558
-0.831138703403912
-0.801361539603597
-0.849395383513105
-0.727222286039577
-0.69717529338824
-0.712568795338594
-0.928226257181118
-0.808553333208412
-0.942653356821163
-0.705050403737563
-0.781725209127367
-0.736695362515074
-0.848084460212164
-0.823010995030257
-0.778537297954743
-0.826976752689317
-0.938147494165551
-0.659147239790384
-0.808495706112176
-0.842484452327328
-0.831703062431515
-0.710778685553268
-0.758530734957126
-0.670924696744616
-0.785535845021613
-0.716117607652037
-0.704154814480453
-0.949930349586527
-0.686841009702486
-0.825644241343579
-0.627943165029031
-0.707891299134974
-0.654935207289239
-0.749698152117804
-0.797977106237319
-0.778806221019354
-0.731085623980946
-0.67581253481932
-0.622793413200087
-0.859281342660703
-0.692375623018355
-0.787894481124573
-0.785106578611516
-0.739584188176426
-0.680044198773721
-0.762216202100903
-0.735915037944479
-0.805449856071723
-0.695792671781583
-0.761696791000681
-0.772402404273564
-0.636170417807173
-0.793560470873432
-0.645212310774563
-0.652987871159133
-0.647845579815834
-0.729492095501546
-0.639087184756575
-0.787605951510794
-0.621104252267611
-0.622129766885135
-0.687593459299472
-0.652839033197938
-0.825326402745831
-0.424106197308844
-0.55577428657992
-0.658615524595928
-0.641098890274745
-0.739566386467746
-0.671822694898318
-0.567706084795429
-0.680500774114839
-0.614995996978252
-0.589032601561197
-0.604565609025796
-0.508907182700263
-0.639533458769794
-0.723910362292455
-0.677002574019431
-0.518087661667828
-0.491047519315335
-0.609680067666352
-0.640823842524759
-0.634484358263952
-0.564644963011884
-0.536891445869357
-0.509896662744836
-0.636612724336205
-0.71872038892827
-0.627036331048742
-0.659853242934594
-0.609363828141919
-0.568573588817784
-0.606618572138631
-0.656423448533293
-0.754208291823807
-0.695524961939872
-0.560982432379307
-0.651326210678065
-0.659318514049312
-0.628825393161631
-0.436986037939595
-0.530619362900807
-0.646380962975105
-0.577329030390291
-0.647109821299206
-0.722826912598114
-0.513604036314293
-0.381824516268069
-0.566052225009079
-0.660114713758989
-0.53064933461078
-0.697677206573116
-0.708419231764884
-0.492435239800509
-0.704310467018591
-0.545356020597344
-0.634483357157927
-0.626827972704298
-0.663011541127185
-0.424570515553966
-0.521851150202286
-0.576498336126981
-0.509529999214127
-0.367847260812796
-0.44893039991639
-0.675925413834308
-0.61456492788149
-0.395546451467154
-0.559430367146366
-0.520280597722222
-0.661823359925438
-0.530846456817565
-0.404549493907836
-0.584178144605923
-0.524226681846155
-0.635556923562064
-0.630938689489966
-0.592375153847769
-0.499655219445481
-0.473746441050015
-0.452617953467467
-0.325341316833543
-0.535356873020658
-0.478907337561391
-0.523919218955885
-0.71991661296808
-0.423266290431461
-0.604279881452025
-0.624387182487664
-0.535024623820812
-0.39718506999264
-0.479218558057781
-0.487018707671947
-0.581365875696867
-0.563666944181498
-0.6139156272867
-0.424924089530915
-0.551228678733129
-0.558631633840634
-0.470080248352575
-0.510840676773237
-0.503458269416675
-0.402864957473811
-0.473196980276249
-0.397407266874826
-0.464047478433102
-0.445910895941096
-0.54666868464687
-0.444016113652467
-0.558610923204033
-0.403310275550026
-0.399258587172379
-0.480105421899847
-0.370325300621826
-0.502396047249062
-0.494037984428958
-0.475694499888668
-0.438550634910973
-0.363504656899947
-0.407954915385955
-0.498824198243823
-0.411310537803457
-0.359626314541081
-0.531920324607406
-0.511946573027025
-0.28090183147909
-0.506182804512024
-0.373038073985489
-0.478503642520382
-0.401199384447352
-0.435481694365532
-0.466697708307649
-0.401661426960611
-0.472943500687693
-0.323383882331926
-0.442922852630141
-0.443159345412214
-0.452653903835193
-0.335446053083585
-0.34673891837205
-0.273511382787247
-0.298626929071795
-0.428752880561313
-0.252430370314365
-0.459619690177323
-0.476372206203412
-0.42918800652881
-0.356711321754897
-0.351424907735048
-0.322613687381739
-0.417354491075427
-0.488609659828344
-0.379028167220348
-0.30495707495353
-0.368197192762859
-0.344843627537826
-0.453809878570488
-0.416144560448739
-0.275162284694493
-0.310882100795644
-0.420125475093071
-0.295897365477278
-0.239690388655357
-0.258422592222953
-0.285200947353013
-0.297322907111357
-0.414845250923565
-0.528827180072908
-0.3518215380462
-0.311718120285119
-0.199777146483621
-0.297357570525162
-0.361019489495242
-0.320423817506141
-0.29481138639126
-0.360828892803418
-0.190950821997933
-0.388285468166828
-0.307550068653822
-0.403764951581577
-0.316285061341422
-0.298524445873785
-0.412706295756735
-0.275690835336151
-0.267396216780357
-0.390328222994185
-0.421235183872003
-0.313503604648767
-0.500096065710249
-0.307328734371635
-0.260488875215613
-0.201983156218749
-0.240843055098136
-0.357607967670707
-0.409836476023481
-0.283166280023578
-0.293866507948065
-0.325272216428626
-0.159910212947718
-0.220524545268263
-0.372571714623244
-0.402821649000264
-0.315345113141451
-0.23639364993941
-0.313402869020907
-0.298653327827852
-0.217311453486475
-0.268767889163051
-0.282899152140876
-0.262243249568076
-0.238231567296521
-0.223414312974694
-0.373294496710987
-0.289373460937805
-0.426875275623702
-0.188546536597154
-0.341632686575805
0.0496357341959751
-0.197073420333196
-0.312339487276509
-0.200573320427534
-0.243433367566094
-0.230611330507326
-0.182415504379804
-0.0293438497972002
-0.24666742199775
-0.174751348606593
-0.241438132630977
-0.118014366590863
-0.269513687216328
-0.13743339632775
-0.403699066089696
-0.195816371793298
-0.261726304406617
-0.241299005480962
-0.147997648736832
-0.299632936204819
-0.196875247718523
-0.158802221588859
-0.125211192885834
-0.19387242051249
-0.20007665688768
-0.158581927208721
-0.148306013484188
-0.219040948685348
-0.148399099442351
-0.209512350029934
-0.193086642788945
-0.053546778200484
-0.322684115313673
-0.265115824912398
-0.148650309989797
-0.0821184335963723
-0.168597226381261
-0.0423634538014071
-0.226937103922579
-0.235242519732679
-0.0559964781694793
-0.236855680583306
-0.202443006278209
-0.143450035941779
-0.117118858420459
-0.206237657365155
-0.0546133736291144
-0.0923348523277106
-0.0875616810977987
-0.249783502424605
-0.065483663800462
-0.0362956844017362
-0.179234451520269
-0.210668967923117
-0.0250883413862091
-0.189966754182444
-0.257332007189517
-0.281576069245858
-0.0589465265299703
-0.13625739619888
-0.0741731792618932
-0.23469510563888
-0.111770168814098
-0.115455697292331
-0.119547326637955
0.00385011086073277
-0.0798827430085449
-0.134783151372299
0.0400427143560987
-0.113709631163701
0.0565229920702396
-0.213869911410636
-0.103549809775731
-0.0516306912773104
-0.0282142072925638
-0.0467959341496249
0.0410301075113403
-0.190889986665981
-0.0415743435852019
-0.122735847889288
0.0134900708389266
-0.164796719552684
-0.0822039327023271
-0.000539985294544063
0.0263300091231581
0.141143039188115
-0.0789112183120047
-0.0749480473591094
-0.0808203710828613
-0.0550382191080878
-0.0332636723741887
0.0375107540028613
0.0120699453318228
0.0533332976832116
-0.0520204320008501
-0.043826199537916
0.0431292215563238
-0.139953702242625
-0.155341087762989
-0.0831188628075804
0.0752515913391902
-0.0465405135774863
0.0362489601796963
-0.0284146872283903
-0.150389358734595
-0.228973630116272
-0.0248839872487372
-0.0191503930709379
0.147068635870867
-0.0475233854847686
-0.0283244170978887
0.0490085378758744
-0.127531034606186
-0.131540863261703
0.0698538559989843
0.159013749966279
0.0617126718114386
0.301003771544477
0.00970005005451297
0.0418931041197224
-0.00156677363874459
-0.135293453865376
0.165038249348639
0.0116166087171473
-0.113530519342395
0.0508427861589638
0.00231910432917893
0.13023362267265
-0.0747932539533993
-0.0882205759886521
0.0541331447417353
0.0236633415387583
-0.0512948418949422
-0.0188116389938924
-0.067401470759968
-0.142523827314127
-0.00027072753929434
-0.125651196128143
-0.124104511878263
0.0323650418122777
0.176925149295771
0.0796493220115882
0.0800669628640747
0.20525047499196
0.0567353303018499
0.113071467539309
-0.0614438478649461
0.167842682390427
0.0632238519295058
0.0906604022795874
0.0603181481117836
0.224227113103171
-0.0216073687558084
0.13496469169788
0.0677817436269554
0.0585943175894046
-0.00865431475230204
0.0935675978107935
0.103672487519162
-0.0280358472748821
0.104270923397975
-0.00795423456073391
-0.00390880044301909
0.177382039653736
0.114415826902797
0.0492210922006314
0.0906996202733981
0.171354830901217
-0.0512825540200513
0.0328607792723294
0.180538624927705
-0.0111754654225445
0.163737586312433
0.0166068695548453
0.0900664048506807
0.0792603660130228
0.180242649475869
-0.00908825489876238
0.0427255756297363
0.163279374923189
0.161074952717931
0.105082377897139
0.205260921178695
0.150709550464794
0.154815169464401
0.111648673175726
0.0957429002842897
0.14740536550197
-0.00533691974182549
0.0873843108304114
0.112561877805042
0.207976740354922
0.222508027070822
0.187845344874208
0.189234494198375
0.128854633389452
0.0558196973100084
0.197711670775453
0.0650304227744609
0.132462779960662
0.0316880003974529
0.268554502780179
0.00461217096224371
0.186475737433583
0.0816154893832728
0.358545139629269
0.0462562550295004
0.113782853807
0.226261663442363
0.277170686885333
0.160217815356027
0.165117923967938
0.228061842783908
0.237183683764759
0.206557351614349
0.177791404954655
0.0825615250414094
0.237656208587135
0.240850851644739
0.115681275439589
0.203151054316657
0.0533258413544735
0.175209786050859
0.136349869785584
0.358163212361338
0.307845111098643
0.208742342152958
0.173981282096869
0.274931982327917
0.0307838605284897
0.112313994993594
0.189817892178261
0.149127885062965
0.0820506317021994
0.195517165217461
0.206199644298976
0.0367584656068047
0.171186124805956
0.265655120685753
0.26296458458249
0.360292581890207
0.171227828289429
0.257931882818371
0.245373348790456
0.400453977918964
0.192607603596062
0.159859660853692
0.222767242139801
0.367196079811427
0.323768627329139
0.171273412951979
0.258655087930022
0.302397382059561
0.0915917848335768
0.349223701319607
0.358945937010523
0.302360184821251
0.271996583158451
0.164617898387401
0.254552965021351
0.201872160236959
0.176443509039431
0.305257349128479
0.284699748617756
0.294498617038215
0.239387983433084
0.3765803912476
0.136458703042165
0.281131067909056
0.391191344419351
0.332308492555118
0.299929833665628
0.438404897514189
0.303308333887727
0.249603166382955
0.381074928051547
0.372996666301851
0.373781613089684
0.230466601412708
0.360226230022839
0.375242590921266
0.237039476666862
0.377806379061118
0.296827365377889
0.314817894891771
0.265622024255534
0.283952377789937
0.328531278986705
0.312825664284989
0.392011781030373
0.359873427131521
0.322812140350294
0.293375441291668
0.383482935893007
0.398663623726149
0.342013068587804
0.204578707724808
0.351164929297967
0.352867702171363
0.251481549716192
0.357462595563861
0.313129426189703
0.288211597499693
0.396385038212471
0.397456828537736
0.421424491470475
0.390571147116919
0.286499082591666
0.258216444285216
0.363072923845115
0.315581163575501
0.316880095524282
0.363965317734525
0.393482691652009
0.329587810459007
0.516194553874789
0.556840204455202
0.425080377725445
0.468670771806874
0.363835412079985
0.428211147371843
0.551596030844775
0.452288927394456
0.482727590566545
0.411931771348395
0.361573474902393
0.47145911898851
0.188682831498017
0.237234768663852
0.414568868608675
0.284006870734088
0.458091271145964
0.502992820501965
0.547964544140973
0.267464684228642
0.535454829005477
0.42231689465789
0.366951113475821
0.423784692024014
0.353074291192237
0.407820529066494
0.308593070193787
0.627181406304482
0.372639712769919
0.639389414263919
0.564883293778404
0.379335615857555
0.399093881932087
0.286009841249051
0.433067937762668
0.466999067924847
0.59645381100002
0.416931593529943
0.54388272376813
0.412729867915181
0.427488951730676
0.453225650922495
0.41253497813253
0.467906186949574
0.322495876478064
0.39891906642804
0.418678134420337
0.454641232431353
0.396319303461009
0.409215637800141
0.574699341262266
0.380089196876358
0.531624676337851
0.535708258289316
0.464665990490002
0.651793252464889
0.458457796583914
0.590811721450415
0.523576049456975
0.59427779835148
0.421418339423248
0.542363303850418
0.454654854675371
0.523497392247457
0.555268076310712
0.53908735623949
0.520909446683369
0.477422897694325
0.558096669826667
0.549426421961632
0.550223639570519
0.46828119858215
0.639366084000196
0.416487087338537
0.512567927175398
0.406632323496669
0.581352958881161
0.546263964650171
0.485135018163203
0.543772256659667
0.656651955288154
0.605213048512097
0.46247147746991
0.412740176359982
0.518393974634122
0.566695883534233
0.631586845584542
0.528241542678461
0.590872081811182
0.683931387867494
0.537314321238909
0.499154143955876
0.687175947074657
0.53753362954243
0.564497846720231
0.686392794660308
0.627605090792942
0.341406186933589
0.541686820328631
0.624889649009074
0.516194164576412
0.697467552062396
0.668044350886217
0.476736822335476
0.585990529035517
0.617774679758721
0.600458972576632
0.481315027367077
0.542121430776237
0.54878884685555
0.714275361832792
0.544892536607648
0.439168362668289
0.688892482826454
0.48543632172908
0.736307973818081
0.698512782926694
0.628219926979803
0.589754586796407
0.689150423887429
0.59595600213944
0.70281112503724
0.659803247283911
0.528805329535044
0.670805577625712
0.719517579765306
0.576837227094392
0.744123181669021
0.652652207111318
0.640578315522653
0.603719552531966
0.769789999254657
0.67896687545618
0.668766147404384
0.673998734070785
0.6866332902429
0.599548706661968
0.72126475020428
0.751272962673459
0.741392238735142
0.782849979667032
0.587817462077412
0.678505752798304
0.634792798038743
0.689563411601781
0.706567423080573
0.780977977294039
0.821539448883011
0.735841403442242
0.477373539705836
0.667800176800088
0.66206682221174
0.688398602647031
0.62695928985057
0.702353462030429
0.684691568299624
0.698522857125482
0.714523106809111
0.72087307683549
0.789595863262679
0.725579389073282
0.813084466464972
0.81290422346241
0.729699818471227
0.683894747932549
0.847819719775038
0.627100060149449
0.647752466268233
0.777759049105235
0.707323533503896
0.577092264359858
0.631444111023903
0.591539994525698
0.669311192233245
0.723873767300972
0.71414791295023
0.734916868945688
0.693557620548885
0.593346905610295
0.713034179422738
0.842816192860297
0.667368372160101
0.738633027594465
0.656879583611101
0.719542907332438
0.819102619158265
0.79576319725887
0.826700207277135
0.719798630762509
0.864089898778381
0.747045086566153
0.826183687758352
0.711582785917787
0.82015241449071
0.910488613028424
0.730820625417523
0.778032096134336
0.954857046495321
0.886476637042867
0.695017099971513
0.836974170174374
0.836604966827926
0.750670548936531
0.862821922786978
0.792772709049555
0.828971146933093
0.732239558834835
0.676655331113664
0.91341744178046
0.773485469071694
0.681841087224611
0.673733656677936
0.782476932863329
0.977207949034827
0.844617054437976
0.862226130426557
0.847151430791487
0.980802205255509
0.761976098973383
0.760367161010149
0.822836486286801
0.739707464597269
0.834621641576684
0.959601651230757
0.932810979899295
0.824581493975971
0.919046401614096
0.812789056014352
0.758553739595017
0.850863547544575
0.792925733049002
0.759772388075926
0.798499688615906
0.777110834692903
0.854858860663737
1.00317659907224
0.997625177845088
0.937330649693806
0.788842939335458
0.805573664212717
0.889435246386099
0.978291664080189
0.758588081539868
0.90202467376741
0.801692543022085
1.03349308804889
0.883122528654454
1.10005749059818
0.836518561490897
0.943029843708925
0.885576712193817
0.942082112388889
0.871158464471239
0.807452179489017
0.924696781487726
0.993582110561375
0.929304749548169
0.793262539042491
1.16886448810358
0.944461151719819
0.833430076717075
0.804900235758492
0.895248791986714
0.946352952822619
0.700155298975907
0.948282163931332
0.861532443863925
0.999944672082346
0.915850931683126
0.929681609983079
1.07426052344808
1.01339024060214
0.974627085561274
0.991387520898926
0.9128460332289
0.979150471094114
1.03122873873102
0.905494763023727
0.902650465146237
1.01638682547579
0.877266521275957
0.978477279969151
1.03332369033987
0.982223102850291
1.14621874940788
0.95371713615986
1.15503029594295
1.00423877030721
0.926250742448226
1.0586848679973
0.880980152194255
1.06326707459923
0.904295097938542
0.858899379814573
0.956546130122711
1.08308851814298
0.976165290515971
1.06847400033421
0.939659020311582
0.907336595522725
0.956560040396056
1.04330784340077
1.05754121699602
0.977768782475472
1.0356912010504
1.1178784974134
