0.160208485060784
-1.10601551807234
-0.919184064896437
-0.951583141247696
-0.983250069844165
-1.05489430143936
-0.949636124914061
-0.943443807730959
-1.02330638339477
-1.01333271113507
-0.884090130011547
-0.968969095099484
-1.00491622122015
-0.906550385328079
-1.0169904280873
-0.966009161756095
-1.00238812709039
-0.972671297456443
-1.06193773870525
-0.952097110472741
-0.935206901590714
-1.05276031388857
-0.879593238655686
-0.880443005706045
-0.842890991036751
-1.04843876659941
-1.0056160846346
-0.949594342931163
-0.855755307296142
-0.950796616708004
-1.04240057724262
-0.938453087833708
-1.06977710113487
-0.872559702222127
-0.984217631291249
-0.856737923375761
-0.841134493891649
-0.950569575986193
-0.854346812215083
-0.794470990708729
-0.998198535559126
-1.02516737642891
-0.669183167981528
-0.943795537716195
-0.919386174811471
-0.834427275544927
-0.902710489772449
-0.926992733680276
-1.12103349786784
-0.986052063710049
-0.804529206590431
-0.836071537870854
-0.857649079281786
-0.7867231381819
-0.775282575421835
-0.980976595490714
-0.995780017442034
-0.771345203756288
-0.978385300528196
-0.870274611931058
-0.931939053536735
-1.00957858892277
-0.879298462921941
-0.825444943933799
-0.982095403490868
-0.901947458624462
-0.946165655719807
-0.79603843442017
-0.907719625502857
-0.998824297770215
-0.901322105690656
-0.961166848075345
-0.731200766591696
-1.00158622478156
-0.869473554694068
-0.837700386301444
-0.795699004242253
-0.735647119609256
-0.852779307390669
-0.765167036436646
-0.793733595647386
-0.915127322562795
-0.848064019338926
-0.959355214271581
-0.705727717684082
-0.941206436229762
-0.833208437223286
-0.971809271379962
-0.838350078924437
-0.831634653855004
-0.761742317419159
-0.812459433034657
-0.832910326323019
-0.776249032866333
-0.768810039610371
-0.89080874946773
-0.686465515243033
-0.847769124633914
-0.858788987068069
-0.909652322015191
-0.780173804478281
-0.874027750671896
-0.831725330795363
-0.744162780402669
-0.812222123819688
-0.78198058836102
-0.806731818659919
-0.869884557172957
-0.828806314770311
-0.956185598685559
-0.755688554629388
-0.789682191815572
-0.74658891164517
-0.816851542452946
-0.763254916420824
-0.73470292458204
-0.715550662398535
-0.862236559509406
-0.754368935146042
-0.724203373030419
-0.762636186420711
-0.784276052024135
-0.783589975811589
-0.789513425787945
-0.789421970906882
-0.744278437893936
-0.656301860596084
-0.748091977660875
-0.735580993633476
-0.831405665785042
-0.802882731653338
-0.819885500151793
-0.792927741858184
-0.818975008880972
-0.704105716717842
-0.545363082377243
-0.747367973378016
-0.629253531371752
-0.733283592393733
-0.683888216746214
-0.726599721539981
-0.613474480455558
-0.822720105415917
-0.671833436331806
-0.770769350132479
-0.785131493000147
-0.744941432940531
-0.700117953011822
-0.663445697658114
-0.761685138252359
-0.671568080684513
-0.643931572806427
-0.66910408674755
-0.65240396140674
-0.752117084447041
-0.71456948712252
-0.633683474072421
-0.564313767948188
-0.655514025913375
-0.655330995128631
-0.683394724928441
-0.680854873434468
-0.546238434133612
-0.711576767503378
-0.698751185703663
-0.792758521356348
-0.65213951492548
-0.692886061794496
-0.486223137779115
-0.714495741724667
-0.74106470019578
-0.688070547116372
-0.595210335716387
-0.714585533587418
-0.658987796371851
-0.690555083303327
-0.640160709474539
-0.670720311157702
-0.612595668390995
-0.816706401586379
-0.666899631837901
-0.677730784243186
-0.687869190769765
-0.726547935579473
-0.714155619681141
-0.638776253664748
-0.568503095267546
-0.72134354188433
-0.623951323680039
-0.746619733761536
-0.626570393099468
-0.691714602112328
-0.778205304780606
-0.651182400753243
-0.582320231161932
-0.395877090586742
-0.630227750466041
-0.588503843057429
-0.720164633949717
-0.630878143747971
-0.529295084194977
-0.560098261091866
-0.583821421510817
-0.598382517688979
-0.603265239014777
-0.564718706344064
-0.668998548176813
-0.454769070742486
-0.681230711756265
-0.544122319720589
-0.485554863140099
-0.626310696753951
-0.589190760247745
-0.542652080348931
-0.640504782738778
-0.636000297264876
-0.643677092930856
-0.44855807467975
-0.506017868118793
-0.489008535447581
-0.514380908509766
-0.63669828765364
-0.576883424676691
-0.552958340165918
-0.552030223656634
-0.527181481475521
-0.544609567977208
-0.610068601620873
-0.421417008189892
-0.53505732131337
-0.510245187079908
-0.423050365362935
-0.496091209621191
-0.530643215556043
-0.477475903303886
-0.494936350809312
-0.677894722546694
-0.399581667772003
-0.457488908334361
-0.653619845047566
-0.509854352060564
-0.573254985894164
-0.461482238437801
-0.46951073978625
-0.552669032213093
-0.539675779623039
-0.570246913348135
-0.536762960832483
-0.37387604462063
-0.567668795652812
-0.48866586612975
-0.618567608989443
-0.47494836388916
-0.391998428423638
-0.445381823307264
-0.580843103706654
-0.545546696201311
-0.30731764213102
-0.464863599935505
-0.455863774565629
-0.546413939042924
-0.470128066872071
-0.494842454297442
-0.337914961398647
-0.600831022184804
-0.460939561825888
-0.513442700304541
-0.401556995420453
-0.46025073076598
-0.505588949361731
-0.630424648068285
-0.374451354659688
-0.648721126174036
-0.483991178470807
-0.384317049391613
-0.48049173835229
-0.528058538579517
-0.444444667615322
-0.438207962854335
-0.507156413831518
-0.412803513935909
-0.468316984088327
-0.490892883219027
-0.53897134900444
-0.502400612432537
-0.373787389715496
-0.550549129764092
-0.465479264710786
-0.375105523902581
-0.446993148034611
-0.421008298541959
-0.426252413745537
-0.359536710284624
-0.56470815623601
-0.495523362078715
-0.360722943773741
-0.37314197860666
-0.45472232162065
-0.391981165927909
-0.32897960517992
-0.489622742399962
-0.566898064934489
-0.3581743555992
-0.386181321001704
-0.560040435227479
-0.408438136591094
-0.360395542544966
-0.303861706181567
-0.367051090395231
-0.340969162884514
-0.252302712914049
-0.462150522661965
-0.307574461766398
-0.571541408552808
-0.443771744600506
-0.318725666700668
-0.388378304423695
-0.318822589622375
-0.412547071229867
-0.367731730374698
-0.423464793781299
-0.27179591291278
-0.413000941526471
-0.338870188507157
-0.400019779007599
-0.369991345079089
-0.330659291880678
-0.314933459842599
-0.356368663420636
-0.329657786995621
-0.436624113207321
-0.260485654775402
-0.380968400681931
-0.305959813604419
-0.217890591733512
-0.26926245783716
-0.268630230292004
-0.486483735751966
-0.231914038200689
-0.156000124961707
-0.319181562682621
-0.414892640965027
-0.227313185410777
-0.268694332889636
-0.35028729098249
-0.396539595535937
-0.364387040413543
-0.563049844359918
-0.32829076043944
-0.33025871322958
-0.316542636160452
-0.247026161047784
-0.387960218210273
-0.171241717404667
-0.192494918254457
-0.309004199717942
-0.266014658906784
-0.263042679934656
-0.351480257305199
-0.298990199276786
-0.423592999191486
-0.226535210451519
-0.165876133263265
-0.416117256721359
-0.326887980510477
-0.361621609321982
-0.30918502976145
-0.245516503618033
-0.251000229487165
-0.37992996247334
-0.189784445502968
-0.216196757280159
-0.0228738303003171
-0.219301198525939
-0.355331644583612
-0.194511559062929
-0.260109901344657
-0.28721452370358
-0.235388604962724
-0.250790362225786
-0.43931160908507
-0.252140234240714
-0.247559864114673
-0.227157515536208
-0.228395790098165
-0.305209054358774
-0.0242482198969117
-0.0904824842102913
-0.207489133208458
-0.369588755487681
-0.389596883699925
-0.226122258765162
-0.25725683968265
-0.320223849734832
-0.239425931924375
-0.383032809992142
-0.163171398736926
-0.276386918636703
0.00561668820727875
-0.199669187869132
-0.262303895845537
-0.113711407817733
-0.172758905628179
-0.217642618922878
-0.123087043944804
-0.144896712543492
-0.230366871917778
-0.194164605898837
-0.294913070646154
-0.0978772325990169
-0.109575997667464
-0.275588364804372
-0.152628331167878
-0.175995983486884
-0.183716575761845
-0.171593206736159
-0.196857063798601
-0.140232878893722
-0.370360997873421
-0.112759944275681
-0.113395489587415
-0.154384569896359
-0.209162798515603
-0.0519843972039747
-0.336745230489828
-0.29639518954374
-0.153736617688871
-0.257119110211649
-0.203974761367947
-0.171986187474417
-0.122575717797706
-0.205755985510448
-0.135262622304818
-0.131502736905164
-0.0661107541923809
-0.199211708886744
0.00163786917946239
-0.13519748329663
0.0296136289849214
-0.00979125972608107
-0.064604843664097
-0.0726435866708535
-0.161301391760989
-0.175149980344652
-0.0622323626143613
-0.070232550437261
-0.200546872893042
-0.13595411536823
-0.0441718960599174
-0.150132558188275
-0.0758617967578878
-0.234347771942215
-0.0796104998798065
-0.189409895125644
-0.0489401562836099
-0.0812575216134492
0.0855322421362043
-0.0795399233837335
-0.0214071916731385
-0.0691129593957504
-0.144107683037171
-0.134701565531275
0.0636031819164247
-0.00647684097540259
-0.152054853168935
-0.0275647213579762
-0.0375748625496951
-0.0643416252278909
-0.0668227964126326
-0.0532362051751646
-0.00826866565446966
-0.149880604632447
-0.0393994183883335
0.095375240045718
0.0390503703339833
-0.193308038036036
-0.0551604792969317
-0.0505835616962995
-0.0995167702574361
0.148440497489887
-0.169028959606584
-0.0919972725520084
-0.0170177999711865
-0.0736130905707193
-0.0977969789644085
-0.0736794469111979
-0.141530371308201
0.0414978511021641
-0.0848272036373682
-0.0409688025314954
0.00382666320904243
-0.214511557624256
-0.0763400330742885
-0.109521761743503
-0.00244584535103862
-0.0598298220703568
-0.0521968411730108
-0.0184856705587979
-0.071952842225154
-0.193294868636832
-0.0517871943683354
0.0534475971254312
0.0978647570752044
0.0426409853529977
0.0907991368537578
0.0407530370819774
0.0136438265245073
-0.015657471799434
-0.0528175318388964
0.057993974854046
0.0464002813923097
-0.00410351434362491
0.114001612090959
0.132086480355872
0.0281808066388323
0.0278396788173145
-0.100898533184883
0.109073846688127
-0.0821898147041664
0.0613878202742374
-0.0180140771381896
0.0827239550581421
0.221399132601795
0.084011720817946
0.115983156277462
0.0587357476248712
-0.0083910810391002
0.134664804937564
-0.0285870522863029
-0.0300876864872679
-0.024310765266762
0.0601342376185274
0.116629126421643
0.12544125156703
0.122098564481583
0.048080899152972
0.0491278171806361
0.0452753743918687
-0.0105414832704754
0.0674537055371048
-0.0759978772831629
0.142851462595369
0.189016018129931
0.0973987483431542
0.203386561339447
0.0962178611502501
0.0262783474848696
0.0906550129567015
0.0975691029713858
0.127857941136304
0.101913046668007
0.0685742362535908
0.055801016017129
0.156344952114709
0.0318574021547674
0.117421210228782
0.283834671368176
0.135046154847996
0.232713318459302
0.11501108999649
0.0704464677164824
0.151439537128552
0.212667157664517
0.0958588143924157
0.13037747809733
0.306023160333789
0.0407328074407534
0.254310201407676
0.312033792065912
0.0748306508000591
0.128749604292188
0.248144145082977
0.0775980228129772
0.268696541402244
0.095741919744201
0.344490021923755
-0.0128968988316747
0.134584174957343
0.0721863604237699
0.184580827673009
0.0185500256977237
0.0492387374067483
0.165861764447057
0.148572940341013
0.28596898269871
0.209539574208757
0.153969158426659
0.246928276736155
0.183474581493615
0.328005466634109
0.216028479833163
0.31815258770089
0.0232374485568855
0.218619395325401
0.314174212671187
0.15912091559435
-0.00793033741269157
0.0763051265215309
0.175975524370825
0.220157649463123
0.195383861093501
0.207201063358398
0.0275596891439914
0.114221882060927
0.0551070596745949
0.196481885934406
0.16238656629173
0.284808787786201
0.0819550961323824
0.188124032476937
0.340676158572979
0.219227243873429
0.133034494101477
0.31222421707512
0.176917035284625
0.128643143925009
0.171206253041382
0.162553140978809
0.277130903130647
0.216690509115703
0.181338482353964
0.156743464209745
0.481523053650191
0.401623813257103
0.189471906965917
0.1780054458214
0.220675766868105
0.132235095971752
0.20476594570565
0.261032144752768
0.251488802908355
0.284367563475707
0.182094632679473
0.402639575340307
0.282116137121482
0.275070434795111
0.327827825335285
0.211775826825191
0.321479801715209
0.340372208052854
0.236318616191512
0.328999626718707
0.326627569974148
0.274570770052327
0.278430645649501
0.354449933602729
0.259475484931724
0.412131498552152
0.225356104084174
0.345112926199248
0.179185949895062
0.302637554800131
0.470832582592788
0.339020230888175
0.26948221960357
0.370793763913963
0.307802975066326
0.386583385579727
0.39642346520829
0.192461797109332
0.534048449005228
0.275079809968121
0.282347716066074
0.250755675654424
0.458398973636447
0.306646533540421
0.540508236562361
0.218464441052453
0.249499118409199
0.304561705065084
0.442063105812995
0.240305739686283
0.324480083363891
0.234585063338882
0.156638033193257
0.423609179455674
0.325684964467388
0.341825512097375
0.26110579180653
0.270042124662286
0.257975031528613
0.283300065481286
0.356592081874494
0.247775114691322
0.201276123791042
0.322392686862568
0.547494898213218
0.354724231803002
0.440049653546725
0.399670092513398
0.43794444297775
0.300820179812435
0.419614044663542
0.355794490115172
0.580161214737086
0.43703812640809
0.391728959422956
0.446404097113912
0.364707678245035
0.479271264770187
0.416166080013443
0.496406772920343
0.303558576480452
0.421400464201471
0.229495974040222
0.440960842246663
0.250468840101271
0.360193135737976
0.312562985424369
0.417340275001789
0.536507305561227
0.388753625055341
0.483781918867418
0.377304289436517
0.312850799454441
0.46415872749162
0.491785999365433
0.392390881440316
0.284449733357957
0.401099736481175
0.524417653995944
0.440049467638114
0.541416209309589
0.470753420838894
0.426620630880594
0.610592257473095
0.445368604760459
0.236784876969402
0.410237932659735
0.516114885321825
0.533941067827986
0.491678866634401
0.45136179172368
0.527739297181567
0.415873527154442
0.5034062949066
0.370462412459369
0.51793810390011
0.48857122713245
0.455098499673356
0.52525511714018
0.438809858588531
0.483050852020575
0.476422623214954
0.395881837697081
0.554818480208624
0.370472884648706
0.398547498850995
0.444484924029391
0.53053944316523
0.430233780705595
0.500037917226878
0.500737576483934
0.458058944195661
0.509840755738764
0.554037678942429
0.631510477306715
0.501447901272343
0.439580059452327
0.491797919320631
0.38419816894886
0.436052398706188
0.48601346645919
0.702918995849281
0.424446324189487
0.413828544515973
0.491004862917986
0.489630883498647
0.679411595682467
0.401835841594373
0.512618587577394
0.504892981134888
0.447842747720243
0.535412308210405
0.631388660651834
0.567347730268924
0.363498216619657
0.518858650280595
0.585273380214058
0.458837845014353
0.656692904455899
0.646488056296844
0.644219996233407
0.62914262314559
0.588855331451505
0.555942059157971
0.513732470210943
0.532336154120279
0.647366790384501
0.630783950582752
0.525404151518919
0.668525842651851
0.648570227160692
0.55857722661596
0.564186575316693
0.722159656733192
0.499137701731711
0.653382723302151
0.616544011491737
0.792659737041264
0.540549821934255
0.453511251811571
0.534460705082516
0.661456386100665
0.603649489010965
0.665802384320905
0.596218766748093
0.665641483828664
0.761032333552838
0.692923531496539
0.626810121541535
0.613821493379783
0.64471183854981
0.720478487853764
0.63071168899228
0.608674272986757
0.647619536890804
0.479833252573398
0.597185774338042
0.541734408079051
0.66494086606987
0.447783859547049
0.731503631692608
0.547936653780531
0.593660560922703
0.492739016485007
0.554013632253024
0.657898794230665
0.735867676373655
0.710559263901646
0.569467175460753
0.692830642327641
0.665958638330581
0.654333191137274
0.779345111474537
0.637895686627145
0.594038364732403
0.598295971337181
0.725824049154427
0.730116817539477
0.827644710810638
0.546000030618041
0.648025814216775
0.787446413854778
0.722318585491995
0.686636272064451
0.613507010257784
0.835579831861285
0.61722763401927
0.783926509870662
0.807588232547425
0.679059512915706
0.749783002286688
0.779393208551842
0.759943945751272
0.747907259031258
0.797001480157436
0.60002713606997
0.808454124604109
0.753685169962248
0.738523411828028
0.710959565751316
0.794797748004586
0.767144269383836
0.749243350965613
0.844457742420547
0.670395132593567
0.658693184227734
0.602906130833093
0.742606845393408
0.76383380177838
0.635812844715889
0.769488002409318
0.724510116160365
0.654262855838336
0.977383015404516
0.789838851601561
0.703213911879719
0.910744000219368
0.71147040568837
0.795543219043951
0.559061228611493
0.681914930620051
0.725324159042461
0.720208893304941
0.781744810279489
0.757002120370285
0.801266134083656
0.840760523511206
0.730277665535437
0.807711783787832
0.797861137324221
0.652119076671661
0.733863376165472
0.723286779388668
0.733579513170278
0.774755245876481
0.767390485563334
0.793943322697213
0.898169613172808
0.768244145173742
0.70806993546078
0.767025965179233
0.748791892917819
0.73869803919824
0.767977264146881
0.853156452523521
0.842899324343462
0.896589341012893
0.853466106345259
0.735993143741222
0.989353398839531
0.752366975985713
0.888909795118761
0.793439233589367
0.919508986507458
0.79438627671947
0.679466935028751
0.856483358236826
0.884331988244638
0.8436833015362
0.656437352067641
0.880598865855987
0.88472201958293
0.910626577483185
0.921297156790583
0.86946424787008
0.889488528996453
0.682966876575799
0.960454117536733
0.941039830613427
0.815365770884543
0.7978141144537
0.818196879624993
1.03699686867251
0.891188164307703
0.92032960282579
0.832322452922277
0.907633306166552
0.866133089847632
0.928444798835004
0.949156279152443
1.0043289696627
0.86299619452714
0.915457745084641
0.94915676637595
0.984797454568943
0.754937404012043
1.04057769491979
0.829442355017466
0.850401968565067
0.803647607707541
0.807447114882321
0.924139771185273
1.0419421385496
0.922434657695567
0.860590780721351
1.00474166858037
0.956749284463716
0.914032597037979
0.913427061610676
0.920443246765007
0.965987704507266
0.847150870598965
0.810824851041752
0.890590212077867
0.939535961131321
0.827888840175815
0.988000900527889
1.04484458169574
0.844470702157597
0.83625391024585
0.935011447384809
0.838180747688406
1.09513282766054
0.884071350937907
0.979153670998537
1.13914795830534
1.11736598694834
0.851525708561354
0.92016570386699
1.07385951901273
0.852377764333377
0.929151774513444
0.889039440149645
0.836396577763636
1.03736050963565
1.00863574669795
0.950380773140528
0.976856201156973
0.874832180037384
0.839185194485847
1.01807166152477
1.07731093042005
1.17462281275287
1.15498547411997
1.12462794751356
0.990634308193361
1.04462789525518
1.0875274235156
1.03439500284718
