0.0733862358551305
-1.04512852659252
-1.02602318812381
-0.909420638066417
-1.05673552405319
-0.829805319563422
-1.01662082990376
-1.06353537031791
-1.04809898035495
-0.846961626314236
-0.85467356237424
-0.991258877568482
-1.07601054628945
-0.828553737638374
-0.849666141276077
-0.903978316838416
-0.97619753060236
-0.837456315405256
-1.10178038663067
-1.10532771331414
-0.864941082599067
-0.87559226594735
-0.931207138336019
-0.940831772232563
-0.943631135245244
-1.02441115082914
-0.870282962922017
-1.12958478219397
-0.859234874048243
-1.03600582840686
-0.852003016574072
-0.881265746917026
-0.994228426225778
-0.953126675470965
-0.884725412956417
-0.831251626123515
-0.961916229780892
-0.881654675983693
-0.87539551894961
-0.870692370518867
-0.928620325533966
-0.850180112463462
-1.05810248082796
-0.834573404262568
-0.870540124123873
-0.887419958246836
-0.898001059006751
-0.863627321524177
-0.789938076431303
-0.845955863967359
-0.801160945798126
-0.820491844917132
-0.866595371263964
-0.920489678863367
-0.893352350423637
-1.00211528586913
-1.10751035014008
-0.770524131580428
-0.882184683706345
-0.861082872980166
-0.816221655858433
-0.951004749523586
-0.8813493056829
-0.869507978772625
-0.745174320798784
-0.802448671106311
-0.710732240691876
-0.892159716285875
-0.822589591080301
-0.764627422210452
-0.825510868810353
-0.906290252245666
-0.937754819599506
-0.737423279106613
-0.870071145748402
-0.815657417697872
-0.819644194357073
-0.837358501210638
-0.745844649307989
-0.925584245306259
-0.867554069798175
-0.880533769092727
-0.948102784646753
-0.904389921764534
-0.736064333528039
-1.06510300593525
-0.774021950675397
-0.872276547167991
-0.672975793621952
-0.874895331361083
-0.920690829133321
-0.817896444791787
-0.723128112418781
-0.896908059720317
-0.780704687621575
-0.712576812024931
-0.705592774930609
-0.986243078948693
-0.768523634876274
-0.734425519093585
-0.866138440723003
-0.78363757789766
-0.903627542696516
-0.842418972893595
-0.825588709704432
-0.812345809378856
-0.775506086836356
-0.914310654164913
-0.835440213968363
-0.729342171353195
-0.644527181700645
-0.748675071418743
-0.849892460576487
-0.734483885863783
-0.719766298106214
-0.713731489665962
-0.866547862998591
-0.8248834127111
-0.73649805018252
-0.703665350604556
-0.771884473329251
-0.739634309599612
-0.795433539528321
-0.786062069832464
-0.793323273144731
-0.768492995314717
-0.616675336153703
-0.727347968080938
-0.88272666911644
-0.698398451060974
-0.628476489676154
-0.743772543313158
-0.670362210744157
-0.555868878044472
-0.701934701906623
-0.636070460203788
-0.805621555765236
-0.800493858286215
-0.696240945746898
-0.649311585603096
-0.800847423489211
-0.788214115967809
-0.861766624413059
-0.734215982895142
-0.681010871416924
-0.622284608784459
-0.688472441752169
-0.625998931677184
-0.775977137027385
-0.696072494913443
-0.653981975763044
-0.697990710974336
-0.665384930985325
-0.668303353556949
-0.799387913744895
-0.692199583306701
-0.673342866673708
-0.641560293228527
-0.665518981580296
-0.637614438237229
-0.592423883182996
-0.493614447228728
-0.609904727453311
-0.766118946155069
-0.663843433708191
-0.745272885211941
-0.634851181889598
-0.779762043474447
-0.780775791570563
-0.532834429969046
-0.635635514859346
-0.618772652790518
-0.74835848175444
-0.673166660978758
-0.561190363823433
-0.740805707180893
-0.569398225437557
-0.507123481638942
-0.8174957568773
-0.570939933789484
-0.525482855188483
-0.606146871496531
-0.782498675631989
-0.71235646760566
-0.576036847230094
-0.598685432944745
-0.487570728642123
-0.691915360474017
-0.594611903511284
-0.6815318075069
-0.70984255241333
-0.657512448183418
-0.739771404053178
-0.640915133919537
-0.59409217017679
-0.753298843184967
-0.589166861443439
-0.560678546565526
-0.61375472976758
-0.438480911551534
-0.388805778430966
-0.613744255492252
-0.578049667959659
-0.723639615158653
-0.64326392737774
-0.640317514116218
-0.564978315977964
-0.652594194276648
-0.638175937777399
-0.662144481472313
-0.628003472337105
-0.502416737124605
-0.660045933456077
-0.600229324924383
-0.470962662724207
-0.509845562785566
-0.544500884396183
-0.51848660815302
-0.595928593530693
-0.665121231498246
-0.434734206459698
-0.61963003637437
-0.598335083903224
-0.489508883091883
-0.434949913431231
-0.5066142626223
-0.492431244037151
-0.68439537808093
-0.51643682287682
-0.479506002634334
-0.582071433275809
-0.498567776715442
-0.607308006725324
-0.468133468107824
-0.511757513325082
-0.437781378027246
-0.491557073392278
-0.298123129378052
-0.483049740969515
-0.528677831055425
-0.539165886411221
-0.60696274589777
-0.614341675081997
-0.605456873297051
-0.37363804054207
-0.616677456319266
-0.503983404189118
-0.507187803996968
-0.47360236560987
-0.504636766948802
-0.500599983596648
-0.475650943324382
-0.512184429587397
-0.496529553411222
-0.402128661795035
-0.552624614714729
-0.536520234596101
-0.623672890859577
-0.435844998395548
-0.546860692420233
-0.426097862681328
-0.54675984614946
-0.609475177066067
-0.368704498247073
-0.477495029742006
-0.541911569190638
-0.433730113393651
-0.552452026166646
-0.469025371708315
-0.440392126225936
-0.564764727757656
-0.402894247761013
-0.469225656545389
-0.429630359168677
-0.483420464527059
-0.470783280878893
-0.523839870258161
-0.517442981739698
-0.478912602364804
-0.368110194971627
-0.418805983361448
-0.571353780352827
-0.465675880805905
-0.416366516820828
-0.356506674911893
-0.458113457713371
-0.497756883996358
-0.369763781874258
-0.443360509168086
-0.582446860948711
-0.417376265353505
-0.42359834391915
-0.426826747145899
-0.252927795550241
-0.3673623750565
-0.50629572532059
-0.33315921625602
-0.400792315262642
-0.351247186688068
-0.421323981249176
-0.373125172503499
-0.600140428465651
-0.407569104654089
-0.337936756638282
-0.340944480332721
-0.471379770854478
-0.270988766101642
-0.447090474866587
-0.469045141070217
-0.427986194585114
-0.455601034638975
-0.218138936088123
-0.359104445129337
-0.415755131710704
-0.252171900983144
-0.312589311062656
-0.512643083874631
-0.335047493187868
-0.252183765528973
-0.377640099749911
-0.0909468217054964
-0.31543843095961
-0.277941382406384
-0.290876044857934
-0.350929207123228
-0.435328473511695
-0.423783421706274
-0.418721896881789
-0.349564683650742
-0.428253896237203
-0.275092728474052
-0.376991009906
-0.262283316936692
-0.298846745760003
-0.358231192048887
-0.367223204822865
-0.470394105615921
-0.379142400266064
-0.325889310649534
-0.209624839774805
-0.242150249370201
-0.41766214228997
-0.296661970068504
-0.366456160910882
-0.341854126226682
-0.382938709003347
-0.344246007893924
-0.255971145475829
-0.224046406497576
-0.2233290241824
-0.360017806854141
-0.37521576944081
-0.319992741921045
-0.270361985742942
-0.163748890246902
-0.305222774803546
-0.243113752989489
-0.396128378249289
-0.162950303395379
-0.217926957869616
-0.332128927732589
-0.252344477408856
-0.164434993307544
-0.242383237837151
-0.314221567617593
-0.219782152785735
-0.257992008815317
-0.157628725171147
-0.178070178129002
-0.12450826678869
-0.286638614923758
-0.421705663419214
-0.22431391768772
-0.142951770109462
-0.191945868699656
-0.354302771393982
-0.274544848035934
-0.0764340998756509
-0.338858109777067
-0.0297928416572689
-0.224973624250267
-0.233619965993214
-0.243951111254015
-0.231225444327795
-0.335384189336558
-0.262230702946345
-0.303265741721916
-0.296334732791988
-0.214159927193716
-0.114022468963952
-0.289432688496684
-0.272947058433465
-0.203492810207058
-0.252352658623445
-0.0563683885316878
-0.215362345145919
-0.138498471921946
-0.436873327555
-0.119293854390725
-0.138798076898822
-0.167017765028324
-0.271937082086921
-0.190521505280269
-0.1827519291957
-0.274913951069461
-0.122812665571509
-0.124582200674698
-0.183498607962661
-0.280454449148055
-0.211436031844552
-0.0806425074938961
-0.210980588078311
-0.18315288683254
-0.1362001619545
-0.154864406219207
-0.23927173145073
-0.102589004105927
0.025074048498144
-0.298038915104996
-0.156007534909327
-0.111359938800924
-0.0864484125241636
-0.229440856641775
-0.21401178643576
-0.11368354633052
-0.250376029998517
-0.0909692022282667
-0.118185980632758
-0.193019356614905
-0.236475286053633
-0.0675513309106279
-0.152538219775857
-0.207304945085977
-0.115440419945857
-0.157289047128448
-0.207407047230817
-0.0292135931067387
-0.0516704959049956
-0.177923961557844
0.0100142609741942
-0.0648386897150197
-0.1935450755674
-0.2137589099554
-0.0987727975866046
-0.169244769543963
-0.119777165540384
-0.129412325853036
-0.0854443575421588
-0.118422497052165
-0.0119823571668969
-0.139153220474415
-0.290728685533471
-0.19327106566106
-0.134994306138287
0.0416006448861983
-0.0591173065747968
-0.0114705543375512
-0.228950038000175
-0.151343992811168
-0.195023957042283
-0.100181855211619
-0.0233924137003276
-0.0557816071518206
-0.2712124559338
-0.121966019842396
0.0852492293625331
0.0116174811976363
0.0548463521701457
-0.0714101741234734
-0.0542467657765739
0.106429584362772
-0.0198993619338137
-0.148034460186562
-0.0269511136747502
-0.0604595322850933
-0.141044846673115
-0.0843509776295646
-0.13225299548291
-0.0506380462003538
-0.129101216495384
-0.0760369622215754
-0.130433508762035
0.0101053669060041
-0.0153470139655511
-0.0868322889694892
0.0633401432993201
0.0111156054716413
-0.23029488334122
0.115967958861122
-0.0648456196496496
-0.0678191449984595
-0.0564775422099458
-0.0906020675280582
0.0202541369973231
0.0209287448323732
0.0748850804981345
-0.077411526909248
0.0119292336538711
-0.111383957270824
0.0316490312820213
-0.0841586724598107
-0.0275859215622357
-0.0573549497659795
0.0496349300140156
0.100385628840802
-0.11421942548575
0.0139197797901227
-0.0305412595754397
0.0826519776805029
0.0448097243748231
-0.037662995768108
0.0737459816265662
-0.0682405765145242
-0.135215263978092
0.0528090795607634
0.15436517128749
0.102472465508484
0.0146535579005374
-0.0453520055737069
0.158620885871326
0.0226661237806194
-0.014552186671357
0.00432490372058199
0.0217956975837511
0.0825041830913464
0.0670297637473203
0.0214067251591601
-0.0390638745090348
0.160001728271629
0.0207530914912111
0.135435417640097
-0.145765681801719
-0.0685114048643676
0.0790999762738033
0.00485094268712321
0.0344914219966787
0.0927988336599715
-0.0108048029275757
0.0946181888695451
0.118310823369048
0.179331273030845
0.287297788198509
0.110474276227157
0.0519252421838509
0.092199074609663
0.0258584898547759
-0.0370404505969343
0.0718099205725622
0.0754149060677624
0.0997930353877414
0.072575055782056
0.142073444474076
0.0747112029633059
0.039425299804934
0.212997493823633
0.0482392316182352
0.0447936752117892
0.0912935824734085
0.124315308323253
0.138659621533564
0.203358745995375
0.31588495794023
0.227010566628785
0.138319012282428
0.180673981461038
0.113095210787944
0.162403507761126
0.325951531090728
0.125460163048304
0.0264013740396318
0.226814810423773
0.00169795611407964
0.140359154400934
0.0938077778521374
0.181635887195025
0.196232380431535
0.0613444738529587
0.211141027012248
0.0809462159607312
0.0914149065183322
0.212335732643635
0.0158506419262267
0.140097819218972
0.14226603958265
-0.102261413378637
0.0285117141290985
0.082426407291081
0.245834016993787
0.21736468195091
0.15638277582799
0.109382502676312
0.156904489680581
0.302699964688443
0.117098066604771
0.114666489558429
0.222301419971075
0.109939901982196
0.124174351116106
0.0783382083290245
0.131316042927183
0.232692200164627
0.180228940023131
0.0674634524738488
0.174364336146088
0.135550929377061
0.0404551409979449
0.331128490023217
0.27116889214962
0.178176665861213
0.000539760763166283
0.251643488334203
0.2530430079106
0.295256870502004
0.221421766828084
0.303197524073184
0.192635667622541
0.204666023150119
0.16172067251749
0.227316482111641
0.390686989979192
0.255894758508997
0.190823616237452
0.318679151565699
0.20290061355232
0.174519882754133
0.212030838109109
0.00935728975077909
0.17112486151415
0.231429728095792
0.294106514720135
0.259090639546295
0.336346040828874
0.242763008915284
0.400602860260782
0.312257166649669
0.348753184180681
0.352591973226207
0.18832153429578
0.287991211721758
0.294294391447107
0.228411901911201
0.354426793144167
0.241432820821691
0.224212059203418
0.308406962821368
0.12214136398352
0.260657458649717
0.386461838221571
0.278909295119324
0.211614052889462
0.315550341742741
0.306990925764531
0.367903228344776
0.354977156658496
0.147915717029829
0.450595598433589
0.290920314921807
0.433381544380059
0.309220973691904
0.275928034555092
0.297811555353305
0.293740929309247
0.27784101266931
0.474234389557624
0.272851686022009
0.425976931647412
0.43690647708601
0.187567345586937
0.283027653352908
0.207404042326508
0.238147695235067
0.353513123967043
0.248375395913728
0.264527073877534
0.369519241385617
0.34127817812079
0.383140430062958
0.335079654772995
0.447844401357597
0.531218809964807
0.318030765177255
0.332624922052036
0.372273696535717
0.531185686146823
0.305895589590613
0.442075200361124
0.247192572931037
0.136830305665588
0.443330330802541
0.412901914148233
0.302454088939394
0.237831282977861
0.442477221265717
0.30912490099511
0.457527893529409
0.251337752395448
0.313711918461103
0.389220218294678
0.498253368012319
0.432840957925893
0.336069691343685
0.337198858559294
0.326231530696408
0.34207831448599
0.426928252655763
0.453102166021478
0.49902503660601
0.274155840245025
0.467463084983998
0.396064207773321
0.313068806238066
0.519962701089297
0.547637723713284
0.398377165785252
0.374449369061632
0.461586225138661
0.450945300039784
0.355703092615284
0.419750471468516
0.377180679688819
0.524776223443419
0.524182541229822
0.582346339353618
0.519199232108036
0.398543020952363
0.467699646665325
0.57614200688861
0.56305575901226
0.441304607434939
0.357408490370782
0.417286494341864
0.543093598071874
0.477136018948797
0.537840100947222
0.516605857415031
0.475340151076875
0.333338650149478
0.462762338586536
0.341070219435214
0.549990359665711
0.446774657541654
0.463983056063306
0.478157910372852
0.457517710511993
0.479368725333105
0.507706985744726
0.461574023137428
0.432679858398096
0.536571651178795
0.436765057398733
0.548722801211337
0.492035371689738
0.458840098536591
0.437850943113641
0.362769859268541
0.591762130628987
0.633519395847674
0.440040894801205
0.435843549176757
0.464866929422584
0.519574351786972
0.49237855972145
0.53586573005088
0.529205547463004
0.465527245595455
0.586919251996311
0.596778491944708
0.487646105960904
0.640823287701239
0.358878194675046
0.464179776168585
0.644249074377472
0.586085035015495
0.438712343039347
0.501798732703406
0.584114461595509
0.475626835005543
0.543958455483037
0.323832059167557
0.569841290955435
0.525171865393205
0.569026144695583
0.520651597322616
0.701360375647997
0.679240423064688
0.574062747811517
0.475365593836813
0.509301230671394
0.646404920243999
0.402728309300539
0.493286093738649
0.573980842978914
0.584406211877339
0.620015614531996
0.610158531471256
0.582953024286238
0.42391682430085
0.588005623497751
0.537190547541676
0.639688843031833
0.592411407076357
0.665229510687969
0.629704397773671
0.691901535073394
0.669764596316571
0.616588504143509
0.694033622061117
0.669137709733005
0.533493727113278
0.770364795944326
0.612071688714747
0.731310827386509
0.693895566038459
0.622463946612793
0.637897368994263
0.739484057589437
0.853667993947332
0.468901100244609
0.633982838798078
0.707132370686886
0.534705142945379
0.604749261276328
0.813033961629944
0.595730543895183
0.613978221557788
0.699566938623986
0.703377443903383
0.742134778609457
0.62900742701324
0.645130501148416
0.576848363224607
0.699565563479494
0.717614789976801
0.655566529468639
0.69330939926657
0.733299549842942
0.545756689098561
0.649994898381461
0.85023154670403
0.649686539630425
0.558077992400387
0.682423245791193
0.753585710849082
0.559179265631145
0.789506093385286
0.722565234748091
0.724563341638008
0.717160709382459
0.753638932714831
0.791084986029703
0.758539907260124
0.688854707699069
0.703886483125737
0.721174022926838
0.675972966644634
0.673598298104488
0.741290362177828
0.599977968655599
0.798942150649575
0.806240646312288
0.798137645321555
0.776109376253566
0.830938231670416
0.802157011173642
0.815046415014164
0.777880451114042
0.803714630429191
0.679540159174737
0.705645895681412
0.719725287489591
0.669561280765591
0.684027315655742
0.810385224346377
0.827569417698652
0.735348665073601
0.805872678689003
0.62237764480939
0.753737035546269
0.7964116036173
0.821732487533184
0.729658549909648
0.802994928400319
0.765694252545304
0.756270095685872
0.830505552163156
0.762701925847459
0.746447852629321
0.654166142237945
0.765594200948321
0.588882010718243
0.779906138390099
0.768293860344354
0.762272417154204
0.759171880596514
0.803245539341383
0.821586558117391
0.794303667984857
0.512556060322926
0.916343202605469
0.725111791362995
0.699948248172346
0.880220097554041
0.754415501184307
0.58879507118666
0.581465579949661
0.837157944882642
0.828108724179625
0.849496284814271
0.664798217756639
0.739554762748981
0.8093648282235
0.80380342498878
0.739649825087503
0.702031314985153
0.8777937484449
0.883640407735726
0.770366229508158
0.935382594062884
0.822133143060541
0.736078169755278
0.923305052228467
0.93513602619039
0.757356427606148
0.965300802997342
0.778421587064263
0.660176760370271
0.915637600916888
0.987684963950341
0.85758700484872
0.840497464356902
0.863192274137513
0.81126473397959
0.90992642858748
0.839226089857078
0.795360287684833
0.912151814156714
0.893718909218392
0.864157273675587
0.888751097005738
0.90446275878131
0.909438040078975
0.881280472836468
1.0223542997778
0.79540866323707
0.974562690070206
0.89152418704542
0.890866648008044
0.860644345308921
0.889727571717796
1.03809610397214
0.929418910632075
0.886532584110627
0.874360175259008
0.961974709993313
0.9758462188477
0.827307501576141
0.959461690299508
0.767785002019432
0.93397357552792
0.954469536628264
0.973371593258037
0.777846718242809
0.959311208777934
0.935241007713434
0.894135571004187
1.04827472964978
1.00565145563851
0.68577411668544
1.01415996399711
0.852421319764422
0.807138501273823
1.10436863808136
0.937892906994509
1.04037877168931
0.956879171325337
0.770573588685445
0.772050920319607
0.983343621541739
0.981894144119069
1.01265791303723
0.962692938820823
0.879228774072802
0.960793038143053
0.962903107370664
1.0504838562284
0.978847008488566
1.11858757364238
0.960129916766834
0.976603515333059
1.08177910521901
0.890619362408572
1.08299214082433
1.09080843792588
0.880174054641831
1.02527325687086
0.928431766716211
0.981323177254698
1.04775398068493
0.967132224466281
1.0085018107434
1.07171551777953
