0.128708735207987
-0.988772605910967
-0.948833645223766
-0.935793970398762
-0.967799321483843
-1.04553114794738
-1.07424406617564
-1.04006464197648
-0.893910835620727
-0.899956035052943
-1.07320176122466
-1.04494046502654
-0.937020600309637
-1.01534864131381
-1.02045529116099
-1.00124981492631
-0.934522766972544
-1.01130597920494
-0.804152334431189
-1.01129622294145
-0.822643772330926
-0.785447085238581
-0.823000623939316
-1.06095241904128
-0.9916575931586
-1.01271979215014
-0.887707677342963
-0.887177869580815
-1.03287158258275
-0.830822546492261
-1.06602958756406
-0.96015318065972
-1.01913377901856
-0.969673016721376
-1.16347338304906
-0.849804629935558
-0.949305921704232
-0.923045971650237
-1.11714141959205
-0.991764705561325
-0.965976572935523
-0.849889430013157
-0.812306578393011
-0.752826382576886
-0.827061259700445
-0.835717664845186
-0.841424866105799
-0.970094439590432
-0.889121081696395
-0.935828051655444
-0.903392383991124
-0.916879479759536
-0.894709886721619
-0.759127535617624
-1.06375884655304
-0.708210107706879
-0.912356857068061
-1.01216343215515
-0.827436924273532
-0.832184786153357
-0.900684124361154
-0.814406788636046
-0.831693557692635
-0.856946823601926
-0.80660383927656
-0.930163818964727
-0.801940738551384
-0.711756080186649
-0.920978163290341
-0.768626624374195
-0.853668687119181
-0.902197394911265
-0.727700046950194
-0.780294439888527
-0.675022444446907
-0.9493491300782
-0.780291194021398
-0.783486654205987
-0.864987402418957
-0.871048870897332
-0.726849248468603
-0.820465734609646
-0.886341408314191
-0.803743948037898
-0.667392649636616
-0.818716447662425
-0.874640408462965
-0.75019635425705
-0.912985673634189
-0.82184315079996
-0.789317112400324
-0.798164896362833
-0.868843340434639
-0.896452628145787
-0.768198925212694
-0.734344990958416
-0.67942351248579
-0.836313962082513
-0.677381598286188
-0.821414345559691
-0.837369897526024
-0.814762521608263
-0.8313708179859
-0.862523405119272
-0.889202416958939
-0.792001980336117
-0.93236464926738
-0.715412798674931
-0.732695848882091
-0.731687262364604
-0.811427998059189
-0.756947947105512
-0.668368336642575
-0.675761071576077
-0.777616970370384
-0.744674669371591
-0.810273396567127
-0.831292432846642
-0.726674975097264
-0.809640060415775
-0.711653091142064
-0.836719176610437
-0.847572728446662
-0.616657136243229
-0.723119698821011
-0.72500344987663
-0.718520677923259
-0.762823967288216
-0.71552837088681
-0.725501280822274
-0.61241099385279
-0.803090751988009
-0.839456789900771
-0.753897119179653
-0.71569305452937
-0.749577066296142
-0.762509384504858
-0.598415333265732
-0.845394889926645
-0.632130589268823
-0.530892418785215
-0.683969402128559
-0.71351960755377
-0.744100691840486
-0.79765982062533
-0.665201175305926
-0.819773913634223
-0.590851566255435
-0.661049851201312
-0.686392859190525
-0.675965728740449
-0.617146547517007
-0.662685054516525
-0.749194877199684
-0.652865434438897
-0.753584205941654
-0.711618817953279
-0.686554420646915
-0.563788646196723
-0.53125631325745
-0.613517168194818
-0.545104412629147
-0.703495725919204
-0.648864644989316
-0.512093117425023
-0.616013192726461
-0.660666369442934
-0.554925755430364
-0.736654896177973
-0.561556553705904
-0.591355393889251
-0.626509200444947
-0.707656745734645
-0.604575142900798
-0.644538931383467
-0.682387741081564
-0.614432567280507
-0.729014203545203
-0.688380547702092
-0.514272575934531
-0.7245501817705
-0.472934897565755
-0.64465344908354
-0.718138354742823
-0.801556243303352
-0.571378711381924
-0.659734983723069
-0.675353505154665
-0.684791175452479
-0.546183482829965
-0.77182942671788
-0.734100425183527
-0.5924591133067
-0.521510149212583
-0.59381552446073
-0.556147828532439
-0.539832384179153
-0.689809037813496
-0.599401968870058
-0.64390853571199
-0.587187357657277
-0.606207471601802
-0.570000223362081
-0.522157112137824
-0.639805670960293
-0.533771060048902
-0.55967362922321
-0.600221677229533
-0.531633471969268
-0.481235672092207
-0.611583982889153
-0.584912605675944
-0.523029186488442
-0.45606578361901
-0.627412636431951
-0.528962338033267
-0.584038502846309
-0.496384372302478
-0.55123112020486
-0.507885154156335
-0.462862154605177
-0.600175378208655
-0.614736201125527
-0.638388671637858
-0.584611220223642
-0.592222421407352
-0.582226877781669
-0.481889979011557
-0.661466197672726
-0.474119186571775
-0.59814795728367
-0.531236742903636
-0.40951760200476
-0.53293964054109
-0.47319307759667
-0.630966260537902
-0.416408675060315
-0.435988680673108
-0.550424144321047
-0.465380078393484
-0.62689005399284
-0.569286489712935
-0.465256252386401
-0.541208495230512
-0.611827131693241
-0.668751453817507
-0.499324226267083
-0.480985086078746
-0.496530144819502
-0.319651910405161
-0.418549132641678
-0.45435288650184
-0.438011090700591
-0.546148063363051
-0.527640306238047
-0.518702563824542
-0.491347100905774
-0.495032793767827
-0.568249726845481
-0.475142990875589
-0.642067262724702
-0.353555881622119
-0.471766869539212
-0.376257813660564
-0.637529221585428
-0.509187056802987
-0.60246770566227
-0.493877003003066
-0.305218667063008
-0.540835666636708
-0.442448473922807
-0.452774104762752
-0.440038022365461
-0.663839289690569
-0.480141479517007
-0.480263155399237
-0.581308838184861
-0.621989354550173
-0.63844714126356
-0.597094721210036
-0.36305634814239
-0.341965489768681
-0.522501356926871
-0.394399653178445
-0.324030765800184
-0.441013088163854
-0.257644125292987
-0.459965039942279
-0.462686137449231
-0.459893179356152
-0.422228040734757
-0.394888593841297
-0.488385201350798
-0.399123952231117
-0.297355369185835
-0.475379731632967
-0.46162230888471
-0.486985168697773
-0.320599483814732
-0.25691506683239
-0.387272153509419
-0.420553057776117
-0.443336919017055
-0.419237432871979
-0.307987389546233
-0.371870526294905
-0.427375030205022
-0.588636022358577
-0.480067983819185
-0.339671556808885
-0.386952929692589
-0.282050373844464
-0.182854194217061
-0.436361181337068
-0.508738840649609
-0.443329990754719
-0.377786617186656
-0.35852780318914
-0.31512652577786
-0.417678136013
-0.397075985066732
-0.433340260780193
-0.331556140303198
-0.267789621955956
-0.315611244941002
-0.328606586650714
-0.409683692836802
-0.127417609648216
-0.354882682728696
-0.485807345499113
-0.253956567297115
-0.404699584532528
-0.302748606493828
-0.185272008996263
-0.531990615477383
-0.227908621194128
-0.40808566587871
-0.292787394727725
-0.323497412111695
-0.372800649194566
-0.315951125058895
-0.362466884775081
-0.390946857373724
-0.314377406686046
-0.236042857935039
-0.314662828961735
-0.322379330985011
-0.333450754794836
-0.28315504131703
-0.325448723503753
-0.375490854700186
-0.395800329876179
-0.160206854002586
-0.218825158722334
-0.178562230725079
-0.274180231418989
-0.31044525312715
-0.24493777941244
-0.231250250941194
-0.27860154023806
-0.270488574800724
-0.303117256609077
-0.331429443996745
-0.262614722646051
-0.21855093686272
-0.218277690195024
-0.308113951074502
-0.206646157145269
-0.331757957505484
-0.316241029216225
-0.149039813101505
-0.224656764332165
-0.0982922381972536
-0.332071512964977
-0.193720759616038
-0.295989231167783
-0.249241794168794
-0.163159861126153
-0.170984661367783
-0.253035171519472
-0.236271358135509
-0.299028248792012
-0.387342663744118
-0.176379666228097
-0.299479522024448
-0.17146570207997
-0.133045657855404
-0.257903885286021
-0.111396649358322
-0.224277991445054
-0.240054561098048
-0.213759548441394
-0.23805525951243
-0.206041446553083
-0.205959883819833
-0.172455595749666
-0.20636637041662
-0.0656307097293072
-0.164470591164291
-0.210106743370675
-0.154437931134479
-0.129793432388544
-0.143003649619146
-0.230146425576823
-0.116119150480783
-0.311535423642462
-0.18824086019884
-0.267254299051342
-0.175500943247451
-0.173340246323745
-0.100437264915679
-0.266522220514109
-0.218946558839997
-0.180390887802581
-0.243076967787224
-0.0934891043093848
-0.111304453313791
-0.149550791084057
-0.270472755750308
-0.244581366275073
-0.0654899006572328
-0.07877850564486
-0.300340415495543
-0.0800325281842837
-0.300800630556939
-0.0908241731392535
-0.152997285250276
-0.0454803191891273
-0.0239531062718326
-0.165483343239248
-0.166982878017658
-0.17584576100848
-0.0772494775963845
-0.158152529468911
-0.0448552493887237
0.124258548681461
-0.053024651145129
-0.184576614648171
-0.147591632199463
-0.0977377607528135
-0.140937790408498
-0.211756258419327
-0.183139424534228
-0.0715328043601377
-0.0502664513490085
-0.0450712863371047
-0.129270708217718
-0.146632060389378
-0.00887532563441172
-0.193887956681351
-0.129069368363919
-0.0195023615817745
-0.170414646369347
-0.0783589957137596
-0.104480372032481
-0.0714077100682623
-0.0743598647483458
-0.0576508989082114
0.0627829431452861
-0.060993511975778
-0.104980871879608
-0.0829402586442901
-0.0927139411650547
-0.00064416536583452
-0.109714876880028
-0.00639451196594108
0.0116997719578618
-0.0553876484727727
-0.102370859840971
-0.219196463955667
0.145972863391067
-0.0122037028748129
-0.0191151634412008
-0.105654758437378
0.0618184604781139
-0.0480271587808488
0.00678369517333413
-0.175231382217853
0.0236684761418584
0.132302523343649
-0.0684958083158927
-0.128109853055047
-0.0592973477606385
0.0967515100931019
0.0429065336325491
-0.143839489790733
-0.00558902007149946
-0.0226817738014668
-0.0417773157480398
-0.0550940702408126
-0.0440799700325764
-0.0265148998859788
0.0976113143481246
-0.0890160707803341
-0.0271297147989374
-0.0469582100630452
-0.0283094879655478
0.00122400309107208
0.0468803868364423
-0.20569781476648
-0.00265835474351175
-0.0556997730504315
0.0447634243224395
-0.0747120503364274
-0.132030168433064
0.0672269067709094
-0.0515707193251953
0.0784052990968617
-0.0255294041364939
0.0742524120501955
0.156797198188101
-0.0599006044868158
0.174030301724951
0.0373463406390636
0.0602782055418887
-0.0024509763864955
0.0545142207714115
0.0988886121564382
-0.185723592454943
0.013316101525278
0.0237404776382426
0.0780219766877181
-0.0310514367357113
0.238895518105418
0.0381166700712777
0.0716610291934985
0.179284747182747
0.117851019500612
0.0453134031366353
0.064115893905249
0.0451409596790134
0.0875506207005936
0.0380470232674231
0.0443933165133525
0.0921705341744951
0.0765082302755687
-0.0371937359980142
0.0876886023104273
-0.0142032367424396
-0.00419604536063426
0.131781378094591
0.117008860396978
-0.0575981491639564
0.00524560271745652
0.0506670647760449
0.00162021278652551
0.0535824317631053
0.0588099629718985
0.0442804669726569
0.166137365318406
-0.0271855525127143
0.11396225904397
0.0195882092981003
0.176554005067948
0.118889823515334
0.0470032746059399
0.165646553210295
0.327411336868097
0.0962089141139804
0.133363457549569
0.19235100563383
-0.0233373855430508
0.0792050004562818
0.0744876476921885
0.215369127059411
0.234830926844673
0.160972762703427
0.171404003453353
0.0333229585275994
0.117879840789588
0.164990985996299
0.23017327899474
0.14089914827161
0.0140984100517469
0.0850364392898267
0.210253502580008
0.203330171921583
0.09598305787715
0.20381305783265
0.0918229647651146
0.350320488385352
0.0600712663839204
0.126557811790927
0.156954116466288
0.260383785059892
0.201897402831846
0.076376636146901
0.151094897630022
0.271243622355738
0.227911403813241
0.250293919290676
0.210051931337786
0.16432014760093
0.143354268072677
0.0435943618291985
0.208084466803577
0.118138197575499
0.0793040963452195
0.308099772284926
0.133718101038165
0.19827717487666
0.181720354540949
0.186368624651074
0.171647470535436
0.109270462065432
0.222183517288627
0.32127517475731
0.184482186290241
0.272863573763113
0.167926916299588
0.149678597441043
0.230902160070442
0.117944822992464
0.176043149101112
0.35024291578182
0.140038527401674
0.275542841061086
0.252452008763558
0.29115851446762
0.237208809102162
0.221973541782903
0.393385781001989
0.216072495461038
0.255913659279822
0.233236950846802
0.309078432946815
0.304635738592997
0.255911105891546
0.164786581281517
0.179121640668045
0.0230096915694244
0.184781251903441
0.305954561290565
0.362640253199968
0.153803621909781
0.170925520151668
0.382733988699589
0.390709600662395
0.313286054647301
0.175843226605282
0.378771982116649
0.266784135625168
0.14406034620511
0.434267936275207
0.208020758698851
0.225745773881496
0.264792860944015
0.205253749092084
0.23419565627469
0.207986977974715
0.275444850236044
0.347657189810765
0.298021983258878
0.221889248486707
0.327035063438582
0.33574069469747
0.271475099963863
0.391295066211517
0.21469949168167
0.221640142520019
0.508621026956358
0.382453221778937
0.406097523026244
0.350496779537008
0.249766594947074
0.200050428745623
0.317964983178494
0.302609310708855
0.391745808307428
0.359299398077135
0.26841353499931
0.426690334755655
0.382060083756894
0.403256622888057
0.417371215632995
0.420336426066325
0.326876442634437
0.311698328920825
0.275614308256517
0.264525573976355
0.495961776281203
0.323514305451174
0.36917125348636
0.192017833312673
0.176806215366697
0.366534665339093
0.355719135958912
0.287923692048354
0.236773531002548
0.336047441443226
0.408250668615562
0.401889347134994
0.318533893661103
0.393347948022502
0.330569707412922
0.335032552806197
0.48007807312336
0.532483358618594
0.369847571081984
0.534525150365582
0.231927278827357
0.447749379004199
0.419903787183589
0.471410620453707
0.434831115896767
0.285382740122361
0.502818241328052
0.399570152491258
0.566418177731379
0.43767209784889
0.510092601339177
0.581104863583994
0.407664034078813
0.423862418516202
0.398501164011687
0.386228429678473
0.362144995050807
0.321463238583027
0.538281611150881
0.382072224615042
0.463482574372846
0.424060978575429
0.386546035652434
0.390305658848573
0.304415525995979
0.229779688856074
0.411922172638765
0.255074597162233
0.44925618895771
0.386120488931205
0.449060800944253
0.384591911580232
0.449057436245199
0.471444690498055
0.370945758879588
0.318787418283942
0.518796800688075
0.473218489927537
0.570731681682268
0.562984066829722
0.554289874031584
0.584014310226281
0.404804383459823
0.613996727132375
0.353549513091732
0.564304937501989
0.48157325965937
0.437170857276122
0.501082362841058
0.40932498880596
0.409557532193247
0.553269431686254
0.520873697442549
0.577791325429673
0.385486342731444
0.461926855459908
0.406685508882656
0.378263306466294
0.668139686119507
0.470184205781705
0.594069612412038
0.603428798538593
0.579304556360866
0.468077918217382
0.590176117163983
0.460481281305019
0.559063664741805
0.689558447716867
0.583831084613993
0.642205713744979
0.549112334978445
0.358503251547048
0.599696050828752
0.520108720990226
0.612757584218815
0.506405788631545
0.411796021775134
0.515183829297903
0.641635867491032
0.497866523855637
0.527464347171627
0.593653419506826
0.487756350879829
0.363398786848844
0.480944757921871
0.579474476970947
0.578602177778503
0.507231090762747
0.555950670456401
0.612954390797698
0.738177478187638
0.71828087747983
0.555975507868084
0.508343158105029
0.382707759038998
0.498263082011533
0.626431908126041
0.634987748059745
0.67619862274916
0.51743250031024
0.584489756199122
0.668100356625583
0.657587213981424
0.533686370066493
0.599940112193528
0.545761528796556
0.642016338694256
0.586262140990558
0.541655627572083
0.632637400481449
0.639702088712212
0.627407507923189
0.508284194733932
0.680501765029796
0.652120301548018
0.674200672422035
0.68120821663177
0.654590174792744
0.546093329054924
0.715156678333444
0.545300897352061
0.639463494412203
0.672480631960022
0.622424863146947
0.715599729748492
0.612104469039941
0.658902130165362
0.536469635623213
0.694148274422205
0.650914239838441
0.641908349227624
0.669852418559437
0.703832904515595
0.770056340244961
0.711730401426774
0.721930739778005
0.746939722928671
0.655782104642053
0.686330829619669
0.406196407163842
0.652405125693731
0.766805112338125
0.715759855615392
0.611426457194317
0.771725173695457
0.59046013698927
0.766250958041203
0.607035698727898
0.659940739352149
0.652214717142962
0.634332845761002
0.674226672372445
0.67470418677067
0.795553632953221
0.815577224323104
0.784953887538136
0.781486690285929
0.687320055162378
0.732925309112877
0.676692455559284
0.673301833284462
0.771202542765681
0.751999609478812
0.666662055105994
0.893437521065924
0.699052110491385
0.692447996577333
0.79586742124234
0.865073406938384
0.761201833619428
0.570217634990091
0.598275214756371
0.638166541047314
0.806819716116033
0.788724183452141
0.648820796920584
0.680262500074513
0.677929311620328
0.846019319285316
0.833074331591945
0.747988382221488
0.710297684440365
0.827837864223191
0.842276735633628
0.715954470374628
0.812280402870408
0.870619496847397
0.594189319066012
0.67085046809226
1.01534072354928
0.554765252031131
0.754062356707995
0.878024097957387
0.707151646932226
0.937665998260769
0.75609887734811
0.711338419237099
0.842625705391871
0.715223368283758
0.613205952123153
0.810437324129495
0.817418787645225
0.762833621476613
0.890904683333313
0.731131195835032
0.902541749332981
0.946153967267183
0.874729952214641
0.883706484211879
0.707150588965848
0.850278802645666
0.695966131358565
0.873545022846195
0.857135028408267
0.909910966975751
0.802510551232855
0.742665044703377
0.892112743845365
0.771642212612858
0.938204272108369
0.855628137473108
0.875040758939926
0.818887328464506
0.838299889574485
0.756556059556039
0.868517651972784
0.821416113410813
0.78236414783337
0.789779260651712
0.800317637545717
0.823167826739538
0.788626977638493
0.769145390733981
0.897510185914897
0.863870242228131
0.846721754811853
0.893294351817132
0.910552089073464
1.03861553834646
0.90582039420065
0.78169217864004
0.748591667754672
0.901954388593177
0.853826764849381
0.911021538653003
0.785006625240897
0.872472126352631
1.01902425908008
0.986063460354749
1.00096401348229
0.969281735427577
0.789369039012285
0.843088575616098
0.998813751250611
0.823034163131431
0.950112829237704
0.958346600945405
0.932202829737949
1.04103826464426
0.861847581493901
0.809236499332266
0.794585253709005
0.962635109216045
0.91986970110227
0.904734652383658
0.879901550941307
0.863936639955168
0.963468242686536
0.901442853775693
0.923870751103374
1.02302929097164
1.04410668747544
1.11099511266191
1.09223523992623
0.876703288173448
0.893097050138093
1.07373796892889
0.868057632051023
0.940815376121474
0.812805663821619
0.898042857496846
1.07826237793919
1.04647137229178
1.02455696648536
0.848426418422245
0.953867780147787
0.901082029973333
0.902371321067209
0.943224313713177
0.974504705498461
0.915224887620612
0.950953026376576
1.00551593931129
0.852085543326057
1.05264085240667
1.00802509292411
0.862429512534288
0.943007429275089
0.917201625444077
0.992826775171251
1.12391513494935
