-0.0599699540416529
-1.07167460247435
-0.956356810264032
-0.892863144063349
-1.00428092080068
-1.11281039537325
-0.929019641369698
-0.994719588770589
-0.96232090092531
-0.946593292576595
-0.910693372108095
-0.866660394751823
-0.941075216403762
-1.016128284054
-0.977359446294868
-0.971995031895091
-1.02973568198382
-1.07170887545496
-0.957234552007897
-0.998541940699813
-0.878264584790613
-0.953446186861474
-1.18322920670765
-0.937607502239074
-0.882262403135023
-0.882933939791722
-0.952954760662016
-0.994596800648834
-1.02454377924599
-1.09856641408279
-0.951447191192822
-0.832439674599384
-0.911545612893422
-0.923551660770944
-0.899418197443789
-0.891159226504716
-0.869056621859895
-0.929909904706714
-0.851599261820219
-0.82556515035341
-0.842392496724424
-0.930390302673868
-0.874894023056517
-0.935432418847568
-0.946243265889228
-0.798533303892726
-0.8925066802841
-0.917446955841656
-0.912046293525737
-0.907993403616444
-0.91885863589151
-0.882431453002609
-0.886793290851884
-0.904143080065995
-1.00110653593749
-0.843572744294758
-1.02962246954613
-0.875226349271222
-0.951887542302192
-0.954334044388451
-1.0179194784792
-0.785910369892136
-0.911386671127609
-0.842948690494336
-0.746598327948871
-0.732932957601592
-0.874338342192253
-0.833585878772711
-0.840836630485108
-0.649681220429447
-0.947367933090229
-0.815085884573361
-0.796656894511704
-0.959124034640844
-0.898036829810813
-1.01387103154382
-0.897146124639726
-0.824967005631174
-0.904456812139753
-0.80191793006113
-0.792795503055057
-0.817973004236008
-0.801816395219114
-1.07462781936865
-0.754443116591644
-0.787154913583497
-0.858452689669991
-0.793909576492141
-0.988590227507216
-0.779239681520323
-0.768534788658531
-0.76801312084566
-0.917868280930686
-0.641147790618025
-0.826083460366862
-0.823859207829195
-0.737838485583126
-0.830269708277777
-0.835272092643283
-0.809171967973172
-0.795599628265437
-0.952301624764299
-0.875582046361513
-0.948211260386441
-0.778468868576027
-0.831755175884265
-0.643602900713455
-0.871693480907007
-1.03313839014249
-0.804671607365269
-0.829157945464031
-0.897546760973548
-0.765828608894453
-0.701488789545914
-0.815650594943035
-0.854817917441604
-0.728355636695343
-0.791646858949694
-0.691651716273311
-0.703237439604567
-0.737941916353933
-0.646536213632163
-0.760848841074925
-0.650956209642153
-0.658039905287578
-0.774475561078928
-0.611262600638366
-0.837188046911773
-0.743137525076981
-0.666199251039568
-0.856855869670186
-0.698114698790882
-0.917934822992903
-0.712189691405635
-0.745133106518393
-0.695781325556294
-0.788761348913159
-0.832617632652568
-0.720263790234191
-0.759618539799491
-0.584604631272013
-0.623002073403998
-0.727247656830397
-0.700762376378942
-0.587464419149551
-0.592288710646288
-0.60223267002906
-0.774709704330251
-0.671236024845724
-0.813575417143153
-0.745628579988469
-0.651463256065388
-0.757187755341377
-0.802197069806773
-0.661775676984235
-0.665630223024898
-0.716575909671991
-0.787561129747075
-0.682596400821076
-0.596877469654625
-0.840557634201536
-0.582583079762308
-0.692366679185248
-0.5011122165563
-0.705155263809841
-0.757312753148237
-0.687937780415199
-0.560085080313824
-0.565996455048525
-0.68031920730262
-0.675427476890711
-0.770790978269955
-0.614199879741512
-0.652080488880523
-0.621898194939391
-0.700354410159918
-0.760341007962819
-0.682881998821251
-0.867610863124618
-0.645827417633524
-0.572912332125525
-0.815160259917639
-0.665995270689896
-0.599359178040527
-0.547372204709664
-0.610602311149046
-0.683966418273029
-0.609769036320709
-0.62678800993389
-0.567097443792095
-0.771979544516438
-0.628481138210484
-0.618906691845849
-0.689497170343922
-0.57144437064534
-0.547749834843158
-0.374214909577196
-0.606790910302037
-0.751230160594682
-0.732542071104724
-0.589231011430712
-0.755080910831247
-0.475582900949644
-0.622218941375418
-0.553511191677144
-0.527820064906112
-0.582042807294834
-0.771672360187828
-0.66370615801277
-0.474887376212736
-0.669444960147873
-0.469698215043499
-0.735653496330455
-0.52745669275763
-0.61607555614449
-0.525188306555594
-0.513193795701341
-0.501972806553083
-0.552820641194962
-0.471355316524147
-0.650488251422303
-0.546262906198816
-0.624564408583994
-0.552302999753024
-0.655757269209791
-0.531656306935023
-0.541384070874298
-0.473827406910378
-0.684840245690199
-0.762201345634211
-0.618095739968377
-0.589451626872066
-0.555211812225152
-0.479801770476592
-0.689530857090192
-0.542287890037142
-0.49410367388231
-0.442448458907753
-0.594376988916924
-0.527581801767029
-0.606918411002393
-0.338902479840385
-0.509817680494269
-0.46660056927695
-0.570115548645199
-0.596134078834616
-0.525010181978144
-0.507558632435301
-0.353509122958121
-0.312097704984764
-0.47409377258813
-0.501625802143787
-0.498802403596615
-0.513329842545663
-0.422600605849693
-0.545792198142196
-0.436905254680202
-0.556890928560856
-0.408820661124363
-0.565692525357621
-0.425710264310011
-0.49254840665383
-0.321308184820266
-0.520102579144528
-0.427580017730081
-0.609663503035139
-0.604699076923749
-0.510603960081815
-0.590927243866624
-0.433421056635626
-0.427600948753332
-0.461694867211215
-0.375562688177656
-0.529754517914244
-0.494969108242663
-0.492170665846364
-0.541491723424166
-0.361258904347612
-0.463502558557005
-0.320721552011273
-0.514045232208079
-0.563749716398083
-0.407504084241536
-0.498999549966757
-0.480061597638696
-0.414904206157699
-0.414877545479966
-0.383964526064463
-0.415790506748596
-0.337185634207758
-0.378656188849816
-0.631303345949019
-0.435694747805485
-0.499186328223021
-0.440761603517782
-0.411735860053882
-0.405832360197374
-0.373787782455792
-0.466426870264627
-0.416890964078714
-0.427584453916361
-0.340269429948967
-0.449267782305943
-0.531155379025628
-0.456369650196233
-0.406475771295135
-0.251368086629127
-0.366188345625666
-0.312275618080366
-0.279560804549965
-0.414962913531869
-0.336599886330499
-0.316040437353066
-0.436861028373077
-0.490628234740937
-0.499494268298344
-0.225566086376598
-0.274990751138868
-0.282235166985483
-0.389767459398007
-0.423658658748031
-0.281034833731197
-0.337058163388043
-0.401208164241891
-0.465370258354316
-0.427684297285534
-0.418843744463558
-0.418922651011926
-0.395698800299413
-0.413766263532503
-0.167673943921862
-0.423366414948599
-0.311247979051303
-0.315917184584019
-0.414389547242028
-0.285474147744799
-0.457462661044859
-0.262385951739943
-0.179869886279222
-0.30824210610502
-0.393144065298854
-0.483841830746176
-0.356721392305513
-0.335521553872908
-0.373327552504708
-0.178869127818579
-0.259973125554738
-0.357524454007131
-0.127064936829094
-0.191757212400216
-0.359472541161161
-0.267224275588133
-0.200661246080204
-0.155050124941278
-0.412307368804124
-0.359655673329753
-0.160303812722759
-0.23930211057212
-0.269015625585719
-0.371017807038706
-0.335187523086977
-0.264032359704096
-0.352327559466361
-0.179851429363315
-0.239346043915017
-0.287987976242126
-0.204510711219516
-0.266530267340877
-0.148940474276078
-0.189052962537442
-0.253347616524601
-0.051464797441177
-0.358682867575296
-0.23453090956555
-0.154871713116866
-0.207306997476191
-0.262572845971776
-0.354266953878241
-0.22464847761852
-0.350258640016285
-0.121687239624821
-0.227561532904576
-0.202037818685671
-0.301944339215431
-0.259694763573876
-0.194992308234823
-0.265874597230719
-0.153048817383599
-0.348153523120568
-0.113191783890367
-0.23185927429193
-0.170422698329585
-0.127724895662143
-0.147254313732562
-0.282205224332281
-0.153663544219321
-0.386379234565429
-0.260386317433062
-0.28353394156373
-0.213832074944362
-0.0163440988284404
-0.354610224646909
0.0981798528939328
-0.225248450360971
-0.164210703150511
-0.145395376622974
-0.118473130774253
-0.107552592220888
-0.0403010190709601
-0.0555364122980467
-0.0741353241832858
-0.241543194382572
-0.140183714773012
-0.0919911428332419
-0.207775741035003
-0.0815061111926978
-0.250037090405956
-0.10929271687053
-0.0495167742522705
-0.129746336275776
-0.0742162350684312
-0.0747311308210559
0.0224117517993296
0.0051325614088692
-0.116563162816606
-0.0902959508931523
-0.248934321006559
-0.0554762762314835
-0.0537444779209944
-0.0373187967252483
-0.166087441334809
-0.218507350425055
-0.0988509724304926
-0.103129437762699
-0.115547835638327
-0.0854846869804646
-0.273218051486005
-0.14694699841669
-0.085099990938102
-0.250304389892621
-0.0554567496502279
-0.291400627548439
-0.157920268726772
-0.110234422074062
-0.0901136082695372
-0.231221166138391
-0.121792140076534
0.000428773944326368
-0.0879160138106132
-0.0261529243987368
-0.149263351114226
-0.095219571901289
0.0442922349236729
-0.152001236106196
-0.177916647799694
-0.00765345577114356
0.0171899853978018
-0.113690791515573
-0.0270702628512004
-0.0231715733959113
-0.103739242158754
-0.117224134121167
-0.120297006263039
-0.215045000256207
-0.113610140623569
-0.133204408276396
0.0917739504617887
-0.229560791693696
-0.048043337168589
-0.0650639444908122
-0.157857604685255
-0.0817049880256631
0.0753581842931229
0.0661931856136999
0.0347301768787372
-0.107026976677232
-0.0243587298071739
0.0294047827146384
-0.187919106007637
0.12385280972353
-0.0449344032379353
-0.0839387202516722
-0.122651097021112
0.0649783175433399
-0.00800563121312876
-0.13388818870683
0.114914685134213
-0.0696905149743071
0.0163587197477858
-0.0575075786331697
-0.00633061241495
0.115621115582965
-0.102367220543255
-0.102802122535035
0.0507721164105241
-0.050959011324049
-0.0357595950841799
0.167285615720238
0.0454555810560488
-0.0819931986721398
0.087380983468721
-0.0122445893044844
0.0948208320356492
-0.125991211758212
0.124281088000872
-0.00273619943267615
-0.0316690414601881
0.212217148845594
-0.0629495906686069
0.0264112860202542
-0.167893329900842
-0.0136165615545545
0.0325277848056925
0.0698606776427262
-0.0264545630568506
0.0247966309795912
0.0658096625612423
-0.0708988365284515
0.187805090171179
0.172716824097864
-0.0519615398173204
0.0641725349529083
0.165273453610312
0.0798953376534106
0.0270762572963844
0.0321124842343682
0.154294607606284
0.0664157268707819
0.274392902247018
-0.0250806109584498
0.0422396372617228
0.0483211982867858
0.00728303673398262
0.0836154106929742
0.110684753097963
-0.0274637181870181
-0.0304744517780926
0.172213782514441
0.10616460528668
-0.0263160677233406
0.132811871495198
0.206575932121266
0.189648931093555
-0.03262522689423
0.217234915294631
0.0757853723496901
-0.0263636501649201
0.0360740116556734
-0.00266750142716178
0.210413133753204
0.135281333888346
0.000358885091389825
0.231212732971556
0.0239041512678234
-0.00373277949529808
0.0549613169687538
0.091824776960042
0.0591986896803165
0.0255867697278317
0.11520682474526
0.113548310343141
0.164013031055812
0.102816245155492
0.0431068259001027
0.094475406690818
0.198097796756235
0.198970119664567
0.26122732762691
0.0532722144239541
0.212599903809981
0.147911388671162
0.210885820519771
0.12782694615838
-0.0176196208866252
0.151128766654596
0.26706795293605
0.27594175949161
0.250288474210052
0.145210917913703
0.281341209941973
0.266068682714826
0.109872984614094
0.13065704168009
0.212938772990045
0.152655603007158
0.136248291563759
0.179837436371338
0.261614088140578
0.339133737372825
0.115116429903429
0.135669363782877
0.0657495121297901
0.201691457337729
0.127994557640925
0.189738547247857
0.190691677542014
0.0309831461152583
0.12842933078685
0.199192894878875
-0.0315946907476554
0.222581913906986
0.0737616897348292
0.209311989800449
0.180416488247078
0.227994448752056
0.316256818366677
0.121931527464624
0.254496422217231
0.135090743474107
0.263834164279907
0.160695841739942
0.381956798643775
0.291879276518356
0.129880001050295
0.202523139117536
0.336861521323359
0.293411115553733
0.0984892085066359
0.281633087287836
0.330480225617002
0.252652210864961
0.263876628842895
0.311327384908756
0.314607798473491
0.252077649345777
0.256581105032919
0.222103066735654
0.246521558971569
0.27584318417081
0.288433588002844
0.09939617893211
0.326733079766464
0.280277471193297
0.389648087029717
0.360239055657516
0.152370263828695
0.359325742762683
0.184077644277435
0.236271164110533
0.30002604066972
0.383413197371918
0.24152855762018
0.241221928312607
0.312473521360037
0.372054662367327
0.483198642636629
0.484241749969227
0.16559307379714
0.346707695088878
0.390113425068055
0.289673011516321
0.200793015035073
0.115153784220652
0.205091296741764
0.239747039347751
0.246443841976984
0.397769248505151
0.207627861527732
0.450248124065969
0.214611046068109
0.465071793988106
0.365102793769695
0.293861982466759
0.310515094116663
0.343828813839849
0.209320485047811
0.0976004697536439
0.401503695910272
0.391956050170244
0.339157347865716
0.406509806357338
0.351807361501654
0.298584184485093
0.490122237482205
0.178495785319618
0.447183520912338
0.441985075178693
0.183841558584321
0.43512955914079
0.409504169102016
0.346432554393512
0.264986011791169
0.385756588284229
0.486715477212156
0.301433607222012
0.354144938079365
0.41762248623922
0.423744990637328
0.307030420402683
0.373064626075192
0.502256191413466
0.277608278672613
0.344722545159527
0.347329975566859
0.516711730278495
0.305772733674943
0.45636061115028
0.348276257471524
0.419977121703722
0.351863106599102
0.335888362253667
0.431070917837303
0.472605805074664
0.475700532291836
0.44024158873137
0.32736463005559
0.369532481899424
0.412069340851693
0.495323975945223
0.371327354022797
0.501781975225087
0.433792776809814
0.342066685181488
0.371869486444842
0.339319421849691
0.477996803119333
0.417846450200827
0.290754658710348
0.584264417088431
0.330111322682362
0.468796659858411
0.465279325468027
0.388645752581363
0.404752734872996
0.471826142715808
0.353996612615558
0.485887938940856
0.463096471641175
0.446911948938546
0.458556155817189
0.532425526145182
0.472147889370042
0.536988291649306
0.401692176663358
0.490440909921722
0.493753542109362
0.548496147721776
0.273014637065506
0.498869368438552
0.39321545908131
0.577362517962448
0.607162509374608
0.506552991420631
0.513268525275006
0.49489783025923
0.504310487410843
0.50291243079626
0.516281210841432
0.493660310445476
0.53822264775625
0.50440193967036
0.408936297062873
0.524596778808788
0.44554242925593
0.540398138509626
0.503496611772494
0.362163945965739
0.559565373632189
0.4184147523267
0.48253703747343
0.331100120291108
0.386893053766386
0.555588807373742
0.688587812877759
0.507600262760839
0.511764410076285
0.476886726794088
0.48788324077345
0.614453795397378
0.496186950801549
0.607080165582472
0.41982629138435
0.788575125449858
0.465271612746247
0.53119511795495
0.517716215322332
0.514231709201736
0.6802707324781
0.525309954498532
0.399574008058689
0.57732955804914
0.556564503060203
0.54072398909869
0.491081715294254
0.626948062405457
0.550939826380209
0.71984634498615
0.656764866111841
0.53163901784471
0.459016946795435
0.674607582737193
0.507223739772657
0.609047603780939
0.673572119458623
0.529410001424565
0.471118023411431
0.654782459229575
0.573420453956632
0.559137541680676
0.675088777026839
0.635926790475663
0.646257307269923
0.59546283763221
0.765209492795124
0.772357585053679
0.620211617510724
0.686779589634326
0.673858829974651
0.482167912591307
0.723016110216172
0.523464155603819
0.57708823607637
0.653853254347843
0.679701414822377
0.635662623097659
0.562817017405079
0.834786119250158
0.545974639101028
0.671455749174011
0.723064117664586
0.694653224539208
0.63972318116226
0.602654435749767
0.502965277369221
0.721668940446709
0.669406539077517
0.644179102921194
0.575040733782868
0.749484315239391
0.597284031759722
0.805639291974006
0.672222606285788
0.706620340494869
0.560929225623373
0.456223423078844
0.69423732450316
0.797517181455008
0.550901065195968
0.766663472814384
0.6372110939972
0.575829682738717
0.701684458806172
0.538988434109976
0.722839787283466
0.790942183311281
0.719368601758143
0.616651089557242
0.798947010144844
0.843548827640323
0.540090761945324
0.703746734685988
0.569696638626108
0.700953382172439
0.788120218912065
0.776346078456401
0.808574421071659
0.809614175533912
0.544974501122253
0.728045463106645
0.539074253726724
0.73267263362526
0.858099311190419
0.897183403202448
0.731720632551556
0.773027054914133
0.721971911494938
0.637679390738196
0.843474320369366
0.766115768891118
0.594221319409011
0.909064544801623
0.827142990995881
0.753576952881524
0.737135674172295
0.734775730419426
0.766403210151881
0.773444544514168
0.719130525240979
0.769529631661438
0.757229374969411
0.821157925271653
0.853034436053499
0.816422844400158
0.747415021022092
0.731373298910401
0.695374042217264
0.690115554615739
0.749399644456509
0.753015479288689
0.704221849268258
0.76873462623511
0.815878259118553
0.913936655759732
0.685347958920441
0.954563480116726
0.727230938391492
0.857468710205854
0.715041516118342
0.737328259620649
0.895550353584799
0.954122722108922
0.818013618666317
0.775925770409688
0.826390744969863
0.642490800664023
0.726683613075359
0.678162052707698
0.679127347554012
0.748380906888157
0.859093414289448
0.780753529579327
0.844268552347567
0.827768058229049
0.791408710449167
0.803419103518227
0.703021356424964
0.723457863300853
0.942853978348072
0.64127340592103
0.700152157774579
0.878357763328834
0.918899605594712
0.754053015103852
0.801583744106863
0.934391510401401
0.962060422270629
0.91124094084891
0.781262635713247
0.827155311719357
0.894642036459536
0.963270541344886
0.954287260977616
0.925540958239923
0.774361669212906
0.862196783555938
0.775201298981506
0.924759168071898
0.93000613004054
1.11464295710928
0.801386464515844
0.840823020647474
0.952675236529633
0.867576737137234
0.869296908216151
0.977234610045823
0.898451713649684
0.728136276401355
0.868455073598948
0.726473329466606
0.986089911976434
0.774499711351909
0.908283734571827
1.00270981336808
0.745910774993284
0.85596525329425
0.958377737556207
0.914582792330933
0.839692861998642
0.94906820676134
0.810395076191582
0.980336458364578
1.16189705122883
1.03120558334527
0.974485734904021
1.02343063366374
0.881700005802251
0.875981516464023
0.897060511820414
0.892777737130372
0.879752897716083
0.910712242698636
0.883155801420897
1.02432547335087
0.96716399041448
0.953449598936519
0.979646777242145
1.03692448539925
0.767355001900254
0.902824146793484
0.95270640880285
0.892758681707325
0.932037019953182
0.986148517412941
0.998163124167122
1.06670027317326
1.04814782429407
0.867381536079597
0.99047207309785
0.897122442092141
1.04493734664346
1.044852291597
0.942101446627334
0.997224850493226
0.853749757833173
1.01747764139556
1.15883590334042
0.910423650026478
1.01284727056841
0.960891466480892
0.921911821608968
1.00132549256078
