0.161433893521514
-1.11462134711115
-0.924797509424115
-0.953408648024802
-0.964286308526345
-1.06839554346968
-0.953820467715839
-0.945535005380983
-1.00639688623783
-1.01689894674616
-0.880417149275093
-0.98179474164808
-1.02635643699586
-0.922850875447601
-1.00797161549371
-0.978596386759096
-1.0155154575742
-0.964557603601882
-1.06334408300472
-0.933699701951898
-0.946628050929646
-1.04467355389188
-0.877235393185898
-0.895786483413273
-0.839200807570152
-1.03758710410512
-1.01932559890321
-0.947687438527866
-0.836365579318229
-0.936706314452749
-1.02474584601513
-0.931479589152608
-1.07511276681145
-0.863935395101927
-0.993625369686517
-0.870172384742192
-0.842676406582141
-0.937154942698742
-0.822806193506241
-0.786667713175662
-0.977126969393146
-1.02272783644016
-0.673026320798097
-0.935483588034125
-0.908785147679829
-0.834791278458968
-0.872243924199433
-0.916336567919699
-1.13505389964483
-0.98186582062071
-0.821753702927371
-0.83610562701036
-0.866147671651631
-0.777832091259614
-0.767954834060355
-0.964494019215387
-0.992999162801833
-0.784321355848873
-1.00742357780579
-0.88076507000321
-0.910023846496523
-1.01564274896194
-0.891236719455096
-0.816199828509154
-0.97684493439778
-0.927413379678468
-0.920842526267661
-0.773427279709359
-0.904315393626285
-0.988136654800914
-0.896224214655116
-0.941967020416768
-0.687004587292946
-0.986000017691695
-0.903982959284748
-0.840637156137483
-0.799377365010236
-0.737285771338029
-0.843413566770975
-0.745888891194721
-0.813188212859577
-0.928478469709014
-0.815933515917479
-0.960181094587161
-0.693778434271233
-0.924009994656865
-0.838503614778185
-0.990406728209126
-0.810377149226274
-0.833287406820109
-0.728545656787635
-0.817878056311434
-0.810466438546767
-0.801751244954824
-0.755557112511626
-0.876364611856185
-0.680612344023544
-0.848167109113542
-0.866303822393643
-0.867530572782715
-0.816805665678024
-0.886050762185013
-0.826702705800016
-0.758175612049743
-0.768866419282376
-0.777620919219103
-0.820093172282578
-0.874138494111541
-0.849937507293552
-0.975595681375961
-0.757216470550114
-0.791171550750786
-0.738077784630376
-0.806134693762364
-0.78257176520795
-0.761904207130511
-0.708811674601848
-0.876492554940316
-0.754695386130294
-0.700902014874252
-0.783698671038073
-0.77886466758725
-0.786754007400268
-0.808522261061551
-0.781221106202848
-0.742075185265943
-0.665086218850934
-0.758912909358724
-0.747655303730656
-0.836122628093209
-0.782896898743971
-0.801894690975209
-0.765865685393194
-0.816281913664652
-0.704697730267407
-0.550818016000859
-0.757381502864296
-0.633161635639872
-0.739020841344416
-0.678529501131486
-0.698332374612499
-0.621669023017299
-0.8313733888694
-0.666511215616513
-0.776521841325836
-0.797944975940314
-0.737889722367577
-0.690991518010197
-0.656963267920268
-0.744095986976348
-0.69398628401537
-0.613426077663738
-0.673807620806172
-0.639687456818662
-0.730865074751671
-0.71253400491169
-0.643223506692243
-0.567421419814889
-0.648513763749073
-0.646889599675259
-0.712521063962984
-0.684171397163931
-0.552984830017888
-0.712768123170219
-0.694663372529642
-0.78036955463388
-0.658140977464346
-0.679688001118051
-0.485231617378089
-0.711703664340237
-0.731342808855321
-0.66779267186874
-0.605397083255979
-0.728618802427381
-0.645322478850216
-0.698967040157239
-0.634915841310087
-0.684222625155413
-0.624054456155597
-0.816550080638439
-0.662876477503684
-0.704244933077288
-0.674640322556235
-0.725284509313037
-0.703199820133691
-0.643154824868703
-0.566932475351104
-0.726798616678642
-0.629368304422417
-0.730786186657073
-0.609867624564641
-0.677062222762093
-0.770624705850791
-0.658423480699324
-0.566112256273005
-0.371463267393267
-0.609830860382467
-0.57475877610177
-0.74170353548422
-0.616082951473719
-0.522180058421296
-0.589061365384927
-0.572227941625564
-0.603352460989465
-0.608475580738003
-0.551542289781346
-0.649541747309412
-0.440815239323449
-0.686636607869341
-0.564004033063915
-0.503450439358721
-0.635943598517892
-0.609995879315065
-0.55712981067344
-0.630998675270465
-0.654070548683697
-0.641485018064184
-0.459137642363719
-0.472145917632071
-0.482323200642426
-0.537334666151662
-0.638689414612907
-0.582554075225455
-0.574820783569283
-0.562362155880265
-0.536178357351094
-0.546645985442122
-0.596549186427964
-0.417572321601019
-0.53930683798378
-0.519814934122779
-0.412524006535038
-0.492833158007382
-0.532549189673478
-0.464446592618936
-0.49969735297095
-0.688290469749463
-0.388090051727127
-0.457839624927612
-0.648994118025368
-0.512271060419684
-0.555194991002817
-0.463752669806175
-0.477326837416545
-0.575539363986481
-0.539782153555532
-0.593822776775139
-0.520720552924063
-0.360295382748283
-0.566687287801241
-0.508123603914736
-0.620490280460129
-0.468939965009829
-0.402166570571491
-0.447709728480092
-0.557586537849124
-0.55786983160367
-0.31153062693813
-0.455772075536159
-0.472576703950124
-0.547191836468916
-0.482148158731318
-0.474703179420112
-0.348959003121399
-0.597138749994235
-0.45868498225876
-0.520848666834173
-0.408325229869867
-0.459209172065239
-0.506128823194237
-0.634570670849269
-0.39753919818445
-0.652213770076091
-0.480176685480107
-0.395503850352454
-0.484943071686291
-0.52292532078234
-0.434914217984176
-0.442361526863355
-0.486855957146753
-0.427213539715593
-0.469588874177907
-0.52264815772478
-0.565164763035324
-0.492877746858378
-0.363931209453526
-0.561978841080045
-0.463435798180521
-0.379080681179663
-0.43001650129326
-0.441393572239356
-0.423040945823028
-0.3813793631503
-0.588285731089741
-0.460545608095134
-0.345846030820353
-0.378302789215698
-0.447443897365295
-0.405578096652916
-0.343627820932235
-0.478024141150938
-0.586608079067337
-0.39047340158121
-0.384574105188969
-0.560743413448642
-0.416188570716644
-0.383787572557927
-0.315666596443018
-0.39065828292437
-0.347928005919943
-0.255497189542657
-0.447113573044576
-0.338626668438236
-0.5848053901151
-0.456349741825074
-0.333035084001495
-0.373433424225929
-0.333012883256318
-0.424742164422682
-0.356460303232167
-0.436584992435804
-0.282554327074238
-0.440839360489764
-0.342753590276468
-0.38999182203535
-0.380538224054663
-0.347710870664702
-0.31241180920911
-0.370335425161025
-0.343520276711495
-0.441406381679772
-0.260453715359351
-0.375940914855212
-0.332574432339617
-0.215324112631326
-0.293915562021914
-0.28640231502256
-0.487951669383017
-0.230650009805781
-0.15165231568115
-0.323891899770497
-0.387716514453956
-0.220455339584532
-0.241712046270667
-0.363847621548076
-0.368174447624681
-0.352284734402229
-0.54432259476332
-0.340782621608923
-0.310577307863427
-0.315940120881529
-0.243935842666331
-0.396248804135104
-0.185464101037773
-0.20293127358211
-0.311252568633969
-0.261389307069856
-0.272703179897967
-0.349995606327076
-0.300114728254509
-0.440510949610418
-0.205362547658068
-0.171497005934168
-0.398198008295971
-0.359096484225708
-0.356122816655534
-0.335404868927842
-0.24578235181672
-0.253182672066697
-0.369388681015885
-0.192718010838782
-0.222116247084853
-0.0398515889748959
-0.205910847406751
-0.353021857067895
-0.190585350889593
-0.259073113198996
-0.28977959350255
-0.225509392055563
-0.231144816259175
-0.42080444456724
-0.270556821950277
-0.260228614564388
-0.193837083128196
-0.21376363245432
-0.328939547877381
-0.0152962057069697
-0.107996308308932
-0.193356774168428
-0.381673856858961
-0.392113456309752
-0.231032378705737
-0.27169117920519
-0.317468965363711
-0.251419651185876
-0.397773973944104
-0.164948363372471
-0.254470458524725
0.0206586676926726
-0.179270820880645
-0.265392447817537
-0.0997144959551771
-0.14272472002984
-0.214325909361814
-0.137270019495158
-0.163469267188849
-0.21094236809424
-0.190536765299194
-0.281331529989025
-0.0972279346184021
-0.0993217578791129
-0.277607161992449
-0.148850924796852
-0.193065663253131
-0.184958080290451
-0.196030437399688
-0.195027789474431
-0.150951349299079
-0.367740822585806
-0.112427844822885
-0.118553133027172
-0.16349357836764
-0.222531195226275
-0.0581927757606239
-0.341256349661377
-0.285078386686689
-0.159822280078927
-0.248084287995615
-0.210931335285286
-0.16412785619195
-0.113876997209175
-0.198551266439722
-0.157629687197501
-0.149510623626249
-0.060452790538196
-0.173427995153256
0.01063007371476
-0.128408954409457
0.0290855521126041
0.00957712249235004
-0.0512417424161825
-0.0906226236816765
-0.175412026403306
-0.186775177367072
-0.0543645125990486
-0.0837711392419767
-0.184950759203733
-0.140371467086184
-0.0506582694373734
-0.144535586376459
-0.0713071344985208
-0.245652496912924
-0.0550822513596228
-0.173462587128488
-0.0533305646080986
-0.0839079690687119
0.0795111300992234
-0.0947529954580504
-0.00871531084944703
-0.0679942632236968
-0.138601805839072
-0.132856020652462
0.0644687736883328
-0.0249271733503912
-0.144102849642998
-0.0360907129937258
-0.0390231674385189
-0.0578794765483249
-0.068573114782499
-0.0253420650976254
-0.0110383519315185
-0.134745751676066
-0.0339520779266504
0.0866174642402145
0.0261905795434093
-0.22457665321628
-0.0495667203309675
-0.0615517538392496
-0.11350756787606
0.156198285014961
-0.171120957204725
-0.110169686865325
-0.0040721603347991
-0.0629127540438006
-0.0750053472858639
-0.0760097223200655
-0.147041132788177
0.0515995960136017
-0.107678275741103
-0.0249454882610917
0.0270699696712357
-0.210444949213862
-0.0734922728377491
-0.134179650586824
0.000487187121212341
-0.0549212221013897
-0.0803184328228638
-0.0178991380281765
-0.0573768792295366
-0.188901740969228
-0.0463605831320085
0.0600599381513463
0.0958858980594412
0.0226782899927369
0.109551606574053
0.0224905648335075
0.0126736478937277
-0.00729503623485069
-0.0463753648460729
0.0582424030151279
0.0565893968654059
-0.00544266628797676
0.106413526261376
0.130040427861918
0.0335904476494311
0.0286457814182328
-0.115416772147646
0.107976313966771
-0.0541817369989486
0.0799644698416454
-0.00785251690633263
0.0808428353731604
0.213845345435894
0.0955153141084068
0.11154295862854
0.0533660560415061
-0.000986870917507301
0.132827657121545
-0.0183521053296161
-0.0393342702634909
-0.016733955329793
0.0696018248152606
0.0962747951012793
0.141611456580395
0.111951933251904
0.0527485567434715
0.0591105376750329
0.0373718224692431
-0.00416686651229743
0.080355679155957
-0.06575974604041
0.138506018482475
0.175642462073124
0.101506488509765
0.194680868082247
0.106174950188808
0.027144722796304
0.0884121623307897
0.110958926467705
0.119985256818523
0.0957841084046104
0.0734146885417587
0.0498248240941785
0.155162206303781
0.0390965001832773
0.0962078962716083
0.295269880197885
0.133275791299293
0.233523431994881
0.09550553995324
0.0662459321025886
0.140175622898381
0.220112439678214
0.0928378992087665
0.118322907858455
0.316869020691532
0.0688017864792494
0.232857755914419
0.314225395802095
0.0796649193157449
0.125582405119496
0.243695510021602
0.0629018189341073
0.273534649695915
0.0710698540574938
0.336643798583539
-0.0217977062203795
0.137650400203392
0.0863732864528906
0.197140470846886
0.0361923254150402
0.0339847362786198
0.153393912119767
0.146452107901051
0.282311279885588
0.189304145085381
0.136345243177075
0.267875837623392
0.181034790371503
0.329516983794102
0.184300041117325
0.299031852003607
0.021356812765005
0.258221623201883
0.324973839247002
0.165868583845555
0.00690253538167364
0.0768197250877621
0.186554173066069
0.228015732805077
0.185630610414333
0.232844608884381
0.0392718268869942
0.130614418177902
0.0579010735978361
0.18668378185941
0.184808148381294
0.284480727023489
0.0962205708161598
0.203719997010383
0.345967015986161
0.226921998606441
0.110809556506426
0.313730833193325
0.187638091645299
0.13733364297324
0.185234807881589
0.170909475898085
0.297716556005111
0.229559479108323
0.181722056305865
0.152500932394149
0.444273928930341
0.389813684032452
0.192970682967821
0.186248191100408
0.205032564469563
0.14477276974695
0.213674231024687
0.257879294382452
0.247732637892808
0.293947688073499
0.176567138837587
0.38769852624401
0.299554933532502
0.277579172314669
0.309750981048657
0.218831428852404
0.335730997340604
0.332838523707987
0.233593110123804
0.347663244399775
0.344777432814011
0.27317411673678
0.271827511295954
0.351286076181228
0.259295611079153
0.413347290116547
0.247262795648814
0.368460509459396
0.160006580167788
0.327358154758555
0.475935015453378
0.338937229015573
0.264520025075761
0.354588531256784
0.31012148914349
0.387628491965418
0.398856677963874
0.177918471868248
0.542302263263833
0.291845674956123
0.276744085889319
0.250512446405628
0.473819939689102
0.306750405319474
0.524215170705913
0.226783586425691
0.232921792728756
0.301961485799304
0.447337792598521
0.216066600895275
0.32391821413093
0.240066161133122
0.150482434538001
0.414080957729839
0.333820329157992
0.346477578275282
0.266766374578291
0.267884220345088
0.275470031867711
0.290509001727158
0.347988169655524
0.215799831517021
0.207838790317636
0.294483779419458
0.559538567539454
0.369073108768761
0.445477547357876
0.376275349820476
0.429879930428287
0.321089037081489
0.421653249252438
0.344263927057423
0.567540383334034
0.455100129297527
0.393315050919274
0.453456514070514
0.383037924784595
0.486801979675127
0.425373481800612
0.462343671168154
0.333653615586971
0.440916225745225
0.248692815443366
0.427050192196761
0.229608985017166
0.364308995040042
0.303601073122965
0.433213632672099
0.545843915707579
0.399314535261805
0.483818032023956
0.394826293829778
0.326966114219147
0.45636148996731
0.467393157576359
0.372173990216578
0.275980766424808
0.392772334594154
0.520456491017193
0.446235871521284
0.552262724532072
0.479214995091292
0.419650249246617
0.604058510166406
0.45374657775154
0.244192192302751
0.395236597621083
0.525833167183436
0.542970160801296
0.483702275954975
0.44401612253337
0.522553295064463
0.424732980674638
0.483901074702691
0.369838302887594
0.50263634556935
0.470367454456193
0.449582169370567
0.54444008165892
0.431018455457561
0.478584023737359
0.480691239629392
0.402061065996348
0.547706500817403
0.385509708806813
0.394722328790439
0.459768163713653
0.527036354368734
0.441071208987654
0.476572790654899
0.470909625036314
0.452991840556619
0.506566983057698
0.553719663703547
0.608008667476968
0.492776979003775
0.446056796634792
0.482445571790383
0.372060296108705
0.435794618247787
0.499912960010356
0.700306237123301
0.457152318269243
0.415184664078128
0.50059067000038
0.480662506088983
0.690257885478502
0.419098351303982
0.518662374581474
0.511136474664093
0.470189260861351
0.539206371657609
0.619811645360142
0.576653184995036
0.3740544588488
0.534292561533656
0.582181799458389
0.505967131515143
0.655025924336761
0.633910624366932
0.662253110831405
0.627234127646405
0.566687641239516
0.550749095914757
0.488400974083121
0.550076741301422
0.666461814232785
0.609087231018894
0.525875696060721
0.646678065697459
0.641858611105057
0.552203656872944
0.551455501639226
0.72995127737393
0.466219982432603
0.64520941541044
0.603240068338586
0.791140394780377
0.525590020229328
0.463197447868088
0.515973239096676
0.670190536736553
0.612201941301843
0.661646670895544
0.590203146156058
0.657784079290569
0.770363267858503
0.707771456445096
0.630033279352574
0.632826074578019
0.646319989526822
0.729748346514416
0.6450503555504
0.603745334945502
0.653553897233392
0.469560767829735
0.594141071237129
0.536024210415193
0.655790481407198
0.426694355902831
0.741029766064637
0.547326584564918
0.573545790025639
0.501020549306858
0.569780643506545
0.670930309910965
0.745883903890785
0.713990557089454
0.557214737415721
0.703010478154456
0.655725392193213
0.667957383304179
0.783217169670453
0.640180068965351
0.604357013502416
0.59563217856907
0.728901432793839
0.728080352585979
0.834781241360563
0.571028179700812
0.669573556291033
0.798731800034003
0.746261709859722
0.68350835374954
0.621039661057992
0.827928028618331
0.627141505786814
0.796894703810534
0.823681967224584
0.695573464523813
0.749748538184142
0.780158416478357
0.747993287756217
0.753653996545258
0.803174314716116
0.606331764914512
0.810683596615156
0.763223631730069
0.730604482843307
0.721370639423103
0.787992913971294
0.760070128415789
0.78363269851526
0.841087877884063
0.669030550119521
0.672227297457809
0.604836859191099
0.759069871023319
0.767207044437307
0.628691794055095
0.783440117993744
0.720559426592414
0.645392542122394
0.981157351268355
0.800587200670923
0.703060165042445
0.953014703941274
0.723655800097548
0.789861471742755
0.541954619557221
0.695133382460041
0.708864642275825
0.736115425133785
0.763029117667029
0.776925655851266
0.793678849881862
0.863897679650529
0.743559997790275
0.804964706708829
0.809056872793274
0.657201601053208
0.728912952956281
0.717124991371964
0.739686171101495
0.793336397732702
0.759879104651221
0.760759907335892
0.900871685589677
0.780430022458206
0.705675189027006
0.770733714103813
0.75527721859471
0.771038097948496
0.783300554004299
0.844861415817843
0.827884466090418
0.928238844933305
0.854003205760141
0.743599057099029
0.982918344111944
0.755568200032103
0.883298236814823
0.790385487196793
0.921287290364994
0.791451206559644
0.692573694460915
0.837464812972056
0.883065933515383
0.834767105396645
0.653343231810369
0.886431119616659
0.880514508187226
0.892477725624673
0.941658926448988
0.860341782416856
0.877988724808941
0.709755195175583
0.948662064041918
0.919028750919189
0.833549932605106
0.807938393891227
0.829527430712013
1.01952830058881
0.870874879680276
0.933112656710971
0.849655043025261
0.903483877787051
0.88316109333211
0.942907267641064
0.966671919808754
1.00142552594526
0.869691650512607
0.941559012811474
0.966112360418736
0.995635944071055
0.762101854605116
1.03595741099113
0.826616676289236
0.839940875690275
0.793553704341546
0.824904985061133
0.914477004391978
1.03261717917559
0.928578987341947
0.85839597070713
0.998725592270826
0.959238323082344
0.90263947231365
0.933963545435165
0.936966349877847
0.991101358359126
0.869969582615984
0.822178656559571
0.90573742672456
0.940163738174406
0.828338832362543
0.979210238296085
1.03992635229657
0.850533963136282
0.839832750449812
0.936104465567145
0.837810522561794
1.10402374561383
0.872510592021043
0.952393611548789
1.12940142838655
1.10200009940735
0.866468859119938
0.917663418971751
1.11430117812035
0.861718201265155
0.913164312874881
0.877751613321743
0.837951558598486
1.06159877829921
1.03135332363473
0.955521985092798
1.01625635231071
0.874260665820161
0.852820636756692
0.989933281229033
1.07985939281567
1.17696303814309
1.1531272492827
1.12033197401129
0.972145362602216
1.03117401360753
1.09497899602236
1.04905013458446
