0.0827823563136328
-1.05995039984137
-1.01934327941473
-0.920171242765791
-1.06493680283691
-0.825852366056205
-1.00996102653696
-1.06166812610383
-1.04230502995949
-0.852579958383459
-0.854375094581574
-0.992505655412384
-1.08383702233878
-0.836018182333935
-0.850753097855872
-0.9193346190663
-0.986991094516119
-0.850221363837307
-1.10418135405826
-1.10203711627334
-0.878111876796645
-0.901286716920051
-0.925060734793367
-0.945039751531799
-0.929035827875647
-1.04538516428096
-0.867796142137527
-1.11810335384964
-0.830560092967988
-1.03124079544124
-0.867774326234037
-0.857393134651173
-1.00897865999227
-0.96370976911965
-0.886495677476454
-0.833145226992382
-0.964608341041991
-0.871108233267633
-0.869265103439069
-0.882273359506273
-0.940868675367805
-0.847561722260635
-1.0507638655785
-0.840750863606958
-0.877300402955537
-0.877919558910165
-0.886284002072121
-0.861172714749967
-0.771647296453404
-0.854473553374592
-0.79971473596593
-0.840159360240515
-0.846066777260975
-0.931366118575911
-0.873338784910033
-1.00030965298263
-1.09484354962942
-0.759907746814764
-0.86911823155167
-0.876265179606393
-0.829981602610194
-0.96490967775363
-0.864839689440441
-0.886542563797547
-0.735141465998929
-0.793630403368856
-0.697712628134526
-0.898566383802915
-0.842275323187683
-0.760625164951864
-0.823997846703782
-0.900508933044478
-0.952580995708712
-0.722533015335659
-0.872963108708708
-0.802208627426418
-0.820091596394522
-0.813692099806236
-0.761624486624036
-0.928251907721534
-0.873647952162309
-0.884192727992033
-0.949236613366293
-0.916883681718014
-0.723081650004928
-1.05234835836049
-0.792524720699028
-0.868469024141288
-0.679803099842372
-0.863259381486205
-0.90320065709156
-0.821535494042503
-0.731552300116443
-0.904019990791758
-0.763357566072209
-0.709804979050683
-0.685498604063118
-0.982410157690471
-0.781593944892049
-0.712382422988095
-0.880770880931263
-0.761456036594004
-0.896618169486602
-0.838214601042351
-0.822280627594902
-0.814126161735186
-0.791603477574103
-0.928102878583633
-0.835849377298393
-0.736199526325361
-0.662449441311988
-0.749474645044539
-0.844174361470988
-0.7417599335146
-0.737831662542462
-0.687380352147425
-0.853073753576046
-0.822592556769601
-0.721914036943038
-0.720724706066757
-0.784238799913695
-0.75309977464617
-0.80970539426244
-0.796708089342139
-0.820202942358645
-0.771317965953069
-0.602366789560091
-0.743738094684248
-0.869587014704601
-0.703694031035027
-0.606606106092215
-0.758144539805858
-0.659983288547684
-0.570809868990154
-0.721209214236584
-0.623515449752637
-0.786899738936961
-0.810712186402108
-0.702522512209384
-0.646745874812096
-0.797937682332546
-0.792852187590938
-0.858086492056865
-0.751383901069526
-0.675851412070919
-0.614795547858565
-0.684355072235787
-0.618400086742362
-0.78092398969819
-0.709330466999515
-0.66077269372985
-0.698461019609274
-0.683143568610301
-0.66343536752775
-0.802058687516688
-0.68596807840501
-0.670157069188476
-0.641363471617999
-0.676817008278172
-0.632465841497275
-0.593593537938529
-0.471351352754974
-0.623728411319098
-0.757148215616148
-0.647116563560956
-0.747716190492081
-0.654756210731791
-0.777722344152556
-0.804515345439323
-0.514974575424282
-0.637067318701322
-0.622198550966375
-0.748364860722069
-0.699114285859102
-0.548638988763477
-0.740628460146295
-0.571364899236391
-0.500471191758161
-0.8440288024283
-0.598194631077469
-0.517379907667218
-0.631415921479211
-0.78975776725879
-0.720868930391242
-0.580594702060387
-0.581127502404821
-0.477092406740812
-0.695986697857944
-0.599787202632756
-0.671515193338683
-0.723976396846398
-0.641771018533868
-0.755060752722725
-0.615844241887474
-0.59650722663794
-0.759234019944117
-0.595073702865598
-0.576031898043808
-0.599127104320261
-0.43039499879104
-0.396496972547168
-0.629038977948745
-0.577895081290773
-0.688938988551859
-0.645583174440003
-0.637638861824709
-0.555599963948823
-0.67284924692552
-0.667217028492222
-0.635994766210757
-0.618660028890758
-0.507669828422695
-0.676163424098288
-0.633513837114807
-0.457156339868366
-0.488125365409984
-0.534443007384125
-0.507524746452842
-0.591437024091358
-0.682031955581827
-0.433446464923354
-0.61485264838717
-0.613531173271529
-0.464273785264847
-0.439688203346708
-0.503750903620574
-0.501491023107343
-0.694336913290343
-0.482987165634881
-0.479273885065837
-0.602162363798695
-0.493689952809034
-0.593523377302348
-0.459939783177874
-0.502637338979263
-0.43658774974892
-0.508499718042765
-0.30304166783347
-0.484370213681469
-0.534966605816503
-0.552276953856411
-0.595772371924484
-0.623080233255485
-0.600919436682045
-0.374297911289971
-0.654813589127423
-0.506096267805423
-0.510023702389313
-0.47337965562505
-0.48785800419753
-0.505791422564522
-0.465442182919345
-0.530733101087353
-0.495275040443326
-0.401607359353356
-0.541841589142632
-0.53372493739089
-0.594837323014419
-0.448655691274884
-0.533071328028106
-0.407871425292143
-0.53585135201763
-0.60958602946867
-0.357137484738018
-0.476748339933239
-0.534066663446982
-0.458299441721849
-0.53237510064756
-0.459136959732471
-0.452404069534065
-0.559121717305107
-0.423931569687662
-0.473571921919459
-0.427852676121586
-0.479145928285808
-0.47654576227325
-0.531987413783779
-0.508737579752185
-0.469997989237481
-0.379542213848944
-0.419898475233026
-0.554764052740721
-0.465293257880043
-0.429898778676248
-0.353183191816391
-0.446725694504593
-0.502450270329031
-0.371845213586038
-0.45067114140538
-0.581668977643718
-0.405250651923052
-0.395713965705543
-0.439899906924479
-0.270724074948579
-0.368673605598214
-0.524810642384111
-0.331377384260457
-0.403011762875558
-0.360700199772941
-0.431861141655745
-0.374732284888213
-0.61912498526596
-0.398743322857322
-0.35466770072192
-0.337247761629311
-0.478674475931909
-0.273143691458132
-0.470297845714272
-0.475630484032193
-0.405514079851758
-0.454076572868571
-0.205230779796678
-0.376502808171913
-0.407969843707756
-0.257406302805696
-0.295048896116629
-0.509963405110171
-0.324407635381152
-0.266587627145072
-0.386512694531516
-0.0747626196146994
-0.298915799962454
-0.264652015804582
-0.299289554652859
-0.343399941142699
-0.446213943821254
-0.415350719613284
-0.401754907283087
-0.357828668143138
-0.398155842039549
-0.278301960804958
-0.375937242013185
-0.275616976034849
-0.309622319298678
-0.348832801290173
-0.369704376837204
-0.465168493235124
-0.380804767022592
-0.304596334497097
-0.198780638477334
-0.259691889978002
-0.402431474061486
-0.288602500483113
-0.376264437091113
-0.325817233718653
-0.366800751548378
-0.354573677415946
-0.23244741502043
-0.221034350964743
-0.22024447212566
-0.364828135373444
-0.37031620528073
-0.304513599713206
-0.266345463425582
-0.1489657149685
-0.317239103599456
-0.245536049386264
-0.389710563737028
-0.149933217085064
-0.210772705389831
-0.32594400907482
-0.263835022726675
-0.158226827929078
-0.235678779382335
-0.296467388960168
-0.231401443768949
-0.280213300020608
-0.180645966800635
-0.174912587342151
-0.135852758685417
-0.308487102274553
-0.399439837637761
-0.213050867373064
-0.167273332222127
-0.186088580909196
-0.362820160707901
-0.251571503252837
-0.0557109800594459
-0.344507530413618
-0.0315539673926606
-0.22807556432683
-0.230620641396539
-0.248306562990189
-0.256329076911222
-0.34620213003772
-0.256019134029768
-0.294209459734961
-0.321847846343928
-0.173684989293172
-0.108724698727792
-0.290223966760599
-0.27405318311919
-0.210376827893294
-0.272699252262539
-0.0669033372931784
-0.216071875733863
-0.140874826434943
-0.449795569583842
-0.108026008399171
-0.142425464884542
-0.193280066572158
-0.262637226606487
-0.206241883964044
-0.18217441688355
-0.287991383693031
-0.126595375443522
-0.130885184453035
-0.215875171925763
-0.278347237422451
-0.225619145687816
-0.0932088799009012
-0.219802649607723
-0.167887812402048
-0.145311415124942
-0.172197622851902
-0.2386501473945
-0.108668420132452
0.0212397362237639
-0.314288949881234
-0.15666485767958
-0.104560188636511
-0.0910940263328259
-0.228431670465516
-0.197010134012524
-0.106410532606118
-0.245750807963156
-0.0872904517875464
-0.096955778003484
-0.192721695961177
-0.239186648582636
-0.0604249694616231
-0.170797964444976
-0.191596928895213
-0.116284427628832
-0.161092614171633
-0.19367064233583
-0.0398712171089847
-0.0515451623757027
-0.17271885928161
-0.00340572577629067
-0.0476390035925459
-0.198640523806188
-0.204046635062363
-0.110384945732485
-0.181068554619386
-0.109684467235931
-0.141287657860856
-0.0932376117058504
-0.110142882530205
-0.0265913208579395
-0.148934738649243
-0.291587687820088
-0.197982972362634
-0.145450054677236
0.0442057707494791
-0.0742453390697088
0.00662726986907927
-0.235809374957829
-0.170982403847986
-0.189680852535281
-0.0988374317671548
-0.0295456707932048
-0.0590988957502747
-0.269158969253315
-0.137763743894819
0.110349177847389
0.0206738829329678
0.0644460796631708
-0.0991592878810411
-0.0540199044199431
0.0944087334749743
-0.0380206717757633
-0.154998768004221
0.0162963668259462
-0.0689721139571129
-0.130572801070223
-0.0978767799453949
-0.115567029832868
-0.0449782671573332
-0.146288709577046
-0.0656792731093208
-0.110864541895775
0.00448559698590639
-0.00453190746356992
-0.0756561613213074
0.0779488954349889
0.0162531297552702
-0.223433966512857
0.116968359781147
-0.0753568035568309
-0.0917826870326905
-0.0525467880813332
-0.0743777400899162
0.0192118744885394
0.032437330145828
0.0703092189255474
-0.0812417717243186
0.00145228741579731
-0.129188823166768
0.0238572993240389
-0.0698776728812938
-0.0310520689159979
-0.070956410998199
0.054804970293456
0.11525378645425
-0.0883399812186191
0.00296915722491391
-0.0414845530043263
0.0701590544041666
0.0593426369929013
-0.0180299939312334
0.0900233083985548
-0.0718285966199115
-0.130398131888078
0.0807165683811113
0.133999976421518
0.106751444177461
0.0177990496726392
-0.0307888867412003
0.139057913227317
-0.00828742936340928
-0.0344731727884423
0.0169412703621879
0.0113386016182287
0.112999020527614
0.0781317280655698
-0.00188874219723835
-0.0556649395929906
0.168415000895108
0.0344051618389533
0.140525238500839
-0.14799934565638
-0.0648294352946744
0.0661413924251494
-0.0226752177543747
0.0351176590494805
0.106872813036798
0.0164127728866894
0.108342012046301
0.155353637820824
0.185003025471171
0.281033831730165
0.0785352831560856
0.0598230425300546
0.0949459320931028
0.022204366671368
-0.0450138070605023
0.0553930205526599
0.070853322223352
0.105084702180066
0.103114691023421
0.143301237645905
0.099608796687077
0.035687843599212
0.200257387074989
0.026893114253444
0.0298604529735252
0.0971571507445533
0.101991346943184
0.137785297869554
0.199964752114336
0.335880979218147
0.203495416768703
0.125072067514125
0.205422796046806
0.12245098777104
0.173491303732325
0.324865627576245
0.131230749559272
0.0290781346319893
0.242974027927313
0.0080202288737429
0.151727862175117
0.104522755809719
0.167746569706224
0.185189875598103
0.0736844882581917
0.232266632636168
0.0610359541862169
0.0923393985960019
0.224946568359775
0.0334890686330974
0.126481379410485
0.14117429581829
-0.0856762969839557
0.00979246958783252
0.0886996047717268
0.236411756296259
0.191729091930908
0.176345575549115
0.120902922663595
0.1558371867728
0.29704048673254
0.13251513949372
0.0977562961854359
0.195975657870564
0.132704577302071
0.129447616842661
0.109908052486155
0.130930033429321
0.220359363800199
0.197630019514366
0.0785033887724275
0.141662202113287
0.129829837588335
0.0434872021270725
0.307099589109663
0.262491837590041
0.184120616439679
0.0205554095576469
0.262356324182474
0.253383367531944
0.273370154126817
0.227823513016416
0.317834730161736
0.208445244248566
0.213604800816108
0.148546691224086
0.22256019964197
0.380694050277641
0.249050155775357
0.212366470234467
0.31406057171561
0.223260137424638
0.170927887490799
0.203608496836328
0.0438085608350456
0.175284442429498
0.233877890190543
0.294725385622507
0.245010890139231
0.354381858987245
0.219886575124679
0.402489069331985
0.315955373560163
0.344673950278901
0.338549983013427
0.187126537110205
0.291258377190895
0.302196567579412
0.235268738133069
0.362201540027878
0.245018232781216
0.206403359256867
0.317552120666821
0.127309283281305
0.252098258731521
0.406892867794778
0.262381459289833
0.212351135648924
0.298762441047412
0.291962253970065
0.384066821013338
0.351458908495279
0.138967492410145
0.44348526570818
0.306662553232631
0.435705291053803
0.303571897670679
0.290699766349617
0.287342419108556
0.25838355217907
0.290242797455165
0.485691967826466
0.244282214151703
0.43563693762503
0.445593357102797
0.171746128539127
0.287543549180667
0.194404930257299
0.237697930329969
0.352770338782498
0.257591021019714
0.240958263261286
0.344266392502555
0.33868423952914
0.389535450572303
0.34152455261568
0.442360461060499
0.536455224815963
0.322390711963799
0.370064945768183
0.385232793419077
0.530145168593872
0.310884405633382
0.441717627104648
0.273362397425242
0.12893423243882
0.426929236315384
0.432862421157138
0.316226007907691
0.235641689141437
0.448357616198809
0.314179280414747
0.449339512137998
0.261886805996071
0.30700488033776
0.405198757906081
0.492407586333889
0.419024591278876
0.342602569078702
0.323775962614746
0.324885077870629
0.315726269112337
0.430772072790123
0.45884645129839
0.501620948461475
0.274702733783569
0.46972271709607
0.390883728588365
0.296827236942977
0.516353768903786
0.551285528325804
0.399181082651618
0.36786213990806
0.467395452136019
0.460432689332813
0.346506444132947
0.410759760120101
0.368235142711863
0.540930820232964
0.52972224939467
0.553690195984864
0.511912871235198
0.409588618044799
0.473574221444006
0.584679610990125
0.564235261138611
0.445123849451857
0.345786943879678
0.43207696253156
0.537538326120637
0.4714203075662
0.517008090220521
0.512985663960055
0.477865639843117
0.342378580657672
0.464322490024784
0.351301717442467
0.532550432272011
0.435780409542782
0.469758381972765
0.474303159811457
0.471948485764146
0.490193158024463
0.536783759228381
0.470935804589479
0.446962514024011
0.538630216828704
0.433327734952333
0.52057501953661
0.485342356205947
0.449066802069838
0.443604554617949
0.364802302373379
0.591013447726913
0.611343138207347
0.441228048884153
0.432318096723496
0.475511425791627
0.521609152862746
0.491110933416723
0.534991043008419
0.527664823651625
0.458831350112061
0.574486454004266
0.606948429291708
0.484180500273924
0.644401958299301
0.37200444439993
0.466461093589545
0.631391048889584
0.602585134480089
0.421189235693099
0.506762333430445
0.593568018468848
0.49490023833767
0.547448744661
0.33845883590781
0.550091578826743
0.52622806255931
0.572849231113057
0.499742408266554
0.685352831450687
0.679608551070658
0.5938279781474
0.480390210894251
0.492700241472001
0.643504065903316
0.382244358300403
0.459046875103784
0.603832960541765
0.565501026451279
0.571269510657689
0.595176781341145
0.574038668730794
0.393434761825444
0.604357753164612
0.555039550658671
0.616447515708706
0.575886892453112
0.650933549144123
0.615759937420271
0.67461028922476
0.662750421348755
0.630245560573655
0.695392065360753
0.676544903599499
0.509316821968126
0.782559058349149
0.624533909114159
0.725243260820996
0.686699348569972
0.634370285734503
0.647740285044446
0.747443851311036
0.841634148858555
0.475470275596052
0.629614311268195
0.708382136742693
0.535907835628052
0.605338490653178
0.78784836015558
0.576087665593413
0.639544011249052
0.705405086341024
0.709047095051589
0.740211631467495
0.633195758017456
0.629013219582099
0.57044005108197
0.695558158716733
0.723008518008873
0.646108673007486
0.662115334159206
0.725129880472467
0.553752155323665
0.616889138019629
0.85396551356462
0.644807501407734
0.586070248949943
0.670035733700299
0.737025823744136
0.545004287767627
0.793914851258168
0.697009557344357
0.735948319989543
0.716977509081061
0.75349884134423
0.793034752283133
0.751859015011441
0.644806371182337
0.710367756287537
0.734509438162485
0.679289462264793
0.693060914027209
0.728554537642795
0.609320408077215
0.78918859221967
0.803570473569101
0.795370816577494
0.772912532146244
0.823582283438558
0.797501285275324
0.80163588462721
0.802995621953396
0.78516234880839
0.686901230394357
0.693591078364715
0.736859278280942
0.683963758416482
0.696657571657652
0.821017349457455
0.830079620559529
0.734720681798715
0.799653599309371
0.586469227201585
0.762058956796495
0.802961639735491
0.817123932038155
0.751481506496095
0.805504043779368
0.759032562098738
0.742558448554992
0.844544109541787
0.771429486606536
0.766786363998636
0.652179985478307
0.785559620729023
0.576805693235054
0.782222012682285
0.782659399798069
0.763657804243384
0.783522002706565
0.79537315217908
0.81898916469612
0.791951292461407
0.500087546553796
0.933379712299646
0.740480789607128
0.701161115061401
0.869951417827544
0.751452424426252
0.610016179957959
0.587606939829918
0.827874596937873
0.836394919238272
0.846112725185024
0.699438206838671
0.727621845410534
0.80776640412563
0.824622563259335
0.749580262267963
0.732966872868782
0.861158549435436
0.90472314755839
0.764821361189055
0.93405417306983
0.818631265517051
0.735439988840976
0.900714796638456
0.914519073870799
0.76144560608195
0.967048508380405
0.785914177924014
0.639687706257283
0.923115074331178
0.980793210664179
0.845865328474321
0.866833274543853
0.869264304053869
0.804842834456889
0.914578759949818
0.832651402160447
0.773960317219199
0.898066515301703
0.927960062348982
0.876410105387704
0.897080977812589
0.894676489005508
0.941686374917872
0.874044414122714
1.01882782218715
0.795794308479444
0.969940258199815
0.887361229368063
0.886601929258395
0.84506573988921
0.889160837768253
1.03462990702285
0.944770191835874
0.893797003032766
0.867601183542732
0.951107874040026
0.970898828233525
0.823885385932896
0.950043393177854
0.794404642356295
0.923809644351207
0.973600743415104
0.956764521724255
0.793933267165412
0.930563784995721
0.947582420125715
0.884270540542366
1.03438989027404
1.01622699756625
0.682777052098863
1.02059124876857
0.850488158462599
0.803772333687625
1.0964320568763
0.92845348570678
1.04220540567314
0.942385767479484
0.781977583626909
0.747346575184331
0.987598970398371
1.00145956626955
1.01170623305797
0.966998272514085
0.85930010715935
0.962281293112243
0.975136683581508
1.05003526738432
0.968802449532654
1.14599148209163
0.955598110007993
0.978689372670203
1.06773937593154
0.895108198528156
1.10091446921267
1.06740390871892
0.866098668603519
1.00430680514894
0.928558651193177
0.997086410929843
1.03301045113989
0.960191990585538
0.99620470675905
1.07266286472537
