-0.0535544432814047
-1.08200585185222
-0.956537174749016
-0.906682157230528
-1.0339529099702
-1.12561802019696
-0.906909566590605
-1.01548556598208
-0.96159320713875
-0.968057864986595
-0.910812285814939
-0.857498581016535
-0.944532612071291
-1.01558148590266
-0.972843980140026
-0.947333077004652
-1.02409754921977
-1.08851122581965
-0.979869049648622
-0.976264732549193
-0.888894464777233
-0.946904135230493
-1.16272476985948
-0.953940016111584
-0.884003548665104
-0.89514570291166
-0.965108319823608
-0.975256328853357
-1.00215275953038
-1.10395782220502
-0.94477163253369
-0.84639938343278
-0.90916331219902
-0.896106293574219
-0.915076892497441
-0.855891980590987
-0.844699768188612
-0.9525806212998
-0.838569265037761
-0.840280323877293
-0.816753392067816
-0.910522943097673
-0.877885894230583
-0.926251749514233
-0.941420647641615
-0.792877327190677
-0.882120565134367
-0.898939141783777
-0.886957528679291
-0.876157288255748
-0.918735673668747
-0.854770576742199
-0.861781813088354
-0.912596505337483
-0.968847768391677
-0.856753573914646
-1.02220155599102
-0.867154343877456
-0.949960024049043
-0.952791533218425
-1.01509425051262
-0.770227510360348
-0.891155513035373
-0.857677726203689
-0.719457196802847
-0.734576701285712
-0.880758701296775
-0.836205129240055
-0.841204298530727
-0.632416573282964
-0.937068613887478
-0.829625724246673
-0.795790140966554
-0.959165886543805
-0.905644966247174
-1.02409138597772
-0.871657731676106
-0.819228560096143
-0.897322714409424
-0.833668893833488
-0.799913437908795
-0.811679621451313
-0.783731555412057
-1.08454674399316
-0.74807888509694
-0.804735524164616
-0.8364460418611
-0.799528338937103
-1.00309476921009
-0.780178477602156
-0.793695660703534
-0.761682318530974
-0.926444254373047
-0.627063790678566
-0.841801669879934
-0.808588992475657
-0.748001604668333
-0.857793577928257
-0.845278475367066
-0.825177376293249
-0.807446166861447
-0.935880379478676
-0.886364214208671
-0.958894051805151
-0.790707628008177
-0.86808046742316
-0.63801825423069
-0.862898656917862
-1.02126831121784
-0.831821655691548
-0.828940280624143
-0.877661944519377
-0.776480127063145
-0.692977370427388
-0.825155758910392
-0.87718712551777
-0.735366682845853
-0.774968033503367
-0.66304255249913
-0.700397989738984
-0.774522100178169
-0.639402395764513
-0.784169621613683
-0.6571942192456
-0.668912533470217
-0.790546979206666
-0.608124924478252
-0.841843844858741
-0.762905128345366
-0.65472176091019
-0.823162122292083
-0.699564567998878
-0.919747559272669
-0.720695627669178
-0.721438079369953
-0.732500315885265
-0.794276276154123
-0.835978075456429
-0.726731315855817
-0.718238725599561
-0.567039927458003
-0.632183082908096
-0.717398282173183
-0.709935408257577
-0.58190449045849
-0.574043838464373
-0.577015939663619
-0.770722752481381
-0.680486031270442
-0.819006637408411
-0.743189148975795
-0.664874810483351
-0.785186050728731
-0.811328641083618
-0.657955084455987
-0.654258697045616
-0.695413441547098
-0.745892878783746
-0.674205173509023
-0.581628797240603
-0.805742413036433
-0.573871112680671
-0.699255874859483
-0.51249309530877
-0.698261633689572
-0.745532413336973
-0.699836333057252
-0.567138383840765
-0.537576421135067
-0.692629708460247
-0.655330699934982
-0.772489842772648
-0.617103987196619
-0.652029280448353
-0.634896377184104
-0.703005308011875
-0.7598454889897
-0.683582462242173
-0.864729047972206
-0.637549865436996
-0.547390572144394
-0.819415527793539
-0.67541132657362
-0.614356492532079
-0.550102277380567
-0.59423853305317
-0.665319042955919
-0.608773022316903
-0.606420186860221
-0.571922794020939
-0.793171898046077
-0.624111667564606
-0.617036172621256
-0.673863695135514
-0.558077214676258
-0.577959905764521
-0.388973775586303
-0.598855518819374
-0.743453911286606
-0.717748725911172
-0.567405157683455
-0.762649232230165
-0.487660828271391
-0.611985017651884
-0.578776389751636
-0.526838799301395
-0.560816881652992
-0.772453225008095
-0.651398307732736
-0.470610237656658
-0.667973238771754
-0.465794536688651
-0.718017503055133
-0.531550835678648
-0.587025183131115
-0.532537448848049
-0.496443953527505
-0.48527316776739
-0.56852442587194
-0.489818801274893
-0.653498010385235
-0.506319283135458
-0.641451345708486
-0.557557894805604
-0.669222504846585
-0.522257013600509
-0.549057267048191
-0.459876899072415
-0.677831026633221
-0.768325245408023
-0.616461074843134
-0.618515944358131
-0.564488573763295
-0.484844933491882
-0.64560150614791
-0.541424362955223
-0.485794987186432
-0.443008688692387
-0.599307858310932
-0.513629093920776
-0.598910443528273
-0.364099400738916
-0.48159705625498
-0.47799013662911
-0.57522823099902
-0.570656062514779
-0.518943788155911
-0.526790021561722
-0.361590426408023
-0.330369988088394
-0.474632151037569
-0.501235984744842
-0.506969555326374
-0.505608600965004
-0.430243691864091
-0.552394202446063
-0.430223912291375
-0.578057401562032
-0.435221758131452
-0.575963675188663
-0.438063992893419
-0.464941102562581
-0.323093131892332
-0.505187946404497
-0.398557309362505
-0.593882392969018
-0.609222594456407
-0.484679406550291
-0.585265146033561
-0.445233038427678
-0.421390660618088
-0.461448455582556
-0.387292378132954
-0.553262044905531
-0.498293608124093
-0.514441118572097
-0.539852495280042
-0.358521365757515
-0.450012812500525
-0.325176579146687
-0.52455300048463
-0.56731278667218
-0.399862058579752
-0.500322914874547
-0.507751738430895
-0.423654830976089
-0.419437654230467
-0.392591480337362
-0.435746344170694
-0.327926989895598
-0.38659358871787
-0.603985921074883
-0.463050296820833
-0.521653989771617
-0.412027261256651
-0.404453798062642
-0.40052561909358
-0.377558217379973
-0.480571219378023
-0.412832001716539
-0.390382421554057
-0.337790956751212
-0.438883284177068
-0.520981748394936
-0.475340013159901
-0.395894709287853
-0.2746939413196
-0.374421244700791
-0.304235936661053
-0.27325316127084
-0.431495907564929
-0.342323594246649
-0.298908909426892
-0.44279499026108
-0.47876791458517
-0.501571419157507
-0.237728580006996
-0.280386464688091
-0.280355389918422
-0.394579104811271
-0.416192140653149
-0.267615010310187
-0.342176104286042
-0.41426910895047
-0.473708856946884
-0.441456103940961
-0.415657899353891
-0.408940786014094
-0.392723512754403
-0.391108870244374
-0.167301227599733
-0.395672992539851
-0.326651388804643
-0.314674437942759
-0.417633082807671
-0.314779053059167
-0.449451129872996
-0.263212846772734
-0.209535185143708
-0.313585896057465
-0.390390664121155
-0.513055528566313
-0.352002575261378
-0.343731927758268
-0.387720954129192
-0.206291992597481
-0.268464709103027
-0.360718311384293
-0.14546314776624
-0.207092607179682
-0.3590513354168
-0.236543050293998
-0.21001635428829
-0.156761857395766
-0.415667507559537
-0.366016334606422
-0.161108803887238
-0.23472847388543
-0.270166934829881
-0.366016164705175
-0.339344639425062
-0.272266052388628
-0.342385024508136
-0.184725734397996
-0.251765479096696
-0.274550348923477
-0.184217433841399
-0.256679130880688
-0.147136550737445
-0.176389852217181
-0.224237491221555
-0.0728567685565742
-0.350457290898328
-0.252310883318462
-0.168203799034047
-0.203806587661429
-0.242300727918968
-0.345773599817035
-0.218676536269461
-0.333845401250207
-0.131035318977837
-0.222315472523744
-0.211283005652476
-0.310856773182931
-0.260945978269776
-0.192957455930148
-0.27233273605738
-0.149811857933251
-0.348091690040731
-0.125041662992917
-0.229021658219721
-0.149177005668423
-0.13566716781522
-0.13287023099155
-0.282171376669475
-0.167413747008712
-0.392775801215463
-0.26357117414376
-0.283161257069644
-0.230836917124179
-0.0373192239074274
-0.347128935024747
0.0657785146970508
-0.247421277854258
-0.180142561325095
-0.165611993086379
-0.14473584770087
-0.0994142429800039
-0.065112428681324
-0.0466829717936405
-0.0805611177893585
-0.230981297852258
-0.128286197374297
-0.0736501969268515
-0.214161805441578
-0.0818799542470249
-0.258133805515345
-0.094416002937815
-0.0613673987153167
-0.137980379042829
-0.0538232384902211
-0.100042033525434
0.0426576242793884
0.00735868083766141
-0.116754240434369
-0.0879290309086829
-0.257930050057663
-0.0476534727066002
-0.0703244851018709
-0.0615372214039056
-0.173627255944386
-0.232141762414457
-0.110239314326057
-0.091484824758544
-0.11472790698242
-0.0864873490322585
-0.261526986575992
-0.173902528906155
-0.0802078030250273
-0.265798082933599
-0.0490639041283452
-0.299585037746491
-0.14267371420093
-0.10051852731091
-0.0968320195969982
-0.215303952468104
-0.153608335618977
-0.00208955951411475
-0.0894865457547758
-0.0460949961425317
-0.141378130697393
-0.0942002601380596
0.0443481234612321
-0.160871156408411
-0.171703209121013
-0.0427255125036893
-0.0105663955518437
-0.0943591415925873
-0.0304092874193791
-0.0344071532205319
-0.10982185989454
-0.122981779125344
-0.140753850490254
-0.224354413807774
-0.0850010335116506
-0.138676501345183
0.0754322474084249
-0.197488462824791
-0.0444024143598585
-0.0802961693741958
-0.140963981172755
-0.0663688474469004
0.0737270740234408
0.0689613784331278
0.0250682943335528
-0.1074147398993
-0.0110980399785801
0.0611206915985
-0.190256341005294
0.106707969792002
-0.0529819903732661
-0.0741731875573084
-0.107701060872791
0.0725595234800524
-0.0349059490857496
-0.137952178813604
0.102292620739982
-0.0585475577066293
0.0166912966498014
-0.0773786418752185
-0.0295413517810395
0.108200308651101
-0.100266866397046
-0.10666655894034
0.0477629663759301
-0.0512571461452232
-0.0414503590266485
0.209729767598907
0.0496325956145409
-0.100077761500185
0.064880100081646
-0.00323847657109051
0.0902542211493694
-0.148640109314057
0.112899392458008
-0.00198451145834893
-0.0416813660408312
0.215427842965874
-0.0587287414933842
0.00653398306960917
-0.154154589517855
-0.0134498572542675
0.0415381322188116
0.0652592667630978
-0.00722110581935864
0.0159514027077386
0.062495631150631
-0.041841697460649
0.18523066218609
0.182740465707116
-0.0487593827126672
0.0616644800935314
0.173501844247198
0.0948706155024048
0.0212112694537719
0.0386372668940606
0.144656853717358
0.0852414941117599
0.269531364495375
-0.0253748852253583
0.0291293374970774
0.0729310188311889
0.0322720956813075
0.0996267313816214
0.115409805430473
-0.0288118570429533
-0.0295337395594877
0.166038402615829
0.111373579173038
-0.0115508500736237
0.136930717248506
0.183324987753461
0.165616828960116
-0.0334386966981732
0.222704868088279
0.0654853074687641
-0.0315063480082327
0.0311087697738697
-0.0222821553184542
0.210690095809258
0.135744550628508
-0.0114186872002418
0.256053645078318
0.00588135359655129
0.011724321838377
0.0679717129971312
0.0984301275555365
0.0371454155944402
-0.0069062101409613
0.107353142952439
0.0923416259609093
0.179773298958974
0.13398105566601
0.0318072355902784
0.13112380901597
0.213102892446508
0.197685821264021
0.261716657054284
0.0475315042507996
0.191802924479965
0.158142289087385
0.22626302692425
0.124434241017831
0.00473918002221754
0.148216901669765
0.254619349415145
0.257924984437562
0.261274697905496
0.148358965924552
0.258471315169085
0.261041403612446
0.123055772995911
0.10859317575228
0.197374331007757
0.177487674955825
0.137024290023234
0.19286452362434
0.270495387490436
0.337626404213525
0.12176250992985
0.145823755485016
0.0541944208187536
0.187227887456451
0.132020055526995
0.215054179047675
0.18107341865731
0.0395151886192231
0.12809242265674
0.211608117034027
-0.0173880975123237
0.207385554896325
0.0732091604024402
0.198745366245611
0.183596391835805
0.241431225361853
0.323911074650186
0.108410809189034
0.249193691149906
0.120782378115222
0.257771833656798
0.169066620129233
0.357372566912223
0.26860401323149
0.122230434299334
0.196551030272139
0.345589639974819
0.291572929436294
0.0886117593833115
0.276098210175221
0.329230274909797
0.257010859774538
0.245093149985711
0.29379049140206
0.322121957590474
0.21901313922693
0.256279751674271
0.238826638176333
0.247992681511113
0.295249252784263
0.286305889598523
0.097593552090006
0.328327970265804
0.289570994879102
0.37347194060138
0.350116730405589
0.151413295923653
0.371301728063179
0.183433654471647
0.238332981264466
0.299653892083235
0.375794573778506
0.248861015772747
0.246207966762176
0.316672333045466
0.374843473707178
0.460865955318329
0.500271779000335
0.151136648871013
0.346441264584321
0.400521607756421
0.322276759597995
0.209408998528385
0.120371070499584
0.204217649255594
0.23350622671271
0.233664111986836
0.399513061090732
0.202288149336144
0.460692468633249
0.214143914313245
0.485058543267414
0.376035467094604
0.292994055770925
0.298973476005054
0.361291623840208
0.203977940188764
0.0858291026208564
0.401974380140274
0.382053223936542
0.324937613053777
0.423731581346845
0.356369365655423
0.31108177525657
0.494246570431006
0.18683896340685
0.445882260883555
0.421696541233187
0.177641781566897
0.440853584800062
0.393025973635714
0.342376125808601
0.283131809638444
0.386557339536571
0.490432442834752
0.299682369879132
0.320740853334749
0.42658768966426
0.418570436636451
0.30857551129619
0.373169310101167
0.511038703747495
0.262695000456583
0.341754587438289
0.367498118815841
0.528813143323635
0.297364466768184
0.444754702064971
0.367575603435662
0.402962522240483
0.349368004465436
0.347549607777015
0.435571439791782
0.463758617048842
0.487659979345612
0.437719359533248
0.32070913488337
0.347544611270733
0.42703286208417
0.480602430603678
0.372083212839659
0.50761546014933
0.447554702328497
0.358286313258262
0.371715947185605
0.337842396231803
0.481439912625192
0.448473165717691
0.326648458057931
0.602110980359149
0.318419737767357
0.451845988986291
0.450315310217674
0.385392258864441
0.404148924514111
0.460056118138022
0.356162243212695
0.479804535937631
0.473070251266001
0.457271233365801
0.440321804717448
0.533566548230342
0.48146184734493
0.546279725079152
0.396383250766079
0.478503919219155
0.494960266259946
0.575139946235925
0.27203332030245
0.499268858477011
0.390439444705268
0.576775123103123
0.603803242325252
0.507230201479281
0.525645451487631
0.490842661549127
0.517704314310798
0.495255110786297
0.512187616413972
0.50889645290767
0.540778901901954
0.526764362336705
0.417499603709478
0.533141333837926
0.44958597293911
0.530669601574077
0.494221252984473
0.369203204976144
0.575969110739826
0.426929202793544
0.480541488998339
0.332099715165283
0.379205119424642
0.565391262021398
0.667278169814309
0.511733077680171
0.498511169430373
0.481386444161921
0.488371396876805
0.619518013644345
0.488358673151434
0.612070839975438
0.444601479056148
0.784958606724027
0.450164215011028
0.535139226281844
0.534999791875311
0.495340359281952
0.685112582339957
0.53538569188871
0.390986624645529
0.569035945650014
0.569081277485745
0.547870554625597
0.477795679016517
0.603220553436613
0.579471911335516
0.7148911944477
0.666276752164032
0.520200017322907
0.440254496367153
0.679751242401362
0.50842023010373
0.593798377987379
0.652447980497367
0.53033115509912
0.479245811244003
0.62207243931471
0.555407251952656
0.546098551084473
0.685491486104921
0.643750548921932
0.661703938531236
0.588903373669846
0.750433826414247
0.774012583146169
0.62524182336532
0.68361793028794
0.670179221428815
0.473544671230405
0.714402940265458
0.533624358376919
0.569655622609714
0.652173355623858
0.663945149699578
0.645384674791068
0.565968888889496
0.835624283502989
0.571494166267306
0.653626078841957
0.713232360949357
0.704479266065808
0.662168429932486
0.622949964550062
0.518073048746071
0.753359217557899
0.646353202459149
0.659282419707421
0.565188385389876
0.762267719850244
0.578740305786012
0.825317493912683
0.665033687540299
0.717163928934736
0.566799243534562
0.466884491411745
0.69205234073352
0.803560423142897
0.542765848470742
0.744425337533497
0.64897649514952
0.57442927994234
0.731459371449835
0.519207289185259
0.736868889358313
0.792203984651798
0.720849458002911
0.60005297324889
0.817235199319858
0.838846338621083
0.557720297500644
0.716979789830521
0.571357238119035
0.703159772820004
0.791651703799093
0.787403447290775
0.807608685488996
0.780296715519049
0.561167077334626
0.710182618382577
0.55900060657404
0.704937852758633
0.858699264858639
0.898539125190894
0.733385384621109
0.781978187204983
0.721683155295843
0.645003005832282
0.834876332634427
0.768386635480317
0.606131682153262
0.928169320787119
0.842351749543319
0.725505272911917
0.705611425015169
0.725442463589556
0.768350771154416
0.771920546242082
0.709655587299766
0.758127822913107
0.74604500168541
0.804864794991502
0.862857913698731
0.804338379907538
0.761723087230814
0.737490717141925
0.711529627235765
0.700447718254685
0.783483444191817
0.75005315750912
0.70333696545526
0.777470861598881
0.819956094091642
0.917959986602451
0.683501048691082
0.964029571860744
0.725169725882999
0.886779585891401
0.679616884786841
0.729422132734227
0.888498395715334
0.960602743385665
0.804690138476007
0.801813424705622
0.82640359955608
0.660602875887037
0.736073513711543
0.669167741064564
0.685085814540271
0.757604056042666
0.852863506312168
0.768798018337331
0.838474277815288
0.820319270549102
0.750951848414887
0.799326238538948
0.744751464791615
0.728128412415769
0.919100733633414
0.664814832429427
0.711218209340459
0.875484599326712
0.931527375349652
0.751192150614197
0.813366560479264
0.941932420049094
0.969629560829526
0.895375403153004
0.784597324832184
0.826268119608815
0.903672438905449
0.967820931629612
0.935679848670059
0.902470281670325
0.769597626705558
0.865075202219428
0.767290410529398
0.92926865703608
0.924125315047336
1.09348298647446
0.792500553238261
0.851218003518194
0.956380842789703
0.873843673100817
0.847959238692359
0.991175954373064
0.876567573023453
0.73558830301948
0.856005949520118
0.73240810339125
0.986275984968518
0.76682930699516
0.897286143480087
0.991300548713065
0.754925680296354
0.849389269986781
0.944279148571277
0.9148853679981
0.830769353454628
0.95957652826549
0.802829977832725
0.977925504733133
1.1979259587682
1.01275872406384
0.965017182594598
1.0152290022609
0.872566696354879
0.872201347666695
0.88587012233799
0.935219260690402
0.871681635041434
0.933528247477991
0.872394195026115
1.0169251859832
0.966881635496037
0.969654816902806
0.990921762617344
1.03907488829557
0.778448453860852
0.895018826609192
0.956130299941924
0.898848663142289
0.942992846591303
0.975733114593264
0.982467863479277
1.06510774462323
1.0640575853591
0.862253834727949
1.00752892837525
0.898080046191406
1.05566085152597
1.03681453769245
0.959978931048016
1.01095321271689
0.842581111552659
0.98500499232727
1.14552149777277
0.901295728592001
1.00586300970895
0.92934891919177
0.908206681289617
0.984098490019352
