0.037893045187564
-0.997475167311448
-1.04525141136293
-1.13615426000025
-0.984487621115742
-0.84610856838387
-0.928531433356858
-0.991952963680925
-0.896264153156477
-0.925231262669888
-1.0724839439016
-1.04688293254846
-0.959972742479269
-0.946996829697427
-0.917133658242
-0.870276232012024
-1.15039934550348
-1.09830749955142
-0.946506800837415
-0.96352027323978
-1.0166313520841
-0.936601257726713
-0.883210446644672
-0.985325525298322
-0.908294656074701
-0.897139744909825
-0.967082040426958
-0.973144147444025
-1.0614818529343
-0.832598743263891
-1.02206883733897
-1.01110218279273
-0.98828845945924
-0.906343885885771
-0.948735019480452
-0.927972903257872
-0.922841159749755
-0.990495749030551
-0.904559334001675
-0.838684741530723
-0.849707164809044
-0.86209446090169
-1.07288534933404
-0.950251114697068
-1.02983984242683
-1.01345261063317
-1.00530127695979
-0.802304446465996
-0.875969627685398
-0.870426732079455
-0.92576353111563
-0.988192096044601
-0.750728270381884
-0.889376507762057
-0.805094881917242
-0.85328601124859
-0.937887324464342
-1.00864469762056
-0.901343571347938
-0.846745139583965
-0.949523644960307
-0.825505631199914
-0.734673316019737
-0.846167753037996
-0.921242690533101
-0.705869650751102
-0.827462474901443
-0.866491934845058
-0.731959495914915
-0.744617568204592
-0.82313966763308
-0.783799413217134
-0.8959633525329
-0.849268673675301
-0.811384115470199
-0.705436627818394
-0.902730575917012
-0.878093571643394
-0.871914262657606
-0.977728266975436
-0.918957695248476
-0.851947672297425
-0.86919399635529
-0.70733833061186
-0.775677304581356
-0.814205617864639
-0.814623262581351
-0.689896379478835
-0.718414793894381
-0.901792485343743
-0.735052533134
-0.830710060580328
-0.714577959414533
-0.976773858588351
-0.851147361257126
-0.812940867766866
-0.808908668568708
-0.696967750105678
-0.799151024171985
-0.69335287896173
-0.838432500252786
-0.742957799259654
-0.809782431217885
-0.809535570752262
-0.866300941081132
-0.733856261528211
-0.698859463017995
-0.70470498866534
-0.932116294154684
-0.822711689181025
-0.921959664585123
-0.738890869619148
-0.765231949215764
-0.711057501755207
-0.828449504482493
-0.83909981936373
-0.765843138382699
-0.827903907904885
-0.945822276809874
-0.681462213010025
-0.807100819663568
-0.841734834853091
-0.834038580693033
-0.699412590149676
-0.746766359580747
-0.698507781650524
-0.780572995130907
-0.709420235389276
-0.730180331240395
-0.943588833971653
-0.68027154672734
-0.833357566344038
-0.647883902636992
-0.716536809314455
-0.675495854534103
-0.744066208213595
-0.793974248860048
-0.763211070896248
-0.720131482225149
-0.659716034261255
-0.61818347590971
-0.871201781245687
-0.713808961963094
-0.772232612508927
-0.789859957252283
-0.726257584593694
-0.675952844429278
-0.748278681830551
-0.746387157916713
-0.784513944325632
-0.698700953434164
-0.752289000929282
-0.794150359243263
-0.626524285581971
-0.810365308949845
-0.649064244228713
-0.645229382149584
-0.672669865782187
-0.743273187166265
-0.633520577879703
-0.810013983494056
-0.637151343444861
-0.636009968253494
-0.697132306155588
-0.67240416213672
-0.822501693863148
-0.446235281411776
-0.569024426750523
-0.649652255398205
-0.6139353869253
-0.746532110313569
-0.654869646887144
-0.593241737738802
-0.706465387968038
-0.632041639318228
-0.598215727826176
-0.586029427550353
-0.536846735301126
-0.646060328029687
-0.746719306367966
-0.690141337312271
-0.519860163108315
-0.517604234227628
-0.62477776605446
-0.659818856492471
-0.633397898971541
-0.599489077988593
-0.568185490335055
-0.503100810725116
-0.635262099088913
-0.721319060201231
-0.621506727755974
-0.645265647713921
-0.618222910320616
-0.568865048647324
-0.620283073129761
-0.678929641125425
-0.769002633419621
-0.677881748967112
-0.572998401408553
-0.673296857528432
-0.677031262307977
-0.650863477269877
-0.449261445159978
-0.513743391674901
-0.669704278927135
-0.569123901547978
-0.638074909312347
-0.716535845811468
-0.492199461534313
-0.388960070914405
-0.572705162712818
-0.688538426101732
-0.52112663543521
-0.695598775714218
-0.718726717389966
-0.50067528823881
-0.691834150167103
-0.538362888217738
-0.626777815675328
-0.624519348526492
-0.659375260778547
-0.440659280868936
-0.523192981564129
-0.598993698456712
-0.510104440377695
-0.348103886629859
-0.435278686780684
-0.676112650135111
-0.608990004584477
-0.380607765045502
-0.571664900358249
-0.547457166381167
-0.640700888592457
-0.517778300552068
-0.385814651216706
-0.600872885925584
-0.504831572671637
-0.597715523675482
-0.638820540992013
-0.604135893789075
-0.51003960896699
-0.476953118267542
-0.480798382790175
-0.347171262928269
-0.54448389013975
-0.489451187027079
-0.504062211805563
-0.697582177994353
-0.408138872256473
-0.599188223382411
-0.647975864754561
-0.519014161698742
-0.391706256703024
-0.494013621395159
-0.459445900803276
-0.563540900032222
-0.552442108601318
-0.602031155604883
-0.445535272075613
-0.560712804954921
-0.571823813514966
-0.471927287382121
-0.494330185174588
-0.483545594047037
-0.399171973738688
-0.463603093794078
-0.390885848702368
-0.477736360886257
-0.426199869484183
-0.566143882314405
-0.447065763278018
-0.574573042549913
-0.390713968214401
-0.387227494959429
-0.472883548753925
-0.394949963916811
-0.501407125526859
-0.523346828150811
-0.471209060620135
-0.431420743791024
-0.374183343239131
-0.406712403375058
-0.507604535171922
-0.400510526931269
-0.379152095677928
-0.547439493729661
-0.519540538722064
-0.281464485077682
-0.476173831850226
-0.379601434561953
-0.464016040368545
-0.423349707080902
-0.428132210281077
-0.443307791229969
-0.402333844720418
-0.476402456324532
-0.318967848733412
-0.446023858393625
-0.446362182876785
-0.462930574998883
-0.322262770284727
-0.352610390536571
-0.262617272163251
-0.278719612487071
-0.454645516403508
-0.258243310849318
-0.452135800085682
-0.468335981267109
-0.431021628987662
-0.350157522251231
-0.347251584071151
-0.334362489758825
-0.43632608051001
-0.498674484581334
-0.383546727990669
-0.308492531735558
-0.336622308615257
-0.340551366787131
-0.431720255360876
-0.419570543203601
-0.28123771134725
-0.29575666739186
-0.408761940478042
-0.283549557403041
-0.216690131765425
-0.278791593838687
-0.300349996299875
-0.298836701768704
-0.429696374614999
-0.526360643217318
-0.35649901984439
-0.308064099093748
-0.205812081735839
-0.330110642683323
-0.367435565047475
-0.317895566754339
-0.25956699378875
-0.357226345611629
-0.177468119954456
-0.386122631408032
-0.310299497979106
-0.417801574756391
-0.349855250519113
-0.305626638974732
-0.421565808007083
-0.247046817643242
-0.255994764468192
-0.394334334392281
-0.412134289272856
-0.306596370668703
-0.499350835671336
-0.302599732847098
-0.288859610527902
-0.190236860388976
-0.26502147072194
-0.338924910448546
-0.40609625184226
-0.273905424807148
-0.291299885667558
-0.322166978029511
-0.15358812520414
-0.211942728300452
-0.360146344157886
-0.420873168157935
-0.296568056455773
-0.227721480156397
-0.289428302214381
-0.277477059761656
-0.21249627408149
-0.278595793489585
-0.29067072765478
-0.276727920085141
-0.257329562933674
-0.242320810288864
-0.393604795194309
-0.297044247073087
-0.43376992805336
-0.193167629084401
-0.339063479707225
0.0624839329014943
-0.197171128016848
-0.314686728430259
-0.215496150731272
-0.230874726128343
-0.224714175065222
-0.167032570859941
-0.057972156987748
-0.217668550730065
-0.176547715797772
-0.257587799477233
-0.144793536987498
-0.255711140597373
-0.136466035537838
-0.411375635569001
-0.201237246364076
-0.256769083939326
-0.244925689195137
-0.149095866810028
-0.278613077934317
-0.195817684496294
-0.150147127820073
-0.12634284547879
-0.202439472356168
-0.176358421783936
-0.169539851127494
-0.158014002550962
-0.207735871920841
-0.158381028887368
-0.205643685755113
-0.179954011869442
-0.055169503034867
-0.322209546406793
-0.270637317646933
-0.144687044395249
-0.0781187838017733
-0.188213648943425
-0.0202512431191233
-0.204274328018463
-0.231364649647167
-0.0567953741239042
-0.234253841042447
-0.204829919689112
-0.137758786798791
-0.114406370956334
-0.215874432608293
-0.0475134275147936
-0.114022626892846
-0.081675410347737
-0.255491224742779
-0.0840493668145295
-0.0386107360934626
-0.184143092080605
-0.212729633567417
-0.0263918300076341
-0.164706561752534
-0.272285360710877
-0.283775537199016
-0.0533734043939953
-0.148847276768841
-0.0889236877364828
-0.241991116141907
-0.12522188137634
-0.11906308184265
-0.117831641437967
-0.000997444608264089
-0.0688486518261923
-0.123848264706525
0.0184642615499434
-0.110659953970477
0.0715345315136056
-0.208370373933799
-0.127895057443566
-0.0599343422409531
-0.0241866259258634
-0.0632155514809559
0.02415775398863
-0.185737538855314
-0.0585472983976772
-0.111898867218589
0.0369465363417843
-0.17091381569682
-0.0891933542517377
-0.000567057325188934
0.0434648126918565
0.120453296822888
-0.0671688126782598
-0.0719619800392741
-0.12889952274506
-0.0513948607776698
-0.0283409142652099
0.0459430804435425
0.0135923603158794
0.0474227729342094
-0.0536070667859928
-0.0545604225987913
0.0411941092144026
-0.138414870785769
-0.137410812179844
-0.112910887385788
0.0779779395793344
-0.0598805867326248
0.0186422992722233
-0.0173320912442126
-0.156640455616511
-0.193757044122941
-0.0448516798734851
-0.0265321492932155
0.148340357358511
-0.0362959198822128
-0.0033612487650492
0.0407887754455235
-0.10690980911396
-0.11736309730222
0.0534299707882917
0.175455618297981
0.0567712534797656
0.302701705861103
0.0018912655123805
0.0222449646552821
0.0155547283614279
-0.146787599121327
0.182362365906251
0.00798645588112126
-0.0940266610104817
0.0522675396638339
0.00439204920365
0.144524774460155
-0.0812841032183763
-0.0686586943879975
0.066418985830907
0.0376750282130819
-0.0466546019381553
0.0035872586951065
-0.0547147062554459
-0.167312898166281
0.0185275093322812
-0.123511570642623
-0.124204786956861
0.0183898219314448
0.148028224691436
0.0609644360836169
0.0827178468942916
0.197338577955218
0.0643930234406845
0.116646873323723
-0.0723577014557981
0.179515031824945
0.082237343549569
0.0996629423059108
0.0551215915453282
0.20127108720096
-0.0535339332215803
0.124882194984065
0.0801860320912556
0.0428707479033951
-0.0100838184317386
0.076973314059334
0.113462068094076
-0.0248846393345823
0.113270526116158
0.0155438478645112
-0.0303837756306314
0.157176034509306
0.108968875163256
0.0521702301410599
0.0889186442521159
0.1776058403979
-0.0372010470755553
0.0258347052959422
0.167049999092046
-0.0256874025813463
0.167253238387555
0.0194271403832805
0.0906989637579426
0.060840199680477
0.163723581458663
0.00290675120856417
0.0498944466665803
0.172134897865199
0.135557708018434
0.119481191693655
0.199596810390001
0.152174057921067
0.178179484542881
0.120714731662588
0.0971863760319812
0.16475078783619
0.00760875962125654
0.0945911391727617
0.115480990851434
0.201256922486074
0.219470197937232
0.195107673006066
0.213349435745766
0.135669372419612
0.0482112459078315
0.175628960127146
0.0499408055905317
0.149901631708825
0.00690278558164932
0.279922497708295
0.0163081766754213
0.187699332718884
0.0791459245784842
0.352557752481719
0.0524557165002724
0.113921687939674
0.222050277119156
0.2836030010184
0.162053200909295
0.167859173490679
0.224327082272263
0.236736277106015
0.210029273187145
0.166303819980912
0.076431699613917
0.227657142967805
0.222714863118683
0.0973488221547804
0.214337174709101
0.0592219430722993
0.182084999381366
0.164848555334776
0.36779334741737
0.28902755857461
0.213421118729539
0.160389969593752
0.273249974573665
0.0310581668085159
0.129765873218483
0.169140596302881
0.170309430785226
0.0647903000574739
0.202041605475173
0.199478456840437
0.0251720556132002
0.159251321270267
0.276519372539577
0.278762541831071
0.349805315223973
0.177862652003926
0.236731747424195
0.265397098964585
0.366864462842645
0.202122291836499
0.137188573255935
0.228428107233433
0.359720853115104
0.325864550807303
0.162319647449981
0.25084445481349
0.293355235285943
0.0955492715772026
0.338365559705928
0.359220531179044
0.306664129805383
0.257742216652861
0.179119556639924
0.236769371712289
0.210210351395451
0.184224095040953
0.328007933134548
0.295911520377579
0.312793578237145
0.248551172779787
0.373297639053472
0.114004081351471
0.287282727427629
0.374504143996857
0.323237193304072
0.293051329874552
0.440491232597331
0.3038554188286
0.274532104444647
0.379042287917371
0.373003581153353
0.381993907456199
0.25788858269599
0.361975537285509
0.34988146432326
0.25811650802401
0.371120709895791
0.301943932179086
0.3183938114841
0.260422082445077
0.288263123086888
0.335056642139922
0.3162411011155
0.377672589434389
0.378162852102061
0.305241152044997
0.304108174564743
0.39788598414733
0.408347979132627
0.35632050865123
0.196586818639137
0.35270944336389
0.358289963207606
0.249073336022952
0.359434706389913
0.31968040090689
0.277584515843653
0.408980492190637
0.390202631744652
0.428811625501162
0.402356960667347
0.297493391577775
0.259614292475454
0.352581858566265
0.308202607504658
0.317666508258212
0.354339982662076
0.40284687804362
0.356843064899312
0.541327379159817
0.542256509077952
0.434741458995247
0.492687157991131
0.380266235824874
0.412551925783305
0.553518171028115
0.44607377851695
0.476625258336568
0.401619686484582
0.352639968873272
0.470657115777886
0.190929544130217
0.261061995751805
0.39350512183687
0.281053318932816
0.447153159562952
0.495449655989423
0.538847296675183
0.26281960944143
0.55531335254918
0.443091821054754
0.383617414125653
0.435729601748335
0.365381747595911
0.373803507369717
0.311001711416049
0.626356869752178
0.390769687804965
0.638187050195578
0.531204537611897
0.392736009567145
0.42527731221113
0.270286616024479
0.406144573953013
0.473700905844204
0.575671101725613
0.412222826920059
0.544087130454367
0.423620602057861
0.435652307536697
0.458528897239503
0.414195976473445
0.468166730355248
0.31350826118868
0.378401945178246
0.425243087236851
0.471073519977612
0.401377668661174
0.425353449100274
0.576211147014658
0.375952164252733
0.529496232241299
0.542158607615002
0.479398590046191
0.656301845576619
0.468967445219373
0.588657503058343
0.524972851209648
0.598787899975098
0.423804812819787
0.546399996501728
0.456639196396539
0.518530007248255
0.559945044823223
0.558299585946457
0.520446497511567
0.469353184664272
0.561805924912396
0.549903422433565
0.552669411750646
0.458128924978277
0.616914424398257
0.410568031955121
0.504427020771191
0.407263221824717
0.582200995061245
0.562764456330103
0.515970179979804
0.534908748489245
0.670578721371295
0.614241625137259
0.438029472341762
0.411108289969147
0.48706929195367
0.569408711042522
0.653610504908374
0.537552262888145
0.576349503389719
0.692369631910277
0.549065097111063
0.507125440519506
0.692764009003
0.536435062776692
0.571948678238811
0.685190680937403
0.653828357306956
0.329042152580563
0.535936162218822
0.619974625188169
0.54344517108083
0.70271214708462
0.691015694958016
0.443494616549687
0.568425646642041
0.611158610095224
0.577825787600603
0.513724432643735
0.556310220728004
0.564250787260761
0.730830088734997
0.554108433273768
0.447168575151114
0.655343392181249
0.470161391392447
0.728941924062406
0.697387109980771
0.632078552327206
0.571732284705427
0.689748496594903
0.602118819061236
0.715420020843857
0.655773825997693
0.526011160038182
0.660628700958324
0.735342869677346
0.595033438860647
0.72802737262189
0.642992404008239
0.664841604939101
0.603588909637296
0.759065505155807
0.668750801048799
0.688915906825198
0.663891826855285
0.68446113080252
0.601631855485993
0.727275795775531
0.75070474157251
0.735346489012223
0.776575487768091
0.571469468953546
0.691601528587714
0.636717260756132
0.682604400048714
0.708043078799099
0.792990852619807
0.811322236460832
0.721576243238923
0.478306254846615
0.663496314661487
0.653484290501231
0.69705775626262
0.634012150993074
0.708065038719533
0.662127406384993
0.707101298141965
0.72065288724107
0.705954973522721
0.790836418875326
0.732837213060301
0.807633173887982
0.816927543185341
0.716585144974793
0.68878631741156
0.857789116361464
0.656523936883435
0.644997572105089
0.765582250906609
0.694560955524984
0.567629391312758
0.63606203435218
0.605420126134067
0.676287578712649
0.748159278714497
0.679343409485088
0.740517784775623
0.678510329864063
0.59461905629508
0.710522139725501
0.846139148652539
0.638869800251378
0.739190558198413
0.662713896334824
0.712267330149319
0.824651280789732
0.784800044570185
0.855426685653118
0.706746825310091
0.857996708475497
0.731248594587233
0.810486335640846
0.743660182360003
0.822459578282069
0.915560204271053
0.74928997324191
0.765627572653717
0.93953837335663
0.890249617289863
0.702704850795562
0.838677553695917
0.840463277845594
0.746257780071468
0.859009558895865
0.805103013868475
0.801029804418555
0.723520515527648
0.693792605586839
0.911535333441844
0.774688408567779
0.675917177226646
0.663228323429977
0.799353935256783
0.992404481041004
0.842419446229383
0.843825489603642
0.858329441359859
0.977764689862472
0.769572654730389
0.737925654463885
0.829429502517593
0.770684289537957
0.843627257687769
0.946753698474553
0.927317350917583
0.848151159890121
0.916167804825354
0.816473102292194
0.778599402241019
0.821425308369106
0.788970709218188
0.778053057796097
0.778923462765343
0.791301804354744
0.885987904687772
0.994178476125187
0.981139332256352
0.944261475557526
0.78451665034873
0.804212651416064
0.896848015231863
0.987944871114208
0.763214508573582
0.913952891226363
0.806599604215189
1.05187221588256
0.866269604522921
1.10764859525511
0.828905748648375
0.938953976108666
0.885605098402238
0.93456874396533
0.877111700653127
0.795941920211613
0.935624580566523
0.974727487965227
0.928168473179565
0.821838832004979
1.16246078686503
0.939880602028627
0.822782896161919
0.813508947003578
0.898644130586219
0.946835348901486
0.686103338075943
0.930241645710702
0.843038020857643
1.01039430204424
0.9081370916922
0.9472546197721
1.05508363492075
1.05068728064205
0.962632944261055
0.984173488676015
0.91687122796088
0.964551566881434
1.04590431939729
0.920863461486938
0.902950470573236
1.00236241258558
0.878421400708316
0.980534017176383
1.04428987350926
0.972862797809227
1.13531185297182
0.948483485248718
1.12745342987567
1.00135282128187
0.934911595815975
1.05254713122932
0.868143524974066
1.06792037894181
0.913485844797315
0.884011815450271
0.956540884221551
1.07032922331138
0.974112769828461
1.07786792333318
0.939401941867847
0.893369896325362
0.954131306663951
1.03028686544773
1.06246136567238
0.995472340485496
1.02904957660162
1.1155671264693
