0.168288849761649
-1.09271073631087
-0.910478818863563
-0.959658319431891
-0.983045627906896
-1.04579823821679
-0.945623152975727
-0.948467434432448
-1.00571370126386
-1.01469903287903
-0.907711938008964
-0.989860177841867
-1.01406312001014
-0.924947072017499
-1.03218843541532
-0.957034259601794
-1.01879199040733
-0.964803649985047
-1.07516583646253
-0.944051620883487
-0.961416738470581
-1.0521856867347
-0.882961931989858
-0.896522584806517
-0.823974639028685
-1.04366063438857
-1.01946768948651
-0.951467144492608
-0.859771822358853
-0.957707070024802
-1.05638371519428
-0.945522740827135
-1.08596448172183
-0.885110216313867
-0.989162267227946
-0.875748809851842
-0.861222876228406
-0.968149394412133
-0.816034464208176
-0.811849310144651
-0.96780343510214
-1.0193629606964
-0.657372422952898
-0.928660581985104
-0.933888227717574
-0.804864248953626
-0.871577381232911
-0.927476955077316
-1.12914700055556
-0.991592407073677
-0.805374081660351
-0.85746714911644
-0.884326296604644
-0.759586610742475
-0.784091359707953
-0.986962863482603
-1.00041230650141
-0.792310075388666
-0.993503138319682
-0.891714618914664
-0.933031870998307
-1.01834090042042
-0.891808773537196
-0.802465494430237
-0.994517484342317
-0.914980183066437
-0.948648908762769
-0.780493644769368
-0.928198952849144
-0.99231176792764
-0.930016890997744
-0.949931908846258
-0.725867538756051
-1.0044849657962
-0.891019344858365
-0.827412959370761
-0.814861286975855
-0.732596644577609
-0.849818455964025
-0.757536154716274
-0.798219504014303
-0.912484945007804
-0.826868769532659
-0.958519726699573
-0.7156111316685
-0.928771309204139
-0.83260349930788
-0.99212621137361
-0.842660887544943
-0.826962819287181
-0.726810624834773
-0.816752086005162
-0.80868871799356
-0.792094195975427
-0.75355679725043
-0.883614687484985
-0.685295567356287
-0.840971047629997
-0.873202858747935
-0.88167021861724
-0.787556286525352
-0.896234803716956
-0.838119699472999
-0.759712155947314
-0.797848043515902
-0.781837010425052
-0.785514310932868
-0.857552468534613
-0.853477791650473
-0.976718526884947
-0.751532224253672
-0.797751395909005
-0.732016916358572
-0.825853371035948
-0.783815652042387
-0.759613593061788
-0.716771688744065
-0.876076968557498
-0.751593296081594
-0.689066345281708
-0.778678786197861
-0.792877966120811
-0.787701049917044
-0.795723134762758
-0.771763896652196
-0.728195142711677
-0.666209646497635
-0.757078142093089
-0.755126249680573
-0.832792401014082
-0.799691908714591
-0.808118764457739
-0.786054729582521
-0.849879919736206
-0.699765828142202
-0.549441155188085
-0.754672709995169
-0.615767578551164
-0.720434551130777
-0.683564565560215
-0.701315568968145
-0.604086343998972
-0.834012635601897
-0.683847663194872
-0.772193367012021
-0.787208683120021
-0.730612582135087
-0.70994198841402
-0.635947428038251
-0.734601026498729
-0.664342038133086
-0.650068635785225
-0.659971256059141
-0.635439059094715
-0.718948824197277
-0.679289373780184
-0.635684550756867
-0.569621321000155
-0.643536574185537
-0.653316011863183
-0.688778603074405
-0.669487607144327
-0.542533713642473
-0.704527229336836
-0.690702508117704
-0.781681786901511
-0.659819436069919
-0.701276935346973
-0.463190531482708
-0.714454843950365
-0.723965321042953
-0.646309106742772
-0.59984166586236
-0.73646873973194
-0.647059487792412
-0.688779344968201
-0.663541076736095
-0.681519751094532
-0.623023765105384
-0.802434058313049
-0.675550673732593
-0.674397009694448
-0.681551276363049
-0.696011273853735
-0.721273213523162
-0.641721433596341
-0.563160503120975
-0.709481853643113
-0.623949860130795
-0.718044062228381
-0.61320469447717
-0.68483062984644
-0.767052730948907
-0.675227158907618
-0.56148065126987
-0.390026589087896
-0.622948992437093
-0.571174724194662
-0.726860853403071
-0.623397657668837
-0.535001556453465
-0.570364634903222
-0.573111888269867
-0.60124858125263
-0.616327240834359
-0.561481104414489
-0.657978511632503
-0.459433597576006
-0.702342395994458
-0.548804853711151
-0.51314107288918
-0.627795672035795
-0.616539810481915
-0.541161531688647
-0.62808325430019
-0.647808774646125
-0.639666766004127
-0.45352812063657
-0.477591013062582
-0.480885614639918
-0.529654701574931
-0.637922404806587
-0.581925897202415
-0.579015148839752
-0.556837831809792
-0.538237457626113
-0.559880528392562
-0.600532367972115
-0.422449945279572
-0.529493281954759
-0.520197065883647
-0.41498546311994
-0.508108664080103
-0.529496087592602
-0.486258233621521
-0.475731651751759
-0.673396797255042
-0.385364165831958
-0.446861085356884
-0.653744072702007
-0.51594522227523
-0.547677902948059
-0.462635338806814
-0.470279572950479
-0.567780673736246
-0.514568713130432
-0.575090125693052
-0.533738326891706
-0.366162287288211
-0.58167710454602
-0.491378784791392
-0.603422010917267
-0.482503107848543
-0.394817056835965
-0.443044433449003
-0.574327294702596
-0.539643796931687
-0.308638448583528
-0.482880808051457
-0.47002929180935
-0.55012751206189
-0.462697171443809
-0.491613954824947
-0.343384698258219
-0.596966874213186
-0.46715283763587
-0.540565286729708
-0.397773628082315
-0.462103230944096
-0.494744219323116
-0.641648223416573
-0.399747544412256
-0.647741891700727
-0.482127841086874
-0.389032527519698
-0.476500789539319
-0.524124201268991
-0.456401334821638
-0.427866808323705
-0.494902733422447
-0.416756757198969
-0.452993034039235
-0.520421232969605
-0.560547532454702
-0.498510048071361
-0.381871078568153
-0.568660298998428
-0.440442529727189
-0.375635972989443
-0.435689313165703
-0.449267592633689
-0.413940035154439
-0.354223802549478
-0.601749668043388
-0.483275154606707
-0.339243958999247
-0.372960766439177
-0.441654618678163
-0.393515360094977
-0.35519067719995
-0.511047207172574
-0.558950807346695
-0.377181300490683
-0.373844263031947
-0.548172049590228
-0.420362089060364
-0.372402074061156
-0.323834161994727
-0.38212645688547
-0.356718109145835
-0.247985563357981
-0.442656791402601
-0.326034632396289
-0.588022225034821
-0.450158572673576
-0.310187906214156
-0.376954983596574
-0.341126979097097
-0.406142211508807
-0.363938405523954
-0.427429370660463
-0.272193789771311
-0.423311730840037
-0.334535323272979
-0.373920505194652
-0.365221001250238
-0.326733390571496
-0.342860554062208
-0.370141032637611
-0.323506839927746
-0.42965386518159
-0.257396794601404
-0.385446786378356
-0.339474732174701
-0.21995486268737
-0.288667674168103
-0.277943357973236
-0.48879619665367
-0.251698106653443
-0.16836064049403
-0.320403670412511
-0.39594049767524
-0.215754622170828
-0.248923381129904
-0.352181091984792
-0.386369965686347
-0.335364877126907
-0.568668385232084
-0.319770027435373
-0.31754216644747
-0.314741469886868
-0.24974812722998
-0.387711014567959
-0.188884247894077
-0.179931982816474
-0.307527764270754
-0.257648435015118
-0.25214703718029
-0.327528151036217
-0.287525283031299
-0.413720265333342
-0.207585186761449
-0.160143039659419
-0.389609546050022
-0.360556487622863
-0.356695900193508
-0.340419343756739
-0.239648907624575
-0.245829471924483
-0.382103739142455
-0.190577394847699
-0.220933689648831
-0.0350827159592953
-0.216635937587176
-0.338694717369481
-0.197277074753482
-0.256345161547171
-0.272523225721023
-0.241325679428946
-0.250001592522777
-0.421686509777944
-0.259414862018387
-0.275485014562586
-0.223819088017337
-0.231344839585438
-0.311378008728394
-0.0157089687060494
-0.0940069970199734
-0.1997238795362
-0.362802719439976
-0.399103349132604
-0.250485684127662
-0.277482063928825
-0.326217873171165
-0.259646345713634
-0.400550054242935
-0.156440138288589
-0.258518817955365
0.00527361993336116
-0.175674573015831
-0.273079923041631
-0.107738660792443
-0.153948026104905
-0.220365870104909
-0.147758128023519
-0.160779282283845
-0.191645806663543
-0.187607925723034
-0.313845936214852
-0.087480801396082
-0.126056017671357
-0.277895463963109
-0.155103186013472
-0.196639304131736
-0.195010492803948
-0.196912490385353
-0.186536658735343
-0.130935599084681
-0.373825025494523
-0.103914315017836
-0.127136546918221
-0.140015669796431
-0.211350151305067
-0.0736654715286233
-0.313881710342611
-0.291548738621785
-0.168325101458843
-0.24492985540507
-0.229280617663556
-0.171586723601347
-0.114138390065803
-0.208319068271557
-0.138931197697527
-0.124901503905476
-0.0626373578762999
-0.189250097164577
0.00477049980927522
-0.142799338238689
0.0486704269786617
0.0118646628782628
-0.0274903432932586
-0.08590924720374
-0.155002614932993
-0.179223902235278
-0.0805302580315899
-0.0494142560318041
-0.201613947623289
-0.132048491286986
-0.0489083575772009
-0.159282244245793
-0.0856638652892183
-0.235461122381187
-0.0796907631340496
-0.168388560218685
-0.0530810806946002
-0.0823638200894018
0.0613105225977708
-0.0944706184545449
-0.0207490129813174
-0.0643277024172044
-0.12801899487925
-0.108181548308862
0.0486761848416817
-0.0240657422356733
-0.154189194662453
-0.0264376592696627
-0.0312106644074984
-0.0731354400290235
-0.0779206587192228
-0.037993794425187
0.00356960032965301
-0.139820216762329
-0.0393085962893185
0.097040256098221
0.0287827280603078
-0.215941714371022
-0.0585690967343062
-0.0470008598994493
-0.0950235790753451
0.146623239287884
-0.162355657828599
-0.102062277897237
-0.0377637719808645
-0.0764168388087332
-0.0918029127326888
-0.0686215755569073
-0.153421722737505
0.0324877253867856
-0.103046694986179
-0.027956614418841
0.00903898312428422
-0.215593000713425
-0.0598522995931586
-0.107284153538954
0.00403790231242996
-0.066470144799331
-0.0723005743176169
-0.00618723858988001
-0.0643777716295981
-0.185446507281386
-0.064026036246933
0.0551937944943598
0.0746122748091264
0.03687505231442
0.0933739047637236
0.031402369579464
0.0207296114338689
-0.0139906532408199
-0.0399437648313383
0.0707612029216966
0.0314855508025862
0.000959490530100924
0.103049189964796
0.143128387716012
0.0142321378528864
0.0212325321849947
-0.120527595188943
0.103958153342788
-0.0702356465470616
0.0667856598176957
0.00761464410554484
0.0612632068344959
0.22393955579698
0.0821291850580857
0.106205097944669
0.063109374076049
-0.0182531062333656
0.122048290118846
-0.0191127945191528
-0.040790220729653
-0.0277506184145823
0.0541525078193543
0.0994311199376429
0.14483326706141
0.10814041360306
0.0589700201194435
0.0447511936915414
0.0566667487108208
-0.0177006956611614
0.0743942923789294
-0.075751651799541
0.152341280410678
0.174517731031069
0.0859806905730248
0.187257387271766
0.10194688007227
0.0466941746781565
0.104494758883663
0.10672492790539
0.121736112843731
0.115135184150308
0.0613031989186973
0.0554651245962762
0.155500071859529
0.0350194592102738
0.118099005173103
0.296319216488254
0.126223653121037
0.22954695014236
0.109444531497945
0.0926703385748007
0.123668890365801
0.224350107303347
0.103762567240507
0.107774401550678
0.305886570398449
0.0421734895455147
0.260230964519578
0.323682232095174
0.103204029129248
0.141978315736245
0.245069526347185
0.0820345419156534
0.269989791319532
0.082877364338279
0.347728733401467
-0.00763333300716127
0.143740401609943
0.0677851116478543
0.185778404232009
0.0121767798455988
0.0427347989226601
0.153717915365774
0.12251145584924
0.297141171098687
0.209414726773877
0.13952904834274
0.252750106131831
0.166624319573684
0.329301576867049
0.208807231340862
0.297223928720413
0.0250176375225748
0.25136000163999
0.323225678952961
0.177468311718663
0.000411080124820137
0.0729473337494647
0.179744826351916
0.231958258252361
0.200367800753028
0.220870686324538
0.0218664807153966
0.122734614152506
0.0421814067237831
0.201854553085297
0.174349819292843
0.308813757322386
0.109293892725153
0.199887773651835
0.341883542868275
0.250106735362602
0.114385653193551
0.318684366080633
0.190421941977029
0.140334787203359
0.182836990704336
0.186656791799394
0.299333863874172
0.207473568164777
0.187283744639579
0.170396636834697
0.442154032779206
0.39662358089907
0.183637239831662
0.189903085619713
0.217970987521829
0.146767197478807
0.220390722347919
0.24921512076805
0.256363688232458
0.282929103378931
0.179960530750623
0.385973269149406
0.290768815868651
0.270633479703404
0.331418597348894
0.23108553401989
0.325160668006252
0.333710823881599
0.249655103928905
0.335135126869871
0.332032647921243
0.271282722039869
0.268129679467678
0.340502164988758
0.259672046840421
0.410959687855155
0.23878928877265
0.363260764623555
0.180715668237226
0.333606815975394
0.477639631637218
0.331802081073467
0.268290536007882
0.357101758501581
0.314876838664372
0.375904503453375
0.401963296334136
0.174171176515573
0.540188667006205
0.272079126056855
0.281058652243047
0.272915339915031
0.449337661893089
0.286610676209941
0.511337239237774
0.206089441606375
0.237676727554966
0.331313027952804
0.456772968025941
0.216623881712417
0.317940901740406
0.224413580183787
0.157398172511534
0.400240564789437
0.34978537115074
0.345459859793451
0.281629966770277
0.288085482627436
0.251543191053837
0.288722216953367
0.345801846003834
0.229364086853739
0.208170325294553
0.322345676003882
0.56509970121305
0.345436087560966
0.432240864043178
0.395280421735402
0.416141964480631
0.297330563416918
0.417605129569203
0.351341871363703
0.592009732867068
0.441939474448019
0.400446893279464
0.458622713199968
0.381469264081069
0.462822396703056
0.427562338341449
0.468113172388671
0.30801182309917
0.417304307014809
0.224609592966445
0.44011208093352
0.238930354944385
0.38313878072586
0.305946711168013
0.445668774521034
0.557656384300672
0.402636198082139
0.483724769946729
0.373382743952195
0.309113275796867
0.443105590242401
0.474743491121621
0.378813941714911
0.304811228551063
0.371172189621947
0.493302307147306
0.452388290652964
0.547414887416406
0.474148765217401
0.427585310261822
0.600329604955645
0.422669030690814
0.231165166262502
0.390006323049104
0.512260397590465
0.521571737893113
0.486118408416575
0.449879035039069
0.524612492638439
0.42810298510163
0.504959719448438
0.382787132790167
0.514390887586217
0.480408545654592
0.448786653862703
0.554206544962237
0.428565807057483
0.476234061532035
0.478499426217358
0.40000562767494
0.564525533915304
0.361480151591733
0.409793918145839
0.441119250982892
0.522073801638984
0.460925495606337
0.496780707125618
0.466454244883172
0.456094723153936
0.520438235463879
0.556908735912357
0.596832996603542
0.500201160501926
0.427354184681538
0.488180894855887
0.39563477901129
0.447411012090517
0.502127966694318
0.696337957573439
0.444347486611175
0.434915802576209
0.504828171468136
0.498676157355697
0.696498883226023
0.384122479393476
0.501321283529516
0.520061847780912
0.450136227038104
0.538650462254981
0.644555677918149
0.575857085331363
0.375128157201612
0.53160311378475
0.594901159312197
0.488922124718735
0.657080417779496
0.649837828332672
0.654173327548687
0.631418013006559
0.577376001011078
0.561651885064116
0.510144668979702
0.563023766721963
0.643983157735541
0.616687776050723
0.541448698927955
0.666741148657385
0.660733134987753
0.557952595254894
0.561735250112858
0.715852826672416
0.501052960384164
0.665039467425805
0.584016240329019
0.811693835657683
0.52349268935707
0.464757263815843
0.543573966055069
0.661202604420074
0.621905972010601
0.669321903371078
0.593091081500554
0.678273798757237
0.75784225563827
0.688773217554891
0.652142542762163
0.615695033014699
0.649299077345577
0.727479634200339
0.644081529028373
0.601311438705137
0.64444097839522
0.46647971075225
0.616585744962179
0.548340939079122
0.639373278368769
0.433919985615185
0.7310265766449
0.522452130072907
0.590979656046307
0.501998017511661
0.548244705560676
0.661534438571965
0.732450199521639
0.717907574624407
0.560337655347399
0.702330575137525
0.643704702186177
0.665744375733117
0.764482667331872
0.662286881872272
0.631733423849817
0.600496602843439
0.711859553859557
0.737081705729084
0.797377891933475
0.56552532738347
0.658895087346832
0.792758019868628
0.737348933731018
0.685549302065506
0.63676394204148
0.818374864810224
0.638818607522955
0.774267594431351
0.804242384728419
0.671999967068124
0.749108267735208
0.774858817081896
0.745010898299213
0.753183263806418
0.795032104916038
0.607555493270043
0.80401531149804
0.754251423049406
0.717408168210119
0.725846711769517
0.810345633557283
0.753592055612979
0.770782466278392
0.834213240610729
0.659265472767983
0.668697778937147
0.613780263690283
0.761443914265512
0.74078725399378
0.617029407953303
0.756593502700511
0.742264930477664
0.649692576468675
0.961685443549855
0.806107924944248
0.705023822697281
0.914302243957173
0.708437548545944
0.79091181625235
0.550208702189844
0.710202144080004
0.713851819964131
0.740206088652949
0.778207706953331
0.743722819771136
0.798241351345314
0.852160342185738
0.723504032182563
0.791996323317657
0.765797885343574
0.651541166501225
0.721948494986021
0.715090776947751
0.724779847181112
0.780994603233662
0.745126042240032
0.77919969521925
0.877691258593409
0.767762117912356
0.693114933937357
0.759136187736664
0.742243419813424
0.752331091695888
0.778352019642763
0.856161923757124
0.818758516199562
0.920846528263317
0.851596266667582
0.726141395457954
0.971685052504381
0.752320784779968
0.869163070144057
0.820352843545132
0.943371079618303
0.799510665669261
0.682796169020468
0.837938511484593
0.886244371494959
0.823786039271573
0.679160403290428
0.890854874766207
0.900985909102368
0.898625165484652
0.912358257806411
0.885503433258204
0.883397503304547
0.687899899160194
0.966642130763439
0.914875853571767
0.856771116613411
0.790693047399442
0.84437342746519
1.04074828910836
0.885791956377828
0.932712867040184
0.84986204265492
0.903018603791468
0.867686094691632
0.929494151271993
0.956433239334932
1.00940541087787
0.886990778501029
0.921997965732172
0.953608885428999
0.987606359038113
0.756608986705924
1.01721806611168
0.842682371631271
0.861889902523823
0.796993753357082
0.837064371598716
0.916360794646775
1.03710384420536
0.931375476507264
0.849735021371961
1.00408698608803
0.940713541647495
0.915957603901281
0.904056514656169
0.947956533551055
0.986457697636314
0.886521240770159
0.809484848916657
0.894865659538561
0.958925938706461
0.826643198811164
1.00243001143203
1.03099620560469
0.85615370754258
0.828487808450315
0.945973706704916
0.843139547128717
1.09529283383921
0.892874389588015
0.981202678603949
1.10168584455486
1.09087115219384
0.858518915498594
0.937171797474253
1.08339550059063
0.837612409694434
0.932440850870785
0.858749740538791
0.820641042734534
1.05809953558189
1.03796720472837
0.946886923126846
1.02067361910388
0.87205728367573
0.870837837698223
1.01365356884249
1.07357158223863
1.1972770045393
1.15094964998742
1.11123242572959
0.981797877818772
1.03551120556713
1.108736995347
1.03804465540467
