0.0800495154588523
-1.04118623664038
-1.02756803211796
-0.946024473511672
-1.05523935751535
-0.811469268447086
-1.02300995454806
-1.06247568940171
-1.05034348168533
-0.826373169393263
-0.841759682135581
-0.995260711948029
-1.07879776433138
-0.858089642783205
-0.862079472930958
-0.903729968342888
-0.966660915631849
-0.849287874346823
-1.09866668053535
-1.09962354314403
-0.879323723783177
-0.878936003906137
-0.924711906559375
-0.950839856506278
-0.93013732573229
-1.03743189690575
-0.868396284149323
-1.12037051114589
-0.84209735848583
-1.03557599349837
-0.864706598211253
-0.858976175037307
-1.00116824021662
-0.982491753190543
-0.881379359456166
-0.831573910026339
-0.945611258859008
-0.891450906289251
-0.862030321747005
-0.882029502730035
-0.903243544051618
-0.858934930020903
-1.05177037040802
-0.838532336411744
-0.854884571331786
-0.891012303562846
-0.87829699709467
-0.885242246153576
-0.771640415263802
-0.861559748459177
-0.797626981528008
-0.830370900187064
-0.854225589451294
-0.918045977817536
-0.892944224783565
-0.969660825647971
-1.08860025481744
-0.767114896205069
-0.882917489968464
-0.864833746872486
-0.827237755448856
-0.946084600559073
-0.886385665113088
-0.875235556904087
-0.751974592110411
-0.801222240059812
-0.708669851706227
-0.891658943133758
-0.832505300882591
-0.762409292185207
-0.814271975188153
-0.911461566610874
-0.960320196016131
-0.728622996780172
-0.872022404746419
-0.796055680614276
-0.820427541922786
-0.829718311478013
-0.747967241461581
-0.947928250154774
-0.881049043434099
-0.867577922170519
-0.937470118753033
-0.909925154872805
-0.735462746982581
-1.07848367923418
-0.768938393701256
-0.857000822106223
-0.650344594263421
-0.864083975289206
-0.894235300475406
-0.8270230759582
-0.724023680004426
-0.896690907604278
-0.761336954324687
-0.708503676509395
-0.686303740356162
-0.987855224857714
-0.786004785648495
-0.757168899420406
-0.871987578716571
-0.775056695520386
-0.906636603734779
-0.856225328093489
-0.831249457482029
-0.800224186940339
-0.793166302239607
-0.938373899959166
-0.836272270829943
-0.744019677837194
-0.644253117642674
-0.756819487751498
-0.8478135619968
-0.743900333646409
-0.723519433250757
-0.712169914425546
-0.853220242953016
-0.839624258143982
-0.743696426646163
-0.725746607605426
-0.789380052216361
-0.742166005062323
-0.808237210422678
-0.794282432848846
-0.800800328698493
-0.785856426269138
-0.609035544735899
-0.726956558670645
-0.858955195020986
-0.693385786073717
-0.629601400314008
-0.774559998020372
-0.672762339706683
-0.581874800937735
-0.741615427053533
-0.643797905521596
-0.785572953105617
-0.806731592354728
-0.694556223153307
-0.647757370369118
-0.776873851560637
-0.791297973717121
-0.8553077561292
-0.722138851652862
-0.67783676224307
-0.632024130163284
-0.687176677367087
-0.62040812195645
-0.770232896442294
-0.684699904545369
-0.663280112683581
-0.713796728648964
-0.671240456093003
-0.651382237025118
-0.800116375183779
-0.677591242417443
-0.681602564325731
-0.646918625004313
-0.671427343302107
-0.651940319991601
-0.574310894222922
-0.48296014694888
-0.628797124625837
-0.759824652428186
-0.664870434983602
-0.740544619660429
-0.648472683170613
-0.771373567624231
-0.818589956579406
-0.536224033065657
-0.61546244579606
-0.604574107022676
-0.738214751110578
-0.681676190394683
-0.549934993227586
-0.740783295470908
-0.598091667468846
-0.491698595150755
-0.819914655824341
-0.580232780291856
-0.530312551120901
-0.61448577835541
-0.792670213766525
-0.721811759243063
-0.600873324557016
-0.60548117316849
-0.475620970729499
-0.684791221514076
-0.59337695056785
-0.687730418493863
-0.70191726212927
-0.655224111918532
-0.780379255756308
-0.61182340062239
-0.598847454988674
-0.760951321188984
-0.593464322193347
-0.545412896131436
-0.585640472140699
-0.433514573524434
-0.38852609979827
-0.636732110060635
-0.582938679927131
-0.707016011540794
-0.636791188864814
-0.646680075141797
-0.556853484125947
-0.683438290992658
-0.657164440532303
-0.636392590746144
-0.618481035610296
-0.50512116800989
-0.667669404060453
-0.617066915379007
-0.473565449883291
-0.504898265511391
-0.514730912340939
-0.521209452358903
-0.589132727234406
-0.668336926054238
-0.423891667864419
-0.618830818851364
-0.594992942335307
-0.488130755722835
-0.433862686556034
-0.513913885162672
-0.500415943944534
-0.701616341331559
-0.49439443800096
-0.456015732357428
-0.57146734729964
-0.494347564946817
-0.617807656114673
-0.467577712227184
-0.509872044444356
-0.439454900264092
-0.502488499323173
-0.305474333607876
-0.4699469269705
-0.530212748023156
-0.534588803366742
-0.597826740598943
-0.631154402362855
-0.601355688752902
-0.380268281788835
-0.662265329550836
-0.523572880463439
-0.489635341260235
-0.493688620937199
-0.478851764385842
-0.48859095518284
-0.463506652101039
-0.524023906922703
-0.495951580743973
-0.409002997876875
-0.555359676011078
-0.52713799734845
-0.618170522717198
-0.443381184941702
-0.54499032081188
-0.424084357227613
-0.551201531155495
-0.607305806013032
-0.370491965646953
-0.467276947562206
-0.519948905827377
-0.43836126438414
-0.530889041217905
-0.463238790740036
-0.43957302013682
-0.551743160121278
-0.395234387378643
-0.466548582552656
-0.420806364728125
-0.479621236048617
-0.471859917045771
-0.506719878863751
-0.52300309460318
-0.475278495591192
-0.387983257993139
-0.421518136140088
-0.560518185721861
-0.460202330157747
-0.410473527274193
-0.345766250106642
-0.442217976180375
-0.519359985903379
-0.36202430412009
-0.445737530464097
-0.572716191839131
-0.4155871041274
-0.416842779575571
-0.421937819148547
-0.266658257464368
-0.360230676050749
-0.499394585113459
-0.334046969908028
-0.407530588600637
-0.347674277759115
-0.421817472940651
-0.380952365396077
-0.609254712665082
-0.407177060593313
-0.339685212019896
-0.360213451673792
-0.467997374122801
-0.275450949004116
-0.4667248097004
-0.472475026809424
-0.435873039134146
-0.453984366487893
-0.212747558675228
-0.377697651590866
-0.425099964959912
-0.253333880377086
-0.296527981390171
-0.510533707059164
-0.336699850361412
-0.255439641115259
-0.377316120805811
-0.105923533394992
-0.30398431470304
-0.263664752268087
-0.293193300007469
-0.365885130213494
-0.437683180956876
-0.395555426948416
-0.423966967751925
-0.344627067899898
-0.421466545758916
-0.284837549028863
-0.401765674778693
-0.287059170752388
-0.283423175270453
-0.361232033469285
-0.360673626937875
-0.464087399975542
-0.39323389656837
-0.318620423737193
-0.206402230850179
-0.269551291868501
-0.397823824138306
-0.309729715918799
-0.353860767809016
-0.337123877132269
-0.372454139498035
-0.349479700810735
-0.237564797737213
-0.241648870827679
-0.250180151706857
-0.360256786402077
-0.372425717571581
-0.312592554729095
-0.275958943897454
-0.178170299109939
-0.325174118716732
-0.232213565715559
-0.383920371534659
-0.160813283347038
-0.213346715853253
-0.34777842148212
-0.237792122087978
-0.162302364869264
-0.265362552382261
-0.290012764666077
-0.220778521382687
-0.269695341815127
-0.182466924315207
-0.172960652783781
-0.137100881321404
-0.291313536866465
-0.420219866539519
-0.20124192839907
-0.170484820622608
-0.206179267055405
-0.368528519346668
-0.253873160955708
-0.078776399677172
-0.334113788641623
-0.0321148418400743
-0.220660887665677
-0.245080212511608
-0.229185921525589
-0.259730571332566
-0.33800108523846
-0.229458672751438
-0.295727404132733
-0.304025467485469
-0.189844044372363
-0.129775274681534
-0.289142891259793
-0.285995554885031
-0.2028693296669
-0.272063058146126
-0.0657378706938563
-0.220355074014091
-0.165220496395524
-0.439717849618011
-0.0880549033581662
-0.156902539206872
-0.190928778762351
-0.269730056515927
-0.173743083766562
-0.208340958019581
-0.286628476156489
-0.140520873932502
-0.121519928804087
-0.219609402057517
-0.271231468790415
-0.21013842287029
-0.0955653498762174
-0.220181689211919
-0.169723404133967
-0.139889812549949
-0.171550191507099
-0.238967280038347
-0.0895637200886714
0.0397104595092682
-0.281213511621719
-0.162691306419673
-0.117892940212656
-0.0844320312419047
-0.236457099870105
-0.226037841438701
-0.0998586240178684
-0.260034768432185
-0.0837846717249729
-0.102629122744466
-0.193817363383902
-0.221134501674308
-0.0554744355406855
-0.15812523822387
-0.210289224444056
-0.123830746071779
-0.165711485600808
-0.198087830752077
-0.0583175789498481
-0.0647286074178365
-0.168941211299449
-0.0150390787606336
-0.0666747834599482
-0.201899716628855
-0.218047500184328
-0.102723822291587
-0.153402734525355
-0.114697528119806
-0.145323230926444
-0.078105697779899
-0.127580498323703
-0.0164430128368493
-0.151727220710116
-0.288106558968558
-0.200499799958214
-0.108613038171237
0.0324128102658605
-0.0588467601767794
-0.0195803831348698
-0.233286549637676
-0.151896731067617
-0.180560038911556
-0.0920338556755647
-0.0344682286395851
-0.0617576122689773
-0.259354619330688
-0.128205507204713
0.101351514001702
0.0230710105021414
0.0547398102486229
-0.071877418779168
-0.0641381431138094
0.112476859774481
-0.0158721254588126
-0.152219096203702
0.00843122977274726
-0.0475106483305902
-0.123771628938563
-0.090574139769995
-0.127510327783251
-0.0403177788099338
-0.135656173024375
-0.0643837391187363
-0.116409257706707
-0.00240823791173104
-0.00724626582430792
-0.099526159323584
0.0685270561984783
0.0084908447984202
-0.211124576431837
0.111376441853669
-0.0599702856205654
-0.0749736323395714
-0.0556588518056973
-0.0858380233187117
0.0390060069997796
0.0206804131000669
0.0564996616303512
-0.109744445867686
-0.00825834015555637
-0.0982157129665618
0.0240911076627904
-0.0875207977986338
-0.0555924595522677
-0.0738012263979408
0.0568186361748717
0.11115921670153
-0.102305489382466
0.0164977251437331
-0.0340147558631354
0.0785513374427365
0.0657452609714344
-0.0352927177730686
0.105045424915606
-0.0695993591863569
-0.142346873007025
0.0605712735875602
0.157310729343485
0.0892093223377732
0.0280864232576229
-0.0419978880823767
0.143232333887534
0.00694888314847834
-0.0120698632365991
0.00681395717112263
-0.00200507655361793
0.0989755440154071
0.0779545725789839
-0.00109557098538857
-0.0386140572242535
0.154082419000886
0.0352077355911735
0.13040897793935
-0.141987062392225
-0.057165422918322
0.0797804998632276
-0.021127240202456
0.0361841627181166
0.088029397542167
-0.00380213360245486
0.121988567338114
0.134414236446024
0.182653210449413
0.268593997641292
0.101793373414971
0.0732621573275689
0.10761669340749
0.0378043117735632
-0.0544728332712643
0.0713080525192423
0.0686661091945938
0.0947056609305585
0.0806923170491518
0.136927761200097
0.0909926125473278
0.0553879888356945
0.211859866153464
0.0432855254470094
0.0372621354735694
0.0965670431735426
0.0900260445466657
0.137293828521117
0.226856475616497
0.319741428379106
0.204072203499555
0.138920430702729
0.189759551110142
0.109058724471441
0.147779522758105
0.324527905220273
0.136785729456668
0.0297059699695559
0.233748742348016
0.002885629657135
0.152604389145562
0.0971476080776541
0.173077345648077
0.192573646091644
0.0771433019262337
0.223795242601894
0.0638872069878487
0.0980909352670724
0.229950418143685
0.011611998741014
0.127183064168786
0.138792452087518
-0.101481656723167
0.0319150866011223
0.0950972285155289
0.237371032801428
0.210251139537369
0.177644544632831
0.11003902164504
0.17202167246353
0.307645384255298
0.103684834123764
0.0939461460847348
0.218685331367813
0.0961662332110196
0.106200214933701
0.0813548385481435
0.145051491182937
0.20102552487025
0.183092185679234
0.0847021719967822
0.169046817762279
0.145860176997711
0.0380523354064235
0.334674869526214
0.274679349572923
0.171179674905919
-0.00596474537190152
0.244498404584642
0.228733118932049
0.284730463394078
0.226713396299219
0.316729786021671
0.208064161650438
0.209047561270647
0.151466403382038
0.226194411842126
0.381686461503542
0.251242290070175
0.202872486427206
0.321628639368036
0.202753279883121
0.178993683753886
0.210949599453154
0.0238731984135818
0.175593375533945
0.230341088846497
0.284323817215473
0.26222434425844
0.350189701767195
0.225214774879277
0.396511927095272
0.310173175119054
0.337338241742362
0.335455046320903
0.186523881968033
0.296187889426872
0.301992428802763
0.237400896318066
0.356352837182697
0.256770901867956
0.218675729854
0.308088284415304
0.134836852823669
0.23838935747756
0.405587029255753
0.267737484120406
0.201918511115184
0.287451376876574
0.31573118729346
0.367645627402102
0.354834683784299
0.141303814129439
0.42426432216843
0.316764727148994
0.434995939351288
0.30414198341785
0.258318824822305
0.286788662548172
0.27877012454037
0.28552072005023
0.489355642483393
0.280496561288745
0.409111269939522
0.450698243540506
0.186316850946765
0.285710046174167
0.195171671088154
0.248623955092291
0.367785327910272
0.250486122168927
0.244136779737307
0.339943677469592
0.330554064254645
0.38260006020871
0.350947522528327
0.450268445836005
0.510312579941991
0.322651056812876
0.343805757993007
0.374031736345291
0.505534039454505
0.318375067866957
0.446143807381325
0.25947937376825
0.113437164283758
0.442674903667813
0.43027993969518
0.319055618924298
0.235307844584767
0.457196384376571
0.298662825736165
0.446498165942458
0.242023851730648
0.31284285204843
0.400198338571331
0.495774363861298
0.418312672438027
0.360762887317095
0.329051429110512
0.324552808536385
0.332320662499353
0.42871055105375
0.441500246915266
0.495119313513005
0.274640061503938
0.477797656885445
0.386914640748003
0.29040384154086
0.523104470720954
0.528494542411639
0.403972835729533
0.369344488580314
0.457022605614309
0.468689137681011
0.362067410084023
0.416700767115496
0.381252213665059
0.531928392650228
0.558854413475926
0.550551072562862
0.500867074175155
0.393434603238273
0.477387722218906
0.56265930171642
0.563540788510352
0.448405305398159
0.356374658579039
0.450564431542661
0.507509508312928
0.469390603504542
0.515886361908124
0.526123625876776
0.509089764195667
0.32710993046072
0.462920186538561
0.345295068696822
0.517664489420441
0.451152117743885
0.459452923852318
0.487084124895768
0.463939900033832
0.475106465108071
0.501439656283673
0.453588530606271
0.415571186547569
0.526950304137896
0.428173162290181
0.550469192436774
0.48884475778942
0.465200906713635
0.438449925030067
0.383693464776527
0.582660497751543
0.61861218735204
0.461407505271932
0.43907676795437
0.475865128871741
0.535303148258374
0.508145357410088
0.542120999022792
0.522663485734786
0.457076050553783
0.577100537992326
0.608697421567003
0.500439762447883
0.617160534900721
0.362025103994045
0.461012046116092
0.627840539163258
0.593761541756797
0.445403417543191
0.491405294819205
0.576359692074594
0.493781520120491
0.553871091579957
0.323770221227407
0.559422454143619
0.529384888197116
0.564459089350414
0.498074445557559
0.675043528322973
0.669518993837402
0.58922721226365
0.476978196712047
0.514012132341307
0.653255105239259
0.393353794711196
0.463961389961561
0.565937455906374
0.596079558822774
0.582560199423395
0.618466907023821
0.588951463537951
0.416399545415382
0.591639811358748
0.555883033237006
0.642986543686246
0.592896169297461
0.66239945947105
0.622441727625441
0.678372780396393
0.662357720737461
0.621143088767794
0.697302856536946
0.670395947240288
0.523471004638143
0.771988238921806
0.619451827986006
0.722119662985089
0.700500595180047
0.629088815647265
0.618007257988615
0.761916306281007
0.833979395904925
0.468204480775111
0.607756660314107
0.683776249853909
0.545736458723732
0.609326427493664
0.786799038281431
0.584423129638786
0.614059588414377
0.724326281946017
0.69761927982284
0.752606079800801
0.625876970017023
0.648698339663888
0.586984733275521
0.688623593466516
0.713808915402351
0.658733874890195
0.688716948341648
0.746632775813845
0.542151402679145
0.632596227825595
0.851824814530605
0.639463412700784
0.562637388209313
0.674909468942219
0.761540140448187
0.571601884808966
0.759890395244047
0.72159282922473
0.71250025037217
0.736498157369998
0.761404186691608
0.792642106764491
0.773303066895039
0.630420798721271
0.692973486664252
0.72754889552961
0.685586731357186
0.687356802782202
0.754032576660895
0.584547120945182
0.786743688105452
0.80067804312317
0.790700955334985
0.769858979342659
0.819537589053392
0.799151175723364
0.811022326163301
0.761946378064131
0.79928722195734
0.681116417621368
0.702361215805579
0.719703675533338
0.688429246600382
0.712423115494175
0.818834443588222
0.851788540249372
0.734321650815989
0.785265328575807
0.590938848218917
0.743125062125366
0.79157761539061
0.817664571177006
0.725018772872778
0.797129418249755
0.759473788659147
0.738203474739881
0.838902041353584
0.780041391855948
0.756274312643148
0.633635778730078
0.772350420653622
0.585042308193396
0.797050014133189
0.763981842190312
0.764422603386363
0.766533415724245
0.80110148174512
0.811358819133861
0.783953396620347
0.527804115442995
0.923806208692675
0.729833832974072
0.712959861580231
0.874662072698273
0.749120368096748
0.612383434283296
0.583180623154312
0.818597991980147
0.836373267303455
0.864028841000046
0.685081988086562
0.72539318935013
0.807751172253792
0.825600899925174
0.763845392422211
0.696281690073761
0.889771718630776
0.900020136947942
0.750757285038331
0.928241876085929
0.814775244187981
0.739517888823305
0.930385202663917
0.933279407543372
0.754264246533791
0.955086099301021
0.786170086703979
0.658763995350485
0.925778779417507
0.972160447511051
0.863033876552706
0.87007667474016
0.859803275081895
0.7950482800088
0.917168803841032
0.858165613007824
0.764348766654087
0.905838303797077
0.894340552215263
0.865545407374609
0.913385353967309
0.894514904500185
0.929917693701835
0.878926220891332
0.991395478281831
0.794714679378203
0.976864180435554
0.883574963999076
0.881731658986229
0.854643295922791
0.894242952465807
1.04426641315288
0.943597766829618
0.897108656013956
0.892053595360006
0.948567206161483
0.974312482606341
0.838477174038475
0.949649082166865
0.779912185777882
0.951781203946014
0.961615144384455
0.972659244100323
0.803543714917768
0.951672415919238
0.91942506641957
0.868029398639519
1.03999342451145
0.994555005526136
0.69551390236389
1.01242913372456
0.852780204948256
0.798919859346282
1.07531400266139
0.922557263287813
1.05032038766582
0.949124798899493
0.783918803020869
0.758276581231763
0.981032188693894
1.0069442582401
1.01329130268195
0.971350588315475
0.88153433666294
0.961297134089936
0.979282102604176
1.03500527235518
0.984674795252013
1.14633496919889
0.943189841487698
0.986610672671646
1.06169704907704
0.907042320196998
1.09206739845031
1.09151793455113
0.870588477767437
1.03225772720274
0.942213207126105
0.994047310824054
1.04009985129975
0.947911455024937
1.00883518533326
1.09250480087075
