0.054148893057999
-0.997742561400569
-1.06258973732127
-1.13089882315484
-0.986446655047579
-0.856916818201219
-0.915370466132265
-0.99351766964508
-0.919413017932639
-0.932317668449766
-1.06898054760671
-1.04714652285426
-0.976125745634318
-0.967205665233456
-0.917257900624833
-0.888931354865453
-1.14185505193356
-1.0936108598293
-0.945817124008434
-0.950418661067248
-1.01693530643161
-0.935574188516244
-0.8997774184408
-0.968756025209907
-0.890601336712823
-0.902449937774
-0.963638057925107
-0.983351459804543
-1.07301262251499
-0.830142537515928
-1.00112499815533
-1.01495665237232
-0.980205001173391
-0.881395938865066
-0.954490902080546
-0.911114749779003
-0.922335831093114
-0.994495933208352
-0.904976856799244
-0.828492504588343
-0.853508932443686
-0.867057966154488
-1.07162806420162
-0.947432703512492
-1.01942096661874
-1.00777155717213
-1.00335969516946
-0.809730967176113
-0.867950017308439
-0.848984772919007
-0.904723039312729
-0.973719120241375
-0.728342528586265
-0.891535507772843
-0.803155147659314
-0.851115725614697
-0.964639716719125
-1.01873180334211
-0.924206277960297
-0.848360763071707
-0.943002274839711
-0.824078695485394
-0.728921529962257
-0.837083380007645
-0.959702364224413
-0.694694956890926
-0.825112552314988
-0.855065706297227
-0.729905904693593
-0.753740290402735
-0.800796788985878
-0.806474358089572
-0.910629249491205
-0.840253609121555
-0.810781432733373
-0.730911736227967
-0.926354132282912
-0.877418748922735
-0.885144200673191
-0.978799050253227
-0.886066326809096
-0.849231578517021
-0.888325328627605
-0.706543566681868
-0.780343615292841
-0.805120671745354
-0.819484126071855
-0.691324411520796
-0.708186392670085
-0.887806790782755
-0.723867943932537
-0.830193694741468
-0.725670575894325
-0.984448039007895
-0.821401485674012
-0.829946976991906
-0.818381257255914
-0.705585875555924
-0.807704964178499
-0.680113957220013
-0.839746663154622
-0.727744534863216
-0.81939849295465
-0.811276589566814
-0.853867906004829
-0.762509470490038
-0.713605184487751
-0.706159992408086
-0.913632527196439
-0.812009617327264
-0.940904811203648
-0.702186300857084
-0.78475362772594
-0.723664021805977
-0.81601249131771
-0.811037544523036
-0.767224625959869
-0.842602968982674
-0.940177169410007
-0.673754053470329
-0.805871046173373
-0.836839455770139
-0.818655195167704
-0.713983688025818
-0.754132405335962
-0.691432527390916
-0.773479405966021
-0.710700439666063
-0.732811539573216
-0.947414427226951
-0.69789580069247
-0.825036392667679
-0.614802102367066
-0.699847402121619
-0.690241253816663
-0.732203707338317
-0.775287961540544
-0.761061531960176
-0.71061798583737
-0.667457377992389
-0.634965389213686
-0.853848642175635
-0.69784672964932
-0.791289654759252
-0.78476209161027
-0.748229658479978
-0.663535455022743
-0.759489698761892
-0.7542782901741
-0.800340383966418
-0.710760139457907
-0.761438866946148
-0.767631290756606
-0.65048732917698
-0.814095090917004
-0.643868088409507
-0.665159592737612
-0.656392019959647
-0.752814139857956
-0.626641494197758
-0.786744287665403
-0.613366989554725
-0.620256918024664
-0.690974583470038
-0.662982057738242
-0.815507581414938
-0.438257459119219
-0.552971511034489
-0.655807339415327
-0.610024259036045
-0.724455730505534
-0.654603955910958
-0.56822470358912
-0.706600479823848
-0.643625988220019
-0.592829411375405
-0.621478743049524
-0.515570153927421
-0.645521639820317
-0.72213749671857
-0.679580096761618
-0.516541738289885
-0.492862558578842
-0.627884114709339
-0.655278682137689
-0.635927138328956
-0.578219350865807
-0.522663959761867
-0.515692971595446
-0.653612855671632
-0.696278411661924
-0.632022743909336
-0.652598140659493
-0.602851171733985
-0.573173138958375
-0.614229003707805
-0.667022494509857
-0.757331751672037
-0.679244442537097
-0.556127480656076
-0.664823015461506
-0.676987116159403
-0.637152408103485
-0.432683769315014
-0.508512785270684
-0.657491808382646
-0.574258396512949
-0.633990169682627
-0.698141545046762
-0.478858791441699
-0.364723364116261
-0.555266150229061
-0.658420009725581
-0.51728325107277
-0.699946997223626
-0.730331204330361
-0.507097194267736
-0.700516768534714
-0.531494520945983
-0.630269488816284
-0.622686369190006
-0.6639701734673
-0.43342733348477
-0.544450072777793
-0.589855722890467
-0.520119636215251
-0.359610631837881
-0.432723050436885
-0.664201685369496
-0.597553626123713
-0.412146012526748
-0.571486626231729
-0.531111690314818
-0.649977925019869
-0.502838061213041
-0.402009001548478
-0.591056880764121
-0.51298603202957
-0.597042055280667
-0.631706764077548
-0.596359137147161
-0.508113160768608
-0.467626611418152
-0.46361101706201
-0.344246025387274
-0.549386449740073
-0.484182685038767
-0.517821237498062
-0.683730928804522
-0.401558186620557
-0.58925347690601
-0.633064421491588
-0.542469374896388
-0.396670365316143
-0.508567853612017
-0.481462748416275
-0.579156297971011
-0.543563855491251
-0.622482204021547
-0.436475428933569
-0.53641122811838
-0.565854723988564
-0.475114906535047
-0.484087746201649
-0.479090385140207
-0.410818826723997
-0.462286425145009
-0.392650035859778
-0.453897178848709
-0.445422903092599
-0.574526497175803
-0.439789624426206
-0.572149088453224
-0.410080132673824
-0.399517471346702
-0.473039933127436
-0.371578477749876
-0.513270337224077
-0.476859266582587
-0.47428651415222
-0.436847652136088
-0.37830113619449
-0.430892977600391
-0.483830455018064
-0.403173626926563
-0.34947790059369
-0.551582817491017
-0.510558159451067
-0.272273705353319
-0.496063947021283
-0.374745512189758
-0.468346383651932
-0.418973758453092
-0.42887287248747
-0.472772988949274
-0.412487514383369
-0.469235255817072
-0.334276546658152
-0.431798598538075
-0.426988844405037
-0.462080532980711
-0.321608754157379
-0.343128596309531
-0.305946158290743
-0.297288923363053
-0.421826873119711
-0.274936268417055
-0.446231743637203
-0.506987388872347
-0.43497832440047
-0.355239412167053
-0.353635670265839
-0.329914490977247
-0.430412323029955
-0.500811463749767
-0.388357879292385
-0.323769248598864
-0.353105716833574
-0.348848174008729
-0.443769256809621
-0.395332934539662
-0.286465163469835
-0.305442065185071
-0.392091811174253
-0.292400348570585
-0.217904329780158
-0.255197802060697
-0.299112117935316
-0.290720093835
-0.408753229355856
-0.526605127470718
-0.361625980120111
-0.307641408593905
-0.198343933052968
-0.302274085159951
-0.364155600148148
-0.299382760646714
-0.290092382701813
-0.358534895915531
-0.197754622833655
-0.398991180150605
-0.310120620338348
-0.414328672751591
-0.343960442933819
-0.315697272896827
-0.416592347113874
-0.271736212972004
-0.263481254633866
-0.377020800055687
-0.402108462528985
-0.307745049668523
-0.494149040385484
-0.299338010923768
-0.289131832485923
-0.182958162151751
-0.249322599675445
-0.337533736094347
-0.394536723887331
-0.274538593820859
-0.285899701777045
-0.330088831903693
-0.16942423504537
-0.196737348104821
-0.364390455632496
-0.40241720880059
-0.286033418097928
-0.220727623476945
-0.286192578610302
-0.274501430473653
-0.198459238153321
-0.273435141910604
-0.278981036440758
-0.27363693117209
-0.247467288361296
-0.209799699999445
-0.379624893519641
-0.299811127950462
-0.447832954950524
-0.184365007868552
-0.354933838562417
0.066001880707446
-0.200790146418883
-0.33222724128929
-0.206522114028142
-0.235509091085893
-0.21683560848536
-0.180844020571304
-0.0406869732772092
-0.210429724260709
-0.178670498794976
-0.241691754022657
-0.127400929885021
-0.259789554891218
-0.129046820871689
-0.410589116358223
-0.217440092242147
-0.262734190874124
-0.241628894872088
-0.163068708279949
-0.285900789622473
-0.198178152682534
-0.153198675480714
-0.119265187456108
-0.181721284994769
-0.17430580076831
-0.160291000996873
-0.161991449662403
-0.215994980743637
-0.136884868071133
-0.20141752819192
-0.175771880360867
-0.062629235993834
-0.312417096472943
-0.265163864549804
-0.144116260251618
-0.0768932037846777
-0.19814472950605
-0.0329724397287568
-0.216659228116785
-0.248488411675261
-0.045748988554777
-0.232405424214294
-0.205483215449511
-0.137547231069186
-0.0967651246909897
-0.205644850490263
-0.0323972656071854
-0.124552553186099
-0.0898076145947898
-0.248488304944097
-0.0821664974246793
-0.0433724596279904
-0.19377455751967
-0.218134091603016
-0.0116269118754701
-0.196546337040568
-0.255700860845283
-0.296726131904833
-0.0448087880124807
-0.134638590332205
-0.0816283562551005
-0.245921272492691
-0.126220267253401
-0.132484370599276
-0.116448328669371
0.000564808569120434
-0.0750229669374446
-0.118320241035477
0.0329248472226706
-0.117510898030553
0.0543876136132216
-0.22262559186784
-0.107329050447452
-0.0517284419068535
-0.0246487761008886
-0.0607308617051137
0.032301743132345
-0.186185115996637
-0.0400896761948988
-0.102886750176438
0.0405378585294487
-0.178257783516806
-0.0736985836784456
0.0150709667698237
0.0526591089212035
0.127529654837334
-0.0762177222859025
-0.0893317863075331
-0.100221173030526
-0.044603634803328
-0.0154330947646707
0.0215678239519884
0.00160069614418741
0.0389149342485342
-0.059764813784689
-0.046838923638087
0.0300660202769031
-0.147552884110184
-0.148318366184028
-0.0844824470283125
0.0912301544917696
-0.0386834585022968
0.00767881177982562
-0.0156637047795391
-0.167886265171446
-0.222607242833938
-0.0428405554075911
-0.0333268564824882
0.145308011934423
-0.0232299406893941
-0.0134442864503889
0.0281785270854074
-0.120445695701368
-0.114356339268225
0.0871742020886453
0.150082721080537
0.0617195011084748
0.30532390711996
-0.0225763388957917
0.035094818294612
0.0200508581731299
-0.131293414784716
0.183411785431113
0.0278174560820585
-0.0986393266191924
0.032359233778655
0.0140726539213926
0.132348289857563
-0.0644823943384581
-0.0657742587219639
0.0547872794718081
0.00461952283267765
-0.0511200517784917
-0.00185647011848727
-0.0451001677797698
-0.141663402565613
0.0312298308649752
-0.129863126524565
-0.120531817156353
-0.00190760701371971
0.16566965639408
0.0683960938885801
0.084377943090925
0.207663703786647
0.0783493113182348
0.0989545326820679
-0.0518794991042781
0.193336540584381
0.0717565810669459
0.0807621352871478
0.0529778806828223
0.201348250373612
-0.0466667598995221
0.129249944502372
0.079025397609478
0.0268287917939334
0.011625390601086
0.0768432738621127
0.0995318999378367
-0.0148961382140386
0.113610364745641
0.0151519985233233
-0.028946852434915
0.16369409610962
0.103263466238734
0.0418853580185287
0.0942978384506823
0.170823778582103
-0.0376391176242384
0.0263046171657081
0.166389248192959
-0.0258368077763053
0.161929189008692
0.0194786760609726
0.0863894415064337
0.0587979668138257
0.165372933730467
-0.00510502323787233
0.0480009194052575
0.17125169186258
0.166379482500959
0.126896637346074
0.212753264927892
0.15985087298876
0.168658068023028
0.132656424642111
0.0989575393601781
0.164291524019421
0.0153276200463397
0.0826416516570695
0.119482493522723
0.188000187591047
0.211460685773118
0.191960286711815
0.183864127074891
0.14544436259495
0.0477118627546807
0.186402576430349
0.0495356682010426
0.148044424739705
0.0051568694851422
0.268017675793314
0.0271531152474943
0.171916423210453
0.0781043565586335
0.381462399473771
0.0331748310607418
0.128922737515651
0.205841353126806
0.277740036353926
0.158394719957392
0.138283810381082
0.262969185294602
0.246440355953459
0.217047988719111
0.195214482784795
0.0603658511205632
0.235915871795328
0.202862045579938
0.0984708668850997
0.209882331463224
0.0524271546791155
0.190857738963725
0.166779364091415
0.390780614959135
0.30321953614329
0.21463487904145
0.14927290943064
0.267991854629239
0.0420248036124083
0.105566824897837
0.183303551191059
0.186256665690918
0.0587250174186548
0.210538091585842
0.210302373305379
0.0288888852879614
0.18087492387065
0.265687041122875
0.285365940060545
0.362730472168205
0.17878439391307
0.240716063027195
0.275183671614729
0.389041518494662
0.190465109727209
0.149159841941827
0.222486726483453
0.370846652538064
0.333663645692284
0.165113972293176
0.285000094297566
0.29797209638319
0.0935882356340202
0.356786826428794
0.348993663386392
0.305909574014422
0.260295004553268
0.180953257998592
0.251709538037877
0.210261108201288
0.200306123659494
0.319859817222715
0.293999990971339
0.301777858204951
0.251422543628552
0.386978689404078
0.146343842489451
0.27254900089998
0.373379331001242
0.32916729696117
0.301480648303471
0.426668864507453
0.308176939408598
0.261199589395007
0.367667854192641
0.344531883143675
0.374449870324441
0.224246068667103
0.377743034222579
0.363904370055246
0.259652457238561
0.369034874249061
0.289121897515054
0.327019290557721
0.279268456943319
0.292471070122227
0.329743190692833
0.316811959857741
0.379171399773766
0.36590766033029
0.327674781250853
0.29142532721659
0.399978815773583
0.385061427790136
0.367810524686261
0.179163767318029
0.349186120800374
0.366987071340716
0.248942979990695
0.344756257511129
0.325752541436726
0.293162445869306
0.392503839218189
0.405747220958936
0.426356582687996
0.382934704064439
0.272770175437681
0.254947513248212
0.35153521408022
0.314188148323878
0.320232028207685
0.351935309203794
0.405515370764964
0.334109824381456
0.536072757447358
0.553448662704686
0.431584076677039
0.495530354074187
0.356038106251978
0.409198992980874
0.561511586895051
0.423804668310006
0.491978275542833
0.389063148314148
0.34356023731745
0.45401138244808
0.196877847770518
0.247446478854804
0.402666582033386
0.27883871882854
0.446927447900513
0.516543585715335
0.523142454016603
0.269228806441989
0.550216262562873
0.422603931930979
0.383858212725361
0.425558314102609
0.3622636486818
0.38880726500953
0.319348974247233
0.623770011477961
0.392475088396123
0.627986789672611
0.544762720827613
0.372816567495631
0.410176963603354
0.281113201904089
0.415760511646162
0.495200503598329
0.586574780240414
0.436415310341282
0.547141250664747
0.421343279345011
0.434157090859958
0.487425014621624
0.436082487797841
0.468003518444715
0.316827780866328
0.393353220284189
0.428304733403855
0.449324673614785
0.389352714482379
0.431702952856267
0.574324127211272
0.394576531194901
0.546741786661771
0.542888963962346
0.477023291360986
0.654394786137056
0.471365640563778
0.601343144040973
0.536289139897976
0.601877843225086
0.432845274105194
0.529894013651806
0.468402096114124
0.501323012073031
0.541156819644824
0.562163050297773
0.511538165932402
0.499129685525271
0.587015233230328
0.535577157023717
0.552953176620347
0.481953559233219
0.631455326248272
0.421196928148944
0.497035089258573
0.411902197538689
0.582189570190512
0.559139371240175
0.471308215850197
0.553825567702192
0.663378938159307
0.591196536629191
0.471322527897223
0.401788602499035
0.50725279039933
0.555504983671979
0.622267729164367
0.538850268723851
0.570590046624413
0.67662649024621
0.558519993958398
0.504793655158539
0.695405990903336
0.534625645843596
0.550035625037222
0.68456380889458
0.644399547046149
0.353869992655194
0.541303918911202
0.640523833059502
0.504994178907045
0.696128393238197
0.660780508814196
0.46856057888734
0.577723389778937
0.605309024119077
0.588970221466985
0.498023804743059
0.546376899097905
0.551679707302938
0.727923322939439
0.54918212046028
0.468530193840795
0.684761391451739
0.517447769116167
0.736844151046214
0.696643622730953
0.642742226507558
0.582542146939873
0.682610620431019
0.60797695022266
0.692952270034696
0.647726170108348
0.554542033176753
0.675708175088384
0.741430994507985
0.597365525924683
0.730173793465903
0.641033660860171
0.655319452945231
0.628974833627699
0.776340913579124
0.667285769228371
0.671575825226259
0.658990154204488
0.695917588592933
0.603051822865385
0.738158563555293
0.746919915491376
0.762296513043526
0.792287404124511
0.574108760496967
0.686684284140571
0.637506783579629
0.681749020969105
0.695172551171666
0.789617716337565
0.809612917527498
0.749027374224194
0.475646077884631
0.66776934859244
0.63131234622575
0.690066810160669
0.630837044189942
0.709949284143574
0.669536691771229
0.708118040329741
0.722925770020466
0.730004257486157
0.79405531417294
0.71744066108781
0.818044344198475
0.802475030063178
0.72104254935792
0.683453316460237
0.883986595350305
0.656800169183864
0.639808272332053
0.765846385538707
0.706962159626239
0.572832258922679
0.618308677360013
0.599601872795986
0.663365421985938
0.755295398947535
0.708575450312008
0.713191590201129
0.684819134775892
0.582405898277879
0.719942637313696
0.833705725612725
0.667367561072745
0.731614975117859
0.673698999934488
0.717697644701724
0.797301994901491
0.80077271701149
0.828449534205571
0.733156853618372
0.8467116284756
0.738001049628087
0.806425702358788
0.73961701694628
0.835600698962519
0.929295201687416
0.738984663142942
0.798205821631789
0.970085631029546
0.888032437761954
0.69919929546253
0.842812391278267
0.856328953010338
0.762731535024582
0.842657239220289
0.804961440283144
0.832955363633154
0.708591379724968
0.688610016308182
0.917956848890597
0.77442904309901
0.686616945318583
0.681659156781049
0.791617499339116
0.975580285981637
0.847064691481614
0.852839987323802
0.841398874344814
0.983313769714752
0.762323254887398
0.749590027893089
0.852373319040793
0.737299713787306
0.82903915574236
0.937463243334495
0.944434399832875
0.819975680360858
0.917940389467619
0.817533329642061
0.748837638239786
0.841335162310249
0.80896584203406
0.764233885279133
0.790658652728725
0.790247847928935
0.876668093780897
0.996118324303488
1.00345685232519
0.930703378457744
0.770824594595333
0.802733988658057
0.899982276677959
1.00885929849524
0.759114617736596
0.907504303444098
0.809718493221339
1.0439635771752
0.860217306639327
1.11615831965082
0.843378001751722
0.933069114679401
0.913762381572391
0.93293677800846
0.880884836925361
0.80822389334851
0.920217386834467
0.96773188736529
0.908727661622145
0.815357556691342
1.17162574989746
0.95712624071661
0.822899679719858
0.795681342276522
0.899678580360997
0.94375134962739
0.693105978423597
0.961395546705314
0.861541551825621
1.00872871600605
0.909254131461888
0.952758010507858
1.06405264498927
1.01916259670233
0.957026850667924
0.999859348885405
0.903813962695786
0.961131064299452
1.03021299437406
0.931824850360761
0.921341302107726
1.01769706340389
0.884169041048216
0.975502487052565
1.0525916686713
0.978194993880985
1.11222452906912
0.943014630408246
1.15748804107383
0.997435577355604
0.932813474775792
1.08135802525609
0.896981101526247
1.07459882767332
0.923820410162018
0.866625857102139
0.957001682700975
1.09890930101034
0.960330234277224
1.08097881494427
0.934714762104067
0.890853515533533
0.953253417328398
1.03570455700074
1.07070963027273
0.980719534789015
1.03098834956427
1.10523689770251
