0.176280279636038
-1.10148337029495
-0.942287466692731
-0.964416341944708
-0.956177144096429
-1.06490675657029
-0.947539670132281
-0.939687755857708
-1.01122947522237
-1.01931960348879
-0.891988869147591
-0.973226198053033
-1.03557990320058
-0.92207863275633
-1.02958168310334
-0.990780306350991
-1.01377012123928
-0.970453703397159
-1.05004443297421
-0.928477521311057
-0.957088149309853
-1.03661572920743
-0.878470721129261
-0.897102811032196
-0.839429934336787
-1.05558461944215
-1.01668082093368
-0.972340908238863
-0.868370603835824
-0.955118555746498
-1.05363722839081
-0.933739057838837
-1.06837745316101
-0.887426822927163
-0.973324125632392
-0.861135606667793
-0.847058073524111
-0.932309076883318
-0.834478531223577
-0.803908136851714
-0.970699403181131
-1.02236736233293
-0.643411670851984
-0.938580577887616
-0.950662500761186
-0.83240323735511
-0.889805616932226
-0.933810360909056
-1.10186519463951
-0.972068389109833
-0.787863466548103
-0.852611683277415
-0.858955914827547
-0.789015523508431
-0.777153311590763
-0.965773414264931
-0.995591919876601
-0.781954405159458
-0.980990114361739
-0.867464228098653
-0.907219305916883
-1.00122849332394
-0.912015211998991
-0.822781935149218
-0.981319384708944
-0.922592860751587
-0.922961116119093
-0.770547588166245
-0.896504139021694
-1.00021743900173
-0.928021421763219
-0.945827087083947
-0.714696497112155
-1.0071041598196
-0.878142655536919
-0.844071721445156
-0.818730017713703
-0.74150715975497
-0.853914087545665
-0.760705357350814
-0.819043771314957
-0.936668863189552
-0.820213615477023
-0.953334543673018
-0.700991782854313
-0.95847438957147
-0.817622352464022
-0.969449639082963
-0.830937433178554
-0.832942875315378
-0.736630907341601
-0.834249537445708
-0.833570638015233
-0.792474604682573
-0.769680313028247
-0.865875787160173
-0.676836978667291
-0.825714912121483
-0.850321794222664
-0.880343260044913
-0.784950703623395
-0.889835576948213
-0.810560242145775
-0.767226095212031
-0.815525294556914
-0.777830923229409
-0.787326644616116
-0.876432185462036
-0.831242952692379
-0.956422568329415
-0.736094833211871
-0.810173748985187
-0.751571145201384
-0.802708230972361
-0.786684020781518
-0.753175931420548
-0.704208119078304
-0.860893293964985
-0.778668824716097
-0.713505235544695
-0.785120353368136
-0.793254816568926
-0.793215045802048
-0.808135749450262
-0.769938902408678
-0.734612497717608
-0.657336943368262
-0.740335252131672
-0.730363237643952
-0.826504899807544
-0.786602156857771
-0.815922459626112
-0.784261219435312
-0.825142767055574
-0.718605957023191
-0.5352990762845
-0.76634443732898
-0.609358859796788
-0.725755574667516
-0.679295691498844
-0.721164492267104
-0.596823405319494
-0.848399623647929
-0.670230702302504
-0.767317417236332
-0.784399511856569
-0.727483462717407
-0.692906659821346
-0.657808484585069
-0.74623950214674
-0.656253969618213
-0.637865167450365
-0.677490235951773
-0.630873072415406
-0.719373350933829
-0.702837025515534
-0.621443979378521
-0.562936735801877
-0.655343435067161
-0.682469391579844
-0.701465412924313
-0.673846001960536
-0.547135035176375
-0.692997319422582
-0.675279837676406
-0.778911273586543
-0.638051872983284
-0.684440290339568
-0.457244840890026
-0.70430638338411
-0.72165909238793
-0.674610327431317
-0.599782535720925
-0.72845852720459
-0.652839521052793
-0.705143874165175
-0.649467906221449
-0.688413215876586
-0.612922510973214
-0.828746406496438
-0.668682228438087
-0.68505102930319
-0.670209242630435
-0.719572541614471
-0.735646842913728
-0.651159239726497
-0.566187508335169
-0.725268042308529
-0.608697092700788
-0.762860255523633
-0.625859550715914
-0.699189154781574
-0.767854087974109
-0.650279652027067
-0.569903367379347
-0.371422010696893
-0.633476855858637
-0.549095251842789
-0.739563166755247
-0.622911500382366
-0.524484676061945
-0.582285317976104
-0.581040613419729
-0.590625103884692
-0.598360350753253
-0.55557836895124
-0.677115327452903
-0.47062309105852
-0.686240707171581
-0.544231735119158
-0.517736317184422
-0.621071080371376
-0.609809419913174
-0.555153926926721
-0.641832482017087
-0.62118422561005
-0.626488993623777
-0.463389074580104
-0.511416282073728
-0.491530572429466
-0.53995638996458
-0.652175226814769
-0.569847465154091
-0.570697683371358
-0.531135182514205
-0.528366414732783
-0.555784045584734
-0.585545194005407
-0.410558447278273
-0.533566463348863
-0.506237344270088
-0.41469907602416
-0.497711315289167
-0.535235237429113
-0.463162899465672
-0.512908793368639
-0.680352537429694
-0.396369195383786
-0.444153119586952
-0.653271025710419
-0.525630745941051
-0.537605485438089
-0.481752205868221
-0.48336499128263
-0.57551482286434
-0.536694378145914
-0.566130235904135
-0.527569454610478
-0.385217845200083
-0.567408468056127
-0.533122152441301
-0.601156254337551
-0.462717992123563
-0.397334969410501
-0.440282566611119
-0.567335540512682
-0.538357901532657
-0.310933946125581
-0.478127160942401
-0.4805660670569
-0.547976807004619
-0.476636586996345
-0.473568480161426
-0.339890452960478
-0.607495976201881
-0.454289444221916
-0.52537644915071
-0.414812161181311
-0.458563830788436
-0.512913463787342
-0.633545055067509
-0.390610705925669
-0.648338670844328
-0.502878298303201
-0.380970503637102
-0.488012268123244
-0.513495864661159
-0.443877131603816
-0.421282189228566
-0.491890083991311
-0.407753522274247
-0.466563236444542
-0.504992381209777
-0.556069779206743
-0.491741970806828
-0.368495015935027
-0.556385315096773
-0.462176432109274
-0.367450080403395
-0.446027966075061
-0.430253970145607
-0.422948298708418
-0.388012214389126
-0.578648605072137
-0.470882548271178
-0.34865950599536
-0.383382290161272
-0.437275095371682
-0.399227727869136
-0.339000870205311
-0.481971150559809
-0.559029613951156
-0.372695007670516
-0.355369211765567
-0.557303826650071
-0.406762877211807
-0.392435566642332
-0.290961977451585
-0.388546121498155
-0.352431838622351
-0.242930591052285
-0.441664049249157
-0.342660241358444
-0.590665121865763
-0.444431484582465
-0.321828901255823
-0.396552053579992
-0.342844174745181
-0.400691431758885
-0.389380283440383
-0.432097044495254
-0.25968892819384
-0.405053281937791
-0.33764760550351
-0.382415478498437
-0.374235588976798
-0.343006062728688
-0.335220178281851
-0.366036172103382
-0.314319033228468
-0.434412863808145
-0.254352945174989
-0.393044109161141
-0.324492166674481
-0.22874154442626
-0.282268315900174
-0.285408429245428
-0.491008533541747
-0.253735752552381
-0.142298604410091
-0.328527222095108
-0.407319716503262
-0.211718650574051
-0.241246671144048
-0.335989599547718
-0.38126994385541
-0.343786723784431
-0.569236871897806
-0.319651844758228
-0.32481725195707
-0.312143367848846
-0.243050426283624
-0.3856319884058
-0.158812618250846
-0.185872462402636
-0.313475066951427
-0.26546543639069
-0.278230220721047
-0.330686266007485
-0.274489858313589
-0.444788587914103
-0.218936123661198
-0.169006168355108
-0.385986348958238
-0.358657947383075
-0.362728926347111
-0.33115455579056
-0.226863594387078
-0.233954838451013
-0.390675591247501
-0.185826783123586
-0.206816435928816
-0.035557721669837
-0.196207770411673
-0.349970126677522
-0.197170929785395
-0.263345117438014
-0.278145313870673
-0.225126155093166
-0.245212605077852
-0.435215630480108
-0.241088385418325
-0.255918641260491
-0.223210513442553
-0.224116049908162
-0.304711078082205
-0.00248417254132916
-0.0995015716940769
-0.186038201610095
-0.372453713006841
-0.382015664009229
-0.254801541370398
-0.291211179868056
-0.325186288188983
-0.247786523101009
-0.413086462026147
-0.166935449690358
-0.247322284933042
-0.0247135999634384
-0.205042485205004
-0.289906808178249
-0.123199179499324
-0.169615018988938
-0.209347456363575
-0.142715128916361
-0.183498634268418
-0.223387476357519
-0.172970970119197
-0.305642741732121
-0.0943420556438738
-0.108337132462194
-0.268807202731257
-0.158117906774344
-0.189110095324484
-0.183156072717904
-0.183853072439082
-0.186001456638838
-0.142310858306795
-0.385345509460838
-0.0926456209711147
-0.090979969214487
-0.149385165523932
-0.215969258360087
-0.0567844975680222
-0.348032204740146
-0.308920071043873
-0.156397531894224
-0.258357183762178
-0.230257708129054
-0.169438601215729
-0.0990127245858538
-0.210191252150883
-0.157593194104585
-0.141602512704578
-0.0559645987091176
-0.195499406624347
-0.00692672482838623
-0.127917922873988
0.0210767500582278
0.0107003241096741
-0.0515716266357894
-0.0834631197901307
-0.162621979821366
-0.186218228379045
-0.0552403274205109
-0.0673649744208718
-0.176931915107969
-0.143045555563161
-0.0555721432627918
-0.150738510302913
-0.0693054894133535
-0.237380003304403
-0.0746103429150279
-0.18388422625328
-0.053980545133306
-0.0888746259120091
0.0469014752796332
-0.0997846535229119
-0.00378586036579532
-0.0582656096486486
-0.137413841870857
-0.125457381958598
0.0661319061574082
-0.0264734909439232
-0.15114497914197
-0.0362785832334836
-0.0281970774583132
-0.0628107456163572
-0.0678773524046744
-0.0331707201628686
0.00399291159880908
-0.139749814004094
-0.0243774210252838
0.0731173115484108
0.0512909825596125
-0.206727030785618
-0.0577480691996379
-0.0561986318630861
-0.0910086396213027
0.146803399550238
-0.159321963152963
-0.0935560402154253
-0.0211883917818686
-0.072215496129891
-0.0854445757294952
-0.0718956966507875
-0.158442615492505
0.0483026123444135
-0.0969630462990028
-0.0308049285749535
0.0167292584925914
-0.218385957590884
-0.0572828720866214
-0.0938856702531038
-0.00542006175839326
-0.0524534567413768
-0.0580798327701114
-0.0176087652771848
-0.0634415753276852
-0.172653130156778
-0.0414662115951655
0.0515302887707082
0.080859975434254
0.0276072795204236
0.100938417435502
0.0353895616623239
0.000984466100703965
-0.025428633167708
-0.0411249401033579
0.0646479573139288
0.0615591238146262
0.0134304192605814
0.0895908872508251
0.135004529689582
0.0214856579256714
0.0309625140756118
-0.107582160580453
0.124174262891407
-0.074610563278447
0.0782493646288511
-0.00428543352011502
0.0705197664220809
0.210195502937596
0.0901530961099668
0.106621399795351
0.0552280150909867
-0.0268960449691394
0.110363277209953
-0.0123058261055235
-0.0426738769501457
0.00139074706997158
0.0595558148095516
0.091394474835922
0.136624514701272
0.128418739260572
0.0653793881598248
0.0402843524985744
0.0236631619315473
-0.0124551647190701
0.0695120544649557
-0.0727784845964318
0.149666043276886
0.172321670351618
0.106023073564852
0.186475236690492
0.0918642881466339
0.0460943834699073
0.0896407487697815
0.0917702599820124
0.114217766281583
0.0994543222853558
0.0839831227049386
0.0385808518773525
0.144723383589469
0.0252644593203092
0.0974273245076117
0.311374080563405
0.129974526703703
0.223561872179232
0.110071269451748
0.0681366836286558
0.119454803839146
0.246267993671801
0.112794111565654
0.129580448810532
0.313395329973114
0.0313456077562384
0.252112015014052
0.317265180285076
0.0769976006817487
0.13239675863717
0.240096734434021
0.0997414855859249
0.262605460798271
0.0812290739482984
0.362251036048648
-0.00185821953717775
0.133480746342886
0.0795648959319871
0.180785150819672
0.0252185579316027
0.0268140457798152
0.153709886624107
0.157304975240309
0.300715026954714
0.208013990077118
0.169996639523589
0.249948404632974
0.165358841807473
0.332254060276544
0.199684542927859
0.305939563490873
0.045566789000728
0.246966067141585
0.323767548303858
0.155384035967419
-0.00543270299494944
0.0575157684887656
0.17610531685965
0.215694346946484
0.213842090175673
0.239426093426054
0.00893638302452193
0.121496101617892
0.0228125982846887
0.190026437091094
0.149638009054365
0.296707202488903
0.118846976088076
0.19118335823103
0.335104670759736
0.221013447605452
0.118234876984119
0.30028423993749
0.19069936518867
0.13056743174164
0.181657420167906
0.186720903479684
0.282911141687731
0.219718036694118
0.214459839646741
0.153661654506215
0.463609853383465
0.405133473871574
0.187886457563097
0.186420274421395
0.216173386627471
0.134972373241939
0.218626962292024
0.271735712820573
0.25282837487012
0.268267488000144
0.180767772110684
0.410010325623879
0.2853802914933
0.284377562498736
0.302342886049955
0.217972350454167
0.300181110815912
0.347516068335972
0.24260038293404
0.342820662348199
0.346423729910218
0.265004490269127
0.281922641821171
0.352884478600339
0.23994226231035
0.406168567750543
0.226013146130097
0.345529006247827
0.177292243948089
0.335515163290785
0.481586767836415
0.345522690642469
0.271458314406117
0.343365351558148
0.30750168395936
0.388313693825303
0.405929463356578
0.174492852575696
0.541267457111293
0.28015960016514
0.292772560992907
0.25856951458086
0.440532045378732
0.309805695346173
0.520817218115998
0.239006984762398
0.235949280764087
0.327180891786455
0.448313039824956
0.22682753876668
0.329774026189624
0.209786905088221
0.126040752037732
0.437199696366126
0.331085748661966
0.359059256758736
0.269210094347277
0.274133189934219
0.262954564488741
0.285517131749967
0.361712790600976
0.218619489443574
0.203387548690987
0.334105702510733
0.574332697099177
0.375203700744572
0.428627233905649
0.402824388441459
0.416344306755695
0.297357611889391
0.409271627030948
0.363314618875332
0.602922855679704
0.454199500485853
0.406785138524371
0.457338514873378
0.373670792154348
0.451439236248408
0.429676977235131
0.469167421961469
0.304068559201852
0.432214599277226
0.238435497711936
0.428939939955441
0.248763127296986
0.367304190767393
0.304810257660344
0.434522685116098
0.556835360216485
0.397085728386317
0.48027418280026
0.381223044114711
0.308121382306054
0.450921058812274
0.470104271920521
0.359037353350986
0.284004227566348
0.383341072928144
0.515147729590646
0.445527917925581
0.537694447277258
0.488582586469017
0.430061186374717
0.601187357652155
0.442856427052147
0.21432314845744
0.406682814842233
0.526835833788621
0.523196830358599
0.48274674553072
0.438526160141047
0.53325029720918
0.408661644235317
0.514932043838855
0.393646082145861
0.511126564739448
0.490950618059425
0.447450633487449
0.554712790500001
0.413813033763937
0.491351342964572
0.48843725558407
0.386123895770726
0.550857599086134
0.392481702631409
0.39861718131497
0.465358584172233
0.519451217654331
0.43004232467599
0.508670726724289
0.481826341683343
0.464553113377718
0.5471918722657
0.543429886217486
0.625286233076273
0.479040528729503
0.437119375234812
0.483650608254723
0.383374359850173
0.447069525211367
0.513785104528203
0.700826585199876
0.446248721906143
0.421432320297942
0.511602678023625
0.492474662530967
0.673894930147731
0.414655673529323
0.511679141216675
0.519737895205602
0.43994766930181
0.545702556625536
0.636939120095108
0.573775576494406
0.356942720546011
0.529479402905672
0.601013213333364
0.487390660983035
0.659084803979129
0.644525574659869
0.670623596004596
0.643146713025942
0.589982016924292
0.569231110062882
0.493665505106587
0.55056953992239
0.637821155872216
0.638562640539848
0.520437180971241
0.661420634863934
0.647905871213459
0.546268451022175
0.594765595738833
0.724012610387484
0.484714778125763
0.6348480895391
0.610521512605003
0.785441921731951
0.544321352067501
0.457182427114135
0.543947154629081
0.673861362900128
0.630766424368451
0.658306490549048
0.596183772926398
0.682264391934008
0.753721007851588
0.696743339307207
0.627041496446586
0.618480292163925
0.646931877295567
0.743077186665084
0.635402850797463
0.61322320069089
0.648082293077523
0.464231684038008
0.59050559019978
0.546355703644523
0.645839588676294
0.422741409214347
0.739230218148467
0.53424084405691
0.589492555307679
0.511625510260167
0.565275929762785
0.673226143475592
0.742237644294162
0.708150880459097
0.551559580628925
0.686649882936404
0.647097393454343
0.656454890321517
0.766742039694543
0.652793971379914
0.614083953926184
0.595491495075395
0.739577410089918
0.703261725973159
0.82478278087687
0.547909512813856
0.670038595303012
0.791207677705814
0.745155137432056
0.681157206729818
0.651061968415117
0.840919396774513
0.620579087955167
0.780672046454804
0.787953681814475
0.665075859685361
0.757266723732542
0.76748485738139
0.713406661775183
0.764859963871837
0.82222338145549
0.599685919926144
0.812704486717267
0.734447235686456
0.701731033217068
0.705399180140058
0.793558241476113
0.754841704939459
0.76718157495324
0.847913402008496
0.669832556496813
0.6409141273716
0.602641496878871
0.741757332183548
0.763347346511557
0.629709147735519
0.757034178396708
0.732668685151903
0.654901980311246
0.97855553121323
0.791659681062507
0.697235512604882
0.914807192458673
0.694825295018283
0.783198270147003
0.554027144584683
0.725706361596669
0.718280559541088
0.74229305943466
0.758132567547579
0.76559541221745
0.79744395804553
0.850804376154812
0.728383988152727
0.794031009056456
0.786535593621375
0.667545202346447
0.718576471260371
0.730888357360801
0.748852047615518
0.799276698864084
0.742808082106478
0.753500265117743
0.88776122906955
0.794840770931755
0.713621595804144
0.783388490951538
0.753752225521601
0.754433527210244
0.771056038424837
0.859197361994455
0.824940895110221
0.921890969838652
0.843494535619442
0.739846496771624
0.978067258447895
0.746046720712946
0.872450100465511
0.795524567056239
0.904609288026512
0.786635317380994
0.677932676903025
0.839005972174358
0.88033661479014
0.856958188003213
0.659195379934195
0.871362708610839
0.878342789457197
0.920780091390859
0.932146387054813
0.857838266474558
0.903158156744314
0.677503080933838
0.946271335616019
0.889415653907978
0.83816995728565
0.825554710939471
0.826329199495408
1.02913512867435
0.877960909333786
0.922093896057016
0.839726713363218
0.901394768438675
0.856804443297135
0.92556481368513
0.94788680352237
1.00995487202525
0.887646643448388
0.926494132430039
0.958168752906704
0.983647109328375
0.751973040664236
1.06507311533748
0.834416958883598
0.850162662745457
0.790267976657549
0.808666156351564
0.919487318546336
1.03432140105362
0.942901521206691
0.830638404989247
1.00722858095963
0.953101730345933
0.927022521406558
0.918798415649862
0.942319663263556
0.99297122592364
0.882830561152398
0.795218581652431
0.906408366281037
0.940359713603593
0.81899959475348
0.963452677767386
1.04579452511641
0.856311777477041
0.840731026070665
0.930256674556021
0.840351361809064
1.11606536999073
0.861869873645018
0.973360829338139
1.1404261816054
1.10203231603774
0.838227005936205
0.930363556461185
1.11043474242023
0.873064495227375
0.927385438099374
0.878181240657351
0.837452873588501
1.0817440947971
1.02291290418818
0.958095056310897
1.00626559227351
0.875876980008297
0.872480168772612
1.01609129705073
1.08759499103663
1.1815676429637
1.14577072156399
1.12169205838818
0.987186499588941
1.05191983229946
1.09505753376018
1.05760997236713
