0.142420516956259
-0.96060239851792
-0.950144803508915
-0.938165443503772
-0.9746715314571
-1.02521533985706
-1.06261671686689
-1.02031930641871
-0.878977129363925
-0.89307802742623
-1.06067124744239
-1.05377803245805
-0.958313928965236
-1.00614511618797
-1.00756278547354
-0.984338561912899
-0.945200488278515
-1.01375635504714
-0.819558401735546
-1.01755722937277
-0.850886750121182
-0.776810006067635
-0.837311910217291
-1.05431826614552
-0.982105283633957
-0.99944792004146
-0.886577457096346
-0.906385105424531
-1.04448866266572
-0.832030544215069
-1.06713161081775
-0.965525965636099
-0.996400937909623
-0.974964338979898
-1.13245239070369
-0.855819229636756
-0.929560323038099
-0.927280645444317
-1.11677948216523
-1.01239623881831
-0.964059632271486
-0.834058214731464
-0.808901013901618
-0.743254753289474
-0.852626603204289
-0.836039024999869
-0.8606393975983
-0.963996835732425
-0.897897860555898
-0.926106432157842
-0.913604695086656
-0.934641156359606
-0.896169369594921
-0.76462221568745
-1.05414813314133
-0.698766934163318
-0.925450889129869
-1.0008438429653
-0.808759345858391
-0.835715494536646
-0.896768160608688
-0.808185646326497
-0.845522301880057
-0.865887640003854
-0.793972515117571
-0.932730956592149
-0.795478422692374
-0.726031522004777
-0.899729009104736
-0.755327157048661
-0.845189511443875
-0.906533255922383
-0.73201956007555
-0.786798478410802
-0.683942390441286
-0.953081662357452
-0.796001574985974
-0.792253836005249
-0.850438472954302
-0.875979485577381
-0.744221572128322
-0.832538701854722
-0.896019963341942
-0.788509193044799
-0.657774512275643
-0.803401068478856
-0.868917060527694
-0.77443038101509
-0.892997394763653
-0.811549598214272
-0.779887895713252
-0.801736839443015
-0.847520761621682
-0.906810728167481
-0.80818981447328
-0.740707770093791
-0.688668956071705
-0.840777957418873
-0.665521633843964
-0.827517637361555
-0.822200595629957
-0.835105278598484
-0.825196177759886
-0.861232857677773
-0.88497967291813
-0.781152474727267
-0.950519478294561
-0.713771144703882
-0.71405951237454
-0.730838025653852
-0.801772954005064
-0.718381574069505
-0.641764307860004
-0.696276873463328
-0.791602835383735
-0.726429240575043
-0.810259711548828
-0.846640387649994
-0.718613378786727
-0.816507980842373
-0.687734457531153
-0.826071519714571
-0.826801789750666
-0.605772094665671
-0.734948394165651
-0.747797049717897
-0.720705006063477
-0.774052489261609
-0.719510667883707
-0.724292849835787
-0.614001761401773
-0.786611418596258
-0.836326699187451
-0.739604696359521
-0.719257073402434
-0.732982890600564
-0.776149541924241
-0.620227672534035
-0.873655438596698
-0.661919323097528
-0.50620189684866
-0.695013745510325
-0.698223160024877
-0.714825903071139
-0.798942102112922
-0.639170168519127
-0.83275976238901
-0.574033065063511
-0.627734562520456
-0.678327827328485
-0.676796926216356
-0.628825735326221
-0.642245565982324
-0.741564923180131
-0.641265570160484
-0.74465986774282
-0.705889990476447
-0.695548294580365
-0.576518935134714
-0.528384742825905
-0.616652793492259
-0.567910762108779
-0.681565972906516
-0.650543214010562
-0.523763130377637
-0.62484896479271
-0.675655994702759
-0.567200002604064
-0.757140970559565
-0.570374555239837
-0.553062378450623
-0.634472644320128
-0.709584753100809
-0.601294774189008
-0.624972522708847
-0.693506343403149
-0.591700467110522
-0.724451325897121
-0.662754212123119
-0.511020166440863
-0.737678986257422
-0.468806657622292
-0.63984363443274
-0.696299980958436
-0.783047021794329
-0.549405336179649
-0.666525765360856
-0.680307502197651
-0.676708608869717
-0.565392613180119
-0.756830801013513
-0.744264319138964
-0.580471228236403
-0.542174394012705
-0.571240558042702
-0.538509986855305
-0.541714298530975
-0.707435524397249
-0.577490063304272
-0.653372838059663
-0.574970909755288
-0.597158019264661
-0.589291880217033
-0.509366844855314
-0.64338973284419
-0.539669348965011
-0.570348951837318
-0.567028843788598
-0.505805432208449
-0.505235229573242
-0.590954578218197
-0.605803308097676
-0.510413750066516
-0.450217350996455
-0.614440323467652
-0.525727198670749
-0.578501935732982
-0.477653494198756
-0.528042898441747
-0.508840522751338
-0.459632055346818
-0.611398210502857
-0.618649281993953
-0.633497923075309
-0.58203282472578
-0.590667432608783
-0.577910046811899
-0.470441139649009
-0.637493121274897
-0.452211575206953
-0.609443126436126
-0.550487524025874
-0.408944106398243
-0.538095402552277
-0.492600617579383
-0.62516206580622
-0.410997858668724
-0.418820290087163
-0.544684401727529
-0.475391960047887
-0.604341719651981
-0.553461359727126
-0.481603166970495
-0.539140155725275
-0.615365701790939
-0.650491981782175
-0.506063203757459
-0.476686488349051
-0.481154783693361
-0.295670449597693
-0.433038174513532
-0.440644024874544
-0.436015654493242
-0.563225976321468
-0.554309686862375
-0.520202023468796
-0.489614876731581
-0.473311287780864
-0.555333105327185
-0.50253516267349
-0.648243607083182
-0.359832448521987
-0.468187818765051
-0.377541383784057
-0.633540051309091
-0.505880759084772
-0.602458271188677
-0.493896264384193
-0.293888021619174
-0.552097812891841
-0.44346319260565
-0.437486909236082
-0.42351419102711
-0.65509109783842
-0.492012364171994
-0.49075110176047
-0.576441466072648
-0.619016253081371
-0.640901881780134
-0.584246902035798
-0.36692722706522
-0.341412149874993
-0.525997731304064
-0.37508219580617
-0.331033785789333
-0.43644940287644
-0.271332845556751
-0.452173607953947
-0.464587472805714
-0.46550416066054
-0.411853556517495
-0.385539297961475
-0.486076971351417
-0.394906578306812
-0.299953659836308
-0.462704008353267
-0.4843167817304
-0.501314376272574
-0.316238333835905
-0.252189634100803
-0.396977367016601
-0.433121237027018
-0.431390801797834
-0.393782341319351
-0.302010644072473
-0.362476679156893
-0.414929968751974
-0.5930840585996
-0.483767396850684
-0.32338779625174
-0.387742140517174
-0.275949316866634
-0.180310484988094
-0.428258445474962
-0.525743835725985
-0.451487219247495
-0.361595930738085
-0.367884960759682
-0.29831619108763
-0.422702211381428
-0.386574788005255
-0.44982478444795
-0.350693014358263
-0.267035098780468
-0.336241163364282
-0.311063735174573
-0.418220161264843
-0.123943312192601
-0.358166362418175
-0.480169654964841
-0.282863233975277
-0.40662829812656
-0.302943707546722
-0.182422310960844
-0.531541990400612
-0.225471275582373
-0.404311668235003
-0.258119526787176
-0.329241343250776
-0.370396644988129
-0.30803247549989
-0.361147604127627
-0.397108180545711
-0.328822359752523
-0.213637072919378
-0.306573171489094
-0.306369109100136
-0.303365110370972
-0.296887388956875
-0.336956075815489
-0.369193470791285
-0.395543545207937
-0.186724471972585
-0.21247490667056
-0.182137655345387
-0.270184879162172
-0.295492816133796
-0.251900751199121
-0.250554052004198
-0.266125550406969
-0.281070276574439
-0.295710691687435
-0.331054990581955
-0.254493399717846
-0.205339577987595
-0.251675967402635
-0.326211730348556
-0.20070309212136
-0.341732692456141
-0.311938351758639
-0.137367006782078
-0.225193550313162
-0.101250985869641
-0.335628786669006
-0.185895333151597
-0.298502808726587
-0.244481700956152
-0.182360416997706
-0.168285361926531
-0.25632347108889
-0.222009682113933
-0.294950401441861
-0.376941160731039
-0.17134829134061
-0.301004241611755
-0.18539199292413
-0.146095638243171
-0.255701319006209
-0.104766237190652
-0.228769613977778
-0.203896858451443
-0.210105856505683
-0.227536498458789
-0.220330347207006
-0.204060779366023
-0.173718230115078
-0.206429003103811
-0.0653899741789248
-0.168755652387181
-0.180926932436867
-0.147204078165087
-0.136572480664172
-0.140448292417462
-0.2391200680778
-0.100366270865319
-0.321583614658785
-0.164193675756504
-0.269847548843663
-0.197681027375731
-0.151264042123347
-0.119234367330272
-0.288255648396816
-0.216347693789941
-0.156817494038846
-0.26349012060387
-0.0791785317843477
-0.120195947499209
-0.171070060431482
-0.301706494994704
-0.228984011769363
-0.0626332492855396
-0.0610577095743821
-0.298686478951275
-0.0968734106181007
-0.303678616308234
-0.101293594925439
-0.147561722151876
-0.0502832859549766
-0.0350575950743567
-0.161242111969338
-0.159342841441861
-0.180223963354156
-0.0688571585960701
-0.168805290738773
-0.0323529416434019
0.111879360015011
-0.0501195864851567
-0.195219867365984
-0.170475049200518
-0.123749183513586
-0.141163339661693
-0.225780196166427
-0.174218868380035
-0.0838338716231621
-0.0552903514480591
-0.0310687962939635
-0.144865687896675
-0.144000676338043
-0.0253172335801026
-0.198027735802892
-0.133279033110522
0.000558014915787836
-0.159524514084155
-0.0836929354757748
-0.124936394843849
-0.0487861308752299
-0.0892759723198198
-0.0560905761393775
0.0543816179190498
-0.0732369593955162
-0.0891811111989839
-0.0667758294966295
-0.0824203871158388
-0.0408320280537921
-0.111603656047653
-0.0225585509204955
0.0233953755391163
-0.0726559465226811
-0.0963009597424868
-0.205869851898001
0.130813408566827
-0.0423958870190691
-0.0433485317992641
-0.112283779017497
0.0546505958263916
-0.0636328907731079
0.0207477097269611
-0.163915891144532
0.00986879856506431
0.1334239272131
-0.0771425357936937
-0.121800852579603
-0.0368050008079064
0.0772694656667525
0.0494863847375525
-0.142458767786846
0.0023136210848729
-0.019831841919346
-0.0213159005075167
-0.0557943877073583
-0.0272738285969677
-0.0276858767989561
0.0955806237680008
-0.0966307840245489
-0.0468150604775255
-0.0389785339825479
-0.0276233914536337
0.0212202571543094
0.062095381909258
-0.207866639727398
-0.001765281742678
-0.0639017391775374
0.0373071667422403
-0.0632459572533315
-0.0754334550213062
0.0502459011386527
-0.0443845889955715
0.0966541363575367
-0.026428497916075
0.0776086491283645
0.150378072038396
-0.0587624418081424
0.167925161408782
0.0340505401489034
0.0385905419316049
-0.0103402783079721
0.077417851163219
0.103760831335218
-0.154245900560422
0.00221249615037263
0.0286503396951612
0.0782631063618706
-0.0394662059579509
0.255541647164706
0.052680054526285
0.0731526375361889
0.196594851058626
0.110652834626905
0.0394674745351632
0.062663872956129
0.0480555808987657
0.0911402848316379
0.028045996476927
0.0726801922708106
0.0849930666995003
0.0651181264358801
-0.0175942417993756
0.0504691739935493
-0.0166283151234494
-0.00777751663371549
0.130565415961328
0.0982644550847846
-0.0500593283493645
0.0247054142855107
0.0372642202846483
-0.0103822702351825
0.0616170053120695
0.0786967746115457
0.0555886069147039
0.142390058384853
-0.0672324621162122
0.1348775132519
0.0377558777667777
0.184222829198992
0.0961191754291249
0.0673290944492472
0.171612351550753
0.330145121392884
0.109841762197085
0.140477598007649
0.199141956637302
-0.0295054234126845
0.0983127056543362
0.0739283269788469
0.205146776029772
0.234014204773495
0.182758014542415
0.165392552284532
0.0446450045090389
0.107738897413592
0.157659576649393
0.214568318835807
0.146269976537874
0.0317618855307336
0.09705708069984
0.23082220978486
0.19369061511292
0.101592831456995
0.199345088026363
0.0944345899124963
0.359875828850914
0.056748541179423
0.142018005964344
0.17834436032089
0.246991905356794
0.212832094845109
0.0731638100653313
0.186431529820695
0.244054416893374
0.212011549015617
0.251421271118713
0.193847217806897
0.158581099579138
0.131314213787664
0.0200999414536736
0.179961444997718
0.135131977070249
0.0800573419436952
0.302509654239822
0.165294858992177
0.208212142057008
0.168894539875235
0.177458228849626
0.194986856776762
0.0951573684064798
0.21906663038422
0.299446841068883
0.177678854552527
0.261157777770227
0.17587069764501
0.159204059257414
0.207178349149069
0.113838764330777
0.172688734831946
0.325379855862069
0.151989659713211
0.275648029941561
0.2540235880635
0.297318843302643
0.270506778312231
0.215153813301406
0.40549564626826
0.198282170157097
0.258894839042372
0.23698965649647
0.315780651427596
0.309938086318505
0.256834645941216
0.171583462347095
0.162856328356429
0.00935730413028248
0.20497353192321
0.293861628292677
0.334564221378665
0.149389896185732
0.177249115269243
0.403145818217755
0.386287756388479
0.320162883577988
0.164023107125265
0.379504866070567
0.260106462642838
0.147740466154715
0.444937583236768
0.210822295207412
0.224746881212085
0.260959738367331
0.211163206826145
0.25340542684908
0.222227546199623
0.282622529810466
0.33911018436522
0.308087046815941
0.234354739217974
0.304028153044227
0.330945395364666
0.263226567205862
0.394318315752589
0.210276728755983
0.216582881095111
0.493718491064811
0.394086111593661
0.396148343451222
0.339472455671025
0.259511204239666
0.203531697785637
0.315923266562439
0.306267855148784
0.384987410875383
0.355265059350277
0.293538575835052
0.426342078583768
0.364318705207135
0.38772040102296
0.406957591842844
0.421729588858684
0.302449046894246
0.31075985035017
0.275605596157161
0.250532695565835
0.494180861948678
0.341442673788027
0.363360068764329
0.19164243719455
0.173644878360275
0.355410101851404
0.351320518781427
0.268157075812354
0.241499439583289
0.343819784487042
0.405396125151018
0.3628174205898
0.314918066852738
0.38666650843373
0.335071243387629
0.335327389414249
0.485181407190708
0.517746483071671
0.378829546471936
0.539680406059628
0.229171993843335
0.443338723229801
0.40510103170835
0.492995746803459
0.441685862007571
0.292987051888881
0.510972836228669
0.394423179026894
0.569572326529269
0.423209949543403
0.49999515933852
0.602885460420281
0.403710572263498
0.424243995078221
0.385746748625676
0.393377266053471
0.342101417976458
0.32128226198986
0.541619883431784
0.352901624281175
0.458128332122035
0.424498907344331
0.396352926668219
0.389002619992252
0.301711628134898
0.229664102204091
0.413356599615128
0.243663750833637
0.419563102226002
0.372302413326269
0.43193843938073
0.375326386857965
0.469895643362382
0.488483678146675
0.37428324039587
0.330758925934696
0.511971598908002
0.480048556435866
0.576191922084356
0.574943742594237
0.564309609544949
0.575395407391409
0.399164759060178
0.642962497173683
0.340893747836883
0.552492361718606
0.479262938380117
0.426516807735489
0.501693646165139
0.416752141100127
0.414979413218523
0.571655947932854
0.516935788588378
0.596643251470973
0.393503549182443
0.471129377062659
0.418374109093396
0.359889669477169
0.660178858407771
0.47213762277954
0.589007365208511
0.598713164622088
0.586096331288487
0.435186975503165
0.591924300305672
0.457940153578569
0.565619416436311
0.696933030123338
0.584944297976112
0.632417849470415
0.562757926790411
0.344223196060241
0.596595225504316
0.520407161642151
0.626646187226576
0.516470348561167
0.430247146613615
0.504338326560105
0.628597611000686
0.508014249102909
0.510453346785537
0.602740451885132
0.496355042328088
0.395159234196303
0.473342739303639
0.601901823541241
0.577622235353976
0.503239814758063
0.545400145475042
0.605525705010162
0.746367241596446
0.736295904948483
0.574549773168594
0.525551908733965
0.397210262914914
0.501436991394481
0.633178519808154
0.63476846507234
0.643233459040122
0.528944221835977
0.565502528336424
0.687512520020912
0.670004867696124
0.509852279324454
0.621946475160852
0.557291458427529
0.632308003296815
0.58998511868419
0.536933561145774
0.628278041146488
0.637597438645007
0.619704050314007
0.51950363491427
0.689819595292814
0.649455477742959
0.667744538824011
0.684377571189653
0.63590161039433
0.534600528842075
0.712327889446711
0.542286458552395
0.658675158615587
0.698462409362254
0.607711421092174
0.725218618718976
0.623772877613146
0.658071896459265
0.54286593274861
0.70779414669678
0.655913738098948
0.636425727318593
0.642152629704607
0.714894534482154
0.774412133319959
0.720646870111316
0.719942076502092
0.735265315805164
0.639502600098835
0.690050471953004
0.432080279598712
0.64870584588672
0.76392924837437
0.711747518072348
0.624327988596111
0.761602734697996
0.577111732271579
0.761629577121269
0.605726778144632
0.64919345933848
0.6258329151353
0.626886397413134
0.659665527650828
0.67479156611603
0.819768764416617
0.810613629886268
0.783455817801812
0.795883010263222
0.687822023647757
0.726666196633837
0.686196125821625
0.677713179216235
0.775264645796707
0.739670679584533
0.645835342687701
0.897455886621476
0.684087016050859
0.684888375618483
0.822523223344392
0.87958754066838
0.751450939760231
0.583975220000796
0.586934450269687
0.649699752411038
0.808938570184638
0.783461594998011
0.652793448836234
0.679173551679364
0.678443332841189
0.84211479166034
0.819822818132239
0.742422109172393
0.724102613014005
0.829871598752138
0.8417229993958
0.708316955501143
0.835713035360902
0.830958526620257
0.571412719576975
0.679753816716294
1.03234126712694
0.557132904489296
0.760441939153142
0.866786814750694
0.758346032447157
0.938999767394692
0.736376189790591
0.743455422233827
0.850062524057219
0.711193819463185
0.60955083110542
0.783551843008038
0.818942929317751
0.760945995484354
0.888187856667797
0.717647759698813
0.902655198540246
0.925624337040898
0.901253330070989
0.886116244650272
0.7279485740475
0.880391911751264
0.7011942108258
0.882271480141321
0.860131210886722
0.89114412982838
0.787976727287689
0.751726651834985
0.9090698877596
0.761356878870496
0.93418689068175
0.848484763128945
0.868357107041139
0.841180448024771
0.814005426470268
0.752570803494706
0.86389115028297
0.810165484063243
0.807320943579439
0.757906284956201
0.785892365998786
0.836329894622432
0.774080382021235
0.764793431259455
0.91648264481971
0.864347958112508
0.844248287516795
0.915177162103895
0.885500379698524
1.05148397926972
0.897947061882858
0.767125491622596
0.744211313745165
0.93453658147034
0.842849008911211
0.920302138428605
0.8042015281691
0.87162785794613
1.0245270848199
0.978017719571365
0.997500325032045
0.973874448260163
0.803093017936285
0.833458791405715
1.00823072158267
0.817772401789647
0.926163257929384
0.957426334219816
0.951501943134478
1.03573711555658
0.861534710845854
0.822371358600256
0.788160309455483
0.965892036389592
0.922264818669374
0.916711334825827
0.873581794818406
0.844028681835664
0.970730196485753
0.904263531258781
0.939570933538047
1.04719092670078
1.05556059176745
1.1202935631068
1.08275066262864
0.885905350534443
0.901066271540659
1.0713424312106
0.88809095820733
0.931220407966441
0.797494176459729
0.913226315203601
1.0804194140204
1.03314465393985
1.00709451558948
0.878563918536432
0.95959693234304
0.897211430394301
0.900711043038218
0.948953208913691
1.00733685513079
0.94473233523506
0.946288168184451
1.02164710059214
0.87861806020008
1.0590396041283
1.0048422035875
0.847122332907316
0.973106562124884
0.921306533688939
0.98552107453999
1.11856069404133
