0.163322402911987
-1.10991217180737
-0.948594926744399
-0.936897298838116
-0.968024152762521
-1.04474417459645
-0.952072774153849
-0.937069366059768
-1.01521382814338
-0.993914657848173
-0.904672775208137
-0.999210296274908
-1.02097994562319
-0.917715595172761
-1.03828141250572
-0.985154562872475
-1.01665930175478
-0.965204764677601
-1.06002183524391
-0.928733615291063
-0.945675524991258
-1.06569711451632
-0.88336558227158
-0.894285812360326
-0.836261874832535
-1.02431455986735
-1.0134603031164
-0.950271580073504
-0.87709729578054
-0.968337487062646
-1.04609822439626
-0.940782173429786
-1.08620612796525
-0.871144479255334
-0.963868098438968
-0.871541959983319
-0.853708340189957
-0.951705857901372
-0.842889403257178
-0.8103013544913
-0.962785052885576
-1.01131059706045
-0.66285787533118
-0.940698751972541
-0.926396222462008
-0.829363099512571
-0.878628885162004
-0.92110750342222
-1.11444928892667
-0.994533208087254
-0.816844134966111
-0.842393959225563
-0.839686979385962
-0.778585014300317
-0.803251379359782
-0.989185256694034
-1.00356005719872
-0.793804990499869
-0.995339501597339
-0.884691611915212
-0.915630279790907
-1.00278809109862
-0.88557955782059
-0.810833980834341
-0.991580269044917
-0.936151361719899
-0.913682608086495
-0.778781927903518
-0.904324312727587
-0.986967410036542
-0.924281353885521
-0.954332502700979
-0.70628056457941
-0.984898708322958
-0.866357016784075
-0.826095818590307
-0.793402232950329
-0.746637516451967
-0.832217087181459
-0.757407889569254
-0.801459233743935
-0.912430508877676
-0.827355724563795
-0.943511423914801
-0.700801730112007
-0.940332648808678
-0.823716395338081
-0.9882780698581
-0.841701810243345
-0.831026992853356
-0.773973495141952
-0.816941709592568
-0.831045022165524
-0.789926779098866
-0.753182909417938
-0.875787736586992
-0.674707023489173
-0.835985806499531
-0.835550243672672
-0.879013026921673
-0.766307531969192
-0.905399872356718
-0.818130557389027
-0.735547984695622
-0.78635161510696
-0.770881785360865
-0.799026544476495
-0.862567789132911
-0.839025821363385
-0.97260989087901
-0.74983602301012
-0.791395332144416
-0.756160812662089
-0.812599662153925
-0.790402279136265
-0.773340007650976
-0.70240322193757
-0.861749854173667
-0.764557482215817
-0.67868323777759
-0.781347363921676
-0.806319595917878
-0.783341967327866
-0.802109939234851
-0.766295243430798
-0.730141909537656
-0.642150337274632
-0.756217244603114
-0.74888137337333
-0.822605040976
-0.802142352942345
-0.813053676113978
-0.79569233385856
-0.838498819668896
-0.689604632955484
-0.548891225599449
-0.742619471254098
-0.619551659792428
-0.709961706572342
-0.690298358522469
-0.70517759029455
-0.60998015903163
-0.840252328450542
-0.685700973697494
-0.75566743352214
-0.796963476449846
-0.722581552923262
-0.71572433746166
-0.630657406371467
-0.752266223835717
-0.692782315528083
-0.644692490554106
-0.669427123215872
-0.656281760226129
-0.735704385083373
-0.699161502303221
-0.639505417143801
-0.57611136892768
-0.64009364693554
-0.65822196306118
-0.711384249984909
-0.665625221561601
-0.54567313408176
-0.713868429135653
-0.683377175424367
-0.805572676184391
-0.660868800956711
-0.693835559183625
-0.453985120969737
-0.695181095160154
-0.719812774836677
-0.68099360761849
-0.609008127822377
-0.752731061293274
-0.63465530139963
-0.701907723299048
-0.65313097149681
-0.692315857762786
-0.626401450540093
-0.821762028674019
-0.649380098528426
-0.693730059256373
-0.669333232197863
-0.709508562101797
-0.71541396029258
-0.643430082282586
-0.538811027001336
-0.722960788740984
-0.633610579295932
-0.734442809080815
-0.630122025123616
-0.700944216694176
-0.772916023686761
-0.670518089184505
-0.550758978750516
-0.367923582610311
-0.630331940800545
-0.580179893554978
-0.700071726835108
-0.632283816197105
-0.532840822261355
-0.571978680967401
-0.578615081932045
-0.595601429913009
-0.61758223150493
-0.552376854724281
-0.658984651190901
-0.462541880180584
-0.667639721966594
-0.533590018687605
-0.499798197042022
-0.622229801787987
-0.58711381346721
-0.571842099945788
-0.636233954283316
-0.617700041735254
-0.657470991518967
-0.445611659594533
-0.491064216991212
-0.47942410528528
-0.531813602741078
-0.632607307758434
-0.577858755830071
-0.574047691432672
-0.556466652290522
-0.528871925460126
-0.545194559653468
-0.584222579956682
-0.417569782373282
-0.534259290094688
-0.50391136037447
-0.431760319655543
-0.502552679739319
-0.529689578610162
-0.454931397832823
-0.505768222050077
-0.675690140910853
-0.413892775201612
-0.445274429857733
-0.649116959723584
-0.515618631118569
-0.529262369460401
-0.475641903964013
-0.472902586451384
-0.568582317450614
-0.528672265575155
-0.556546241836909
-0.52632124744604
-0.38585476613952
-0.583491299959659
-0.500466783443859
-0.622724510062128
-0.479516590300695
-0.38368830430154
-0.439881123053365
-0.553808278998453
-0.56566969410123
-0.33238437766975
-0.456874297702676
-0.482927833503319
-0.551962513674753
-0.481727601644405
-0.485426476948215
-0.334345149327224
-0.60688209392777
-0.461146826830912
-0.516670196850501
-0.409559983666034
-0.469847746755334
-0.509417370511443
-0.635824543330209
-0.385999569554549
-0.650868903511533
-0.496059306131519
-0.384720111387822
-0.496339372718409
-0.550963176481452
-0.444304427127352
-0.447627960012629
-0.492906215380909
-0.410959767068518
-0.453892279229793
-0.481524115086828
-0.55115470433973
-0.500705664817208
-0.381830512979817
-0.562428975912298
-0.441799998266853
-0.367453810572746
-0.444229567553294
-0.438006214076845
-0.42660608807499
-0.379551811591125
-0.571269803778058
-0.457255255633458
-0.349893087435464
-0.376184240166313
-0.444499347376036
-0.407405806732951
-0.324582344430962
-0.480467004817278
-0.548992275200009
-0.364508504103018
-0.375617646037786
-0.553367661616891
-0.428374064444595
-0.366353911295808
-0.315413182426472
-0.396486598335513
-0.338995420090553
-0.235446601489453
-0.446268732662001
-0.295020697036072
-0.591992797427148
-0.449519080797809
-0.304610943888105
-0.379611537977579
-0.318883773690835
-0.407402757844638
-0.377687865161066
-0.440506662048071
-0.267753486288146
-0.426902308234427
-0.347934428348708
-0.389456268107514
-0.35750189661071
-0.330199289153652
-0.319580384263933
-0.354246764751689
-0.324531771949499
-0.426418094293185
-0.269526358836345
-0.377577810367123
-0.320358247998372
-0.200800054125732
-0.274365130749045
-0.281168430422108
-0.479038220929653
-0.263131566996125
-0.125054280640919
-0.321728424020478
-0.383804759309765
-0.224215627591553
-0.248603182009596
-0.371892944877129
-0.367765164333502
-0.374066689762864
-0.549504947719944
-0.305676083910273
-0.307010064670597
-0.319918674737674
-0.23158980788558
-0.361267586761081
-0.155422429811274
-0.190487529603281
-0.293760263124457
-0.261165140207748
-0.259378208074516
-0.34636661306055
-0.304785220190014
-0.432330685081649
-0.229109735558051
-0.177575958487277
-0.394847770627537
-0.345279741324319
-0.358531061654441
-0.324352837383278
-0.23897160661045
-0.25816116288493
-0.378845036706774
-0.196342373966127
-0.221278179690925
-0.0406415401466628
-0.192672103490253
-0.361097276861262
-0.196246983623407
-0.262027214305744
-0.293045815132985
-0.22755599460764
-0.218601334104048
-0.434194400178769
-0.266968057481517
-0.254179698441759
-0.219790043315625
-0.239643010275576
-0.291233638585486
0.00199748521776009
-0.0957007617832995
-0.205129272720573
-0.391920261155063
-0.402107057336085
-0.228596842166403
-0.249405629081459
-0.323325712294959
-0.248692312987892
-0.401809857210838
-0.179810701159694
-0.259728786019662
-0.0153342855153535
-0.187120652118767
-0.267260854761858
-0.112358339315512
-0.168851157125253
-0.211522023840899
-0.121628841565097
-0.171931459118174
-0.204595974062564
-0.193798479409238
-0.300568275513797
-0.094954420335478
-0.11183511055545
-0.273321452071781
-0.158708392037721
-0.19407827867341
-0.171005503061757
-0.175568061838934
-0.198687276983018
-0.136871354920353
-0.368091910598351
-0.103444706190431
-0.122802605951585
-0.176615938421729
-0.212282464001249
-0.0870056079329853
-0.327711657502127
-0.28433757031974
-0.14265567420855
-0.269811524561391
-0.220785352605734
-0.17758032572376
-0.109339790461193
-0.190851493671977
-0.135122086785104
-0.130050304821524
-0.071299721597119
-0.198901694020188
-0.0182830813981781
-0.1437204501748
0.0285891367040654
0.012629412239874
-0.0505078226472764
-0.0834635311774636
-0.181382835203484
-0.17589891029812
-0.0759734904543041
-0.0556320650256753
-0.164640993880568
-0.149546521444645
-0.0534331577569403
-0.138597565577204
-0.0664667021275967
-0.242769265318255
-0.0736463922651797
-0.185872917311268
-0.0512092665540129
-0.0808940710841617
0.09937536498677
-0.0842792447675306
-0.0142063688283596
-0.0669749868253919
-0.131648594245696
-0.118953375290384
0.0673151862414415
-0.0233226117510098
-0.149574777270836
-0.0134073243187177
-0.0313655984268635
-0.0593573626952556
-0.0810778095372656
-0.0502571662670364
-0.0134873971167222
-0.131218315017526
-0.028281677408882
0.0980366481513457
0.020873122560776
-0.194806723835651
-0.0665579223248168
-0.0736462896546453
-0.100940001862124
0.157263312706157
-0.161751402840593
-0.086394876178808
-0.00728984490091608
-0.0690159572691042
-0.0667279031193281
-0.0692772862968478
-0.144862356962101
0.0507511296057476
-0.0972295055137514
-0.0151692613848993
0.016764729500219
-0.214652665396089
-0.0685943324848897
-0.121783029108039
0.00401186646643374
-0.0655874995302815
-0.063734740130959
-0.0250449208272826
-0.078722857673841
-0.184625156781362
-0.0617203132337642
0.0653674908464566
0.0900324615491479
0.0305138379015715
0.0857791927561708
0.0315415281990117
0.0242532577981322
-0.0219151685030258
-0.0335059735869696
0.0739286933635335
0.06610406760522
-0.0108153488215382
0.11012955223058
0.114622854269726
0.0268485949956026
0.0192945948546322
-0.121587430945564
0.105691107223248
-0.0620742662307688
0.0556295614584472
0.00122383899952906
0.0579526576550837
0.211610025276686
0.0938913014697521
0.0835328578821571
0.063362435717959
-0.00294884598647287
0.118583969195467
-0.0327696279398252
-0.0271453155797996
-0.0242733660057981
0.0612272649561774
0.0954306630741563
0.14667241915829
0.109249291229331
0.0592151958507333
0.0592029101972596
0.0118970149483101
-0.0256451474370607
0.0782509608466213
-0.0753136763634082
0.149228837282054
0.186344936986912
0.105827242234136
0.20573681207404
0.0971273893222397
0.0410448504099647
0.0753184956049369
0.108463451042915
0.113627442020105
0.108512879135566
0.0704340707772087
0.0713367777592054
0.13018070338727
0.0489978982185475
0.0977964897636847
0.290895609747197
0.135695252741194
0.222522052473001
0.100955299311177
0.0857589530743577
0.12519051860922
0.226407790881789
0.0896476569138327
0.130311662302439
0.317084596959524
0.0775401837793958
0.27194065155735
0.302235875023582
0.0617228327272694
0.125820821065214
0.221237823127204
0.0986684397362049
0.268785579264233
0.0742540932803948
0.341534823448576
-0.00485245214164718
0.12833180177
0.0753961735769432
0.199558444421446
0.0210234241100819
0.0325689802746882
0.147803964957268
0.165154885302749
0.282610084237036
0.205397293841023
0.161381237521981
0.2366151334854
0.175744064499778
0.323604584318414
0.201281041059146
0.310269026855416
0.0410884313173072
0.243724433691469
0.32269984831034
0.171745908677348
-0.0010028992101106
0.061410860350458
0.189948250241752
0.226057650344611
0.200655381017613
0.205873451978012
0.0329751792185747
0.140480898226919
0.0692534662641832
0.192665718875717
0.154358716657334
0.303436531301894
0.0875732916670628
0.181978240986526
0.325444914573483
0.210844870335897
0.123554487378054
0.314031979576367
0.194773957575174
0.147399045829555
0.200183777257175
0.161200161596555
0.273284260691198
0.207186594378098
0.175012442232541
0.150894566065
0.45346958316228
0.373130263771776
0.174846908682967
0.17185884497712
0.196940791239641
0.134783621676814
0.193301867605116
0.272695721157823
0.244211762168175
0.274824953215064
0.182352896222507
0.395752841549188
0.296375658962716
0.269754289191784
0.321155343078303
0.203889132778669
0.307853944215661
0.337941088643462
0.238583939627313
0.339292795280765
0.339859915789328
0.264827715016674
0.272249782009762
0.35025917826741
0.272034367171732
0.410877789906457
0.226290926318148
0.33170421604141
0.175190475154002
0.324614810023717
0.483677400191705
0.342187581720675
0.250656633019338
0.371080474317269
0.312561298326654
0.388000463704057
0.416130039600396
0.178653565071779
0.549633458631119
0.277831505481722
0.279892043898409
0.268532776997647
0.458967134818359
0.297607447106668
0.531160406193584
0.221143911780014
0.244780462791447
0.314396576682936
0.463558174071117
0.234044671112635
0.325508221135727
0.226887488908979
0.149100846454308
0.413460878965303
0.333700958557508
0.336697554921731
0.256170322259958
0.295840315565626
0.259672037422557
0.289099310624039
0.340595268171764
0.242035117477994
0.1882729905396
0.309768319600416
0.581966016245086
0.337305240329002
0.421778885897631
0.397487532590478
0.416709607622575
0.30055067089215
0.416717572874269
0.352776823062587
0.600667771267966
0.460343295404178
0.398479411538895
0.470908427771545
0.392572501035432
0.459989543736917
0.424374890547695
0.473869350818482
0.316681764078698
0.42080731174215
0.230191070151645
0.437240041474355
0.260483628722974
0.369743681387877
0.313648451174927
0.431202618387924
0.556971656473758
0.401381052085794
0.489383529488477
0.394257575144938
0.31994130414089
0.447279146023096
0.464547636169478
0.373123119492132
0.297584187557549
0.400184621422626
0.504684327791742
0.444756363948703
0.540485498169561
0.46360200142136
0.445621290553036
0.600621536089285
0.437121663954393
0.228611114164805
0.405728887569556
0.515171297220619
0.528750601975526
0.473236376301627
0.447924366987643
0.534501777132264
0.412205341415155
0.501286677461538
0.360671811733899
0.505191392877003
0.464737654905271
0.453031586312886
0.51805552697584
0.447479939483984
0.49664054326972
0.470221392267678
0.403829172728156
0.560020100254478
0.369523292356041
0.391643109906781
0.452349289966115
0.531757040644835
0.44359229080947
0.484223096163641
0.45887991388953
0.445963658297341
0.51485359151474
0.561746155423163
0.612523673938678
0.498786670536399
0.426375441688546
0.484303564946767
0.397769407692406
0.428397623205386
0.488659859506548
0.700286466097931
0.433089772947213
0.429473127212718
0.505354264542922
0.482307912133077
0.664624550362946
0.407487405298637
0.504186239688362
0.508594813654031
0.450092609776089
0.522630674030488
0.6277951339364
0.578874029381575
0.355110590610802
0.541459044799799
0.580249910073671
0.485259506670467
0.661719289327966
0.636745654606059
0.655803127105134
0.633388798470749
0.582204130154557
0.546934292196579
0.482095624451658
0.552286000985199
0.665736232952241
0.604249448561219
0.544159992695189
0.690628652344225
0.635699613139013
0.552438459143139
0.566980408404267
0.735234551838277
0.489524027875284
0.638739896794413
0.616494931942388
0.790452253275147
0.521773445644925
0.452273632288476
0.5341843136785
0.675475798831729
0.609744687416992
0.675529287172146
0.630872235584849
0.661356102477335
0.746247978478054
0.70622854628844
0.608183797463197
0.612895504952173
0.643474642888396
0.727976299110489
0.635710721055327
0.614074833370536
0.647752430516005
0.471056954110132
0.612193700623642
0.541928090915807
0.647337044140753
0.436704465719084
0.745994439095469
0.539682758377992
0.603323256947103
0.49950772924354
0.558012142887321
0.670658160330529
0.738117399543889
0.715424775168365
0.561253507113019
0.681004102093364
0.639477124686996
0.677953326743308
0.765700824093889
0.661465151104822
0.610406645944475
0.614793966087756
0.753949826548317
0.71675994801962
0.815991121553257
0.541302968992453
0.658209158128745
0.786193258223912
0.720347761626465
0.683176219634455
0.641143364158776
0.837088739814245
0.610498296994727
0.784499375278872
0.804797392693731
0.671187064255646
0.725439905431144
0.808182184506835
0.740606725547585
0.745424826881195
0.802724115414966
0.593089256563585
0.818896602027521
0.753639342549512
0.714581238452665
0.722193879415449
0.797760848302053
0.74721181871407
0.786251754339121
0.840854471202109
0.6604749393887
0.683581189511676
0.610770974945686
0.769692434658835
0.751230906645032
0.621533303058087
0.745169571327367
0.726175148165407
0.646474420949745
0.977446330376939
0.785997949980061
0.702984734849198
0.946235683121338
0.712308980030617
0.797036388091922
0.546398132738528
0.711111199635573
0.7265663145629
0.743432322417266
0.765380695489431
0.759156021562308
0.809644927199552
0.838094559713845
0.730389198243125
0.801576889579431
0.802967420416655
0.667775932880459
0.716736884648191
0.723486346417252
0.733904589327678
0.779099551687274
0.772270363037576
0.77793877904023
0.882424894240824
0.757884479846039
0.710203157956455
0.771461550619814
0.758176587798819
0.772026211562462
0.785147152860818
0.843568017276103
0.831828056360009
0.928313721597239
0.841627941767863
0.732359163938034
0.985518510794416
0.739788649667398
0.876441370460361
0.800003062553125
0.917251228372581
0.76979107910203
0.670779832144207
0.84138050907135
0.887131155246118
0.82846098365975
0.677171319602998
0.860379209733109
0.87780368992437
0.887610389251255
0.931862099919245
0.865792719983736
0.904078813530447
0.694676831180323
0.927507766615431
0.913557553145401
0.817629279900013
0.803811350760684
0.811771874176338
1.03991741916046
0.878985153237881
0.939838872105965
0.84052535406318
0.9068622923109
0.86409788462152
0.934135573833774
0.949571205939015
1.00765605588506
0.873033666274212
0.935699280666899
0.96444597447012
0.987577366667271
0.750415793820745
1.05937062412574
0.832551377097989
0.858016278506099
0.804209958342092
0.824247887933516
0.937574373488025
1.03329353922908
0.944592962702897
0.846760519507706
0.993830985424257
0.961367361049117
0.927205455796337
0.885824205649258
0.936621770568542
0.994969140051111
0.870859817175608
0.814806586125938
0.90282498374602
0.957016294929973
0.831549003591367
0.979160384985783
1.06000639287701
0.854926925111548
0.843737601928692
0.940548347868439
0.859247872578405
1.10727669338157
0.888906801510401
0.972542792804728
1.13950853787752
1.08909534582978
0.853256041225426
0.918060952133131
1.07802080198553
0.864520877941104
0.92713409924663
0.900161897961263
0.83353968771782
1.04573759932143
1.02731934943183
0.945248979612529
1.02570767712314
0.887252513972173
0.855163755238634
1.00493688148723
1.0527697408255
1.1902125351965
1.1522286525947
1.11176600246506
1.00148243925859
1.05674211220634
1.11171110282762
1.04904521503087
