-0.0755826573960946
-1.06920469738905
-0.935143635631723
-0.903428393822912
-1.00491900978414
-1.10673504475959
-0.898674134227888
-1.00638662979197
-0.966594551835932
-0.959540963424524
-0.926351361981975
-0.864270283529208
-0.962300816171936
-1.03061355644205
-0.957560163298109
-0.963013642039799
-1.03550842955596
-1.07974023434851
-0.969579949790041
-1.00616909881563
-0.884435077009788
-0.955006595891474
-1.1828604171318
-0.922189519558389
-0.902813698982053
-0.884280593544503
-0.939268347500096
-0.982892196384178
-1.01236413232108
-1.09335773686884
-0.942769739421536
-0.836481293117422
-0.900881279011108
-0.915059159091735
-0.927460309831357
-0.890111929370721
-0.849941390974307
-0.934826775076306
-0.856494895457664
-0.84178320033548
-0.833010481834092
-0.90236270705549
-0.888695681055432
-0.945276913323695
-0.925288910134268
-0.817400969231115
-0.897479876814494
-0.913803658079907
-0.922380025262986
-0.882906767133257
-0.933167778095543
-0.874411232560993
-0.867591790564247
-0.907641575294051
-0.979589456659036
-0.865025441105606
-1.04963515163734
-0.8857721792919
-0.947383656797408
-0.94932619024449
-1.00845681075847
-0.777197485049898
-0.913960175363386
-0.849430581446261
-0.739466501094474
-0.737948890468845
-0.885466579678611
-0.841582965080028
-0.852850586352217
-0.639317406087555
-0.911579583658962
-0.821057586156001
-0.789141929905793
-0.966133726753869
-0.890979811233985
-0.998853065940711
-0.885550826401647
-0.826697581491179
-0.881301573897769
-0.828226487236625
-0.77422233152201
-0.816094617544822
-0.806308857373807
-1.06560657473199
-0.760889999099546
-0.80214580578851
-0.852976728276477
-0.774962414983413
-1.00699753771588
-0.774036048701064
-0.779009274718419
-0.79179784347241
-0.915540256455909
-0.611665807162826
-0.829285522706262
-0.833546248822302
-0.739113810148789
-0.861793932373595
-0.841914433099286
-0.815376575857307
-0.800309814254262
-0.966803587623123
-0.888919149889241
-0.96060874396257
-0.772466348223752
-0.844598062937089
-0.629824326682122
-0.869001889008802
-1.01767404909886
-0.81815725093655
-0.840384479998815
-0.857172471288262
-0.77599265357366
-0.699673743594119
-0.808470966094068
-0.856767179964142
-0.739718295691609
-0.785972293422625
-0.690793083958719
-0.706599262687904
-0.767862808016356
-0.642586462359982
-0.799731287123994
-0.665811778004542
-0.666998285771193
-0.7806548295367
-0.601902209397933
-0.82799774669015
-0.749764412580811
-0.655912188095397
-0.859943997546831
-0.669161727724699
-0.919183955892341
-0.712217767383002
-0.753843185076379
-0.702898696803174
-0.807310069895732
-0.829425263276667
-0.714657104159128
-0.739996280093034
-0.590705964924875
-0.607933588643347
-0.71306677976401
-0.701655603544628
-0.571627948014534
-0.588538278365953
-0.572085228669547
-0.769799141332119
-0.670426735940412
-0.837171096642429
-0.737206317537908
-0.646528008624288
-0.796765594924132
-0.821504907077964
-0.643470675909268
-0.649845950446018
-0.713730936679327
-0.758368510535305
-0.675203860211859
-0.577465514267068
-0.805038339812827
-0.589010626154971
-0.693686064675293
-0.509372158544717
-0.696466246589119
-0.73994913376148
-0.709691515772538
-0.572855515405449
-0.560776039459691
-0.700609065449493
-0.647825187610865
-0.777566909253779
-0.600503086893706
-0.654024096026693
-0.626582330248339
-0.680385094747834
-0.765248140988711
-0.685825186603199
-0.856251868377632
-0.639731161298208
-0.571181925900414
-0.803362463711514
-0.670249127630936
-0.624670320519177
-0.539794285482392
-0.616184673904111
-0.665379741247977
-0.612384480901136
-0.61096247005437
-0.556043636226966
-0.790776561242927
-0.608707763512627
-0.622770278676172
-0.706147262985612
-0.568786816364852
-0.540827546967504
-0.397094461002027
-0.602250636206726
-0.742195499619223
-0.709156243159868
-0.591355733474547
-0.745914070157826
-0.475536686547448
-0.62239804736185
-0.577897599877374
-0.513762814644367
-0.577583851160877
-0.760123552564059
-0.644434084252877
-0.461946014712437
-0.679283034694017
-0.470141979625584
-0.744164967956515
-0.536693998249958
-0.614557802499104
-0.545227616926638
-0.512494907484982
-0.51181553856631
-0.540521740331564
-0.489216934226455
-0.667349684557995
-0.54019833423699
-0.631705783086647
-0.571105733032941
-0.631681578132547
-0.519380765442557
-0.552943010500532
-0.460335587518537
-0.710506225973544
-0.766835912577461
-0.602064599109637
-0.587340833107609
-0.581114923486409
-0.470919370843721
-0.67459107353856
-0.54735307645922
-0.478470616690091
-0.43040746792802
-0.613226658222044
-0.51070803509482
-0.593234886067885
-0.346689600306483
-0.508648676693611
-0.475418528121345
-0.579069195623345
-0.592421018360024
-0.510753183418758
-0.492760972573261
-0.349597076019915
-0.325836973251906
-0.479307780264354
-0.496105290640603
-0.529990949368951
-0.522290898140913
-0.429905396759278
-0.565020864765266
-0.429620143542636
-0.590379109030467
-0.418372071520588
-0.548213890005942
-0.44135414374204
-0.504751015781484
-0.313258379977203
-0.514713177882239
-0.413082307282733
-0.588804733083205
-0.621733793960198
-0.490038616620797
-0.581001832540634
-0.432842510297262
-0.404429193755868
-0.484271484656665
-0.387365744717635
-0.55204881372713
-0.499278781722461
-0.496612641259242
-0.564366045568089
-0.376080812309597
-0.452024433867313
-0.312677836626367
-0.491980835018596
-0.566316609812662
-0.392704289973623
-0.47367453211209
-0.497462112002021
-0.424334275509491
-0.419114986735385
-0.396428432542124
-0.405506790204225
-0.330833787149763
-0.379634267440133
-0.610059087526703
-0.455580331462487
-0.49881347239924
-0.441457984363066
-0.397595553356949
-0.400656102059062
-0.362381393391344
-0.466478089297002
-0.417125164857521
-0.402569690621249
-0.350347566831169
-0.408514771076305
-0.536374927437806
-0.46600586625659
-0.393047938949989
-0.26100086082022
-0.388335611356239
-0.312257756849235
-0.290296873646875
-0.41346126523459
-0.35888714086134
-0.319707534357139
-0.446447073381218
-0.47814935501087
-0.482439654116708
-0.203985759041227
-0.270094888297654
-0.269959870100155
-0.401633182752636
-0.438757456926317
-0.239527089443819
-0.341498495252853
-0.417003059771735
-0.478120968084521
-0.435244060573814
-0.423126154709078
-0.421092983623311
-0.416021339720115
-0.411369720983722
-0.154169652989995
-0.40002174977864
-0.307337990987621
-0.310062112051674
-0.41923525097117
-0.306147267543011
-0.442635324989319
-0.273564617048805
-0.188486732003358
-0.319572074749417
-0.421974467625164
-0.488821308746833
-0.3634872146305
-0.32605250235131
-0.390726464826491
-0.201661235595409
-0.265613414808941
-0.353964658535684
-0.134958048544169
-0.206710089988824
-0.373891206807925
-0.253410636177614
-0.182828257204341
-0.165013427958608
-0.391207183304595
-0.380871458882073
-0.164689297362562
-0.254029504374738
-0.279103741993876
-0.362779406246203
-0.351316649805397
-0.263377056671239
-0.352550677357004
-0.187609271068093
-0.241409206993539
-0.267645879679704
-0.211321920156677
-0.272357524356407
-0.146091416690045
-0.173224020126722
-0.242685394438347
-0.0888425179026834
-0.350892488788276
-0.236212386419572
-0.156329728150465
-0.173017498096569
-0.233743860886017
-0.346377046006446
-0.230007768899187
-0.360106710933746
-0.109632770715934
-0.225251719880712
-0.196514924881517
-0.312032467537715
-0.262897423096024
-0.207597771143313
-0.274611826963066
-0.142616408320194
-0.333465215361975
-0.103050616005297
-0.220574729044233
-0.173146858856975
-0.125121131292465
-0.14046937560283
-0.294061633033625
-0.158578299068937
-0.378922071595712
-0.26515478597463
-0.27871095151638
-0.219186984454315
-0.0313932301369238
-0.337443478872191
0.0803881599369794
-0.23206768826469
-0.162717822125267
-0.159635506747111
-0.150857050067727
-0.108729809327962
-0.0639898479148238
-0.0582993965524687
-0.0788955736870885
-0.246222184506701
-0.12709659999053
-0.0921514842498799
-0.22186317504578
-0.0878939840518537
-0.239273120201472
-0.0850108301959278
-0.070955966209722
-0.152411015478775
-0.0798312630369509
-0.0878885200155457
0.013612342299897
0.0005887825331819
-0.129418218415027
-0.0812150525526483
-0.234381725286779
-0.0580010357564359
-0.0600108846629954
-0.0441251625896411
-0.164510353553353
-0.224481299299351
-0.112893257171551
-0.101294058642889
-0.111804591359114
-0.0868110314901857
-0.269741238014686
-0.159447847839602
-0.0853776236020148
-0.269773530487279
-0.0482982245112651
-0.28981753408502
-0.146522559358456
-0.086346319222787
-0.1043639998473
-0.211400382362434
-0.114467193246495
0.0105769368407885
-0.0906404513989592
-0.04132057451824
-0.157003758983989
-0.0930299225739856
0.0635664132532915
-0.148406751024328
-0.174883776586593
-0.0270152687813498
-0.016232141347719
-0.0825978229524824
-0.0542064925647195
-0.0313036542316844
-0.118265653563163
-0.101846065898371
-0.116680796210898
-0.225878675670618
-0.101455400882962
-0.122085892288314
0.103472582487258
-0.223285009435004
-0.0442105695477137
-0.0623308094525677
-0.142833317518779
-0.0748638735167626
0.0782882162267581
0.0501609734060986
0.0204952746409143
-0.0863271250689734
-0.0183047042414752
0.0527502663487217
-0.175435403695412
0.103642007471113
-0.0420345290313644
-0.0766603027818356
-0.120236302797765
0.0484041400231441
-0.0344733747710416
-0.143011599604266
0.0913912682554216
-0.0761585779475129
0.0290177406220805
-0.0942935693688892
-0.0121193338492963
0.120272272459786
-0.106950642281511
-0.110138808514722
0.0332508384019223
-0.0227685534402462
-0.0356073222444176
0.172640628342779
0.0462723839548642
-0.105980048578664
0.0741901587447777
-0.00816333992781084
0.0871007814546432
-0.12120100189015
0.131889967540627
-0.000678846411037864
-0.0330046977488492
0.235462972449496
-0.0652688727682454
0.0350817868534443
-0.15125919008048
0.0187072107422248
0.0302790614588632
0.0722359303266426
0.00168462862277642
0.00576540232957909
0.058375662335035
-0.0840020086778861
0.192054013537281
0.168723674487773
-0.0563650937977676
0.0526039194424539
0.169596172899557
0.0725594275451582
0.0318646813046105
0.0353736142639993
0.149690070116684
0.0675079574167997
0.287925213105532
-0.0184740689702451
0.0207482756488547
0.0692971663933617
0.00797739600666611
0.0979477241817658
0.101606421813384
-0.0149888227969524
-0.0335539930469821
0.162974749542854
0.0949894062872269
-0.0173468272722743
0.121840520963682
0.216724006046951
0.174825950455637
-0.018804462218628
0.227351211888146
0.0595061871744701
-0.0139308883739827
0.0246533676902555
-0.00156865301049528
0.196829524851167
0.150105621081404
-0.00525132497831574
0.230184242634154
0.00925401092457198
-0.00249208623127235
0.0674365496733896
0.100325917589805
0.04964203493619
0.0241291005830815
0.0971673780540334
0.112203317901259
0.142563069062233
0.124893332594673
0.0318075398664932
0.111170652993623
0.227938804615036
0.206628530141476
0.256684171290407
0.047008206483051
0.200493104222443
0.174977628703986
0.210731556883765
0.138912815836725
-0.0170980633915813
0.151156098073995
0.263057986071237
0.288869947400387
0.261472247360757
0.13639251024439
0.277496661240939
0.277086136416162
0.116320918860639
0.0954612454380073
0.223228958161605
0.15815281435875
0.120931734569535
0.194442680783113
0.246795809589015
0.352353347370244
0.128418217028123
0.147382798389154
0.0472894667196659
0.200971815174866
0.122785487885736
0.180750513147845
0.182934864966539
0.012092760658001
0.11874210155819
0.190195145061224
-0.0431062537500578
0.228355118474497
0.0695991418694475
0.200963004603976
0.175719155341812
0.238378866016931
0.295727592627715
0.0960360469870353
0.250078651516547
0.117785911200809
0.259489746117007
0.180090656228117
0.351270406951647
0.289391253690832
0.130355713576227
0.220090729467281
0.335752359125791
0.280765953866893
0.0911518634822259
0.294371477388225
0.333708312148937
0.233711869791468
0.255335062477082
0.299886162647698
0.347800228286388
0.237897694632971
0.2721603825261
0.224882729907181
0.248765764007902
0.291250430834737
0.281159495682719
0.101985742669634
0.356947529108917
0.276504367632162
0.369040318986892
0.331944720240268
0.137455770842172
0.355266142099633
0.156229352012565
0.237167127203683
0.309503131249624
0.398240892699095
0.221247907163027
0.244020189127914
0.310205484077629
0.355151422173018
0.484935302355297
0.50014790504801
0.163052923274365
0.34601398073696
0.407741806728374
0.299058587433359
0.209595013120619
0.130152126523012
0.212508446334104
0.223695628704644
0.247472405400974
0.37899324737261
0.214817593985478
0.434072237190831
0.203251366638552
0.470374973083686
0.36842976660574
0.299075336765491
0.291612464357446
0.341168961246018
0.216230881907346
0.104709300727876
0.394578907478848
0.397393126647416
0.326055179062198
0.410208960016284
0.362501220480961
0.304293340191131
0.490634529842779
0.184529069150076
0.4306566851369
0.432783101819434
0.171857542040128
0.424043686572669
0.408603413046451
0.321062311470865
0.256476418090911
0.391679414229587
0.484607263216108
0.298779092188382
0.367940096412081
0.412191994867832
0.4131742970284
0.312686416404065
0.385659514128604
0.529432929513466
0.268481563715982
0.352968495815016
0.352571615131871
0.543243995813605
0.317111057074802
0.446125000608129
0.347247343887097
0.4175428725478
0.34972172514645
0.319743470641782
0.425504747503906
0.461664857652901
0.496471057666132
0.451411816690402
0.314542604038293
0.349098313124268
0.425692692293034
0.474852557742833
0.379266447631308
0.490292619449718
0.438524992404777
0.35971686140746
0.394765236306802
0.336634241459007
0.46742836039641
0.435560603968041
0.289880629635618
0.584325194079403
0.304966491961282
0.464265015621584
0.47738202623788
0.367306467939893
0.404062948866908
0.484769816238014
0.336425249366146
0.478446150517726
0.469796500589328
0.448458685510883
0.441313819308599
0.539051335296652
0.492426348719229
0.527889791550741
0.391894517323459
0.473247180764642
0.493755629668194
0.533338140976584
0.286892761366013
0.490361555460274
0.395115140257396
0.584835418319617
0.592809527383716
0.502025894642687
0.519595694244258
0.480289312297621
0.50385361898994
0.482744977959538
0.540295327276842
0.499078241591396
0.550197728508785
0.534361160906231
0.418195488340766
0.527176492922288
0.423483717193028
0.514777071056709
0.516071892463731
0.339688776972947
0.548331229641387
0.431776423798218
0.468114382469625
0.332324646289977
0.395489085949582
0.55754201321239
0.67089731206247
0.488483909184636
0.508453327026732
0.493103098189214
0.482062089451883
0.602794392355646
0.482264439454164
0.618603590154284
0.453975120101649
0.805680609886033
0.463436627262368
0.52912151687157
0.513275360748259
0.512275857229747
0.692021427887625
0.537648571556337
0.410040333636385
0.57161130870829
0.561569007454845
0.546544176497681
0.490190110396028
0.600102487406347
0.56967724168615
0.728945229539947
0.664136408056056
0.53411679227266
0.437684923394278
0.700578722145241
0.507843181511997
0.630097340776958
0.64828572780499
0.536783089133269
0.474776148345574
0.6415939741181
0.567088589787787
0.572137752815555
0.666614581518839
0.629244008344907
0.647717318285902
0.575414839238523
0.748852140627715
0.762412683204204
0.628076980433045
0.708747941202128
0.660982294337382
0.484046758300771
0.733881481431892
0.520739661909134
0.574010038135471
0.671476973136465
0.663692427375244
0.628355283910904
0.548692189840365
0.84705089796339
0.540194968909825
0.651850025743344
0.713869800526087
0.694714831970818
0.634839536235177
0.617746670924187
0.518517264798671
0.721463038360311
0.671407064904352
0.643317811737448
0.579691170540942
0.747977510878326
0.611862122459908
0.813071724804995
0.687529444659642
0.736531882089778
0.563411342990749
0.465104223015361
0.703714899722405
0.800982657716157
0.559131928839362
0.745269540510063
0.638039959961858
0.570795500245799
0.731183059840873
0.519204455377409
0.736476636462114
0.762463609551163
0.716631460638225
0.615492429671281
0.817796167952952
0.839786434286312
0.527335372774774
0.689572502803726
0.560128143367867
0.715256454343541
0.780636925591136
0.796155501259454
0.814345157507429
0.794133552697933
0.545922735550679
0.73450826679166
0.556038488022749
0.722972619791156
0.8666839638344
0.902481970050906
0.732391395155827
0.790974636507157
0.725142971645182
0.616397055356468
0.853417413803677
0.766347491913957
0.604602821147991
0.916580984808657
0.836656769605467
0.749961955089094
0.727500576115984
0.724371139109716
0.761848218941106
0.769762847298896
0.728045517884988
0.767362983245743
0.749277268622109
0.814951473054126
0.859205690205862
0.804281906517301
0.745276881515418
0.748517059380589
0.701293299030573
0.710967290296819
0.758626496734267
0.752600605535928
0.696939921260162
0.775639539970216
0.817959054069643
0.91566711346499
0.680637135970612
0.976610198995327
0.714036734494082
0.866137638064375
0.694013234889153
0.735481972535047
0.881861347935125
0.936545242488368
0.81206314490583
0.794034694649975
0.826940913606639
0.6465350474771
0.720250143771992
0.67462555862726
0.68998658908392
0.758414135398968
0.882529705088298
0.772338740608964
0.834826031833877
0.824011527513918
0.791722750609482
0.793452614885289
0.729771431341619
0.734831847923498
0.913023093185008
0.665043221365943
0.70741723341268
0.893143237395128
0.932695889552782
0.754343252718274
0.786396437684704
0.921164083236188
0.964125593143492
0.904759197988902
0.784846082092183
0.814781352657746
0.907960297032279
0.978657392179507
0.943576471148289
0.902732212610232
0.777237776032673
0.863949000729456
0.767795480934614
0.91440781517906
0.916057377771469
1.10942806672105
0.813198719501567
0.846973691355537
0.953320879956283
0.892092968163912
0.880910294162504
0.986138297983631
0.885092111687232
0.745693425069679
0.83721988037717
0.735057269182756
0.973361636679644
0.80159122586575
0.90265800703411
0.992611627122726
0.765418976649535
0.876513166953944
0.946044880134203
0.937650732491229
0.823038175958309
0.935615720103018
0.804644009726239
0.969182837486926
1.19034414103369
1.02848075397623
0.975390980839722
1.01786186916021
0.874070443463258
0.879237511780218
0.878219748011587
0.893335458263261
0.895931363775674
0.915883899439426
0.866893638717578
1.01593249958839
0.967283852654753
0.962629748663389
0.967493659692787
1.0298373796392
0.780690477102883
0.906544312406688
0.97032104200026
0.883673527126577
0.921740799978365
0.979286823550887
0.979166598291607
1.06499770551837
1.07268580982239
0.879351825679744
1.00029178561934
0.913461983378305
1.02295946513719
1.05164117894191
0.955420455083154
1.01711736389964
0.867459515334689
1.01008166123375
1.16327661246887
0.902276960927522
1.01383978545145
0.955355839591266
0.946520860935569
0.994359331794952
