0.135725424011853
-0.980202284774815
-0.965633878800252
-0.923884293346698
-0.947881367649997
-1.03025050449817
-1.05609605561978
-1.04172032061095
-0.870408277529217
-0.897152372131697
-1.06052975530136
-1.05727284633618
-0.936843792167085
-0.983882631776803
-0.99911776244942
-0.999789961482051
-0.928270559912084
-1.02149669257916
-0.799181664981557
-0.999867798258158
-0.837577600265332
-0.784452369973454
-0.833026996959932
-1.05282191676632
-0.969062222877535
-1.00394373112533
-0.901728033191849
-0.875772090618714
-1.0390494813899
-0.831165319259816
-1.0837290337767
-0.940025065805143
-0.991035720631412
-0.974957417083736
-1.14943733836294
-0.862529728463222
-0.946996114313208
-0.948216333511435
-1.10937722913269
-1.00478203573032
-0.961034223384676
-0.839170131840046
-0.821026653498923
-0.753133411479687
-0.844580623475914
-0.832285593730277
-0.883682015705928
-0.969725089549563
-0.887381827716442
-0.932750263148594
-0.910659297749884
-0.907984105827258
-0.890622406537966
-0.751699588582677
-1.0559868431611
-0.721182848255458
-0.892151236248936
-1.03452343061814
-0.828846734200089
-0.837436128487712
-0.908267066376655
-0.801976428838628
-0.829029710086671
-0.885701087824675
-0.806012383443743
-0.940600300330556
-0.811052785896086
-0.728582132758889
-0.900711970611655
-0.778826275957113
-0.851789068082532
-0.915114694448044
-0.734821519449273
-0.761690782491239
-0.671354001910947
-0.965612783387025
-0.803598439440342
-0.766503416599446
-0.840881206322776
-0.86412394111718
-0.759614628453686
-0.811668556277281
-0.89272826238723
-0.803031917391646
-0.654829491326862
-0.836136198235976
-0.873067481093641
-0.739550326370167
-0.905189109824912
-0.832971851936622
-0.786398145854795
-0.799380659376487
-0.871909314336241
-0.916475679882043
-0.773364104258661
-0.730218669807409
-0.683473820509504
-0.825786674476902
-0.65848614107956
-0.803520822461704
-0.820651252574546
-0.829916846141995
-0.835865299382199
-0.860509357982983
-0.858640510332221
-0.770820664536856
-0.918886216063198
-0.701855319144149
-0.722289219404943
-0.734212072322955
-0.787738415864834
-0.742612632062577
-0.682220860430485
-0.679607987741032
-0.794509608388336
-0.714228095818799
-0.801946479845757
-0.829754762201342
-0.716935554025442
-0.80132190017255
-0.700805734744477
-0.833875775013226
-0.842265144743316
-0.615176364170734
-0.745420309269725
-0.739670366407063
-0.69064676911953
-0.779343301662258
-0.715078900568924
-0.728502817590263
-0.598359104799278
-0.78106743091026
-0.860362756001407
-0.760723112616515
-0.736314170325626
-0.725080141587168
-0.776821256457929
-0.635017080063207
-0.846659067304721
-0.645880147660977
-0.518331306040559
-0.692596980109181
-0.697619237815901
-0.7132587455115
-0.791619311367998
-0.644317370326368
-0.833673283200504
-0.582668660446228
-0.635924151473993
-0.694961001828794
-0.663138314110244
-0.620845017873637
-0.649860259632684
-0.743284268968748
-0.645784913442666
-0.747385525563458
-0.719997244007658
-0.680134805135702
-0.580131482480882
-0.525698290865475
-0.622088919048016
-0.552815727477323
-0.691675290499615
-0.649359651628583
-0.51011282708488
-0.613219386150357
-0.65071344959608
-0.564418130060681
-0.75726328018544
-0.563742542431794
-0.571837069486505
-0.636612583075032
-0.688815590979534
-0.608692551448824
-0.636007245423811
-0.674162166878499
-0.597078441755727
-0.718833316444024
-0.669976723766117
-0.506390119254928
-0.741527230260226
-0.500507425617352
-0.640645099413476
-0.690800938452991
-0.795019840418451
-0.568866800157597
-0.641989437135367
-0.683507575224596
-0.679807277770285
-0.556178360436867
-0.76325839508478
-0.732281161018122
-0.605111625289764
-0.542741517265905
-0.567535663794953
-0.533150143334049
-0.549353044176944
-0.67706750544831
-0.592487644577341
-0.648018390959854
-0.578204840027143
-0.614956295178584
-0.550444854314354
-0.547602699613134
-0.645503941542046
-0.552425899472454
-0.550782124070703
-0.57440721485581
-0.512116865460633
-0.492986106248338
-0.607096822867768
-0.597892898706483
-0.504676547053204
-0.441710027039449
-0.618306624463822
-0.510658278240844
-0.561496135018737
-0.478092004400039
-0.565567877682291
-0.504448991118691
-0.463499443478763
-0.599614412019771
-0.598454163301812
-0.651186060569247
-0.571192683503331
-0.582335717347358
-0.569038171574112
-0.491476368499638
-0.641419419501752
-0.459923813672569
-0.607221149077075
-0.547348952073439
-0.387160434985898
-0.52990682674016
-0.497999609741431
-0.623288598868332
-0.41410112303352
-0.422068305855668
-0.545868284547717
-0.460223223966923
-0.603640336717764
-0.542866663283777
-0.466514425538127
-0.541655102939377
-0.624866098660289
-0.651816688150978
-0.48708171918464
-0.456448421486459
-0.507555852438161
-0.345293977704686
-0.414394914444969
-0.461706373571774
-0.444880794637635
-0.549477437897783
-0.555082919067014
-0.527557157992815
-0.501554545513897
-0.474132494019055
-0.571075231580543
-0.489290068583
-0.629919890470305
-0.345014027196565
-0.461572646072524
-0.360005038791748
-0.662329997176024
-0.514228798967801
-0.601015300338878
-0.517595851358731
-0.314866963849062
-0.54693959299658
-0.430120544207509
-0.448156771629996
-0.419025753818545
-0.679995587884269
-0.484094555351601
-0.498023877499786
-0.555396504916233
-0.615528142580078
-0.638897352253183
-0.602845469887235
-0.395673696820889
-0.34595468976232
-0.526462859312386
-0.386491271305885
-0.335527601888943
-0.445618170231215
-0.258110601072338
-0.438074234366615
-0.47221452594021
-0.474984171375788
-0.447128591640124
-0.394542814143925
-0.480654006190394
-0.409008995102065
-0.302271848757976
-0.453692897882703
-0.470469205619067
-0.501376921764408
-0.307647987084146
-0.272710788983371
-0.395508095667099
-0.42899720793287
-0.439858841519963
-0.408386482453982
-0.2878282068288
-0.359626630016469
-0.404237329475782
-0.612357855595703
-0.498366191404803
-0.34156597257977
-0.390815210633924
-0.296862257398502
-0.161680888794674
-0.429325030552912
-0.494404299977928
-0.436532643999297
-0.355253144762526
-0.362830870103731
-0.311246249732037
-0.421889066186105
-0.395859904185503
-0.435963104686655
-0.324605322236956
-0.25713458467128
-0.31870830220277
-0.343278879312154
-0.436812809381302
-0.111806090460762
-0.343572047432689
-0.499518374202723
-0.264466643601295
-0.416237514780424
-0.304805162891059
-0.194325364300599
-0.524093672829952
-0.219954857063315
-0.410937503604983
-0.286120597264265
-0.334605751757404
-0.354411718327891
-0.309748178889619
-0.360214449891145
-0.41074474448989
-0.336801798528349
-0.216724949545143
-0.287026520285014
-0.330998667065994
-0.335419765809085
-0.304158244730098
-0.344044642986294
-0.392105651236382
-0.384076587745621
-0.167492978677385
-0.201449002002094
-0.182327844251839
-0.258940066397832
-0.309259505558629
-0.249382499005391
-0.238467526015462
-0.293470095400816
-0.295950642800874
-0.286745899042947
-0.332666703114294
-0.279101793171761
-0.206571936715824
-0.245159100635071
-0.305022896257139
-0.206395453245508
-0.369679745268062
-0.303333393874471
-0.140370913830502
-0.232279924828124
-0.0918805699364618
-0.336447495428564
-0.17633865324813
-0.287714490026457
-0.245746069894557
-0.174740778744004
-0.154238838949237
-0.25368041992721
-0.222556425775151
-0.299497163664591
-0.393832265696007
-0.173812052644669
-0.29987884762202
-0.166809591469609
-0.140991026428079
-0.265422911025173
-0.112738129160859
-0.212490415538874
-0.205374572739598
-0.190221244830087
-0.227078223788066
-0.223239610333925
-0.21059787125685
-0.165155325287286
-0.202393728575872
-0.0626581874390584
-0.176492466685745
-0.185524429434117
-0.130562174570433
-0.125038114322759
-0.149729752954647
-0.239960749149719
-0.112030324475253
-0.306463689691217
-0.197700881168314
-0.276026104064471
-0.174946555266637
-0.145659179228981
-0.0929268326679109
-0.269765848218758
-0.209283266713268
-0.160189063348758
-0.264196178792081
-0.0827296500289565
-0.112819398854514
-0.151312184470853
-0.2727201749424
-0.227427024668808
-0.0914657723596832
-0.0621361869124164
-0.293580664757486
-0.0874009920282663
-0.326383220946614
-0.0987570076073642
-0.171863919756782
-0.0507990770780757
-0.0152917406220398
-0.15158960495256
-0.153937570093514
-0.18860369179223
-0.0574384106307402
-0.157086181309507
-0.0337884388871951
0.111250909351955
-0.0661963782087201
-0.190210483279223
-0.183024839157047
-0.113581705510707
-0.133681103478608
-0.218022989571416
-0.176387560655093
-0.0682134317791315
-0.0365450949395877
-0.0281154204203851
-0.140454310819941
-0.156263586549304
-0.00993397188582201
-0.192763823052983
-0.137067433963948
0.0013973823261817
-0.157906466988923
-0.0750681080701668
-0.0872992088060209
-0.0893548950588718
-0.0912317822311439
-0.0599665254191325
0.0682596141733142
-0.0651481494719486
-0.109531987958967
-0.0912159499654006
-0.113332492492533
-0.00421375925211714
-0.121863061006701
-0.00141176973598396
0.00647609915906396
-0.0393065970655978
-0.0971580607286843
-0.204292520443625
0.132782005071637
-0.0361658878754849
-0.0402142387481832
-0.0868382655791349
0.0439927206646183
-0.068744799107172
0.00072853998366219
-0.164085215473743
0.0298927753912306
0.138581800803067
-0.0804701235734758
-0.137017834323063
-0.0361858533408664
0.0715138463557154
0.0393551972577856
-0.143614711523646
-0.0113174463952334
-0.0185434499377877
-0.024293064115754
-0.0500923628538071
-0.0569138999378156
-0.0364034516130816
0.113400531515643
-0.100253914048272
-0.0262320950994144
-0.0389183776031755
-0.0334504702388685
0.028659855263228
0.0454119933530183
-0.203266078336764
0.00266025891970347
-0.0630285059654923
0.0105561918818011
-0.0618191681405352
-0.109172128979977
0.0570372875763277
-0.046745125931353
0.0828322678450255
-0.0284847266024308
0.0670293688587212
0.150404367638023
-0.0304202010244343
0.188119363379701
0.0345609181527937
0.0570905087650318
-0.00327803342548127
0.0557018211076847
0.0865909719555056
-0.17539465255258
-0.0127403240367236
0.0244038690732298
0.0969485403391357
-0.0395338978952646
0.245837516815313
0.035153765254032
0.061497914127268
0.172566122997609
0.0972312963963541
0.0503300446058115
0.0639305337057167
0.043872757454238
0.0985012850889316
0.0344247269628677
0.0599399132169374
0.0751431831588157
0.0841157075720172
-0.0305344952940151
0.0705692566638677
-0.0392632531152302
0.0180492672828697
0.13543376314234
0.10888550030472
-0.0484594157340443
0.00230449275014299
0.056782107833533
-0.0189406991505008
0.0382393585697884
0.0476613243071159
0.0379257723292457
0.150043490408353
-0.0467312570491969
0.109286948769267
0.00228081576278861
0.176389133371099
0.0878280673208844
0.0459314053366342
0.186815267854941
0.328206525286502
0.114039058945171
0.125263163326825
0.174193523334867
-0.028507149661196
0.078880363655304
0.0890302013850754
0.218507252554971
0.244975556615653
0.179569347104413
0.166193339469998
0.0168870465708668
0.0990493320103157
0.174215418297023
0.201256464163286
0.146902784155507
0.0367682395967137
0.0969050396838645
0.199493437370257
0.19734644886621
0.109387464660784
0.20011689791077
0.102848954272082
0.332036263951704
0.0569607506253372
0.147338830697168
0.163530049250652
0.276087870903077
0.19670883736955
0.0527140576530281
0.185215155469746
0.275672291094746
0.205949521584587
0.248278532054632
0.192801640796121
0.16787521303183
0.136966950687076
0.018845291544105
0.2016751185901
0.113142546241224
0.0703516887048737
0.274651336682301
0.149865954042251
0.210850558402122
0.186176743732496
0.189438887798863
0.170331089106654
0.11228575162283
0.217293731642641
0.317182113551239
0.200875435002949
0.271562359499455
0.160284377730801
0.154752736863022
0.213561291655076
0.122080951638864
0.189543821079008
0.341396126736775
0.145486633675012
0.26625858873901
0.245986371132295
0.276842344220317
0.261266039991049
0.240750042217664
0.374508517275129
0.192256979410024
0.260762755890708
0.204630944370925
0.286017340137779
0.330849819082097
0.244699402139488
0.176107596387316
0.182666721378047
0.0182982302502725
0.190201444798536
0.272778014704363
0.323197457865658
0.170647005898491
0.166244796602609
0.368964995939343
0.35072109831868
0.307126518894865
0.200393984779315
0.35962858762224
0.254738864025154
0.149126691459664
0.452105276903968
0.200410606529988
0.24008095723325
0.264737037775607
0.207041952678063
0.251460482949386
0.224806324774839
0.266387726439795
0.312693927828975
0.315393360132087
0.243006690333879
0.329552766430948
0.34534351175353
0.267687149981214
0.368729379363832
0.21007346306676
0.216051981939004
0.511976493268331
0.376403481179049
0.38489216010053
0.333155750262335
0.238379583984817
0.210778792650218
0.324801682556473
0.314766764551347
0.385651817853236
0.359936710847352
0.27980148263268
0.422643462469833
0.370761715011039
0.402867320522396
0.429490477399045
0.439783111707515
0.308636506149633
0.313157545120553
0.275822943433991
0.250212974193093
0.488841603496713
0.308070526190562
0.37223876933885
0.182633982262304
0.178133978661359
0.341038997793238
0.350235302889938
0.262610786591644
0.261512712121228
0.320567238428353
0.400385877244783
0.357698692016528
0.3033907855346
0.429234188134648
0.334401621273052
0.342511147138903
0.497299614492312
0.532051675107899
0.367864215011265
0.532121288766797
0.232882815476517
0.439315342941501
0.429057194497204
0.473687057204794
0.425962634891228
0.300831249023533
0.490421098934428
0.38073448336386
0.569657970087798
0.412305382167921
0.510691405995321
0.577708518783869
0.419936600382737
0.447361463687244
0.384624135559159
0.380292588108822
0.354276218977053
0.327564696943463
0.534281717905758
0.347988035255492
0.45997053336602
0.418949477610729
0.414141997591349
0.406054407699586
0.305969296649053
0.23028599055941
0.404076404737819
0.236618681244347
0.438701675629383
0.38213792913917
0.418551967614107
0.380269664847312
0.434716467910508
0.491378307175859
0.386581304125242
0.326919801714723
0.536994197336418
0.47478303671004
0.58588121346618
0.596080083267813
0.551333678556671
0.580930747269075
0.403225388303396
0.627122473071253
0.356067481348026
0.564547051095378
0.460704404461516
0.434534258857952
0.490807593354393
0.420295473821084
0.417119070998934
0.569007655285893
0.543882043596864
0.579209568016422
0.381797779530928
0.461846476734256
0.420332876789985
0.371252840567036
0.67098655365045
0.44957212037111
0.590150092951781
0.593165015096866
0.574945659581781
0.475374937850514
0.606779795166189
0.459918337424449
0.559560873588195
0.706464162305077
0.586267677429036
0.637016020836456
0.543796767160246
0.35656985183969
0.58825103437325
0.53941933941509
0.61266405540761
0.539339835857619
0.416447175550504
0.503364173370697
0.624668897315153
0.511058577857514
0.520308135828474
0.599670407071878
0.496385830053853
0.384372099922925
0.476265338909562
0.570120617013695
0.570086800339166
0.513288167933511
0.551291679969287
0.624280545427319
0.732639457135238
0.741320391198801
0.546159404987601
0.521654772974916
0.407051169917493
0.492069725549821
0.615637557075907
0.634648211055936
0.657540249466627
0.516577012726625
0.607070123954778
0.652740870383895
0.66614925347563
0.513546025628982
0.600033090116863
0.555375293878976
0.654816164987227
0.588587878108953
0.540202910359874
0.617148194805117
0.612796541616062
0.611672102157205
0.509786242846396
0.692601818331417
0.641074496899406
0.674989691638311
0.662733103651915
0.636160681040907
0.542311420166423
0.720375818589622
0.536530452150939
0.635749774950913
0.699912040669877
0.609999192328022
0.714225039460347
0.609637183890657
0.663164418766264
0.538241190118479
0.703581523066264
0.656708663825483
0.650856492816417
0.658334768274374
0.698450179344383
0.772104525597884
0.728477451198892
0.705079667217537
0.76320828859633
0.652785460561179
0.667407959889802
0.411033588891741
0.644325621515729
0.789863427810546
0.72125288418875
0.614784624168975
0.775341490078633
0.554161825130724
0.76068554429352
0.608983502132299
0.645630651593849
0.610398328403542
0.624850557333293
0.669714816062724
0.655299667634389
0.805424524691689
0.805317984731156
0.785808404410028
0.813217085639084
0.669310853765803
0.726236727972986
0.703631785276484
0.663600674175706
0.782253473129192
0.734122059605646
0.658149829824606
0.918253852813054
0.695520002574661
0.688229250203741
0.813134690337477
0.898352271766081
0.747744057387549
0.577231671884797
0.588412205523857
0.651809922460043
0.844553865644153
0.789599874651511
0.652089640288396
0.689970657755555
0.672410522317712
0.84335861553209
0.843439860262356
0.737361557250077
0.732007257274714
0.818604591013144
0.833035973910058
0.713209554752832
0.810698339635463
0.865180398561049
0.597855124910167
0.670390158045837
1.00366193530708
0.550498063644244
0.743146669376129
0.863230058890667
0.728514528333626
0.94105201749532
0.744955897099496
0.754644221732371
0.839815480256976
0.740213137072169
0.610565939897387
0.780008914932263
0.810321019150481
0.756703985797705
0.886290794059327
0.725314010494864
0.914734483714851
0.944487296671027
0.889032893607222
0.911998914828008
0.7278136814659
0.851509057150217
0.694764360096511
0.881374837603317
0.852216142762309
0.900542347851425
0.793002591545698
0.747015374896616
0.890962356514077
0.76805261108419
0.94759705441764
0.847830680005466
0.883286866699027
0.823585299916894
0.83551410530962
0.758945700972319
0.848695888551138
0.82499343466018
0.801070485317304
0.781382975173333
0.804290702419769
0.835450333618309
0.771063842786389
0.762472624702854
0.900376617105354
0.849061741620681
0.839466084501537
0.897707652408743
0.886614847247474
1.04255520971874
0.898262428734461
0.763326005862981
0.750663901268892
0.931612156656323
0.85938330550699
0.900524715939283
0.801501037818807
0.87015278176159
1.02701902128048
0.996307130045784
1.010850274121
0.969081429900296
0.788497640778147
0.833458781109209
1.03079466253739
0.805489657087935
0.975145149741435
0.95050825139032
0.917519780480552
1.04251108392896
0.863528003564096
0.810603506567421
0.802288196120997
0.958788492872938
0.912373226726595
0.91503673350697
0.891914844330164
0.857460144302339
0.964035264986749
0.913626767362141
0.943103332178134
0.989494243675226
1.04925851437323
1.13431487710037
1.09108738872857
0.893036805471372
0.891234729406065
1.06693243510549
0.879629866408939
0.948739162896847
0.824606901763895
0.907079184274319
1.07445052696227
1.03279155492541
1.02316636728584
0.849460937224893
0.956746595856247
0.904671911208401
0.900388810397745
0.942911562742393
1.02068897974992
0.925661214571139
0.943975492540617
1.01126357730319
0.86850215670946
1.06024241432079
1.00098987062512
0.865776144457609
0.951363566704633
0.915194652736512
1.00667731864744
1.14999981656113
