-0.0722939915589909
-1.06480892119051
-0.939487715218901
-0.897547438490846
-1.01669755486965
-1.11649352060488
-0.902054715185425
-1.0081187462802
-0.941785368868618
-0.967122848335665
-0.908550552445687
-0.87780667422391
-0.945552048166786
-1.01215030083813
-0.981585523134389
-0.963503176343812
-1.02598524659648
-1.07812539511526
-0.956217554743743
-0.994863505725613
-0.871840828229034
-0.932545285219047
-1.1760462283196
-0.912771738399434
-0.897547841473135
-0.885648099245467
-0.937180792871951
-0.98933469010998
-1.03319475563365
-1.11789757904037
-0.957617581422599
-0.844954838579999
-0.924042978649577
-0.920332856302751
-0.91030042253953
-0.87264260458296
-0.842282967310977
-0.946566016579622
-0.844321767708216
-0.835797576590599
-0.819295239574339
-0.89084262833814
-0.878614084680359
-0.958851982834351
-0.946645149766612
-0.816791599428774
-0.888040741590793
-0.914166938239373
-0.902755245954446
-0.900452588184903
-0.939753579204842
-0.878598539773534
-0.865214056086687
-0.921752151538627
-0.979860797782495
-0.831852192038637
-1.02946379956131
-0.881913571149878
-0.953072571696023
-0.939367162219741
-1.0135601803678
-0.784560119572026
-0.891682523355858
-0.845905594032047
-0.73740072088117
-0.746844653034625
-0.877508525448126
-0.84583821960558
-0.836644357150328
-0.640543723400458
-0.913722275508052
-0.802065512723401
-0.805181015178366
-0.955137196053247
-0.903283980387882
-1.00326747042429
-0.88725453508866
-0.839432618784679
-0.889022419441374
-0.812040187847646
-0.782850455272136
-0.813845724216895
-0.794160508672954
-1.06971789545501
-0.748005652617959
-0.794679098234666
-0.855318404627021
-0.785664311569382
-0.985828337792643
-0.782973569378179
-0.789786925459808
-0.774157860334229
-0.911254957213288
-0.63135602273537
-0.830950638514631
-0.812621261871375
-0.726379700453797
-0.859697016062389
-0.861960723470568
-0.807820560016903
-0.815822088884023
-0.947156550424843
-0.863743123450157
-0.956301251712263
-0.772820777153951
-0.861608239833716
-0.659498803414534
-0.869387906697537
-1.03692923224874
-0.824874297853349
-0.841574372113515
-0.860287113695935
-0.78077039841415
-0.691089133267683
-0.809523088960499
-0.866942752411424
-0.743218457576221
-0.789437068443356
-0.692229725682616
-0.707825038111343
-0.758178316938778
-0.648139866453603
-0.778771001068929
-0.668268843308431
-0.651490717695025
-0.774673659549591
-0.614383610825176
-0.835533594855746
-0.753004839180906
-0.652546237176133
-0.848763884897305
-0.683851689680445
-0.930025801336042
-0.718268799880181
-0.734623144998464
-0.718357954761334
-0.807428298117023
-0.808602240544321
-0.722169314981827
-0.745319162161846
-0.573553815133639
-0.61262829152867
-0.739057567252009
-0.714085372693665
-0.57670072893777
-0.598020679007791
-0.585586406785287
-0.788610350714125
-0.666757294280773
-0.821489249247804
-0.721333992495137
-0.650936596657857
-0.758699388066313
-0.811882971259549
-0.65786963760834
-0.667103474512267
-0.689932223543646
-0.767120902890702
-0.697234090004728
-0.603631371829836
-0.825424167410499
-0.57428552359986
-0.690457440075587
-0.485130313182432
-0.718185320345771
-0.742964592950229
-0.695910751786945
-0.562620602335885
-0.558801142683258
-0.711558275498678
-0.657115492561047
-0.769772716550994
-0.607251342535925
-0.648181657808955
-0.641833586894276
-0.697577490218573
-0.748894701891681
-0.683872864797316
-0.856955897227748
-0.621712909463748
-0.573202145664961
-0.798792463401846
-0.672636719041973
-0.594426648654425
-0.56522048786531
-0.611635298752477
-0.667097690003036
-0.619513083869264
-0.622929495091263
-0.554586589972017
-0.797171080835243
-0.633370612898417
-0.615375900837495
-0.684376567138251
-0.55971344581632
-0.565376492394932
-0.398851238495613
-0.605477823409065
-0.762921108509913
-0.750707620234161
-0.571514300735059
-0.75109681035215
-0.477615561033605
-0.599385888128888
-0.54785497249411
-0.518612301770964
-0.564604654462094
-0.764309548777998
-0.626540883364184
-0.465071818375112
-0.668205708182269
-0.475719975498581
-0.729055637548007
-0.524896962878308
-0.580368817811742
-0.540005573637559
-0.520385745999989
-0.499027310391956
-0.565740864315808
-0.499327269727007
-0.657241074145089
-0.550608422945059
-0.629514687250092
-0.567975390672328
-0.655495549513577
-0.51160856395876
-0.557497989680587
-0.475346281343764
-0.676858613496045
-0.76872306964408
-0.602119702657138
-0.582685375862929
-0.578983759629286
-0.480527917090589
-0.646886250097123
-0.527156664165548
-0.478090193119522
-0.448600460640311
-0.60641797553142
-0.503553204389433
-0.60714526977813
-0.339180675274493
-0.490743793178061
-0.463757517870075
-0.561292977322722
-0.581009488020853
-0.523428335722662
-0.492299686846197
-0.344229542580643
-0.311040361001583
-0.488916491535422
-0.494782305035616
-0.521597253668328
-0.514374371628074
-0.433704184657009
-0.541938800231539
-0.43801430681769
-0.569736622432246
-0.409433621303628
-0.553405207662456
-0.419704457439148
-0.462984101181816
-0.307372708846116
-0.530803187496043
-0.403723028425615
-0.598775375330044
-0.610264762988162
-0.504869324693394
-0.575897692355379
-0.422295005317191
-0.401567068923982
-0.457749641786053
-0.386164174746614
-0.534996994433573
-0.488273190316706
-0.518131197930641
-0.543318628380943
-0.371799492719482
-0.461618759237783
-0.335339820455762
-0.510498185289853
-0.576140637298872
-0.412594920052916
-0.516358108629558
-0.501025597371237
-0.424279313193667
-0.41415671015876
-0.388877886618335
-0.392465720338959
-0.338068247992973
-0.382282709196023
-0.639250556497512
-0.423170252326778
-0.507492725146216
-0.439393711762126
-0.393262031175697
-0.40712317411063
-0.383817384357183
-0.473449265426506
-0.414584747248632
-0.403864992182714
-0.339438384927405
-0.415172161828979
-0.511363701229918
-0.461618664195773
-0.420029844584832
-0.260096326457106
-0.368752658442478
-0.324068512427942
-0.281667863505515
-0.420503805211248
-0.345367437660679
-0.319634465659773
-0.436282686318955
-0.48541194982819
-0.490308529976617
-0.215878863753715
-0.291898678511785
-0.243652173495607
-0.403330654321342
-0.426307951027609
-0.259983322999878
-0.339401517986198
-0.418165526138547
-0.47035798562478
-0.429163399786263
-0.40261046523661
-0.405443819138514
-0.402802459623171
-0.41372996335323
-0.180719180324624
-0.403412109178106
-0.334879026869671
-0.298222011971049
-0.416757307414302
-0.294930709904024
-0.444927178143765
-0.272553837077604
-0.195076368828907
-0.334149369330178
-0.400849384471329
-0.489122286229602
-0.352611529817963
-0.319604418355616
-0.365469370203774
-0.211763304598019
-0.277859470272383
-0.362713605632404
-0.160417748542611
-0.188163566031385
-0.375751311369437
-0.25135858633223
-0.196215705903377
-0.142243909077467
-0.403860888130636
-0.356764150259314
-0.135889334828227
-0.241619742004632
-0.253252890009315
-0.354549884884223
-0.341366609185962
-0.267661358720394
-0.351566122124706
-0.192346826828741
-0.233086442745874
-0.279799160898265
-0.226539693124763
-0.271629926346044
-0.155810345907432
-0.197488686460441
-0.230235640036714
-0.0501379901051553
-0.356871090943932
-0.225675009209196
-0.146946534317235
-0.195921786788452
-0.237954859424576
-0.338510319453122
-0.227753886469475
-0.358628698082341
-0.108324263379391
-0.224663935601185
-0.209488304867129
-0.316718963955529
-0.258700815322435
-0.181810504715476
-0.272404461587798
-0.152861820127794
-0.352618690373458
-0.102569897601114
-0.226723583551548
-0.149532631752791
-0.135154837436432
-0.137612204734495
-0.269024055106154
-0.163912423200024
-0.409997432122765
-0.275282963755908
-0.258415200434249
-0.229024263854615
-0.0198076012742029
-0.361088740552548
0.087164751326743
-0.239944614190944
-0.154108231372902
-0.1439762225834
-0.120268443128115
-0.106375447959933
-0.0643242757990015
-0.0524633329676543
-0.105325392923136
-0.223859992734291
-0.146874458115913
-0.0859847091994106
-0.202490303732548
-0.07670958947046
-0.262996137232705
-0.0950791794296975
-0.0707158544757844
-0.136798951087072
-0.0422175909735267
-0.0845803730429139
0.0136374788557129
-0.0102802341374214
-0.112072644607338
-0.0810525439717073
-0.27142218669513
-0.0776411533359194
-0.0444323750829088
-0.0469391129803761
-0.170381653776398
-0.220955510186131
-0.114336634131711
-0.107219678036815
-0.0973766274169169
-0.089042303325678
-0.27991521071266
-0.174073033332252
-0.0915388710732035
-0.252438402621707
-0.0362906351535521
-0.299413456336186
-0.151693810270337
-0.0897736767788846
-0.106762291539952
-0.221158504376014
-0.127210226681956
0.00315262019675572
-0.0710778084094475
-0.0476855321994126
-0.153041171928479
-0.120585288531557
0.0620897747186603
-0.164979499514478
-0.163811839530344
-0.0244389310544671
-0.00241165719792633
-0.0882185158428062
-0.0438358771074632
-0.026687756255889
-0.119603161391009
-0.119773437409426
-0.141985540745894
-0.223642339853602
-0.100091140175064
-0.127600174727498
0.0884813901810437
-0.219805855875137
-0.0299557793648738
-0.0768604952632068
-0.145678319316283
-0.071887890562037
0.0647312566554438
0.069344258716767
0.0500550962997927
-0.0959487314636145
-0.00950449971718312
0.0627191986066802
-0.192189327846949
0.112051057413159
-0.0373657486915979
-0.0913256892855643
-0.110634566164771
0.0556921624678032
-0.0243279165559061
-0.125491512500454
0.0983083375412203
-0.0664448912127311
0.0292958644108015
-0.0822941720883031
-0.0342496879940703
0.117041489620955
-0.104577440211741
-0.118903898337569
0.0416169754127895
-0.0459350143906261
-0.0462415256755909
0.179116747589663
0.0480466660318553
-0.100615856944493
0.0761577264617143
-0.00290524178966022
0.112197458818665
-0.140183803724939
0.139540527036447
-0.0110679775682346
-0.0396866527839936
0.204375764255448
-0.0544236733451641
0.0231274115334698
-0.147355410887058
-0.00536941888933
0.0530854898476234
0.0683801675038982
-0.0029082937092195
-0.000803175614756854
0.0590578836024546
-0.0693980950868609
0.195848735925853
0.177322201728374
-0.051854368292539
0.0714134592613984
0.172840978139351
0.0828335765636422
0.0183052856723816
0.0246918103514482
0.151560437604507
0.0789313643438851
0.28925098215691
-0.0117533623159507
0.0354531862318124
0.056604777015835
0.0163085487788512
0.098792495822678
0.11844185250522
-0.0253543416873856
-0.0196321270747006
0.181821102488481
0.107862949918826
-0.0233137216099588
0.116882933217761
0.190679605617439
0.177080539878506
-0.00992578497738229
0.203901869252914
0.0731867020826106
-0.029058199566479
0.0389319014858599
-0.0038449937332476
0.201392451116676
0.13948750899529
-0.00367494159592857
0.238257605250633
0.0231518495230151
-0.00649111208668568
0.0586528855703045
0.0816859614418942
0.0356133877405807
0.00238565129632722
0.106172569775924
0.116493568686534
0.151336162046932
0.148991651063334
0.0293475283527518
0.104672387786643
0.215014601137852
0.203211857188784
0.26181932500973
0.0518977924949937
0.181628911858084
0.155562053894975
0.218049793338309
0.126679664357148
-0.00273649003437275
0.174353869241919
0.237093171450787
0.275755738801823
0.253433713944947
0.160657418240381
0.28353029916459
0.264296561464862
0.13012855918655
0.107928256224598
0.200534514873621
0.17023736605701
0.105405301963147
0.182784869316056
0.246143711920274
0.328760970320963
0.110997705261019
0.159349223721448
0.0818023495362645
0.203148329447501
0.10206347984777
0.192203999487366
0.180712967325575
0.0034361685850091
0.135048890021206
0.216413587060695
-0.0264749930536268
0.239093563338447
0.0784731583881295
0.193765256458943
0.184839803060857
0.231336277105831
0.323466984839769
0.110121808871705
0.241496211232766
0.123581540437984
0.28214910515174
0.151546952998993
0.379511697188841
0.287134902353844
0.162096727116551
0.221446253506688
0.337777087398844
0.278389026932432
0.111007551641933
0.279580930741973
0.335531549847238
0.241671280464405
0.248276232808667
0.313400138915046
0.329524650967738
0.219692032051326
0.272925322604376
0.222795104323375
0.260624425536815
0.295623209793653
0.301646639202818
0.111547194445793
0.359589697469039
0.270423647141215
0.375369976130273
0.345538673825304
0.15799534178627
0.364110557640448
0.188968929956707
0.23085206599864
0.300388272129715
0.381378394386264
0.246833976906202
0.254796147188004
0.331258852234691
0.350470824397058
0.464960994659662
0.480204239527389
0.164741171217489
0.36539216843575
0.403739909288131
0.290966820823935
0.206273117484278
0.130229237392674
0.228544095042157
0.229678499137967
0.220454374957142
0.396355660633221
0.231209496461847
0.44540679569226
0.21455163791371
0.463708807145128
0.362053875234034
0.303339337958469
0.316802390171862
0.364747292468627
0.203987584492185
0.0990406932009659
0.389132260386169
0.403846991833499
0.337010855764159
0.414574607064467
0.361066347258287
0.307349133530997
0.478324423754069
0.205369811579625
0.46063100071579
0.40109150575696
0.183349467438281
0.439674798230664
0.390787452999417
0.334269593474892
0.253860088117426
0.385441653342703
0.492861480235446
0.295457932061019
0.343685780042355
0.417738776947494
0.389377916829906
0.315317123456131
0.371024694168513
0.50513548151232
0.271167343001892
0.340216769391364
0.363894319808153
0.52013611876568
0.313800316125315
0.464058699321595
0.366484070035397
0.419277520260112
0.344098884539111
0.311788647482139
0.437482628851506
0.431392440661635
0.512320502730331
0.448304745309023
0.28722420219653
0.356646110873572
0.419796468550158
0.466988202975049
0.362593494786555
0.504080099762781
0.432023062656385
0.350617366137194
0.36322402489422
0.351247014429636
0.486671092313315
0.431869873236479
0.288340949410521
0.603501144756227
0.305277443089041
0.466955344057023
0.468277822283354
0.391280716789748
0.400327714380409
0.460181815974511
0.340790820735169
0.477061615764937
0.457299023587193
0.443908684933643
0.449286954283343
0.525577076315944
0.467189583824647
0.539688996929464
0.393726450119346
0.485309956629237
0.52383586925018
0.548747853974311
0.304841278213048
0.499599414207221
0.387069555080082
0.590981366971221
0.60026263157796
0.501587132381179
0.533959644455289
0.472571233632365
0.490480054726865
0.500536740747999
0.52864435208926
0.509184664382914
0.550487557009788
0.509541742716662
0.389667614920396
0.53110758417862
0.437320157730867
0.531847171766837
0.510349423941178
0.378103493880983
0.589494418768061
0.43059374556757
0.473954367343739
0.337138603895891
0.394504158112495
0.549545781237573
0.673994767106226
0.507351206425393
0.514014190519314
0.467506325712083
0.507233695537218
0.602525393886663
0.485487723581221
0.608403686302345
0.438180631099897
0.79786210439424
0.460090291716629
0.53966525567503
0.542551791634405
0.504242360022144
0.679790576508154
0.541997331711363
0.405995744641134
0.593881260141498
0.561657824407985
0.551862358162859
0.509363054040913
0.594573684850522
0.558739628930549
0.733182408929648
0.663852118113129
0.51289797153628
0.440706557580204
0.687219251614823
0.496702117445652
0.612031073630282
0.656281484301215
0.533190797820591
0.47283618432735
0.63272855411167
0.566423354454578
0.546234280709371
0.696453308742008
0.64244708744679
0.65929417576126
0.585446310503275
0.737635760074019
0.772093186856821
0.620815752402555
0.676654596279694
0.660759355823968
0.488522514710307
0.70865452019776
0.528196848355214
0.579393224881043
0.664515886228551
0.669552718117714
0.631026273128356
0.572916334193382
0.825692006558367
0.55352224073018
0.681595550385416
0.72157398750182
0.711818554415452
0.653740489548526
0.612453565685813
0.491538715457335
0.711080948129393
0.651882236672973
0.656272648096348
0.57533300908149
0.742040670295235
0.591265315413387
0.815886503443886
0.670926518012585
0.730847350684609
0.560554748867626
0.46588516091678
0.676610498120409
0.790050664312322
0.561878957544796
0.742464297126403
0.632308355087556
0.565580260846194
0.719152115157739
0.509813989245076
0.731287875403683
0.792742087858672
0.728522344727863
0.606880474455817
0.807403347758805
0.840976875241063
0.551051025086338
0.706776109548857
0.559756924447671
0.706475919974112
0.76154423134173
0.789035264013046
0.810094180393286
0.799234445225821
0.545643841965585
0.712954110841773
0.546165331154371
0.737904290451394
0.860813151887243
0.883726771289387
0.721403667986471
0.783836070474423
0.725554946022851
0.651928732406365
0.84979809072238
0.754294138192257
0.597977258491708
0.926702491813529
0.836164094105775
0.754473961567059
0.740306217043137
0.744523026020909
0.764128241440546
0.740196150037707
0.726501976872049
0.766547539515812
0.756917018867269
0.796111147466088
0.860820298816609
0.826943668936403
0.769798700154229
0.737526760577927
0.710263098023738
0.690941744437752
0.76419854928231
0.750999517507029
0.699432138539115
0.759355776122316
0.824027069618681
0.923601317221842
0.689811126061505
0.974292045394836
0.732617414812172
0.860700937447905
0.698592210173176
0.735675699632905
0.885170699321304
0.948117920447706
0.806367249085208
0.79581842941486
0.829706545645645
0.635169849393077
0.725339248489224
0.670235694297074
0.679666952960836
0.767978392509617
0.871405388144877
0.754896194012386
0.825399968211815
0.803892859454392
0.778360206751734
0.782273783362609
0.700053919714565
0.719227412228689
0.948027650423686
0.657646542845145
0.70673254103287
0.885327287144046
0.925814924818764
0.764017241691008
0.797174973305202
0.936904449646188
0.97172592904961
0.91574437841784
0.769628575548682
0.807860608395015
0.882015676987082
0.989905523309219
0.955919066170763
0.912736280533686
0.799366909339105
0.870142501671116
0.760473992730296
0.943134627195973
0.933968853775613
1.11330418673485
0.805001613058186
0.871646050750393
0.940405655103631
0.884985798671171
0.850720318401215
0.984252425540206
0.891171753561378
0.722225932887082
0.846403266538116
0.716465315791683
1.012535907646
0.790188138220525
0.907073893947995
1.01035431472083
0.760310511976652
0.850122376627068
0.961346801972674
0.924247863638071
0.8361284310869
0.941508592136474
0.789595354669962
0.976480472492945
1.17865560306954
1.00850528549086
0.951276227876284
1.03180370623839
0.858317028349909
0.89260331983947
0.898495076974197
0.912016698691303
0.897887226479794
0.92459856122696
0.875393848307066
1.02248414796591
0.962581724073263
0.956757411060786
0.971642893366161
1.03641038587347
0.803577045829996
0.90454892570409
0.954463864016117
0.915991278179005
0.92923304697967
0.979523343914501
0.986134804642478
1.05329002161332
1.0547182695975
0.877459491965864
1.01922362397485
0.914022983550393
1.03613410701825
1.05930924529177
0.93441276210524
1.01933361410336
0.837922460375651
1.01918606931111
1.1527177468923
0.899211207183029
0.993743781079863
0.926511867498498
0.938529042591859
0.95630608494326
