0.0578901793789116
-1.01835591819359
-1.07742045392716
-1.12870897805716
-0.985448654181888
-0.849215411712044
-0.910200554246896
-0.982943003786441
-0.914091111999392
-0.93639827287048
-1.08521776491821
-1.03732961861368
-0.9376294310749
-0.967179300367619
-0.932989698987192
-0.889689356528969
-1.1497836026541
-1.11577600597424
-0.937564460059331
-0.934805552668611
-1.0166203521168
-0.939772865859986
-0.911456260136264
-0.99502399514066
-0.909489883982978
-0.879391209241381
-0.966191925723107
-0.962515991976602
-1.07857120092851
-0.837533823706658
-1.01339960433739
-1.00266827576498
-0.98373084128086
-0.930584317023067
-0.959993789834717
-0.906707072384309
-0.910841873749772
-1.02504236086299
-0.913215138658246
-0.816274627490409
-0.833031639332988
-0.872334206754686
-1.08183303434213
-0.944651960778038
-1.01498882122863
-1.02506775472005
-1.0303505158063
-0.815094961344333
-0.87184947712923
-0.876558176326293
-0.908047474097608
-0.97828040526795
-0.750947840870031
-0.928268342594987
-0.810272859322759
-0.866614185225114
-0.950185295501748
-1.01264038626788
-0.912213799064311
-0.840471513455374
-0.947093696690249
-0.814761386594716
-0.733753403776646
-0.84598623544641
-0.938859560523256
-0.708167463778553
-0.833445871830649
-0.841543682057384
-0.747089676144605
-0.768888757864031
-0.80540894082264
-0.795854825668613
-0.918501564597874
-0.832654528876888
-0.807756495453785
-0.70422736784435
-0.914816596246114
-0.879076350562559
-0.893081370471543
-0.975406776584965
-0.890593394079247
-0.866729661343523
-0.87611536102317
-0.732549110687154
-0.770878060017826
-0.830930488687783
-0.836268841432385
-0.689254371960924
-0.69791260035303
-0.882169220213987
-0.737091016201733
-0.821862790398355
-0.725511831779314
-0.994052280845811
-0.849218345841736
-0.81731493654823
-0.815961682560211
-0.684563256388984
-0.804014492528903
-0.694018731963263
-0.833167803585528
-0.739985173998841
-0.828634588922621
-0.814089113176696
-0.869816912331796
-0.751544151477611
-0.699236557855404
-0.717730900019144
-0.949368467062601
-0.793775408584667
-0.925931786216
-0.718743184982449
-0.751643103079967
-0.723841617758353
-0.813494730259891
-0.811767215958271
-0.764298463725536
-0.829819414838446
-0.925061687165208
-0.667719187823282
-0.808750726741292
-0.856659233839644
-0.83569396696861
-0.689708286031746
-0.74108344687403
-0.665070989848019
-0.761819447430622
-0.737031707401814
-0.730989988406633
-0.934539524958285
-0.689625055014461
-0.830201878576511
-0.637229407972442
-0.698864870299535
-0.685707197991925
-0.736143995569385
-0.781687953038989
-0.795864057121312
-0.731993789052675
-0.671464693825941
-0.616926591788135
-0.849741444124092
-0.679392711890198
-0.805498335313526
-0.783367620383096
-0.752945052709513
-0.693740012667078
-0.758144217087852
-0.756082694330956
-0.792800183864119
-0.694406926638594
-0.762722839891758
-0.785100372372761
-0.621072460608806
-0.794807755372835
-0.638080789065978
-0.636083333927531
-0.66333742442283
-0.731889185589654
-0.653819451671761
-0.770601667785104
-0.620530443759568
-0.621719377346481
-0.688801743845289
-0.664175423806338
-0.821511227669097
-0.428388950911288
-0.563681621886488
-0.653626319169174
-0.668018480045499
-0.723206575549219
-0.672232556454761
-0.596057929633272
-0.686125940854749
-0.621111991819362
-0.584806964025889
-0.597522876107778
-0.508130127540551
-0.65216970005857
-0.728192552804594
-0.704450815708907
-0.52641930056101
-0.487569352526829
-0.609241958673421
-0.652133598301082
-0.658773138221302
-0.555281346767551
-0.538255601744404
-0.501645749561501
-0.646364844800155
-0.704693066915722
-0.63322622665267
-0.669137060411773
-0.596186615124325
-0.564462257336979
-0.60391865192448
-0.64809762869261
-0.755616272669072
-0.661942932789242
-0.572992758080864
-0.67675537471383
-0.681652901658331
-0.638753272908894
-0.442479195492737
-0.538932977153791
-0.638738454145151
-0.572665731773769
-0.645682066806545
-0.713757627289464
-0.524790032720899
-0.381910732673161
-0.560752973836475
-0.669743118678788
-0.528223907056873
-0.692390021547241
-0.731097312068033
-0.519239945497187
-0.692557350315827
-0.524185625064351
-0.626053307771383
-0.616822368740415
-0.661885290610578
-0.434049829273785
-0.539367966787146
-0.607673867476589
-0.531387228083871
-0.342516906851165
-0.460264313120201
-0.658188155961378
-0.605219198824694
-0.401202286818614
-0.53435754719372
-0.533200581679343
-0.654906595093586
-0.52521371452781
-0.382761685673813
-0.602411548902133
-0.491003453139274
-0.615795168072224
-0.628368084664616
-0.590536790062897
-0.503457884140404
-0.478423902890011
-0.46765622106408
-0.357305620321559
-0.546417080129056
-0.4941541687525
-0.519281395503924
-0.692638081091693
-0.406143251796114
-0.611922720003025
-0.624277084072547
-0.540798782958331
-0.399439068190166
-0.495214384715763
-0.482241156695984
-0.564700089321455
-0.553236324878241
-0.626282153162032
-0.443975010927919
-0.550883254626478
-0.586013430643934
-0.494389828099767
-0.4814284334726
-0.498038908023419
-0.415883609111156
-0.472205515053483
-0.389120784393373
-0.47877078568346
-0.453430568619701
-0.551298452080679
-0.43454827125321
-0.585847679507997
-0.421013893401545
-0.396978626318601
-0.485398449427415
-0.387796337035123
-0.508594282972621
-0.502741707604064
-0.465217345865442
-0.419733115785998
-0.382417709704172
-0.415291814260749
-0.492669188062062
-0.397803358695081
-0.352066258150011
-0.528791690801263
-0.508283922695625
-0.295781719117083
-0.472564293846327
-0.37155126062468
-0.477094224197524
-0.406187298455531
-0.437329132588181
-0.467614057921571
-0.405586391141096
-0.47252958305049
-0.315011560755224
-0.419917104977442
-0.448459406167036
-0.43491009863783
-0.325564955144667
-0.337861768481349
-0.272673240587909
-0.297066152259898
-0.424943855314923
-0.232840544576575
-0.452077830921294
-0.479916017288944
-0.431077803437284
-0.35309415066352
-0.355025266786232
-0.331917580105118
-0.415149379029521
-0.513338548039826
-0.383164599835124
-0.303269444506629
-0.336874652770875
-0.353332343315425
-0.442103251281878
-0.402748178610469
-0.289060210886355
-0.300389826028663
-0.420080156760074
-0.3173212329578
-0.224073331050274
-0.233470180630212
-0.299793656710931
-0.296697392309432
-0.400633438172833
-0.524807373292596
-0.367120580874713
-0.312545764183517
-0.18349304793942
-0.296119735910571
-0.370898930678495
-0.333520453030458
-0.263885390544141
-0.337803747783006
-0.184507455777971
-0.394546618251273
-0.306443335268998
-0.405684919690569
-0.336949581404009
-0.309217431083489
-0.412855848717802
-0.269639949017711
-0.275289310421397
-0.374207316904898
-0.430112487939637
-0.316285708194213
-0.488460216589778
-0.293341272449421
-0.293044961801836
-0.186717917972765
-0.246059158771135
-0.332577289750499
-0.416546874467487
-0.271198915997084
-0.284333928860058
-0.30246700861985
-0.165979132287792
-0.203574068306102
-0.359355493736961
-0.39956929752585
-0.299339292514219
-0.233942413850264
-0.319470466511787
-0.29976976986714
-0.229928760465825
-0.276384969653183
-0.278299577158747
-0.265419644372902
-0.257004229613453
-0.222373693699309
-0.381322647917084
-0.283398440054008
-0.444454194457711
-0.188112719388072
-0.344696937421853
0.0461383070348166
-0.20263089641902
-0.310606059427059
-0.190718083733519
-0.238542321747091
-0.219113696721376
-0.174626674662154
-0.045632495963863
-0.232599158964767
-0.189025832537782
-0.270598151815277
-0.139776896027369
-0.249903176147786
-0.117391022555555
-0.420794547155484
-0.20814919421405
-0.247422638274704
-0.259993621624131
-0.164447926409391
-0.282855356752354
-0.192833562001314
-0.134260935877485
-0.133924022921744
-0.181006364392764
-0.180849985205278
-0.163331909929702
-0.16849609933882
-0.195859180904496
-0.144264436984398
-0.207555456116163
-0.196650874638076
-0.0554170306289412
-0.336356286730849
-0.27012966743943
-0.156038946750783
-0.0901827754216784
-0.190153553306488
-0.0399878636360264
-0.205988838759792
-0.241397374731327
-0.0535662043759528
-0.224729973000359
-0.220819623459211
-0.150220340473279
-0.118556416255168
-0.220188783884695
-0.0497025730708221
-0.102299894086591
-0.102994127334157
-0.249871122709349
-0.0596398364147822
-0.0258975719995133
-0.190293812080294
-0.211858688802337
-0.0213363746914827
-0.158255327530791
-0.263668771710898
-0.283242409372161
-0.0589187953608412
-0.146648528556387
-0.0745557644205481
-0.245762828762087
-0.141475046798997
-0.124663967570532
-0.126384343154605
-0.00377147564630604
-0.0634774285744965
-0.125512104970022
0.0383571000568601
-0.0819833082300905
0.0746531168503006
-0.226737457107227
-0.0971025035992903
-0.0652223979530217
-0.0273490335872242
-0.0639925120159717
0.0287465103348435
-0.191192055269336
-0.0382844348068111
-0.122761215393843
0.0306614826491976
-0.162115632568484
-0.0629579810874311
-0.0079396208656703
0.0461247869880913
0.137477776665606
-0.0694055644957808
-0.0685411782224681
-0.100402074645399
-0.0564292752737419
-0.0166591084293877
0.00288746983837681
0.0185687404885462
0.057378150232477
-0.0588081626239389
-0.0504757581253305
0.0178499115375444
-0.136914143101581
-0.164241359872262
-0.0976020005618619
0.0868585059601045
-0.0613869059748365
0.0226745394684729
-0.0212516830670741
-0.16237921353973
-0.244418941424262
-0.00602084161821077
-0.0208108840655167
0.15145355186982
-0.0424553156295501
-0.0276952447829066
0.0461159655221666
-0.114623921508077
-0.123531504447027
0.069110054262171
0.145949879711981
0.0581338493541218
0.296973193114682
-0.00981659213763381
0.0274980675823619
0.000323030585946002
-0.163315341550659
0.186141144240658
0.00972213011552934
-0.106769291934918
0.0543790414308617
0.0132405932622897
0.141885553594275
-0.0888497129432956
-0.0814649080231332
0.062687289240322
0.0178675783315583
-0.0402606713901971
-0.0149335028680951
-0.0449915778158201
-0.141267442078013
0.0112342866355622
-0.128449358238811
-0.113534809384738
0.0360611453292108
0.157920177591291
0.0807801825425285
0.0624940179197775
0.196476444070783
0.0761398098605396
0.104033566057881
-0.0494654597494952
0.170135214227117
0.0751195932968859
0.0838407877654539
0.0492783104299007
0.214421973757648
-0.0428612809222666
0.11220567567017
0.0787660788134115
0.051251948672715
-0.026646496259291
0.0859640234145206
0.116060946824576
-0.0216325608144247
0.100756704213736
0.0206116930292146
-0.0032463650535875
0.148679694451497
0.124205541447639
0.0513352069700999
0.097970688370457
0.167928890251951
-0.0285124313029426
0.040763218201383
0.173355988186449
-0.0348934782220826
0.171202972160469
0.0112562170978839
0.0923327774268627
0.0990819930362299
0.178512157957665
0.0166609672407238
0.0460768092803461
0.158729416433759
0.1437087132409
0.109003410049658
0.18888714461967
0.127968091327355
0.162376016985989
0.106557705168844
0.093195488412521
0.156970966230238
0.0186925302511523
0.0898393786812288
0.124165934582961
0.199431693567521
0.233668299830391
0.194340689275019
0.20602198136838
0.130060380193185
0.0288456467107814
0.176956651902487
0.057429406919084
0.13428558750882
0.00554374889440365
0.254164724953583
-0.00538254930952292
0.171310521779584
0.078420955024879
0.355175740500732
0.0388201285448488
0.117610378184486
0.212277302002466
0.289660130624225
0.176360388980353
0.150772150263204
0.243742875052764
0.197100983147095
0.213216216275759
0.168610567674429
0.0913570601102576
0.244911391700718
0.234819787239129
0.099623721380987
0.224874692263146
0.0630759315828399
0.185488055368639
0.163355921542933
0.369292228142431
0.305702274935709
0.211800381091494
0.188382330330485
0.275412754466095
0.0386441176443602
0.110650720611503
0.171179592049553
0.170868900861138
0.0512694573584555
0.190110924392381
0.196695105869122
0.0314593478617655
0.164687827496315
0.274442524571709
0.265203999637334
0.357009679917462
0.180004477293511
0.213700081295763
0.284967828531651
0.377522455970554
0.210085086620509
0.148385739024691
0.225344820155387
0.368575907327483
0.314693053902234
0.164961544974202
0.287595392404637
0.298863032082601
0.0880714278952047
0.355161070584878
0.377370077420141
0.300816144142153
0.270018481531979
0.184660261647198
0.248112979527754
0.206560774494995
0.187573886348667
0.330985604940048
0.304047186632767
0.311002826817639
0.25344628151625
0.388126605725335
0.137637743094319
0.281576184389457
0.378231604090424
0.32486938559089
0.305480685686613
0.430398032410234
0.291447785991021
0.269124413692605
0.38709745362005
0.365841100172304
0.379227185972542
0.238287641076005
0.356323889820497
0.347636326534344
0.270659021519654
0.342110640667743
0.311033090648909
0.334548522791296
0.284658859251133
0.309479288733555
0.335526642027427
0.309331540376034
0.391451077693811
0.360977862389748
0.290662464824198
0.284989631116983
0.390523480282254
0.401852392803866
0.332124833748733
0.200342186002436
0.355536908015323
0.373599511834365
0.267095896778623
0.34131584893288
0.320194694834059
0.292281750854679
0.418319974864537
0.403647217587294
0.422726771764304
0.39079317061459
0.271319668309022
0.262664512295187
0.338330560853957
0.330897540204824
0.29886662158785
0.352958996738629
0.38771267505707
0.345245495278929
0.521873738991815
0.549432377186343
0.428647865394243
0.480874016810577
0.360940225610582
0.414202559634674
0.560039111993866
0.469065412909228
0.478227627491597
0.401515972763012
0.37488966956681
0.473476521715489
0.195103205488801
0.26507702150654
0.40388330208534
0.292529331081396
0.432179597747653
0.53379157189361
0.533021391996863
0.258110079506948
0.530053030948124
0.414556726762302
0.369248582006085
0.416723026394547
0.393662732460676
0.401305385549972
0.318956832009271
0.64208798320548
0.401915264667966
0.626553198815076
0.572853351816064
0.377625316677917
0.404530216710316
0.274864617492831
0.419429621410514
0.466063511244033
0.586453608669581
0.441666342260871
0.517084544094363
0.415347491572286
0.414016745478058
0.457837362821457
0.40000125593758
0.463267996419123
0.298682859658793
0.405901768966312
0.434343359717169
0.444185618453418
0.412271467774556
0.415740896830668
0.577237012701708
0.388168210607732
0.560177436516321
0.52373999222619
0.481879874770516
0.645143068726863
0.449470684740606
0.597066081858655
0.529813556774106
0.593394172029401
0.459028303548291
0.528198355409164
0.451588574443108
0.501009023786543
0.561864802862154
0.568203223689529
0.515363337271349
0.490798971249452
0.580452697518647
0.531130889462137
0.556464042653239
0.480750637393898
0.645936765706932
0.409552289826489
0.494522919284704
0.420503817402738
0.56002560218418
0.549542591772514
0.485756228932596
0.545870987483902
0.655811407895038
0.606427067293593
0.455324859613358
0.42791350372371
0.510111604758008
0.568085937732075
0.655339814869831
0.509719956929371
0.583724977985441
0.679839007005334
0.543715447344058
0.50215672855345
0.68889165629131
0.539836287464361
0.570641357459166
0.688550996198444
0.628548265372037
0.344101505490649
0.553300860165214
0.602183268693941
0.521770964540488
0.68131712867089
0.682065016207963
0.472628229882904
0.582285721724767
0.606935616014381
0.600550097262312
0.499895074999184
0.566570849360987
0.571057500165837
0.725367030393373
0.565483575788912
0.457017045415561
0.675497647689698
0.48136793268632
0.72518211276135
0.711659713271922
0.643152316620512
0.598294782356019
0.682656421408212
0.60020679920194
0.706807809715758
0.649489970572638
0.547255375423113
0.652323420759594
0.727233335915153
0.587812233584509
0.731724580645644
0.637184924263328
0.671896612522202
0.60907192831686
0.751200470025635
0.673938801794589
0.677916377210932
0.69679455171154
0.690020763660081
0.602210157517498
0.710884999571297
0.761876522435218
0.749954193524516
0.775049114547573
0.581245266415973
0.715324825917213
0.632873319285688
0.672226736585092
0.714031499803382
0.794196874917094
0.822176371146962
0.734276943680664
0.454621848268821
0.652546349063299
0.661897320083052
0.682997510973477
0.635944745347989
0.690540034381053
0.686854563871322
0.705318521703321
0.698228250571767
0.719341568492831
0.776018751462823
0.734384015638935
0.803844156166678
0.812324956163521
0.725040697656029
0.688015525395327
0.871209802786361
0.649785436875773
0.619817119238287
0.782730540030233
0.699725528287565
0.585677694645374
0.612630904067986
0.598521996139815
0.657854618189296
0.747895553672446
0.676607221038906
0.718551819648014
0.685242338233549
0.595260407772867
0.721832538281636
0.8307517954656
0.665352204429304
0.745392466219417
0.660919196704085
0.713702100942554
0.798864879011016
0.79382231854326
0.853183915179165
0.726633886539285
0.878690697924019
0.731212568669019
0.832087420535614
0.739488040317964
0.830647449500325
0.927427299524652
0.737511044015576
0.78321372133808
0.919913751150584
0.914692110471978
0.69964360413579
0.858919324129183
0.860423466011477
0.761437325786069
0.840742136891265
0.805367681019598
0.835898542323316
0.708757767501992
0.679775800580354
0.914229242541149
0.762451801042
0.695770106319182
0.680467159524127
0.797996883038813
0.974568699899293
0.847984673224238
0.851265968088028
0.86695372389012
0.974550482503409
0.775549701224908
0.727198026255205
0.840394127480158
0.769686543526691
0.828127195211278
0.930390301460748
0.925408570648196
0.828459770202416
0.923118611806287
0.827681655290479
0.746390312347081
0.821687976817013
0.816509528904605
0.773832482664964
0.782671291247326
0.773091465586655
0.89140593396213
1.0039296287422
0.988692186552309
0.951151095037034
0.777085048989403
0.810947999346228
0.889133300960584
0.960073590116219
0.740697717875728
0.894062937661858
0.815305171565369
1.04370776722941
0.87998105264526
1.101704034273
0.81433958439703
0.943030939696649
0.883791764762991
0.930298649227352
0.88169948227034
0.793021061492365
0.930168476663821
0.964493275285118
0.925160493715635
0.794572603068909
1.14434890822083
0.954446508614309
0.822096232490755
0.804733450801285
0.903828119795183
0.949938619113896
0.677628472539576
0.930642754538824
0.85287537626834
1.02973434421309
0.903917765928917
0.944255616416443
1.05695099904305
1.01673124894963
0.964815028254392
0.982211219774628
0.919485962069004
0.975397748606266
1.02305898222214
0.903155544654824
0.912456145673276
1.00595279669167
0.886644332874029
0.976662792372364
1.04923782068451
0.968575290532471
1.11218591893176
0.945615093832913
1.1596470746125
1.02257559438238
0.919639754633464
1.06339630274625
0.86886334006836
1.08466089254647
0.903820354664644
0.870097336330608
0.962517526441848
1.07363208169065
0.965054440873558
1.05077595463575
0.927520290062841
0.904938823025597
0.953516332242895
1.03679013722074
1.05555387329352
1.00373458033458
1.02624395624643
1.11137926135342
