-0.0800668689414891
-1.0527314922916
-0.934822643232444
-0.886860798170853
-1.01772000476529
-1.10290193482353
-0.910761147371487
-0.994764902708061
-0.964337758804134
-0.982250155290692
-0.915907328560433
-0.86484238284859
-0.951605646029736
-1.0277518050065
-0.972557308203505
-0.959947798741096
-1.04451491251149
-1.04463722798963
-0.97273437465049
-1.01573338942239
-0.871381112101928
-0.943419973179169
-1.17056077396865
-0.935958946421224
-0.890313788863813
-0.893339483360445
-0.961281388744275
-0.979695217366405
-1.01125339543723
-1.08701918320576
-0.979667046058367
-0.83463678635536
-0.905908323306947
-0.914048408643646
-0.919523434989472
-0.883418030479144
-0.855652723950586
-0.952353621949055
-0.856083826409784
-0.835565689890058
-0.85107841321146
-0.908760839160376
-0.886375987730122
-0.936634082510202
-0.953422875686253
-0.798124894977168
-0.883933554341206
-0.907684940234199
-0.87439113956987
-0.909961159998182
-0.929705468775631
-0.881132593838157
-0.856746999546722
-0.929243933064205
-0.982573206136005
-0.846749926121526
-1.03712232013665
-0.886715265645605
-0.94730565888301
-0.962604153858037
-1.00963226603564
-0.80558627148074
-0.890837092955437
-0.843224157134321
-0.72980653449922
-0.736596291928458
-0.864616123595847
-0.833150804256976
-0.85711927824829
-0.633191170953262
-0.914335566997652
-0.809401376759111
-0.830562907461655
-0.94024089879941
-0.905900398397108
-1.03665019950893
-0.892499571181986
-0.815057220180902
-0.883292329584411
-0.813989199588091
-0.768996512443226
-0.812416008032437
-0.8107262137121
-1.06700521407833
-0.735722940040703
-0.806159719098945
-0.847082482612714
-0.794254924287756
-0.988803655374916
-0.774162649107146
-0.787796109111578
-0.770075919027443
-0.935878857092909
-0.628215323393487
-0.841801215252674
-0.815519853655328
-0.737168850936401
-0.854340798043694
-0.849393489070562
-0.815444592484288
-0.810488463850284
-0.941223159158658
-0.879617555468732
-0.960251541536863
-0.781314701519993
-0.83771310633893
-0.651484789531689
-0.856976644143932
-1.01261649751164
-0.811272575335845
-0.822187964810472
-0.877073190159935
-0.748105855794544
-0.683221493027213
-0.785692116217882
-0.897322908558466
-0.734227559359722
-0.797983121738813
-0.685588737751107
-0.700137801395901
-0.758482057845448
-0.64703360716195
-0.797100024592555
-0.669134076532587
-0.64171766029296
-0.747983431316214
-0.59151264791538
-0.813517793593783
-0.749197448125058
-0.665257378326315
-0.849252719389142
-0.702858260097357
-0.92221810294476
-0.696527011510001
-0.749987756783864
-0.734842011763517
-0.798336662400682
-0.845371597525893
-0.720178744202177
-0.742579707978196
-0.585011715099212
-0.631880363954459
-0.741555038982186
-0.706425916575888
-0.592483116361484
-0.583557897512128
-0.581607702145714
-0.753334697259232
-0.666921062399484
-0.811647466360018
-0.747169698984258
-0.659554783964558
-0.769095839257924
-0.815740976071642
-0.670308593285702
-0.66584305886974
-0.703530262694876
-0.758636847308058
-0.671032864594366
-0.592418160712898
-0.817131069923071
-0.569549110762919
-0.703567384790013
-0.496450743740507
-0.712335612963174
-0.732840607077371
-0.692954277847365
-0.562810112710279
-0.556356900188831
-0.683117288887816
-0.650272231226457
-0.779311722938162
-0.621225989881656
-0.655903386641032
-0.639839947315975
-0.680858576775592
-0.751720849505772
-0.665839827990302
-0.86894646266903
-0.617780269389763
-0.560817980329269
-0.790071919818192
-0.665023189456407
-0.615034264564388
-0.545251418000471
-0.601383001217255
-0.676138913166396
-0.628238927103284
-0.606507473897759
-0.583847554887592
-0.796306107398536
-0.5996121285496
-0.624120851001702
-0.686623480123323
-0.541688937218326
-0.554128015452811
-0.384280605263984
-0.599334799918166
-0.743927977460007
-0.731327789056987
-0.595222582438834
-0.780206777766297
-0.473336849643657
-0.639555802745508
-0.560739993961588
-0.545930547322522
-0.578206297330751
-0.76594636600573
-0.663558790912852
-0.491076239748393
-0.660698442877772
-0.476648484591511
-0.709189156586019
-0.527516991050605
-0.607944189104887
-0.553216822898813
-0.540446440810303
-0.502432597107544
-0.537682309843915
-0.486478684753553
-0.671429821276625
-0.560967957433042
-0.642006396025349
-0.547399395413442
-0.647908590178403
-0.530783220933925
-0.558230669252589
-0.474347334937406
-0.68216458352289
-0.752245887442879
-0.62497302112598
-0.586513683923622
-0.565132256744086
-0.491388724036533
-0.669694682657832
-0.50918659485109
-0.487810229838963
-0.437182132947311
-0.597073831011865
-0.515290311817642
-0.605119914660002
-0.358556954227635
-0.509004438975875
-0.468515075059174
-0.586544568555848
-0.606296839223445
-0.508411790147282
-0.499839784831623
-0.343718656545839
-0.316857975811911
-0.495012740012667
-0.484707393126791
-0.487170302395118
-0.520721290810867
-0.449787527026504
-0.540265272360981
-0.438912736324459
-0.590906134203346
-0.41280275032362
-0.5475551176939
-0.435452097244524
-0.46089770652428
-0.318816642076199
-0.535382108609509
-0.412814318988281
-0.599676622506771
-0.604461332277153
-0.507216692962253
-0.599600215204932
-0.429450931728648
-0.414574664572219
-0.470251980874442
-0.40008722851168
-0.536355763304484
-0.508479905397689
-0.509348715138777
-0.534974673997685
-0.370108921509784
-0.45985009476329
-0.322151901067261
-0.519785909886702
-0.585546433097309
-0.421980673982085
-0.49421365657177
-0.476498495090635
-0.422765054473644
-0.423705540083872
-0.411138696810481
-0.414495443072211
-0.346094234887658
-0.376941558872664
-0.634946314270777
-0.433963559484638
-0.51756875390257
-0.422748193121218
-0.38782264664329
-0.395305380986969
-0.375591041310033
-0.463673760939942
-0.411614535666043
-0.410383697515505
-0.345924056390592
-0.417264405882897
-0.520940757412736
-0.47565763352747
-0.403966872918315
-0.244533272588627
-0.370639775759773
-0.296135959803294
-0.266700805674572
-0.419392095342155
-0.355261128791462
-0.306208130569928
-0.444269181986707
-0.483911797679668
-0.485457123666118
-0.217248853733468
-0.281076488093785
-0.286052110253198
-0.397296069794806
-0.438398542458897
-0.260552031824929
-0.321900873333606
-0.43743421832803
-0.466771966068143
-0.427281613515539
-0.401632650297965
-0.402575822368274
-0.399389293428605
-0.402442111701546
-0.170631003230811
-0.418067149961626
-0.318028384481193
-0.316455678130598
-0.429065677685118
-0.305770824676226
-0.444482007727347
-0.262019173737591
-0.199234513590733
-0.34534087910496
-0.393895807919683
-0.472491009689957
-0.350125872857675
-0.323656141019508
-0.350462679364811
-0.205760624839704
-0.235491000211179
-0.383150925031433
-0.135459726809572
-0.196567236637959
-0.355780884205951
-0.253630622402329
-0.202193944312524
-0.158894053994375
-0.414845600070422
-0.374477486761777
-0.138540958729269
-0.262708164766444
-0.269511801558578
-0.362870500159654
-0.338522671128835
-0.250525788376077
-0.348848810569731
-0.190597227171353
-0.229955628929706
-0.274156434296046
-0.186019567657876
-0.286697165497976
-0.155495685693238
-0.182436991931577
-0.241393201978696
-0.060114230434631
-0.346897623090625
-0.239087665624443
-0.131552230281793
-0.189136488949291
-0.22289620459316
-0.348305817829838
-0.232334862525768
-0.351659259169684
-0.107601494172304
-0.237683806441992
-0.204338457657215
-0.336531959583375
-0.255576142782555
-0.189438299753309
-0.297362119012485
-0.173686594213993
-0.348235186707986
-0.11302369679448
-0.230653056179987
-0.159018379405908
-0.146406540726146
-0.138830080798001
-0.287352368886968
-0.149824272434625
-0.384893981342904
-0.244518939873987
-0.269179629501858
-0.236176092895903
-0.0298531605165333
-0.361139946582494
0.0731723844160392
-0.247153564856342
-0.185090419870335
-0.162684972234422
-0.131659893242549
-0.107160190140438
-0.0602935871419995
-0.0558180611588425
-0.0885537052653598
-0.23631385917777
-0.120777544802703
-0.091134516177548
-0.221684967035968
-0.0609721167609394
-0.24117191055336
-0.0697244927908455
-0.0744552307014633
-0.146142501930693
-0.0547512269877532
-0.094891441589003
0.0185508557409072
-0.0141022881975792
-0.14751079572271
-0.0975380316552044
-0.236526740709948
-0.0752904002022042
-0.0517732340080518
-0.0489879886704857
-0.187120431030697
-0.23229701495163
-0.104821684063158
-0.0982797242595857
-0.10349788155845
-0.0720697969194257
-0.251245619828573
-0.181077709919602
-0.0888416977089235
-0.254663204932491
-0.0524761731389204
-0.289083120272428
-0.146623778306872
-0.0966895064888316
-0.115998076445331
-0.20579208049626
-0.118165436836416
-0.0227712039921106
-0.0736543153550555
-0.0561997029091817
-0.181569094082872
-0.0873770176090962
0.029323814722147
-0.155277232111808
-0.172289675507529
-0.0125194987215964
0.0127888919824585
-0.0860576833705369
-0.0183322347400413
-0.0163688353714925
-0.111288371346911
-0.0953291912316258
-0.138816694868413
-0.243244411862493
-0.115099887524842
-0.121645320943005
0.0935900966945724
-0.216722931622592
-0.0458344181487119
-0.0463404464510137
-0.141189067565621
-0.0741393663547101
0.077846146271473
0.0499342772679516
0.0559084020027334
-0.0992485061231328
-0.0125360909904938
0.0489192037896886
-0.175463157596165
0.113044010592023
-0.0339928090652633
-0.0682764663111143
-0.0935612436823515
0.0722762060372095
-0.00374096058156346
-0.134672187942373
0.117775688214278
-0.0681927182828815
0.0500450105796743
-0.0746021459350754
-0.0277363066593224
0.117635106669409
-0.115933404418391
-0.107839106470103
0.0598218881116058
-0.0602638477625317
-0.0381577888682337
0.170277910176909
0.0556730228365236
-0.101414360331538
0.0762668066592605
0.00433567063434555
0.0862877757437425
-0.119207188353751
0.139335536911771
-0.0112786854741067
-0.0591270574283662
0.223800506292526
-0.0805922558649365
0.0208887729731438
-0.143483692454184
-0.00523544672064729
0.0472325094261428
0.0826642939915033
-0.00565310311449191
0.0122250747587029
0.0498233943947679
-0.0775300072435139
0.183803428078699
0.183033166738223
-0.0428719100663106
0.0520958117488727
0.143777576981732
0.0899532092683475
0.0346737974752852
0.0521069859796721
0.146369813524597
0.0675782170905338
0.262759208250087
-0.00735729390591724
0.0253022284534013
0.0424490223003402
0.0176099049206999
0.0845508894424548
0.0868238790217553
-0.0384978381283234
-0.0248401213702574
0.173072092672454
0.096384807527172
-0.0280426117980214
0.123665889420475
0.189652016247815
0.183142372109374
-0.022388486785766
0.244166581771042
0.0681360120514025
-0.0255357216459956
0.0133607117906581
-0.00819795870015484
0.216164379581344
0.140313793844156
-0.0140423979087064
0.252190276406178
0.0195335821276306
-0.00549804358809037
0.0639163549499703
0.105670036946713
0.0489230658505959
0.00343143141078655
0.115506913793148
0.102609931802788
0.163361865944863
0.13228459717276
0.044825886199793
0.134925750770023
0.223377514113189
0.200125958053759
0.273158622364773
0.0624745009736744
0.196307204651089
0.162437388789399
0.236152336079676
0.112022751498613
-0.0188525047657568
0.161789511168022
0.261229550713678
0.276195484103412
0.235211750109417
0.135373222776885
0.273817762597575
0.284248619859183
0.132152276753907
0.117816233846403
0.218059645270121
0.166113009376949
0.114722587382373
0.184384440336454
0.250006126260766
0.325877480675404
0.130584961624831
0.146432158916819
0.0673074757446793
0.182884192475416
0.109859579600631
0.19540085848572
0.204930680588395
0.023620443402691
0.128754678106834
0.204041740470007
-0.0252387507304593
0.228723686293031
0.071477371696799
0.20708114670072
0.173553715530296
0.237221867116641
0.307802520244842
0.0971785976108254
0.251239620437765
0.138296269904899
0.250373863060854
0.142847310915321
0.359154608021048
0.274237963417481
0.150420232383665
0.208989397364006
0.352145396386291
0.292861209001796
0.0909433391036317
0.292100380564018
0.332873767893072
0.244070598678607
0.24301497794172
0.327808428418341
0.329583857018073
0.249895161475938
0.267833789229906
0.21607234693062
0.255444349711623
0.298122333019103
0.277627891283008
0.105051514923972
0.340677558233379
0.271051604984334
0.382541372828059
0.366292562077309
0.166360474121172
0.348007304404864
0.169123682652855
0.257171506985245
0.30726142380393
0.387094906345645
0.24609276198268
0.249768555023461
0.321696570856338
0.369620709991507
0.458921062118091
0.494214962717684
0.14993488283591
0.342253722572153
0.390991838170471
0.298631626420365
0.208474848442072
0.142758903998165
0.194731144233214
0.242328611780904
0.228068762695976
0.382326817984939
0.228469918540212
0.442419788240331
0.200919563011503
0.488997305263045
0.347046785726762
0.287193148019232
0.321826363738819
0.351845290960492
0.200635119505519
0.104872686309727
0.397577588363054
0.395905061394884
0.333324048167411
0.40894049297532
0.346842005031524
0.293933390204828
0.48032200684223
0.193038656858684
0.432927444274762
0.411018641076588
0.198560476585658
0.430135975138198
0.420136756342847
0.332864992196018
0.275284611081303
0.379547437991182
0.491183166442079
0.302123484517033
0.367167479828205
0.41458875550264
0.411483085373202
0.307930602220341
0.385954063760735
0.510040792537773
0.288288466052463
0.370033633240654
0.348270335324041
0.544593403094658
0.286431436833195
0.46364931326889
0.347728447406616
0.429280186862126
0.349438262474387
0.316011458875536
0.42964109872784
0.47029274455805
0.478716462347816
0.434763107224829
0.307080228088698
0.350310646693563
0.425111886482316
0.475358957982999
0.383570745333332
0.498389230399508
0.441184052822813
0.351989430006673
0.375190848619022
0.338099409143482
0.484072345071355
0.432401293875894
0.282209436238616
0.605994100877244
0.333093199552468
0.464549116885239
0.480455998568307
0.386982673988317
0.408748506644334
0.460686618928583
0.354914050555277
0.499555001846092
0.461062501355381
0.463629184556532
0.45400152131323
0.541227075230086
0.487669849468186
0.559110049445305
0.385541806299688
0.49903659604133
0.509704928169961
0.560882629344703
0.295888045734624
0.482627616335428
0.412151722417583
0.566205119748394
0.602625987165394
0.524177749787029
0.503758928613883
0.490886325611886
0.509409944180506
0.502108355494623
0.508855873248979
0.495472524017275
0.53580466029911
0.524500310811709
0.40106984827375
0.527605732820683
0.43362023984586
0.54511661577286
0.52341710598643
0.343096028412681
0.566038298503815
0.43182785032448
0.484277183053733
0.333950180277481
0.405122765441298
0.567693491494464
0.680115512753704
0.510770724733073
0.499495854766488
0.476523855695747
0.479770572811126
0.605546332077133
0.500979232042154
0.624165370462414
0.427857329072068
0.804765184306059
0.458179776883134
0.514512032009777
0.518363611468815
0.509473874148459
0.68961441306293
0.539960364584438
0.41028324340959
0.579138706201485
0.572802683602916
0.554197133204312
0.513050589143387
0.597460346438054
0.559426437045592
0.725134725422961
0.692302496958511
0.516585914871597
0.439325308861833
0.674195110129617
0.511751245986817
0.609613287123316
0.643657794261015
0.542351472227826
0.459749225424668
0.64560733187286
0.572091371535244
0.569211222247789
0.67592657527038
0.642161919049948
0.662920912089124
0.590226882841717
0.753225235887539
0.766149456176955
0.611756298582928
0.701579886226249
0.67478463776919
0.493393441890932
0.715469885385498
0.544378976264297
0.576397709283206
0.650820438168068
0.684271810779301
0.634823355948403
0.555630344856057
0.835357527652706
0.579263854936216
0.666298761229749
0.695342816648472
0.700528417445801
0.658479027821584
0.614117081052723
0.508433334838971
0.738457889827419
0.661449823083463
0.659396991544496
0.557851210346336
0.71782374799559
0.601640720743425
0.827237845089835
0.666309495045068
0.700218932080428
0.561161216591295
0.440314792329782
0.668256857005335
0.804730255400331
0.556235970471089
0.744594987676587
0.66272467139997
0.576277441417966
0.722837105567162
0.531988608232453
0.737972273965609
0.791885300261223
0.728118582097868
0.613040978195473
0.816753503646728
0.836225653819278
0.547466314930531
0.692214945850033
0.574936322515246
0.701733655738375
0.773721153955855
0.803728857353181
0.805580401726074
0.806534382120604
0.54509904081611
0.719666003636082
0.554810365793486
0.725249640452747
0.878285732230046
0.904226665613686
0.727810176778405
0.769882376431225
0.705837224076551
0.623730656369647
0.825849964706026
0.759929169526748
0.584486871404063
0.919981244110536
0.839253810747237
0.757084190547265
0.73371469172905
0.750443026258264
0.769620501672129
0.767782160272243
0.722764316008121
0.757158582414607
0.757060519556777
0.816556011510603
0.857158471276847
0.798231489051662
0.766221650674481
0.741726105115985
0.685416260822481
0.695077188368965
0.756693181838999
0.742930070256313
0.703250257217116
0.782988288433234
0.805314183632312
0.940223276070958
0.679925068408555
0.968563178441359
0.713041305067059
0.870264971716757
0.702869157397459
0.726550862270018
0.873012123136237
0.949166886235177
0.812643925482647
0.783284033627163
0.795885737517093
0.654165010386608
0.71781060656804
0.692030032649189
0.688041707840236
0.755011943054016
0.866724439933042
0.757165301580816
0.839073101280676
0.812240073838209
0.776132303026528
0.797252841750421
0.741108495964924
0.721043163804445
0.92488465374716
0.666002270108721
0.711250109059107
0.878782871405959
0.916705002526089
0.739382414430707
0.789861314278654
0.945245853620237
0.956576100892583
0.884203531436757
0.759667531081708
0.814354562847017
0.901069375436184
0.96449702478692
0.931235125876742
0.922935692692221
0.776637874951814
0.866846439924165
0.751265659198296
0.920803890027449
0.922517822771748
1.11845568813079
0.788749794943646
0.854517623410506
0.940949881594084
0.875576935496011
0.848824782737556
0.978700422111114
0.907027397548043
0.728181654300221
0.87065969961289
0.712905315149361
0.993503111588246
0.764961925584713
0.902839633882408
1.01449682511501
0.751510733566418
0.853855374209701
0.960753649785196
0.934619782005159
0.81988059501416
0.951387081908429
0.79026012381408
0.974660571905517
1.17949539888766
1.01821039441817
0.980703239778463
0.998890531810244
0.85897192211986
0.878582331795964
0.870815491156337
0.911813233167919
0.887710494401339
0.912254755548842
0.882848240497794
1.00680700417364
0.984001338473018
0.961629003995545
0.990147220578349
1.03530159062335
0.802122498587696
0.930229785101846
0.950160725266011
0.891503156584244
0.919984972538446
0.998588198272724
0.998957142950662
1.05422320144222
1.06694761850587
0.875745908151501
1.00120066314177
0.910129651792145
1.03557483141442
1.05717577321241
0.962700164896696
1.01959831640492
0.831147204754566
1.01722690107174
1.17037763705056
0.902638108210695
1.01552709005291
0.95640077842463
0.937316908511441
1.00242317047306
