-0.0771269708743509
-1.06226783830674
-0.943825515961147
-0.892449312863982
-1.02137551851951
-1.12190730598307
-0.906714813272276
-1.03290923583984
-0.957468627669067
-0.963691035864729
-0.922928762111372
-0.862294852162061
-0.945058682737478
-1.00689140033425
-0.963734018137215
-0.982986136537431
-1.03033233007587
-1.07001974089567
-0.958857714367475
-1.00070238511661
-0.870391303483984
-0.93274071440203
-1.16865832566232
-0.932256179105402
-0.880638786018621
-0.892551824176674
-0.962663695701519
-0.991642966770889
-1.01489246925103
-1.10613257368953
-0.952549678481392
-0.839112016531423
-0.911139724663174
-0.916092453152535
-0.916892374584579
-0.88711470121778
-0.870459422285418
-0.937483516764263
-0.840472545457067
-0.830801481919168
-0.836328227036732
-0.912198927968087
-0.887090111890516
-0.955436688042921
-0.933722225982276
-0.803461885196535
-0.896751444938248
-0.896364305980132
-0.897212639141383
-0.895508840380984
-0.959806688966295
-0.869632287367357
-0.86707966843923
-0.916015216836867
-1.00605503485753
-0.845167205774423
-1.03034928484474
-0.87762977193181
-0.952886073287599
-0.948643366800283
-1.00261384095638
-0.762021372351369
-0.884670580786916
-0.836412772729969
-0.735240390593631
-0.720530800257873
-0.871597464050699
-0.84123881012038
-0.847934652229245
-0.634085518521605
-0.918049834189966
-0.822456708397556
-0.805436061366723
-0.965728959690962
-0.929710842523614
-1.01052491931556
-0.890055656653174
-0.824541416943367
-0.913355779452902
-0.816155242907477
-0.781308074119571
-0.820826678941913
-0.798936443024821
-1.09394537657737
-0.753414665471812
-0.790278380891992
-0.858264327119732
-0.775901553786355
-1.00160498003399
-0.776731435039264
-0.786874640234881
-0.768414356804772
-0.913743068548116
-0.63466637858385
-0.834357237546195
-0.805257038354063
-0.723634155225392
-0.850769060340994
-0.851361703827561
-0.817172067746782
-0.790797589847224
-0.953501892265499
-0.8786185520093
-0.953417338794677
-0.782221993345308
-0.853552959982506
-0.628346932047016
-0.871239254826644
-1.01210711731522
-0.799339682223978
-0.829442799178491
-0.867658859611453
-0.757718677947249
-0.701929860391494
-0.798251523661695
-0.861963038883473
-0.727922779799045
-0.798928442826904
-0.677734530369705
-0.724945363220122
-0.760555674640472
-0.653509579682979
-0.795482571653402
-0.650058542702062
-0.664906183344307
-0.769935314016371
-0.629704317105931
-0.82769965373053
-0.769415759073746
-0.653464412732199
-0.85023931366772
-0.693450162440984
-0.921031366117349
-0.692106221030445
-0.729411053656614
-0.710211198235015
-0.813534987125954
-0.819946232852926
-0.716481035039193
-0.743320731380999
-0.564698699000528
-0.646170199303569
-0.749123470007948
-0.700012800216475
-0.580612436427623
-0.578869688846799
-0.58085192495257
-0.775132194172965
-0.667259402022809
-0.82021222540906
-0.729110519640634
-0.659844190084447
-0.759639949052126
-0.811277507141029
-0.671593815739744
-0.650090603415104
-0.722105955037532
-0.787889372770725
-0.689260405799286
-0.590857919693684
-0.821711589825548
-0.581021709215596
-0.707235303510444
-0.495242215587637
-0.685479263756688
-0.748885488995157
-0.678956822987979
-0.56990492857818
-0.556972637824982
-0.705536090693717
-0.662176452833931
-0.762363624135348
-0.61471034694905
-0.638543734030319
-0.645370123688296
-0.701066177295241
-0.753364491659342
-0.675455501921825
-0.843324004681266
-0.620990615127832
-0.57429483576296
-0.79289551073437
-0.670159328241388
-0.627210232437544
-0.546286758757971
-0.617342418068417
-0.663576947292433
-0.613977074311645
-0.613773520866451
-0.569513549976288
-0.781790164960573
-0.63169952344465
-0.6154843956599
-0.691880379296965
-0.565329215580567
-0.567431498785796
-0.371753682807352
-0.613654258201567
-0.732720627044277
-0.734703846790249
-0.588308097074386
-0.755239075277471
-0.484394409091491
-0.598903958402928
-0.580584039973031
-0.510181724724733
-0.581679963714055
-0.781620600955885
-0.658450997476654
-0.478487530863155
-0.671505524993073
-0.449792816280651
-0.73904648135942
-0.528644985158029
-0.600023424332623
-0.540165128049885
-0.521508800688036
-0.497239343554887
-0.554444629642464
-0.478047246421012
-0.676119602685404
-0.526957013924744
-0.635528816459956
-0.560298573558825
-0.661658644367281
-0.540360135196594
-0.566878411624432
-0.466338210964309
-0.67995606123641
-0.751805822982099
-0.586987811210223
-0.615376954314737
-0.561680561612338
-0.508375517290504
-0.656051525379828
-0.534111354563527
-0.487563003366312
-0.417938312777208
-0.596419983418946
-0.531830326519146
-0.61051925090248
-0.362259678394564
-0.489769358257675
-0.466064209641929
-0.562127737417122
-0.584612767608228
-0.519140783941566
-0.4985014349641
-0.358097493420817
-0.318363105998367
-0.474061672775847
-0.498224101336393
-0.497384269683264
-0.515268354014678
-0.404911433026232
-0.550129642446203
-0.403923788620345
-0.56847377794513
-0.430504359167363
-0.564307643607242
-0.416582845472632
-0.506295119653862
-0.302612337561941
-0.51412734233296
-0.420397372751928
-0.608088637957976
-0.600263541618395
-0.488748052229276
-0.60690849257108
-0.437734970822573
-0.413875564654651
-0.467591658474121
-0.383760799237715
-0.550412610856096
-0.488281772196319
-0.50436740883249
-0.519451703583386
-0.378699333065877
-0.466728644128958
-0.315984140985361
-0.505129950962727
-0.564995820334722
-0.396431443901335
-0.518764376834506
-0.500686772408661
-0.416799627307258
-0.422951874750021
-0.376195262078463
-0.418962295499803
-0.327675637125297
-0.378928147898885
-0.644229400283854
-0.445263133286226
-0.507221757471156
-0.425306941164194
-0.409133133959335
-0.38925621608848
-0.391213446941173
-0.477233182493296
-0.419743678800074
-0.400977272014134
-0.339023384730442
-0.419808908321467
-0.512969050954017
-0.465496468289699
-0.405461565460591
-0.255606196936331
-0.3742919033015
-0.318275612454643
-0.29326682440227
-0.419920139775294
-0.334256173936004
-0.320977759723926
-0.449052920532642
-0.48166576085452
-0.472963230921249
-0.210386753539216
-0.27496212739545
-0.297581741024244
-0.385020722975256
-0.436798660919133
-0.259886591258815
-0.35594605075279
-0.41350534104797
-0.485005448080924
-0.443065699123345
-0.399173282969755
-0.422006026658371
-0.422375608207576
-0.422680693378947
-0.16207720690804
-0.400272928637428
-0.305150864809136
-0.305249664014802
-0.429496658139397
-0.301468468295778
-0.425925835403335
-0.252648370255204
-0.189714817459843
-0.325985331979257
-0.409387304484629
-0.493025675926455
-0.37289793940532
-0.314695318511352
-0.385121577331764
-0.229776219609285
-0.271280129259181
-0.348040656036527
-0.135860963544241
-0.193476301802579
-0.348624010895742
-0.249540743140735
-0.184233619202188
-0.157445656584591
-0.404397801118048
-0.366881902037292
-0.134977870360333
-0.258798389776549
-0.265548746502343
-0.370952682064512
-0.325209204449778
-0.267925054330324
-0.357208005684855
-0.192498683500551
-0.244503416017686
-0.274410485752311
-0.208248138020285
-0.249098518849395
-0.138807335573114
-0.17705387085722
-0.265297079954375
-0.0545115175697311
-0.355849945239191
-0.238488188910782
-0.128335255305497
-0.205359043229997
-0.24990133777556
-0.349173069596897
-0.205917190763324
-0.357896791223901
-0.118783876720744
-0.221448278689683
-0.204429709217967
-0.331993178629328
-0.259973887807547
-0.188406686670567
-0.276694185230419
-0.144808113970291
-0.331416006039182
-0.107917844067911
-0.249884875651004
-0.166438654398583
-0.110493238159893
-0.122745319028731
-0.292156603559619
-0.154306577351708
-0.382787000383158
-0.25551117097552
-0.285239617704828
-0.212134944727652
-0.015621956056559
-0.355540862981791
0.0826632133112015
-0.246259719389304
-0.1704761599171
-0.153034541957724
-0.121291289904598
-0.103187450486384
-0.0514353068622366
-0.0615321360635591
-0.0895284526882084
-0.222821481356671
-0.134039239407832
-0.0970789409377292
-0.200821903759354
-0.067196343631958
-0.272153074916858
-0.0827250498634172
-0.0417544895190973
-0.135342409323548
-0.0816527377815035
-0.0766974435088492
0.00639168490389588
0.00671208889537075
-0.132716310221185
-0.0979639619451784
-0.239461663689158
-0.0614625298478607
-0.0705723572873163
-0.0615580511818112
-0.167266092970599
-0.192995351847678
-0.0960873848798083
-0.107746253033397
-0.104277996348064
-0.0879670685419471
-0.266314408386777
-0.152619594561822
-0.0719600275088913
-0.265287985746839
-0.0433673086393975
-0.289478259809781
-0.140697809790844
-0.0809547770051158
-0.0903382725133236
-0.20704090617827
-0.135751852907436
-0.00482636085577209
-0.0831347513082296
-0.0331083956135206
-0.163576934294043
-0.0990041713250546
0.0419145589149831
-0.141341105322997
-0.176118209759603
-0.0362561796454645
0.0181151504697246
-0.0790224962081142
-0.0219984260187941
-0.0165593287975578
-0.106220832867815
-0.0984445645277268
-0.149541789274462
-0.200139344778164
-0.109967830565041
-0.12155337651479
0.0997803427044449
-0.225456034770113
-0.0410586150900853
-0.0676144805240885
-0.129036109252278
-0.0935037828718574
0.0712578851963462
0.0710759716964749
0.0507525163231177
-0.0881830966508446
-0.0316440330689357
0.0309810282393998
-0.189232714471626
0.130694895446808
-0.0428354796141516
-0.0527234728519032
-0.134690595533095
0.059007999270145
-0.0286414255003461
-0.140680941441964
0.109616108641291
-0.0461648430732594
0.0465735033373366
-0.0686740432200923
-0.0338392499104258
0.0973822154440194
-0.0942969658369404
-0.10999063953049
0.0516691398885634
-0.0431080512763995
-0.0434761364575061
0.176146644557605
0.0362463738340871
-0.0951545882763002
0.068746762039339
0.00470590064520105
0.078044081303219
-0.13585141083455
0.129512906870983
-0.00845061458045373
-0.0205801744412217
0.219777547043347
-0.0571344087301598
0.0085694329988991
-0.131344849349758
0.026940216571186
0.0455999175618593
0.0861286369742435
-0.0289243771550664
0.0165673009186797
0.0743475342784013
-0.0763631113357802
0.171316496057364
0.157249392519721
-0.0425090701789469
0.0620346069699323
0.160854136973923
0.100461570988458
0.0132345660279228
0.0490021253095817
0.142573992563311
0.0541732695042077
0.278987716738695
-0.0228899422983675
0.0445312371035877
0.0490262681306616
0.0236923407377999
0.122562449776627
0.0803606735749652
-0.0384341227278672
-0.0293128234980833
0.160134622568796
0.10868691955841
-0.0306618382197433
0.125366180955924
0.185460601384618
0.184675053605655
-0.0344667851785174
0.220629520333039
0.0914416394773769
-0.0281482295976558
0.0300393010917171
0.0200062349249706
0.199214617419489
0.136657242268491
-0.0226667504189356
0.239134769433384
0.0263770131193872
-0.0207705111255936
0.0749106397992088
0.0876756315780299
0.0668687450619868
0.0310675316070377
0.103033375322102
0.101340301050978
0.185113519423054
0.137017467153065
0.022100038161465
0.138126994160361
0.233846212569073
0.221856849386627
0.268998475446247
0.0616371036271515
0.192752788469916
0.138948042889912
0.214523158512791
0.130872674448911
-0.00634171380062919
0.183451721609438
0.254405151888379
0.273002639960397
0.253642043160386
0.137073550419894
0.269781262262106
0.272415594196474
0.11560662776922
0.101935793039039
0.212581520230657
0.16344291237097
0.145626429312752
0.208063127135055
0.242373817721775
0.309650319713031
0.144681458419969
0.130410812938683
0.0699020034617713
0.202421661449643
0.117007371066818
0.169492744697923
0.163996144293875
0.0229156202403657
0.130359872439306
0.218143374213421
-0.0369607386215469
0.215570009691812
0.0768919592887774
0.21789291754846
0.164844476957446
0.213245640622041
0.318520581708888
0.127810143279
0.226791862476065
0.141328255847145
0.254845994059256
0.161570354198899
0.363337237462913
0.283067070440127
0.129537727447256
0.203376952057682
0.357717772722576
0.302477065708822
0.0870404335374273
0.284943718896525
0.329853091794467
0.269597569659353
0.249562149135335
0.29338166439935
0.346050142633683
0.244702574209564
0.258766851204614
0.234027613768052
0.27086781803158
0.283513190452554
0.281527571255773
0.110541794512174
0.355243059048941
0.289686007255925
0.390232390589557
0.340759605360498
0.173058008758674
0.365393787569674
0.171690451008591
0.244776433028384
0.302962736850375
0.375503325793091
0.252753520580004
0.254915057271583
0.326092654478238
0.353838967054575
0.486247599720613
0.490224612219993
0.167260717261843
0.36659772679918
0.405715801184674
0.31205059906949
0.200291634740793
0.109154201486677
0.207742714278248
0.237055131159191
0.239842864612815
0.39643721344985
0.216903435324827
0.446504399516457
0.203115707471016
0.476174953462023
0.362878481165057
0.296531233974369
0.312140354894101
0.347536942392649
0.195738353662627
0.104569286201341
0.389930534931847
0.379516981166887
0.331704257672599
0.421511434535101
0.367025008036996
0.303300283383171
0.489793235178731
0.197196500248017
0.440818106206705
0.428704489515885
0.188339705663402
0.427634107713875
0.401683728571848
0.346948177774758
0.274310421673334
0.397524364414901
0.489721971505718
0.305284872270072
0.353560724859182
0.418831286549669
0.402713670785101
0.316602791684641
0.38239784734523
0.526878966003537
0.272860348560606
0.356341706588149
0.364672680571944
0.522864790237075
0.287793508959889
0.462952588741866
0.337275474655367
0.436193464997275
0.349986643335578
0.314107718966555
0.449412695830098
0.460381641666397
0.495035987126744
0.458838091994101
0.313823064615747
0.348140586768264
0.426042417815366
0.470269931657641
0.365142633211034
0.493084465438322
0.429863898603905
0.339362387757166
0.373585640529232
0.339453976040505
0.485822607724654
0.43114766059066
0.275494870792312
0.592407992405981
0.343202994889328
0.444725065781186
0.465093699869036
0.385939988821764
0.402744912755345
0.479278983767359
0.339785350820782
0.477198278720615
0.465723003788712
0.461332716898176
0.437296834649115
0.537632541719274
0.490924488739802
0.527956768510417
0.384782464196225
0.502824970247394
0.500302578001734
0.551998495032367
0.300566454245962
0.488553934117952
0.404116170002336
0.566772384432802
0.61584375413493
0.511478760765644
0.50809863497203
0.479457963424449
0.496950820023784
0.508423682161846
0.528272203225225
0.511905307945771
0.521613393539064
0.508894002242365
0.413218579386629
0.546334644703447
0.436112154612053
0.528568028266926
0.48659934784175
0.362717640716995
0.582393069783931
0.432839979966171
0.475796412410965
0.3393114948124
0.381140071439899
0.54885820103905
0.689387808401989
0.496671282548433
0.507165211615052
0.485532828569173
0.485430466494798
0.589717994386776
0.482957496021804
0.629238836320674
0.441473746421445
0.787144247621048
0.457881101106519
0.534562968116618
0.530047228753214
0.52586230060341
0.705830290288577
0.544097046704483
0.409480186865446
0.551434452998095
0.552333895397614
0.572275993246407
0.505228775892475
0.610862837924907
0.565798309035523
0.741150279678241
0.647119425214296
0.520799697422409
0.459898151239733
0.692950029055967
0.525014310984777
0.61465959061076
0.639301557316611
0.540269700055643
0.470988518927076
0.626659024546458
0.574810073381214
0.557227163698928
0.676604035303856
0.639255063806593
0.667644608516566
0.593528032319205
0.752613761907798
0.771654392201638
0.60797952311285
0.678653517926941
0.671376921994279
0.480465565956003
0.737521542185992
0.52275198871585
0.547171336168979
0.67566121059205
0.659500739839457
0.635643504364344
0.580661553514184
0.852678225345637
0.568260860645337
0.664456631405677
0.728972916103435
0.698611947661185
0.6405886406589
0.596346482412139
0.49534445891379
0.725717263857692
0.672864494460984
0.653150008535057
0.567246203712248
0.737444647109938
0.591440316706806
0.819940005329243
0.68404685984119
0.71244043130773
0.555920010221664
0.466523069661606
0.682958818336254
0.8022674626795
0.562209034551806
0.747473149079162
0.631829126861107
0.575693047727634
0.706425286007214
0.515702066399587
0.75544271345308
0.802775505866843
0.71985123605954
0.596328078073395
0.819251387995374
0.824804095075531
0.549415714452234
0.700581029660947
0.578735563604717
0.698346065101803
0.76514954687392
0.783500378268065
0.793950697415151
0.811410845046241
0.547658163923426
0.70843398404499
0.551739399605504
0.734375345260807
0.876091254245023
0.900597863738116
0.733048182178701
0.759935390860818
0.707012594417742
0.636063994314769
0.843054029525231
0.759577617754704
0.585379355357158
0.911359170624092
0.812393918013527
0.742415184146564
0.728945026419026
0.715860989617702
0.755724931765794
0.765228192726595
0.734464959143967
0.768845896236036
0.751787399975557
0.810491191084601
0.867196708905287
0.799298918441697
0.754126400950973
0.728145683412885
0.717943989873968
0.71468462781647
0.773878277235956
0.738883959860067
0.712173676504936
0.780797222775515
0.816328353540049
0.93037131770104
0.681526456990555
0.94311470040982
0.72116571490021
0.872484071306784
0.687784233251784
0.723307478890443
0.893374369910242
0.941998806682215
0.811869890847934
0.790106917547424
0.821042464194599
0.645644360576896
0.739681394200777
0.692410160864792
0.677633094477942
0.736156644137349
0.850303652250032
0.768982598413961
0.838187189242517
0.823818979252385
0.772462653201333
0.804504569976127
0.711938311900653
0.710200685316711
0.913167238501325
0.654644560553403
0.719116855843599
0.892589768638139
0.941197668440317
0.761779133206071
0.795971191450465
0.940517809874719
0.980203241932129
0.906443135433672
0.770999479169428
0.833258219282744
0.879538402357464
0.972287418081212
0.934276987388989
0.911056205633128
0.783699352665861
0.867074086112773
0.767374032593383
0.936916941099306
0.929173352208843
1.12749285728776
0.807223648109912
0.847563812192666
0.92931146231827
0.893240254642263
0.866211257411562
0.979217025330387
0.917240779089999
0.739091636636347
0.85440111605683
0.702882290846473
1.00421113086231
0.779698081512367
0.901616478515712
0.999109030280036
0.739638503329118
0.860040556418032
0.949729171152662
0.918582993643077
0.842945886934413
0.944184284297887
0.797290376707517
0.963841986897754
1.18109452766697
1.02355958667475
0.978790513604014
1.02946483725239
0.874191917599245
0.874266638836764
0.901586013188891
0.91214506189164
0.889866260920015
0.916718617491616
0.890166148303662
1.02471562205554
0.989798625877212
0.956475809400758
1.01314605140645
1.03732350235861
0.77810759137737
0.919976011882832
0.962515682725641
0.902086346887268
0.942773114586742
0.979788997339894
0.990245105311153
1.06887754415379
1.03956501364899
0.879755670042342
0.990172643610014
0.914170472619056
1.02281091346949
1.02904887863082
0.955452750768635
1.00644002665482
0.843459561625466
0.974632544894307
1.1663491000375
0.898704440689144
0.993423583196698
0.927891017547724
0.933244310090959
0.980531484541508
