0.0194629567200648
-0.986675313505341
-1.06971278924735
-1.1157934231312
-0.99052451055971
-0.825496174935941
-0.929479610731106
-0.970698217095783
-0.914897075092577
-0.924718037015431
-1.05686285779424
-1.04321707362088
-0.935482853825901
-0.960262299378818
-0.924557224406294
-0.895930695538701
-1.13366082893803
-1.08591666483132
-0.931551398632436
-0.923637257397928
-1.01236262133566
-0.937836897865524
-0.911682652597367
-0.990727065425531
-0.879133809568278
-0.893408780485979
-0.969174946791734
-0.968909661574751
-1.08141260525892
-0.819458157181728
-0.999675052272786
-1.02562275360157
-0.974805822211675
-0.896807163516605
-0.961980714697523
-0.908794468705466
-0.929318861683943
-1.01268409054746
-0.909585215917412
-0.827815970070901
-0.840918987540657
-0.880594165141453
-1.04506778030464
-0.953543337884656
-1.02168154810001
-0.999463225281953
-1.02185964267947
-0.810147677167002
-0.88394040873775
-0.867284705967571
-0.918362895841488
-0.97646715933888
-0.746315494048237
-0.902386273377016
-0.806810704235943
-0.855117417671519
-0.937818977051501
-1.00600932402117
-0.912180624383659
-0.851237546476308
-0.954985075901105
-0.828977281410878
-0.720913582257472
-0.840262367172756
-0.951240183216028
-0.719007348366187
-0.800712257261287
-0.858793204101676
-0.728527955589512
-0.757192004871172
-0.804182542575718
-0.786187180777187
-0.910787972187611
-0.850132238377457
-0.798700747290495
-0.706978110879359
-0.904589153911762
-0.884701485522282
-0.894374454572396
-0.973195246756995
-0.914103096688601
-0.840788798272128
-0.863123647786512
-0.725626042318273
-0.766549078121758
-0.804871870166206
-0.809222113972368
-0.686674364303314
-0.709503354793103
-0.904319756650192
-0.758192632781184
-0.803495501445351
-0.724440933900993
-1.00036158938379
-0.840433438210604
-0.813928435529397
-0.820271902937251
-0.66562165324467
-0.798386861308035
-0.678493098580604
-0.823100935529141
-0.753638716148559
-0.840940926714192
-0.799859026704213
-0.850862379641084
-0.737544553887187
-0.694218482568736
-0.704407871984789
-0.908951713834222
-0.799006333962415
-0.928442985538074
-0.707719293233105
-0.772086997882939
-0.712715730295189
-0.830387944333984
-0.827319140612918
-0.753993111325848
-0.836653310545419
-0.935701730442447
-0.658276056091882
-0.801178946545549
-0.852391239183061
-0.829169872365181
-0.696702209848564
-0.759875627742557
-0.684345872249151
-0.78745232655802
-0.704240260024691
-0.721033085046296
-0.945348073791232
-0.696589248519404
-0.840721274530404
-0.639912666692988
-0.703786769507316
-0.684307571374947
-0.732650679524007
-0.800377914414076
-0.763816483221193
-0.735398974615172
-0.660534773719054
-0.64347416427114
-0.870624185939135
-0.682905430006628
-0.79317782273405
-0.785318439976378
-0.729198900669636
-0.696470619824458
-0.765740198907481
-0.759736515571784
-0.799638192506305
-0.690634075275397
-0.745166914449806
-0.790887982218008
-0.649523897345168
-0.795027091812763
-0.657079797390655
-0.649341191103229
-0.657953492442017
-0.74383772624701
-0.655364911926488
-0.788982600063375
-0.609726948599146
-0.603124850245978
-0.689023758392832
-0.673355143780783
-0.809355190057787
-0.446563791419053
-0.56709123274636
-0.653758956987733
-0.640569605590939
-0.715074055244554
-0.664237842813055
-0.581158923743188
-0.682277394619179
-0.643970586868595
-0.581620342986655
-0.622280025278
-0.521613325177834
-0.655454033552435
-0.716728538983582
-0.699999545499153
-0.515669665637621
-0.480117533588748
-0.630777448103516
-0.639710311021718
-0.645176150694358
-0.573135294891934
-0.542174485770622
-0.509394878657275
-0.654062912568959
-0.715749871411537
-0.619858854302268
-0.651272914148836
-0.608558611001024
-0.559788943228314
-0.606547794626936
-0.677043818851845
-0.787996414380577
-0.693367878869662
-0.563352783638998
-0.654756586012048
-0.673493949249566
-0.634062873022351
-0.422419599570818
-0.508486134168647
-0.643945057901577
-0.560948331674051
-0.647092691849239
-0.719804568962767
-0.532692179272842
-0.388641398674871
-0.560779064768727
-0.664992921956274
-0.509337656675831
-0.695675331413215
-0.726763078828531
-0.49997992306613
-0.706659512306559
-0.520592160472592
-0.631976561908694
-0.605118323921591
-0.658826250654558
-0.429320494326288
-0.521011028040821
-0.592916057023114
-0.537839075704936
-0.333241486935804
-0.452717973213816
-0.665599439555042
-0.587236198947757
-0.396376558953109
-0.546812969678597
-0.523238874758922
-0.661437906321231
-0.524137777421237
-0.409308825647558
-0.609650649496159
-0.502340060165477
-0.610190030347594
-0.627505210355912
-0.579970763617471
-0.499023528809741
-0.486995823355455
-0.481202250734998
-0.335964978322731
-0.542086410350346
-0.496363748214984
-0.524365938971722
-0.700896001726489
-0.423449539927984
-0.602654581819399
-0.624571187660617
-0.509816796595835
-0.393681983108663
-0.484549754595213
-0.473807774648646
-0.576630827894703
-0.559434168298363
-0.611314118828591
-0.424483342753445
-0.540451915266237
-0.572952037781355
-0.473122069569393
-0.500328934680588
-0.491756488943857
-0.414780170409633
-0.465967347381317
-0.380355942057294
-0.483903323507326
-0.431775971079967
-0.543131630070604
-0.474152627557002
-0.590452393070008
-0.395334804894473
-0.397053447131533
-0.476981665197305
-0.391893515314536
-0.496559238817848
-0.478054041567894
-0.479500267686181
-0.437621404264508
-0.38421427625401
-0.43672946646384
-0.487976267595895
-0.412469054972043
-0.362103469698562
-0.525800797176396
-0.505262686981697
-0.268725235398222
-0.497878448609051
-0.383911042864652
-0.488057079815951
-0.403969513558555
-0.420544982729513
-0.453389937680122
-0.392043895615588
-0.487950155131638
-0.319612470304122
-0.434700647447613
-0.431059479948775
-0.469156749919332
-0.336660384147332
-0.352123277741015
-0.249662145404878
-0.308299562890979
-0.432663072420777
-0.269190057393569
-0.465846450577141
-0.493508259349614
-0.438832177815077
-0.330713885519027
-0.352424411558869
-0.340258610286027
-0.409110267182549
-0.486208121448874
-0.375837460610342
-0.297509734242359
-0.354716623720354
-0.351666112066196
-0.450186951130012
-0.413543847330025
-0.284355868717179
-0.303642028868861
-0.423936950581135
-0.288827709100376
-0.219783377662216
-0.265780570923922
-0.280607649691059
-0.277900138630534
-0.412513757427763
-0.513349209097412
-0.367937188159362
-0.300771722739232
-0.191214790215882
-0.31847246816073
-0.358609012189196
-0.327059765078659
-0.274785692119493
-0.366236836004387
-0.198700566067832
-0.402730722579872
-0.305388244154834
-0.413168380196887
-0.324034628829865
-0.328312444379353
-0.413113279956766
-0.26356942879562
-0.273456504484673
-0.389018842989722
-0.436666435722175
-0.326910010806944
-0.513592597114722
-0.294261836827252
-0.282348510761881
-0.176346911119873
-0.244268538756705
-0.334103776907197
-0.418938677102998
-0.271428307620871
-0.298778320126271
-0.340395818408278
-0.161488880521339
-0.205603411665141
-0.376994560443796
-0.399960146201082
-0.298514478908207
-0.233150082393018
-0.304963040312239
-0.284255014012636
-0.209133612928394
-0.27268085943184
-0.28164633067213
-0.256801945154804
-0.268004570198086
-0.206289430260203
-0.385759261840123
-0.295944686283777
-0.438324018142454
-0.198633056867207
-0.34931631413284
0.059141649812385
-0.213552224360842
-0.310980226074016
-0.216090859474817
-0.247029189403977
-0.225913985737919
-0.163320044414379
-0.0546978131683545
-0.247164045992559
-0.203909763011476
-0.237047990033643
-0.125970146293065
-0.251960973029035
-0.128489450257653
-0.417837190776856
-0.201864561408899
-0.275972595102391
-0.247033258382806
-0.148650039203299
-0.303052673618932
-0.2119694685263
-0.156333423711603
-0.126686465158749
-0.186884806156214
-0.18166155466993
-0.163120767335587
-0.165351763756766
-0.207769926548954
-0.164331561389468
-0.217590465672149
-0.178606711616624
-0.0376683539140931
-0.331010540129413
-0.276670735474333
-0.14218782166851
-0.087205230582392
-0.18821212119529
-0.0164203247769083
-0.227740549868351
-0.229939222619483
-0.0404233277180623
-0.235508517897678
-0.207445087451632
-0.13723615653448
-0.107037369123922
-0.204733661298343
-0.0644110527643257
-0.119710455220658
-0.0897147268037735
-0.255658722517127
-0.0679274820214062
-0.031194565786981
-0.186082730472903
-0.203810451911497
-0.0142457907276326
-0.154879936980223
-0.257079141070765
-0.282914857252702
-0.0307148937253645
-0.14530971628969
-0.0890149050541612
-0.230367283812128
-0.10954707323063
-0.128018052873072
-0.114098051451923
-0.0212989995633605
-0.0568705377086814
-0.122595469020173
0.027107837601844
-0.108440178381591
0.0627137120433642
-0.211577537151737
-0.11277750460148
-0.0371109416281625
-0.0254923208776293
-0.0607127612554333
0.0258473522988117
-0.171649265351027
-0.0446826511512002
-0.119853055895508
0.0253395841938935
-0.173068523549667
-0.0668910913765615
-0.00512032042585253
0.0234065648627081
0.102883339869838
-0.0672885407149191
-0.074910032606198
-0.0961773181223388
-0.0565359004950575
-0.0207123965353657
0.0321445656163055
0.0180537571522985
0.0432850651380751
-0.0591775236083936
-0.0576198626664775
0.0220506803779288
-0.134617227894323
-0.149310029918681
-0.0800968943574715
0.0973125150420629
-0.0527393440151909
0.0236967988901458
-0.0392134658032803
-0.159153618231178
-0.207254535223677
-0.0337504671021632
-0.031653969717291
0.160089558426669
-0.0113264012066915
-0.0142184710709975
0.0423939130233081
-0.118548887736048
-0.118082027268361
0.0665395532193911
0.162919202930255
0.0739155869028117
0.286698052175608
-0.0299990970154657
0.0163104636405404
0.00811148769734739
-0.121669813674754
0.181619380767282
0.0148594312100398
-0.101921399682601
0.0524829436406205
0.00639261575318596
0.141947389197902
-0.0780471605895837
-0.073107691740639
0.046632102397738
0.00758441583247578
-0.0465774347071029
-0.00359753504397227
-0.0596022370030086
-0.151878485857712
0.0164674346055169
-0.117542141362206
-0.116886642368086
0.0208188345013398
0.155060484236864
0.0998305459155937
0.101095196244811
0.182780450309331
0.0756552649874292
0.0953242523232108
-0.0489051064823056
0.16606581918518
0.0869170567508775
0.0948021232451378
0.0707224657508766
0.214605951539644
-0.0362197468329578
0.13914915220777
0.0728021761689124
0.0400262434625014
-0.0191205478748007
0.08436023275622
0.104601875827102
-0.0208253603623232
0.121722434965268
0.00600461044168232
-0.016671080552015
0.162889939119288
0.122693243463006
0.0423872879012303
0.0937029260109285
0.190139149754954
-0.0416160348291718
0.0391784604636503
0.172072696570981
-0.0219504587182901
0.166277179572548
0.0229334271086595
0.08316657661077
0.0941471645070495
0.163241462992691
0.0223075357690726
0.0410382784805654
0.16717868726187
0.162049066789669
0.0937431300729323
0.209200975133066
0.136574014704546
0.170770833471891
0.112155199979787
0.107742617157513
0.176881212366578
0.0268620519588439
0.105286468584012
0.131999463026449
0.200634994316975
0.218652592485291
0.183791110089668
0.19520571018641
0.149378139798847
0.0396233227214424
0.190528931325222
0.0425255994777883
0.137621000044312
0.0290098108837817
0.280281937705827
0.0197937199181663
0.165121096753185
0.0730547300977799
0.369416569317504
0.0429990092701262
0.127378068295768
0.232793731561617
0.310232419026644
0.165796935068086
0.163711549870635
0.216156395863018
0.242067204395829
0.222254360674041
0.171229063944085
0.0994534919347842
0.221755847341998
0.236484700726029
0.0870271701696578
0.218283743075743
0.0565258337465285
0.179755934024657
0.157680338812785
0.380256339208457
0.308263753258369
0.206833921893472
0.184548544053717
0.279558196865326
0.0194885318274346
0.107625161575315
0.165082391957455
0.178706116180118
0.0561735699185631
0.21215589753494
0.192527966723879
0.0342917031591981
0.178460265357466
0.275494188376837
0.27412538008233
0.381582998369911
0.167788956357772
0.244803522086896
0.27242752409498
0.367586242759751
0.19188826762056
0.163294466159121
0.224660662029333
0.354090881862562
0.318274856034421
0.160948722539642
0.277485257596769
0.291554799540719
0.101432873063726
0.358798024764259
0.355357901319223
0.274599211686043
0.283361614083727
0.167402622471242
0.251202321747979
0.192167200651227
0.190439784486735
0.320244797213843
0.26074364121964
0.273793402625798
0.243379146212421
0.383114338838386
0.13989922257419
0.27211047636121
0.370635651019271
0.328315706525763
0.301286572811124
0.444004947548307
0.313408400432334
0.262163102390925
0.369935293710884
0.366792345833606
0.363523760027461
0.234870302272485
0.356697008688288
0.345328938306064
0.256594280241114
0.375396361786147
0.325920839389556
0.324898897366257
0.284458721830552
0.296295039557599
0.32833110979607
0.310681600411083
0.390254258448056
0.353886236002205
0.328440445126836
0.29306313504229
0.394529287780334
0.407565426861452
0.341403839471877
0.198560372639799
0.347215613111622
0.340836753610833
0.248774032384998
0.341284234307973
0.318701250123917
0.281392172814959
0.422274469461487
0.396513921098849
0.426510055718655
0.375917789240157
0.277033540228323
0.245771379689075
0.358766802739453
0.302469479887595
0.31940554398073
0.349491145189023
0.387542616878217
0.347521667173911
0.539276290752675
0.558309834033138
0.434567973374312
0.485449898038981
0.369884717357292
0.430377769263024
0.546515009177591
0.454457918014569
0.491589556890453
0.404531973633168
0.361123288221105
0.452673607629174
0.194549704164734
0.261949055922839
0.421895458151197
0.283387192956188
0.436752787450406
0.509708289477901
0.536524982792381
0.254817151196399
0.519822193282408
0.426496094793039
0.390233815313305
0.421799389839595
0.383582746931762
0.377615349747881
0.298905896037798
0.646174602409681
0.389421393521591
0.633705352739928
0.532534807615979
0.381854503231897
0.440406842452959
0.273085361223648
0.418886094781553
0.474344357187741
0.565253224926035
0.446214957731149
0.527712064312724
0.426999718541313
0.423644755841787
0.482066825238317
0.427500819090313
0.46046449174917
0.29592321072721
0.400676995912676
0.436469293758052
0.467169538933269
0.414691227070684
0.434967554649428
0.575799758432322
0.376796435422296
0.533259241572043
0.550824122194313
0.479919780800658
0.651825193381491
0.454016462238119
0.592769746577395
0.537751535508714
0.602484539287365
0.436211090625634
0.512181535022252
0.470625178257729
0.518654512521478
0.565095465577427
0.536554953344358
0.524471346394706
0.471322233976343
0.564928515251186
0.552804111779214
0.539060812567797
0.459665555121866
0.635135259164284
0.411172433521728
0.525506595808905
0.427635054048613
0.575049681849259
0.532685044047727
0.4989676898559
0.538469836492646
0.672171572862256
0.609960413641718
0.478405485213759
0.409062300039191
0.50764221590569
0.557786404054323
0.630020980986809
0.525756346950799
0.578003613934634
0.699376067760241
0.551828020957167
0.485410119196462
0.692415738270596
0.526626888457815
0.562464101073197
0.681193015471911
0.626475611924989
0.344712353597039
0.548911344337596
0.651437816264944
0.502167347665317
0.705625800732395
0.662151047036043
0.46307978474061
0.587432193489081
0.610578025837799
0.601201701275106
0.489867229351453
0.546132055629079
0.551936154743513
0.733316679065023
0.544556520407456
0.430298366588244
0.672242999419914
0.497444392936923
0.731982105483707
0.708807563252646
0.655264104310172
0.591305406900604
0.683789167066521
0.60435050913958
0.705043712540962
0.670943890782285
0.531606021650594
0.667561860896817
0.745405945516087
0.572689080479202
0.714315492091999
0.634542099658257
0.660064184499271
0.613700126465121
0.758942567785798
0.672578280731762
0.686455718073226
0.683534566603818
0.672632192570112
0.578359537943975
0.726914960470718
0.757196936218779
0.741782906396785
0.781367079893359
0.577083594561346
0.674795152315055
0.633988826559349
0.689457821580926
0.708706305505086
0.79088086498209
0.829432731981414
0.730955479639622
0.467187727368998
0.639537862234293
0.646782320318222
0.687980468765544
0.639777201652806
0.704807404761854
0.659624844919976
0.719647009082695
0.715768359322473
0.729701407621142
0.791725428996381
0.721943474661032
0.798506959775288
0.798765185414539
0.729258155173541
0.678995955829157
0.885735624130616
0.63374048562388
0.630835255433096
0.771272825913341
0.708160871186833
0.584310166726909
0.62020907257085
0.608369629700823
0.648387985895815
0.757622961587776
0.701464635846203
0.724880245145362
0.680201413894201
0.602083060020926
0.718684280030027
0.831899609584078
0.664288509602435
0.746354285778227
0.662709723833415
0.7254949012126
0.820509125186795
0.780062711940968
0.853710887053076
0.698419737081804
0.88496814227765
0.747994515709887
0.830587826969967
0.72312893207779
0.813706473067662
0.921879291263833
0.756954821305403
0.778195692655452
0.929074480856575
0.896212367225538
0.692711942064197
0.853135889422257
0.853815091753971
0.745326120313553
0.845164000925512
0.789263445524499
0.842725950349533
0.726887133857945
0.68111879902946
0.907467201387864
0.772792200743584
0.69685572140207
0.675331242054041
0.768178995835926
0.985239065982135
0.861660479911384
0.840515788734352
0.865338916764479
0.982392333106602
0.755751228281251
0.74578396764394
0.856772418593539
0.742707337077551
0.834148735162833
0.941812185997609
0.94812707433032
0.822806081107688
0.90552364822241
0.808311864016699
0.741654062960269
0.838833469379862
0.80103751966119
0.774480623283534
0.784981219324118
0.790017224403845
0.881471794912257
1.01000557453415
0.968405883292568
0.94543675023967
0.799998029183195
0.800495904850195
0.883717777316124
0.978076028552231
0.748315469310987
0.892266493938461
0.81668836065088
1.03579405902903
0.876218761412683
1.11404493644553
0.854722977469975
0.930826004836415
0.877618429935172
0.936292188235694
0.888579774101224
0.808218972780283
0.938865722881727
0.98611277864775
0.916922950248094
0.792269992226798
1.17550780818798
0.962532491915753
0.844163018746674
0.790279034173236
0.905580150281188
0.956924568032611
0.6784840053567
0.948933683419989
0.84339406964379
1.00453124753663
0.91237310881866
0.94994165547406
1.05972647741613
1.01528797044328
0.958269265086953
0.971312059570977
0.92797349488229
0.972383670760523
1.04815940383354
0.920234953394843
0.907229436202617
0.992316377304294
0.886165256264398
0.966939794839096
1.0110421470133
0.983974322430944
1.11937600226668
0.928592942278155
1.15732015402524
1.01671563093503
0.932269344240979
1.05356304197375
0.87282770476706
1.07402425334974
0.90667488346254
0.864998367999856
0.961553411325287
1.0978993197136
0.979559165253387
1.06365334554742
0.928049139054542
0.890437545485338
0.964153003343758
1.02771909958069
1.07384623856935
0.996184199585517
1.01467505232762
1.11421523218383
