0.0705135581870811
-1.03731923690025
-1.02078122543698
-0.929589096929181
-1.05955553577821
-0.822549195242554
-1.02460297614956
-1.06340926128966
-1.04023317669813
-0.818209180434211
-0.854251497539197
-0.977705220677004
-1.07181830621025
-0.836124306205002
-0.855268127142651
-0.929058109009453
-0.972458610740012
-0.859799145626988
-1.07969671783122
-1.10120885821765
-0.86706876238215
-0.885373739092826
-0.956751798788103
-0.951140863079982
-0.940805044887775
-1.03165869706944
-0.853249899868499
-1.13906581211017
-0.847841915375092
-1.04343422430008
-0.849697981345375
-0.850292219023683
-1.00130789926217
-0.960603715124313
-0.88395480322407
-0.837970166797772
-0.958402514103154
-0.889967218312185
-0.90019214916031
-0.878473194609032
-0.937406632373171
-0.850666273583881
-1.05761024487317
-0.84226398574701
-0.860218669757231
-0.896039939635832
-0.894104476657904
-0.884164010260446
-0.771923401563315
-0.845523541358197
-0.794834749587299
-0.816493460830447
-0.893890550980753
-0.922964356019848
-0.861455478885335
-0.9860689590164
-1.08916248050793
-0.768805807487225
-0.860863351683787
-0.866197224555173
-0.831824709928587
-0.956639100782221
-0.895701207973527
-0.880097345331415
-0.739312193477517
-0.785988500276345
-0.697247918822325
-0.898224858901335
-0.834443328213805
-0.783055140053972
-0.83059761286397
-0.91210306038277
-0.956031709813603
-0.717845228895391
-0.875323391365953
-0.7980233223883
-0.817983794067586
-0.839634904376577
-0.754533859288511
-0.932413860138404
-0.863775271988104
-0.892727441120238
-0.926127447044273
-0.911043362632188
-0.743489071083042
-1.06227906215097
-0.788646668351619
-0.873240968688947
-0.664878765662601
-0.852908983207847
-0.90943371209107
-0.820509301469297
-0.737844343714906
-0.902105359300964
-0.777235431416032
-0.683072475540869
-0.702848244714894
-0.981422562043004
-0.755673387555164
-0.734827917471686
-0.857562491271423
-0.793843966578417
-0.906859375473153
-0.841274532181142
-0.823778458473478
-0.798207956679846
-0.797738469789815
-0.937546604104058
-0.835752670423044
-0.732919443817579
-0.641316872672797
-0.752738118746915
-0.824571197332253
-0.717032665940362
-0.734156806504109
-0.714458311904423
-0.854163779832067
-0.838616141738128
-0.724215475807233
-0.723616142092677
-0.764955861832695
-0.742801117841091
-0.799874221533976
-0.805556996889716
-0.810426366559464
-0.749002122188104
-0.613470098019249
-0.72940127428722
-0.88064789483715
-0.699596650259845
-0.633441957639715
-0.775095575318293
-0.665814009433919
-0.581142805141227
-0.715272689214914
-0.621291507282946
-0.802034101397326
-0.796308148187121
-0.692235955486979
-0.657945862998213
-0.776989119098248
-0.777210896062645
-0.852813368975016
-0.71622050706182
-0.68056216623407
-0.612954355044343
-0.668797734598633
-0.613252116314253
-0.765961505782884
-0.71662042367789
-0.666819404369708
-0.732327205882954
-0.692419597526034
-0.644698257848356
-0.793119229160752
-0.691141660967294
-0.676517359854457
-0.655394371090296
-0.706135689250068
-0.644027254086871
-0.573961777808741
-0.497928489116151
-0.614787932525281
-0.788958571799886
-0.642114858445306
-0.739185546715657
-0.65134114236761
-0.797573865747678
-0.80849792504542
-0.51437051803864
-0.644373234609259
-0.612253597210029
-0.728967835946623
-0.697057417210872
-0.536444505361427
-0.767296893967146
-0.574053951373608
-0.503682914116134
-0.821072633831779
-0.571025686528425
-0.530911054426447
-0.619977720238928
-0.794390018860186
-0.726733042181703
-0.572685453634668
-0.60731062776538
-0.499238884917221
-0.684033927600454
-0.586326249967816
-0.684018376424481
-0.699542103259487
-0.655770217734914
-0.76992166646255
-0.625351117033573
-0.601125025481544
-0.765115020404637
-0.595288875584521
-0.55991825587001
-0.604120994191136
-0.436606634587175
-0.389011677830681
-0.618594089134904
-0.588687855388225
-0.6840174052697
-0.626969873971219
-0.644207137399821
-0.549762300062933
-0.647051764229558
-0.645961338713928
-0.650815602442634
-0.617116797836776
-0.523524928543686
-0.662015688678203
-0.610694704327838
-0.473815132273153
-0.52087018546501
-0.525230876678989
-0.509646003064011
-0.601063893503322
-0.691810289100267
-0.446773644035243
-0.615640872866673
-0.591316908077412
-0.486915386681469
-0.447523270052653
-0.523499466938886
-0.501760075137589
-0.685129044890079
-0.497827695879113
-0.456616240901046
-0.573717029427562
-0.488614503462508
-0.590757631883766
-0.455561662270063
-0.520409890968376
-0.425544653560091
-0.51007968248914
-0.309193850094782
-0.47983443446543
-0.530544986132364
-0.544597996608955
-0.609696036697048
-0.620296611083045
-0.633568949118126
-0.39397436364257
-0.647453534646917
-0.507626213738967
-0.500712500301665
-0.498260496210694
-0.48506844915103
-0.498275950647017
-0.471588085097746
-0.526597576164881
-0.497335361963032
-0.410219775512809
-0.543449465374931
-0.534781156151042
-0.584424078399493
-0.444832868771244
-0.554234939695714
-0.408204975846196
-0.545349251415056
-0.633203904571205
-0.370274886846045
-0.467163304001184
-0.530309594471353
-0.436187489188369
-0.528220296747044
-0.4686225822426
-0.449170518751573
-0.561719503980674
-0.413646055942056
-0.471060777895154
-0.432417624011229
-0.489056524961394
-0.474973880084021
-0.518022435173864
-0.499870784333089
-0.473078801389828
-0.373841388727849
-0.437275402161319
-0.572039737812684
-0.46177012967117
-0.433591981649672
-0.347386031348969
-0.452400181764661
-0.49541821001221
-0.357623674927296
-0.448654808150488
-0.587402384153026
-0.410575996979833
-0.402892671980085
-0.453300122436103
-0.275913760277758
-0.369881291807974
-0.503375381396414
-0.348436836515677
-0.387939815091263
-0.345964135015969
-0.410437123889542
-0.38570675177677
-0.594335654365681
-0.404243920342102
-0.348189299367649
-0.340570286204357
-0.46947870452107
-0.273872260372862
-0.48348818064963
-0.480471904072979
-0.420635030648567
-0.453682352156329
-0.223347486443588
-0.383991623033241
-0.42110954492766
-0.280927418823801
-0.294517276278287
-0.51592647380199
-0.318486883268276
-0.273382580484257
-0.374141228381532
-0.0736800207473109
-0.305194725003667
-0.278978217917226
-0.285676574413908
-0.352583082976799
-0.415575055352646
-0.396197102622865
-0.387289589933957
-0.349514828488792
-0.41000417886816
-0.271552237289089
-0.381146851997225
-0.271647840452733
-0.319364571815593
-0.361251134779774
-0.387121226618778
-0.462495631463425
-0.36909693796106
-0.330911436410338
-0.201790983752544
-0.274530824112193
-0.391727843087408
-0.305388346028656
-0.349305323822761
-0.358022961031087
-0.360947746413874
-0.337755320095034
-0.23321056737636
-0.230515749965245
-0.230258359081619
-0.368800945630039
-0.382016040831618
-0.327113069011553
-0.270243510266304
-0.175661059964603
-0.301417276327579
-0.229597551633336
-0.416411273338847
-0.163982811848259
-0.194471868022169
-0.334080944946628
-0.267998094318692
-0.143642392835466
-0.251404722854092
-0.297685739229064
-0.226105702342704
-0.251081891568322
-0.19179332774221
-0.190074082893748
-0.108819628596761
-0.300035022175319
-0.412310792094055
-0.17475845995932
-0.159499326978696
-0.172129390243977
-0.366612734531246
-0.263967707583746
-0.0892031144534727
-0.340736441578275
-0.0334321630474828
-0.218183492809399
-0.256367248485844
-0.243411070197246
-0.258581530974913
-0.347693086587349
-0.250796032108093
-0.294076805274145
-0.327370585211865
-0.181591954422672
-0.123432052038826
-0.288459747673504
-0.268093989900721
-0.206626476615423
-0.256785505201303
-0.0556905563087128
-0.230823006301664
-0.147427896274698
-0.445341879263376
-0.112093382010411
-0.141012389112355
-0.16805792627245
-0.261974974793124
-0.203237564496058
-0.1863955977681
-0.287031041737606
-0.134210722685854
-0.12246659277319
-0.210085957976539
-0.289670417943578
-0.205862504651156
-0.103694003061438
-0.229920949258153
-0.16671424759122
-0.15092661013979
-0.164013104621022
-0.236808454497301
-0.0858021800422876
0.0356094699362568
-0.279697459323672
-0.166965589092846
-0.129997706336159
-0.0992819689964701
-0.220368623931754
-0.209732696867613
-0.0957428677293508
-0.290166724647348
-0.0965089968235693
-0.0918517702532946
-0.195679952973757
-0.242357029397132
-0.0446375023060776
-0.154526181337609
-0.20087006561536
-0.142441346736842
-0.146066162060065
-0.177428085738098
-0.0650897576219167
-0.0512973230455408
-0.169577997214819
0.000182941317411347
-0.0609883916706556
-0.191097962606545
-0.226019417654599
-0.0919045267740073
-0.185713173703848
-0.118206060584583
-0.154734758309614
-0.100110996057093
-0.132221647962465
-0.0231771219992936
-0.149474267219995
-0.292223595260655
-0.189398394647182
-0.118691137157059
0.0412178355400822
-0.0664281165412708
0.0139715960388148
-0.244022577299062
-0.171249025409901
-0.197528757188784
-0.125304642172267
-0.04005361181806
-0.0586129772588602
-0.275911392990642
-0.132823051191765
0.107370396129486
0.0066579176637209
0.0752754988579516
-0.0781345605113263
-0.0501662218721168
0.0991916871019289
-0.0192389730145092
-0.154457251724861
-0.0125144847605632
-0.0637869507554402
-0.136309640455871
-0.085420628984409
-0.127875094417793
-0.0380236062820553
-0.136752840470304
-0.0748089506436685
-0.10499331006641
-0.00599019719843296
-0.0135932512203766
-0.0877295039543682
0.0748512329057742
0.0262658269906747
-0.230992974798912
0.103963599936223
-0.0399530283438735
-0.0989253404043663
-0.0583770300373386
-0.079090625225903
0.0213754874686259
0.0216819259454088
0.0593600995465732
-0.0741097102098766
-0.00643878062540004
-0.127797988281991
0.0238945181524494
-0.0787386371799139
-0.0548302827197254
-0.0529052344854076
0.0530444041195371
0.103334973859464
-0.101263678668359
0.010435463019963
-0.0115632558119647
0.0758352008434803
0.0500914836709318
-0.0301979739624021
0.0665924834503977
-0.0650941075506668
-0.135124725243177
0.0651748130681904
0.168179595615962
0.0961039985064146
0.0329516144489381
-0.0553289926940928
0.151035552033902
0.00377317079075464
-0.0286669247716179
0.000366332221497371
0.0167317385097944
0.100451347173143
0.0752546433114067
0.0171346779682865
-0.0542509457199954
0.15487384935689
0.0218418941323149
0.126250781818561
-0.140390201314888
-0.0491401041490091
0.0848579824157239
-0.0138551844624711
0.0220992365672256
0.0925986916350816
-0.00927747766873316
0.122337536826374
0.144755482027971
0.18455211903667
0.267492362849492
0.12901793683908
0.0504843131672938
0.0913277039457612
0.0689310477261782
-0.0521127304376065
0.0386431782636004
0.0621784243229325
0.104105844106702
0.0858329295068623
0.127368207663802
0.0959430570568344
0.0545290788329108
0.217449717018501
0.0389872905617412
0.0095665729055671
0.109986849896612
0.108786623081707
0.142696825831648
0.193440006774838
0.327065011551197
0.207357694508316
0.140663499825413
0.168116871584128
0.103690025232431
0.142772367963667
0.327566837197871
0.133166952670794
0.029254965112219
0.233981839411078
-0.0160523756569576
0.177272780453416
0.0985873449241172
0.156740701543866
0.192667237405156
0.06509115275273
0.224659627647674
0.0689989549611062
0.0845176859719036
0.209716769499746
0.0359111781020207
0.131135509645384
0.141724997977613
-0.112361628218234
0.0258749822105614
0.0874814979829043
0.237688568648793
0.216928701769215
0.171824313024204
0.124315655367196
0.134528488272606
0.300204991623252
0.11930475688881
0.105422317927131
0.188629237124017
0.110068752464257
0.127452460849373
0.090258941261368
0.151978536613997
0.238478352874961
0.178879920936978
0.068977774222394
0.168000133003141
0.128453897853336
0.0310750145861571
0.326088194781276
0.265572730222385
0.155070837608315
-0.00104721073091613
0.273500423494905
0.255780888354254
0.264267584228296
0.225297806129209
0.30064417925989
0.201190146478541
0.218842739425573
0.146770868647694
0.217198565371534
0.39484167148979
0.233299251601059
0.208301953667505
0.325517024094373
0.204043721595835
0.171462341503635
0.200137520151475
-0.000272490550324874
0.16769772572375
0.263101661722497
0.298332533963279
0.254902668648501
0.339700715059667
0.204339170454618
0.388724111799256
0.327685287553921
0.36211682007024
0.350508635155545
0.198159028735782
0.297626130604877
0.278012107417394
0.195608425199922
0.344795888024628
0.260083256619778
0.198647227163584
0.31609238435607
0.145143535775857
0.244792045123271
0.383232651177334
0.289760081432727
0.22355407617535
0.304454686553609
0.309593844647688
0.357516287077716
0.357050593963887
0.14684796456175
0.422388967353673
0.292386647644303
0.431075276022288
0.301132230584887
0.280697251826355
0.28869339996
0.257842765878958
0.287660152631266
0.497475570630482
0.264651971371622
0.419326959638898
0.438669230610122
0.202727351100585
0.284225137277035
0.195125152617362
0.241550999910903
0.359944086379083
0.2581214563165
0.248885075697752
0.365191506242635
0.33684435935266
0.377283389988451
0.345397397951571
0.444962074389278
0.537320582600033
0.322674901651451
0.347559598015262
0.389168648767812
0.491430940344395
0.3261773536991
0.437563389365822
0.258915680588746
0.123400615315144
0.443140174070453
0.433818469342054
0.320615796063795
0.227435879837534
0.469661099949046
0.313536287757246
0.44108676149429
0.248733076508037
0.319831850333383
0.394490280770927
0.498214109520136
0.407048148254304
0.324875158154767
0.323168547278026
0.328184053349397
0.344975608937951
0.430068401380577
0.452283934651218
0.496395508868684
0.286713426462136
0.466087192941651
0.398266930420467
0.27305249477973
0.495249745718086
0.529193821909358
0.402771086277406
0.369168001675577
0.463617341062663
0.468674003457912
0.36092884823525
0.419291414524354
0.370417423288492
0.521926223705337
0.554499335301241
0.537408873788574
0.525263323653738
0.392331776162959
0.468599731110609
0.544566024564436
0.556411575524882
0.438897695942184
0.343514752454848
0.419338472507002
0.536935504639873
0.472153040516876
0.514902694348424
0.503578386093256
0.481141293702607
0.339414103560071
0.47534082779476
0.335739999464144
0.53080071904825
0.460855310389075
0.470341272842225
0.468631827929603
0.460721620985362
0.493750257904569
0.498166124945068
0.467062530194653
0.433684012093522
0.528830759816674
0.418935778846884
0.544684846328213
0.456935865887607
0.47872939437183
0.449734047187894
0.348684357801237
0.610733514998636
0.597208743534841
0.443948917374288
0.452284501962504
0.467194004289611
0.534157469917537
0.503539387456459
0.546612131825638
0.548460918070719
0.441046772422128
0.576140109855704
0.615778175489632
0.491311151181973
0.642467666551955
0.366757516217968
0.479230393729153
0.628112914511462
0.585749024060582
0.445172021937162
0.523061550261457
0.585572781842913
0.488694790223548
0.555873578622728
0.328420913499713
0.544963330592616
0.50836763070359
0.552066146344215
0.519227031108764
0.678038655801997
0.677842203833577
0.612629165078564
0.494170201551529
0.492263681969015
0.642566830875395
0.388281242312675
0.457839963201109
0.576084055731446
0.576383602522208
0.607926007485228
0.605392230701141
0.571232810707017
0.417165047697033
0.58969034807663
0.541971468682282
0.632671714796708
0.582969192363099
0.659865240738073
0.625722411673351
0.665120927914193
0.671495941777973
0.636829778859907
0.686159233148177
0.676002157953476
0.526475129781974
0.757064626864299
0.581906607726431
0.719870341872026
0.69342558786722
0.643907140684346
0.648126206525499
0.73469185150062
0.840100867770357
0.476915454188811
0.646065448336496
0.711764898391816
0.559910230050653
0.604961549458758
0.781767336493877
0.599648082004909
0.627699324160772
0.687636124503073
0.71422342711092
0.749360468563075
0.634625365122493
0.637119020178542
0.568830017396942
0.68647876785629
0.717774506017605
0.636184528916159
0.679887961966808
0.735306544042289
0.562428065014012
0.595204157257291
0.836547467127505
0.628833101750998
0.595388741431717
0.676895476330262
0.746918759404705
0.559642475593893
0.777410073405481
0.72382225548272
0.72643152067775
0.72382126996698
0.752894208506249
0.791474784821183
0.758110733107273
0.647547072231622
0.672694545454313
0.729465537037609
0.670297005425197
0.680255917708051
0.743199113730953
0.579930624922015
0.820296146028497
0.806057051090441
0.767833595608212
0.749571540223021
0.809470866215777
0.791709163119762
0.811389043209474
0.802770790692417
0.818857969132183
0.695078090297
0.709757281013009
0.728634268630414
0.696526392861989
0.705767132640251
0.790993566954851
0.827751056368419
0.732016010487774
0.79183402441756
0.62053035269001
0.76947201516663
0.796173615007172
0.826169037979847
0.74612234543999
0.809980451698269
0.745360480649272
0.722613299257291
0.826239022984096
0.769262452215136
0.752601011823518
0.657207676653257
0.781838461856919
0.57538161639093
0.802329201854507
0.755418622332069
0.767715053522477
0.780099134323245
0.793058305997109
0.796622274350054
0.807376670454092
0.502439193178827
0.916633074422457
0.73121698345714
0.707315698529885
0.864421367697901
0.739225997576195
0.606190748361596
0.584737186117758
0.830480490103554
0.845196233352528
0.85723108895831
0.673267037058616
0.716054651805518
0.791625267702376
0.828947555137286
0.755051990552352
0.702257053240353
0.864152326246599
0.902176092567008
0.765472557970062
0.952211256567406
0.816859791509231
0.736573387693924
0.922864356739678
0.94229522062086
0.766788267630389
0.956229347463031
0.786285514041752
0.656395390220714
0.91952263091034
0.962106761011149
0.890283835309819
0.846044053927114
0.865638813299773
0.784959989693706
0.924068621507637
0.832384580145843
0.768002729625504
0.914813775447873
0.89078162228923
0.863630241093172
0.905339494662344
0.916454992760805
0.947515416608991
0.880735324357635
1.00465335348466
0.803339315469135
0.991951577985131
0.878558627954754
0.880161867733425
0.835382298170225
0.870597530010562
1.04824152952784
0.946552474845857
0.90135203763024
0.866921217213394
0.959796680712811
0.948973923834278
0.840439942262846
0.941722294298274
0.786588196885523
0.917835819839225
0.971371884032717
0.972110237041111
0.809602480925759
0.978985423449496
0.929617010899137
0.868255962036185
1.04169912964777
1.01745949339799
0.698303040799772
0.99804385356697
0.848821997881582
0.796448708208801
1.08090932704492
0.905831355085571
1.02554001767957
0.951568252184671
0.797414207954002
0.764064573474502
0.965100091334362
0.999391302344057
1.02254383636334
0.969225481138507
0.863392792186682
0.968670164293014
0.947847315771395
1.04784475888255
0.962495442059261
1.15913357027266
0.969650399894699
0.981952988379245
1.07290816483862
0.892779057295557
1.11403371115319
1.08349579147097
0.851756155896389
1.03746860035347
0.953219641095199
1.00017148228493
1.03597677204269
0.974565935033252
1.01147149947924
1.07441426272174
