0.155736046646832
-1.11042935362018
-0.925571235855444
-0.953376725990525
-0.96406619668364
-1.04931191527463
-0.948990513715859
-0.936631286444282
-1.04401521999364
-1.02545445925115
-0.917593612261776
-0.984773108290532
-1.02086052043648
-0.928258143122585
-1.02151821513693
-0.980584339004415
-1.03571471122765
-0.988500257645225
-1.06271407048994
-0.950358733318301
-0.953130334654309
-1.04423420922545
-0.872204600208558
-0.904353916311618
-0.834988688493527
-1.03291251557309
-1.02245252565921
-0.952163480394653
-0.862847592676328
-0.965979709615171
-1.04425200049587
-0.944228980279247
-1.08238737118758
-0.870293265026969
-0.981778276343421
-0.889831304007885
-0.833326836544551
-0.955101923419106
-0.823613417448699
-0.777051620153223
-0.98135375384443
-1.03070165367672
-0.655378424110395
-0.919028550714082
-0.94333655395338
-0.831294911604502
-0.881429466039455
-0.928165370896055
-1.11408356669685
-0.969140106060182
-0.824130202752771
-0.844544380453875
-0.877348294382064
-0.778927348609347
-0.816280383870641
-0.977945158737698
-1.01388019835642
-0.761371568145964
-0.988460072291774
-0.886330649864447
-0.907948468017462
-1.02319616614306
-0.891713126611281
-0.816401094701897
-0.971910203060923
-0.914162154340303
-0.933509689446941
-0.783630837672681
-0.922433871423027
-0.986930250886547
-0.916482471403558
-0.95433210360147
-0.711125256297675
-1.01115157972308
-0.89296564868094
-0.844688913236018
-0.805687682965799
-0.736605490991757
-0.845776100385345
-0.746944095945943
-0.825301541622117
-0.898185444357125
-0.819398159900019
-0.946763543147273
-0.690098386354032
-0.922088345908965
-0.82663867200339
-0.980686788388093
-0.832656636561596
-0.855740466457544
-0.761261057269372
-0.830076875943539
-0.822144272531181
-0.791230886977417
-0.781866032723849
-0.891678688671569
-0.688171803586378
-0.855084977722767
-0.851316862590023
-0.879259944074512
-0.806799375269165
-0.89092003401712
-0.819303797555177
-0.729481828696122
-0.82346878002307
-0.768942106708668
-0.788163305671464
-0.856461461297495
-0.82665829948129
-0.970448752266459
-0.74472672699402
-0.806886425899566
-0.755007944881153
-0.82504045855705
-0.781674067228187
-0.754988879755933
-0.729294275906491
-0.867733111477069
-0.741666283590907
-0.677862388853747
-0.766536226040371
-0.780813203136188
-0.787305174799918
-0.800005184014849
-0.775597881590809
-0.749510526423504
-0.65576377629146
-0.733025564077541
-0.745787100791003
-0.80695766676974
-0.764861037861561
-0.797722012679389
-0.773015061405594
-0.822028239325366
-0.695134541101947
-0.553277643825242
-0.770302701650662
-0.633416873133221
-0.729308544567414
-0.686188959382818
-0.702193755694545
-0.607325794645565
-0.832951541211709
-0.680629401483819
-0.759211638714406
-0.80197752526442
-0.707894874904629
-0.693487963935196
-0.661804023419728
-0.745107883556643
-0.667473312405184
-0.650438159716014
-0.690685230701744
-0.629737067579293
-0.749470817344698
-0.709762188649905
-0.652477355962023
-0.560689523592698
-0.651607313647946
-0.665915670709593
-0.699154652351663
-0.669709370933256
-0.542977762812389
-0.718442275901582
-0.691036703529198
-0.805965652964834
-0.650835823915723
-0.691842718474364
-0.4700958314146
-0.707555671520032
-0.722758196602157
-0.664725037356437
-0.590126309058594
-0.731671885533357
-0.652515731139678
-0.692143560842837
-0.659608289096037
-0.682444788566915
-0.619876781584329
-0.82561422877744
-0.673528528032035
-0.690615152881499
-0.684774864909626
-0.724424666274769
-0.716081906524874
-0.617474772414685
-0.549110617429601
-0.725973889382051
-0.618496802004091
-0.730539215531667
-0.631555228863118
-0.705579631371457
-0.747651259298887
-0.669000147930208
-0.566067282146079
-0.391154575897951
-0.640589139508631
-0.558890624957599
-0.720736986383433
-0.623644832614335
-0.508985547149564
-0.576656691822167
-0.574999212083796
-0.59551640131261
-0.580543914938547
-0.542913320581469
-0.656728097424521
-0.452563597998616
-0.679824906268441
-0.542126595714829
-0.51531411023718
-0.629980328247184
-0.622003923825174
-0.532449689268068
-0.630568888946045
-0.637869438406229
-0.646364242058101
-0.452046022882359
-0.508451748798587
-0.48571360421008
-0.557216242840947
-0.630456242310503
-0.582594009654578
-0.573318127578365
-0.548600077187953
-0.529200181639825
-0.549738847577212
-0.595134675516054
-0.420806541868236
-0.532936730456441
-0.519580785817656
-0.418343164424281
-0.5138103331388
-0.52447960285329
-0.462083231027776
-0.509746525956788
-0.702849757245576
-0.402897295815583
-0.437201719577468
-0.648142506657622
-0.530477966487484
-0.539287451760533
-0.470430759514749
-0.478996421787032
-0.547366178189802
-0.527054238977015
-0.572358049013532
-0.519455047111104
-0.386072795252555
-0.590485300888971
-0.489783146952568
-0.633617727115383
-0.459507224953289
-0.393314697683075
-0.44391384468462
-0.572714430769598
-0.545386603402686
-0.346371997873802
-0.463861783300403
-0.476189009513282
-0.554275178428235
-0.486710313141788
-0.469251102614355
-0.361984734406319
-0.601702789141064
-0.46416662832966
-0.513269039514031
-0.40426453149665
-0.471209299338784
-0.499697547754072
-0.634822539560154
-0.394666221593139
-0.653079306619101
-0.490667348178745
-0.399683891128594
-0.476237093661021
-0.53324606966139
-0.439628250499904
-0.432558917026874
-0.502589457037369
-0.40793667672227
-0.464794091299718
-0.502227714493287
-0.54600852592023
-0.509816937843706
-0.395096300582142
-0.574117880643746
-0.46330291647084
-0.383157481241669
-0.444878135030033
-0.428871293996096
-0.426811809489057
-0.377993248436932
-0.578084334857213
-0.459008566644163
-0.368410371336625
-0.354438591373097
-0.439727203041146
-0.402021689339358
-0.321015359674515
-0.477098817691487
-0.554565340801221
-0.369762762115533
-0.362071909032905
-0.576135526763799
-0.417370248205884
-0.382563295932199
-0.298933874204776
-0.371238655664912
-0.362274427979391
-0.251393205897427
-0.462256597275622
-0.323940906364255
-0.58754163549044
-0.44277527422343
-0.301312433321324
-0.388046183920634
-0.322612116533543
-0.398508797749952
-0.376330597514796
-0.44830086619939
-0.276614539427876
-0.423369075837086
-0.337465658302044
-0.389606067729164
-0.358295964248028
-0.347853399838915
-0.293925973268389
-0.377087824101475
-0.351600080853435
-0.429249218708794
-0.253836746087304
-0.386297316602202
-0.32603113457907
-0.225019774069652
-0.289201819210864
-0.294582988921467
-0.499614819374268
-0.243616490297426
-0.153758100965518
-0.310822718918742
-0.405602491204404
-0.205695732832204
-0.25590319097921
-0.340511167567377
-0.376605869814743
-0.347509187336198
-0.55269215159989
-0.301631679366861
-0.313759754830697
-0.30440043858895
-0.245598242844342
-0.38282752145696
-0.161147058876931
-0.199230661637561
-0.312345293485092
-0.269892834767773
-0.251312745908131
-0.334550186303829
-0.290158363979367
-0.418435355215389
-0.214131610011592
-0.169139424568302
-0.400864463469803
-0.355249939990835
-0.359746215375145
-0.316696130961083
-0.242861364401262
-0.25385647289694
-0.385318844918528
-0.197431240192844
-0.225654952846315
-0.0308691431741413
-0.203687069502832
-0.379436584792473
-0.195783282111093
-0.252466816918352
-0.279147901054218
-0.245628598692694
-0.237577057514342
-0.423573000431447
-0.256179513210718
-0.243584401187462
-0.22250662329871
-0.214031052449133
-0.323005193986778
-0.0018615617335011
-0.0911863248481534
-0.206530474036664
-0.391630653618394
-0.393373060929209
-0.246109439539328
-0.257081375372787
-0.318956123315052
-0.248238878893676
-0.399316377335502
-0.173591148823942
-0.269491093527705
0.0047081801976211
-0.193676711199384
-0.280635609369136
-0.124914460190695
-0.154525121989472
-0.204364282053608
-0.127273303981589
-0.168293809121706
-0.21876627791447
-0.200257970717017
-0.31814569709505
-0.085312229398249
-0.10502430342518
-0.278418101678357
-0.167368755446985
-0.198654394850741
-0.170903017141645
-0.19470018439192
-0.217277126229269
-0.156459688035756
-0.36834231296083
-0.0997268164939829
-0.104941763742336
-0.136669242677565
-0.215755570777695
-0.0575946009858217
-0.339330026767514
-0.299594955209773
-0.134072602741301
-0.256693903282464
-0.237302238903846
-0.175549356042081
-0.0984317801518432
-0.208645530968312
-0.165159190431358
-0.140654836771439
-0.0713645963941086
-0.179806932866117
-0.0103705064641933
-0.128034731558113
0.0418615317179866
-0.0107895166754251
-0.0589716249369667
-0.0963296334966067
-0.16882941799034
-0.180930881961544
-0.0860596892610607
-0.0717010478177101
-0.188093958455691
-0.129892879867799
-0.0374511977253458
-0.153631022266482
-0.073570778240887
-0.249380141528692
-0.0992776672146788
-0.17785205192464
-0.0236585381363478
-0.0837633119996455
0.077076270674165
-0.0876479194031205
-0.0141856423451938
-0.0802612982824742
-0.135907877264561
-0.132128442339586
0.0523423916334217
-0.0151390661380085
-0.144612683999894
-0.0215298706386065
-0.0215829890065461
-0.0776403943636895
-0.0726254712372049
-0.0376825998480676
0.00292740237831115
-0.154352240413458
-0.0496698572795924
0.0886779028457338
0.0266494038987058
-0.196406619817572
-0.0342340067799084
-0.0558494593160892
-0.086065567295212
0.148921756537229
-0.174312048038401
-0.0664108819894981
-0.0301413108276998
-0.0726525386177862
-0.0848919193387755
-0.0886299661175862
-0.15212652816696
0.0472469035962938
-0.100266072317559
-0.0327365457125488
0.0145922490007415
-0.21209833715428
-0.0697067231254134
-0.109342650846987
-0.00315108859061453
-0.0708660593725829
-0.0423226488729422
-0.0115450743494303
-0.0672537369779208
-0.180659552947013
-0.0458210742300089
0.0548937191162364
0.0916630396778389
0.0472923488645894
0.0968713793838266
0.0254943461459016
0.022411001570384
-0.0185790224416453
-0.0309035583887037
0.063303142121594
0.0550043984257585
0.0167984051448373
0.105303472770855
0.124874273344557
0.0462062539598507
0.0214913263486661
-0.108886696024119
0.104724740742622
-0.0687577250770509
0.0687216332376954
-0.000887851493690222
0.0655568272804859
0.206710676032355
0.0828918539215436
0.114714836474406
0.0688068277729451
-0.0155684171639101
0.138749660961457
-0.0160836761531705
-0.0251110961539257
-0.0244928706443289
0.0570128610779048
0.106368595650565
0.125634075183569
0.112199718117409
0.0450719924741212
0.0531477867381734
0.0265958317950357
-0.00312671872921869
0.0838745244377129
-0.0761925628552868
0.143540698436672
0.187508181417841
0.0893788141811559
0.192963160011032
0.0986591644498399
0.0407615554771296
0.106643174406116
0.10090672047156
0.103497275956774
0.113782571608487
0.0710978996256078
0.0403733678557372
0.131589174578821
0.0231388966472387
0.108331980293595
0.310283636238026
0.142913521349172
0.220738647235219
0.0989343125521666
0.0873970869482381
0.145762347958863
0.224867585056142
0.103879375182294
0.116177990250971
0.318129943625198
0.0582230684730366
0.264372632293549
0.3029615640056
0.0872329712383184
0.121747639244156
0.25234897920933
0.0921773958088076
0.276817062101226
0.0835632029948544
0.344962915651016
0.0013768407023003
0.14867150422418
0.0674002531209142
0.202936926302808
0.0167414135726204
0.0405354025098237
0.151355789984609
0.139107667718451
0.272448791231679
0.193064036999616
0.14726423673701
0.245283545187906
0.178558376363062
0.330396907456513
0.206321144623427
0.321049871535335
0.0131411000964417
0.250220274223619
0.328497676775856
0.164985264604476
-0.00121968356775186
0.0747851522851249
0.185467100472781
0.216657713610847
0.194779074145019
0.209567954100737
0.0389060693473242
0.120721088489318
0.0416764825839984
0.19347189306858
0.163450754909145
0.291473379873407
0.0879798536496409
0.192211496936277
0.332161391392019
0.220012675129886
0.122307625371001
0.310624591225734
0.183187768578044
0.153877914965939
0.183862901899381
0.182570339481914
0.288224053271828
0.23144854418426
0.191666385074245
0.161876057734039
0.472652275122182
0.401160911104684
0.17720719328659
0.185134086496447
0.210618869321483
0.138784958214619
0.206739135251932
0.26208759511814
0.238807057964269
0.286177761029428
0.176976562403821
0.396787914135418
0.279654674246067
0.274700523836552
0.310357348104185
0.208081817894852
0.323245716788472
0.347732203715533
0.253267858481089
0.343360314700437
0.321836316681297
0.271824977757593
0.272327879688166
0.356471938027254
0.247520369411052
0.423281579295532
0.241222450805226
0.352651094874334
0.163183295458354
0.320267276122419
0.46716197201204
0.330381607357376
0.273349234339092
0.358955095886129
0.305512181458334
0.378722674995276
0.409680983913348
0.187123355858845
0.529100410127674
0.266101349145572
0.273675814302957
0.25151687650002
0.452602471969327
0.303904950658757
0.51533332167462
0.218286706820828
0.242578958127722
0.306653801238661
0.464142502758391
0.240078975037255
0.298052836529523
0.222345520142339
0.165410226802294
0.427528815698385
0.33213614683235
0.35459232943709
0.282363651961247
0.273033217608656
0.257371740986011
0.269356377867218
0.362217683392995
0.229227516142272
0.217327306601244
0.318773813700125
0.563801061812543
0.368711698501807
0.448338096810157
0.405103438413873
0.444754856525541
0.311984462990764
0.418331049525088
0.354658621484789
0.591627460278578
0.451599369112411
0.408575324782964
0.453031290794855
0.376191629545839
0.468948140438162
0.407679753616207
0.469568132627532
0.302006042490082
0.39168261951887
0.231933666104404
0.441843631646322
0.245851701127961
0.358906363694175
0.306468617755715
0.436696655332931
0.546795923369115
0.401237189040105
0.480389783426111
0.375727293946046
0.326749744427635
0.45197190722361
0.471902026048904
0.386380415197515
0.28493589237427
0.377340359811799
0.519480111635839
0.446571881249046
0.530725007393268
0.487184180581895
0.406998927887031
0.622066024458731
0.450848960606662
0.216395856763091
0.41098353131135
0.506109660739053
0.513519083423499
0.487353644122372
0.454132608860926
0.533634424748357
0.419589082622943
0.493183548251566
0.367730683695498
0.498333644863055
0.485355982971168
0.436408726440576
0.532032360957643
0.412173846741368
0.472267965017304
0.484353040155035
0.405699419778078
0.54051403232157
0.378202924461296
0.404021368085526
0.438693127789109
0.523167666459359
0.420072114991493
0.460045643922329
0.465020339027551
0.448518780159768
0.498596441883862
0.559043780163128
0.622479693459819
0.514722420262524
0.431890747041306
0.482478843317398
0.392900082632614
0.438545305341953
0.500258047557695
0.691479358097214
0.442690187406278
0.427128607313486
0.499984509110701
0.479532854784807
0.675677454945366
0.39792840154752
0.514805651737936
0.508139539552311
0.456040200688158
0.551321654999569
0.636011706079205
0.56765224219272
0.352595310178426
0.514982893839752
0.581928847476292
0.467185396948096
0.630561723302197
0.63922134652481
0.649172023003228
0.630520800325703
0.563372662313708
0.556929551833296
0.493889721733301
0.549084932803731
0.649207750377264
0.615929734614814
0.529906787187595
0.677279474180658
0.63945464409255
0.554097436273138
0.572873159739272
0.71857996203217
0.479751789846115
0.65576566947273
0.597107571750791
0.783927174031972
0.525358173792882
0.468501712837521
0.545203962224393
0.649234636899716
0.595679843408213
0.684279025159026
0.600867203995883
0.660792598872514
0.753929797276582
0.70350042599843
0.620962510468902
0.627760387695081
0.647680299388282
0.727793222532548
0.622477368658478
0.595214011536388
0.618404003670216
0.481754205815353
0.606335204509615
0.519574881121007
0.665472706309986
0.425879651951027
0.73580330961135
0.555397980488358
0.608006075793282
0.493883479132539
0.552777677928841
0.687377202050726
0.726685165924648
0.705480271373427
0.563325481323947
0.677938041600661
0.64968357214904
0.663442019018018
0.786468799575596
0.639775103568047
0.605260425431471
0.592073276441164
0.705759105283996
0.732902469617462
0.807340476776034
0.563535298318431
0.657091721252596
0.78394551684526
0.743672054320871
0.685345304703767
0.633694137320823
0.827684220169956
0.618190337099882
0.773631615899215
0.807694108567719
0.643021870747853
0.751631590961063
0.793235976025594
0.725693688610619
0.739681385512902
0.81634820330325
0.592783929523149
0.806925907750031
0.755879154111269
0.721123545482583
0.697658491633181
0.784997370995441
0.756689956903463
0.762766520970868
0.847588499784865
0.672145828617463
0.660673593310439
0.608144107169932
0.765982349343785
0.750206348959332
0.638814666742323
0.758079860313127
0.726669380463458
0.632796893216272
0.981695937435079
0.805109776455736
0.707382962686566
0.929832611282252
0.724326938674428
0.788897357796116
0.545087168702209
0.712450756942927
0.720100795433701
0.762311673565743
0.769965435832959
0.76526176811471
0.798976200831137
0.840745515992896
0.7304759781701
0.813050086835275
0.789387798725852
0.659154061834295
0.720843802015929
0.719545911686479
0.744032025564086
0.781410220494158
0.74747473782217
0.767767613251668
0.886847591397532
0.782390938742277
0.692431961331795
0.765456494634687
0.74159636234399
0.742408309044832
0.797886602609175
0.842287014942353
0.824351108504884
0.924990094814784
0.840046000266583
0.719755832283937
0.978972381433678
0.734550601427603
0.878602899945144
0.800856470918456
0.920435919653622
0.792201041382583
0.693116136173693
0.839497809789086
0.87753991428195
0.836361982376441
0.672032921145113
0.862345651747374
0.88198018216164
0.913936787661288
0.919567470969742
0.863912498635776
0.89557185277897
0.690726933663795
0.952586340583772
0.91073600360297
0.846845247520661
0.799789677335016
0.817685727508334
1.02614345679528
0.884029426971073
0.949287632378484
0.85789199033369
0.903229940056973
0.865524361122769
0.919920190830558
0.959540519033394
0.994271290828905
0.879359089368798
0.917794016123415
0.95855972211534
1.00036247693023
0.751988447791976
1.03286917044273
0.835661584601047
0.84871373179602
0.797747143737143
0.812806863445577
0.934422007824059
1.03151564144085
0.941149514280905
0.843865112185868
1.01201998657982
0.965927585224224
0.933991910923654
0.895010952538259
0.939290210811778
1.01037160790819
0.879781399578735
0.795233685471928
0.905897520484238
0.953496090691822
0.83987641477544
0.983552017758525
1.03784619132753
0.846217777026945
0.829143591660985
0.934523249471841
0.845372211424052
1.08376921800564
0.888203817949033
0.968295913557123
1.13539855288969
1.09460081931844
0.849843498551629
0.928688103823831
1.09151324420242
0.861093173143126
0.923385843009269
0.869706130420514
0.834692245552806
1.04622145701506
1.03206353111047
0.943630410945769
0.992752004342546
0.872030626985789
0.85823810870679
1.00655543140685
1.09021558390252
1.20099713494217
1.13434279752316
1.11345990676059
0.991740614655887
1.0462223447688
1.12188117104904
1.0479324797826
