-0.0610189840232615
-1.07737950401278
-0.936268073947756
-0.89706342457081
-1.00666886600326
-1.13192734361796
-0.906756313652897
-0.996660668846552
-0.952236924552971
-0.967506730068808
-0.928486193916333
-0.855995593089149
-0.945646296422874
-1.02867664696675
-0.99835685604609
-0.958845540065098
-1.04981349087195
-1.07770321151119
-0.973404811430893
-1.00127747688922
-0.876991552389614
-0.9502000796904
-1.1826347205269
-0.939008020817141
-0.910490234449598
-0.880929566325113
-0.945597565844323
-0.964218155400832
-1.00861949710762
-1.10054213633493
-0.939125030564782
-0.839177528805031
-0.910773109624897
-0.921331203009116
-0.920900033056825
-0.892139331095798
-0.875403881696153
-0.933560803017025
-0.85727257529476
-0.818759177950892
-0.840575498240923
-0.90104453434966
-0.878201465254172
-0.942551285171987
-0.97099451015108
-0.792981586196346
-0.884982032255675
-0.91719279801752
-0.901092176828903
-0.904890367977409
-0.945972534972384
-0.884558117151217
-0.864005983047104
-0.912239458550455
-0.995120044224373
-0.865485142845967
-1.02890630024839
-0.882395043655161
-0.944239551304638
-0.969213063363735
-1.00708849614301
-0.79150150376598
-0.886600872222232
-0.851967277757493
-0.721475643218408
-0.736124754104697
-0.901050045074826
-0.848750990538394
-0.851140163612723
-0.63296860836379
-0.934315395671928
-0.832234616310517
-0.816621890465338
-0.954640691812723
-0.889893524344779
-1.01755023025679
-0.876873685347339
-0.807010545903935
-0.888729683097726
-0.812527602022217
-0.79538313180298
-0.821704748172774
-0.794682502064819
-1.07882497812175
-0.766048147189731
-0.781712505253877
-0.842678138203799
-0.790269672214018
-0.978336655185925
-0.75988337134591
-0.780433162472008
-0.758178430657909
-0.913218580827322
-0.622773401504253
-0.823026448587989
-0.832490097771647
-0.732632145355377
-0.851819867324571
-0.857605927014019
-0.813229499163601
-0.802122870109569
-0.955923844126621
-0.883391685784093
-0.954520099891695
-0.791606902933126
-0.838376066782006
-0.627756254256828
-0.863505753768138
-1.02131261931207
-0.79142057451781
-0.828269195813065
-0.873135417074188
-0.774989420241845
-0.702067216599272
-0.78730757880968
-0.860318390186047
-0.739919367348034
-0.803560356402345
-0.666300488114846
-0.708441118491067
-0.764076557007083
-0.625951326052253
-0.773308230559005
-0.66647060397527
-0.639953406556255
-0.768862657212447
-0.618020843672698
-0.826728463744378
-0.777732917020026
-0.645414841740207
-0.850715794776521
-0.688071900082614
-0.905299147031477
-0.717419198984431
-0.733635263177864
-0.708180915051776
-0.794724309334127
-0.844098151042069
-0.723759620295464
-0.757953046268719
-0.580996700515852
-0.616764441970089
-0.709492264191719
-0.695232381832481
-0.579746072631243
-0.571399475984303
-0.607656334283634
-0.755287802605304
-0.663527944269074
-0.819941034327729
-0.744664783888564
-0.652395294471106
-0.77119203641399
-0.826468434562928
-0.66253954512754
-0.655395828653813
-0.703898619679372
-0.748783136763111
-0.668209641761158
-0.591403203195342
-0.82638372491442
-0.56658414659274
-0.683816995975196
-0.502063481693426
-0.703094329879585
-0.752150866537067
-0.676593524666333
-0.559151859315558
-0.56395073306322
-0.702677237961401
-0.669443676490846
-0.761148504671609
-0.620835788432414
-0.643176794172526
-0.624141241878872
-0.712602206165689
-0.757102071182672
-0.679651059424941
-0.868066366552309
-0.642261749696028
-0.559893814397402
-0.804059147391177
-0.684111911668017
-0.60981977927209
-0.54361543730657
-0.616418837523812
-0.667729727876406
-0.622931183444173
-0.621867747140475
-0.563710006036222
-0.791924293878882
-0.614435719821271
-0.615547233511192
-0.699713425406418
-0.568469662393443
-0.561325949553384
-0.403021063991053
-0.59830928505291
-0.74874553866745
-0.722998319775121
-0.615171729584685
-0.7596344565113
-0.469106358563612
-0.614047061124952
-0.556868062565194
-0.52015956038671
-0.570269710264128
-0.77236310760092
-0.671370602373074
-0.462109557747733
-0.668606625940692
-0.476534582283572
-0.73728198906304
-0.53219163473261
-0.600622111152546
-0.532640253589463
-0.524604537801805
-0.503188132216062
-0.552638822449654
-0.477788505192905
-0.645683380605423
-0.555910719224255
-0.626586338145665
-0.557962005688568
-0.648546996473081
-0.550673344947927
-0.554235848317335
-0.479736714107032
-0.704212154048303
-0.782190434502965
-0.617577383793704
-0.608460329518242
-0.586260796652948
-0.481753066294857
-0.639602918418206
-0.521732622946615
-0.469012451982624
-0.439453280040539
-0.586734897892838
-0.52471795520998
-0.599504636303257
-0.354001332535046
-0.473172393839089
-0.46840719964027
-0.572870784219938
-0.589225707291339
-0.50271265390772
-0.509246573086917
-0.340537317725932
-0.340858439475852
-0.47133495635306
-0.482901375438541
-0.500927739161275
-0.520928955590259
-0.40983222219679
-0.544753800602166
-0.439668854845778
-0.569140103428911
-0.429703554847038
-0.56593872889893
-0.428419448039955
-0.511738689733366
-0.307885056143753
-0.506534676369871
-0.41586669579471
-0.60548930132282
-0.604023349444831
-0.494306914544777
-0.59619600397313
-0.423062479827527
-0.403706239484824
-0.461453570532476
-0.380609847372699
-0.530319487780577
-0.498038216364472
-0.486700921451041
-0.560936703999274
-0.361793013735116
-0.455297601377099
-0.311350296263809
-0.498694798500533
-0.576353666202376
-0.413792816732466
-0.491445909197999
-0.490478888856335
-0.433633726292433
-0.415645543242685
-0.391249744731944
-0.424417038124707
-0.355769387516442
-0.377280218308757
-0.620003618459138
-0.430607047181092
-0.505329280729088
-0.420153524216972
-0.406751730476939
-0.398325488814183
-0.367878935010968
-0.449801065116224
-0.424541540980041
-0.432660765036719
-0.340972778271539
-0.42529870268987
-0.525557144671354
-0.489234637379725
-0.402584373861848
-0.260739241875115
-0.372425858441866
-0.316163307094453
-0.271652972509173
-0.425111268245798
-0.326430404072684
-0.307972744473285
-0.42571680865852
-0.481548203645522
-0.481023624976314
-0.215639851042799
-0.269469591213755
-0.261559941861154
-0.39833511416509
-0.412608306195042
-0.249182200146101
-0.320115236448434
-0.424073185158177
-0.46293883633638
-0.431208295583399
-0.411078153518934
-0.382570989957645
-0.427792277597498
-0.418567334112652
-0.172546170440877
-0.41666685224975
-0.325802602343453
-0.290468845738408
-0.421406717296744
-0.302869450202314
-0.436544423740815
-0.271686412591123
-0.190480101122206
-0.340397327196999
-0.404269296993993
-0.482002876626095
-0.36570604753993
-0.3480835333033
-0.37317883011213
-0.20412379457914
-0.2530204227289
-0.369881619031269
-0.138260027240914
-0.192367917320077
-0.347670121095533
-0.276399372436498
-0.177789411115559
-0.153883452717977
-0.415772137713407
-0.358795201580289
-0.138447364330296
-0.233020589611634
-0.259950894226499
-0.366426379461658
-0.339931835264022
-0.252026228132937
-0.347284170655686
-0.184939609116029
-0.235981751338443
-0.291300257859703
-0.208473748540181
-0.294084038593295
-0.149126926876287
-0.203658903334991
-0.243428897780224
-0.0604651480801783
-0.364423893391224
-0.241016438114368
-0.139933752897234
-0.208600781356544
-0.244125344476194
-0.351726229220006
-0.224435802482249
-0.357874638081409
-0.110504089207028
-0.226938920582175
-0.19637070937589
-0.311722772617048
-0.24447825341613
-0.200230027282021
-0.28087338443551
-0.152327732600314
-0.339973573052962
-0.109995498233697
-0.242222998400678
-0.168990631227687
-0.128499884151307
-0.137708131894325
-0.288928692003523
-0.140078255130465
-0.395040027730738
-0.270992429785658
-0.254994320648391
-0.237545407301627
-0.0204959037902434
-0.362649791678418
0.0921592596940907
-0.230991728251879
-0.161540909048712
-0.151299223680378
-0.125969460440083
-0.101508253565381
-0.0575904952553444
-0.072094893299021
-0.0924799863622438
-0.232175983468089
-0.134013358949129
-0.0978517613893327
-0.221294262954899
-0.0589286970054487
-0.246936690843136
-0.0614908809352258
-0.0661436288217559
-0.146991161527894
-0.0551362066217096
-0.0815509121544297
0.0341507976846422
0.0122386334520154
-0.105219866874864
-0.0971101967905974
-0.261057658984546
-0.0800431497571717
-0.0650504708396151
-0.0629116871978569
-0.159951214771921
-0.22128859411822
-0.117303313961989
-0.120194658222122
-0.120170771013107
-0.085827325984453
-0.261474654213464
-0.170972913231266
-0.110468236959143
-0.258868899238485
-0.0323937141429212
-0.287889777656892
-0.141030743258576
-0.106083590283758
-0.12732467716226
-0.219745440606799
-0.122279829692547
0.0156720888321577
-0.0788737569653789
-0.0239101025315377
-0.158615799509018
-0.118744761444687
0.0396471383874017
-0.155182438514045
-0.168594599093099
-0.00390868845700296
0.00339669255409481
-0.0935754417190303
-0.0458937844990074
-0.0332144468752734
-0.126498905276875
-0.115464313506655
-0.138545375049988
-0.2055997324031
-0.0657308572074811
-0.131642215054243
0.0876604037227725
-0.220972767601816
-0.0346467595942668
-0.0771764808386629
-0.122486353024881
-0.0585708497963357
0.0758240278741908
0.0659831463275996
0.0355456042228206
-0.0948450457484903
-0.00944296290921201
0.0344740882119989
-0.173621060033003
0.103072755582867
-0.0514572772170275
-0.0670883196595999
-0.107402114554532
0.0575959323817673
-0.00723837508116221
-0.149218481365979
0.113309665323444
-0.0640184895383789
0.0330362910806058
-0.0524005039044119
-0.0270573299695929
0.126427338994325
-0.0950661699519658
-0.0873629391055337
0.0589062201675298
-0.0544649374430759
-0.0478427570113108
0.176049631264781
0.0687797433228318
-0.0946027778164422
0.093997534065078
0.00250044067003934
0.0960850556087659
-0.15072014572628
0.113044937934736
-0.0186482986256587
-0.0384492943569987
0.223865262613078
-0.0523410427567847
0.0238762736407687
-0.147345231952182
-0.00032242036536752
0.0331399754838046
0.0753709684261897
-0.0110789037911495
0.049630486714627
0.0536919325606886
-0.0662357593339
0.193050035616879
0.179195904411635
-0.0650903874614025
0.0502731641412571
0.174180003021951
0.0973290104584698
0.0288351387685475
0.0238048910257099
0.160749839892982
0.0617529868186799
0.278612260957634
-0.0259644710514586
0.0306861620410672
0.0424073980618308
0.00365985425187943
0.110783537864501
0.0988930212501405
-0.0273151918787996
-0.0301006696215146
0.162497527623588
0.0925039819098241
-0.0179897175220989
0.103951787262918
0.19666102752859
0.178281803601854
-0.0202521164757171
0.219825297492444
0.0670495123332906
-0.0439977777863336
0.0129996998663252
0.0195715259395034
0.212040208479238
0.137839465298293
0.00107594206638683
0.254359773217708
0.00770647212868686
-0.000889597801792567
0.0597029833163064
0.100557890870659
0.061222670648572
0.0087784386322967
0.125349856048445
0.106604881128798
0.164336091066318
0.147121709376298
0.047854344246263
0.129582232022934
0.225376542126011
0.212908372470681
0.263283369638642
0.054113012193295
0.208947115327717
0.16453545925967
0.21090340857353
0.138341288696292
-0.00196259984589686
0.169260985391184
0.245003702516114
0.281988580544241
0.250683263792969
0.141014929547218
0.281984122825035
0.278371996897658
0.116681602249535
0.109671032536821
0.211553295633207
0.156425581686068
0.125407485570568
0.196758708125128
0.257212502785621
0.312553180328168
0.104463447540907
0.123889530317621
0.0653760391807782
0.176338297599422
0.123561618691032
0.183957497853082
0.169956523903985
0.0170825923383399
0.113402279184868
0.213613206601957
-0.0377613800130995
0.19521138925328
0.0833661232887013
0.190366228243568
0.166262223764027
0.227880168631321
0.306756654682927
0.119314114827582
0.239052444044653
0.134017443691229
0.258603856036588
0.15885062603535
0.368639886451933
0.266385907071448
0.150714729014804
0.193509853375542
0.355949687999962
0.28594100327674
0.101856056685954
0.303285253916395
0.351176730177877
0.268464214399273
0.241997149432829
0.300457099339955
0.33106210461312
0.2236549048484
0.268358230777757
0.23143969758801
0.262293495353834
0.275716928225493
0.26102854376448
0.0912256846427233
0.32297079865427
0.275442230987338
0.392654517932718
0.356527948900176
0.147006082398496
0.336116221090591
0.178999996115773
0.229751331720567
0.305618623716211
0.392086402315206
0.227620358057162
0.247632530059252
0.326885340628094
0.361747451141724
0.482151113274178
0.489873936656879
0.160341773693964
0.352417621598288
0.39658825921646
0.310529379099422
0.217237161295359
0.135782904337588
0.19725142704831
0.220744432012099
0.23798105163135
0.377845152676198
0.2144008154787
0.456195111868485
0.22198154582336
0.468383491856237
0.377051213828115
0.307372309376092
0.31396535857267
0.338784007889545
0.216900563425263
0.0893344617114017
0.387885623699864
0.386279272461718
0.337262942854871
0.400116399045719
0.367792556600217
0.304213458142646
0.484425375037986
0.190374865061881
0.457436784007991
0.422267436406603
0.183261612224
0.415545017708416
0.403104254475899
0.321932014137438
0.273273983439979
0.381749278683323
0.490189564809797
0.288346038488917
0.337083338648598
0.429831730175317
0.415208968866553
0.308830614648691
0.36384763037974
0.52382971170462
0.288927760387015
0.340981550739433
0.371732837166007
0.526698942820505
0.312559070493515
0.44519976115776
0.352313266909855
0.414558903179291
0.348041818935513
0.317282607651235
0.437678555708702
0.442153183645261
0.50427072361491
0.448394056354185
0.324697023504783
0.339434952270932
0.437998384689594
0.465622638849518
0.34500017598075
0.485280091420141
0.439308267374714
0.3653800212971
0.375085283913127
0.335440370113485
0.485583258817253
0.408779975300158
0.286612094177286
0.618444943055148
0.321291498749899
0.465244568452794
0.476000779400234
0.383527685157116
0.421255966497965
0.463580641004392
0.351395777471682
0.465825638673888
0.484828018386391
0.442096897484721
0.429179953510045
0.551205590539379
0.495783106201806
0.546961233140569
0.403454433995572
0.481279844172725
0.504611095297222
0.565030533695618
0.30337206188814
0.470045272609967
0.383898216915166
0.589132871975173
0.587115648354425
0.4991756986908
0.505476583589068
0.48301103320377
0.512798890788689
0.497114395771612
0.519073279897877
0.498938849566128
0.54361601253236
0.49243870882954
0.405455710781689
0.550383179731457
0.459466882231536
0.533881140153302
0.502322891907046
0.367605601492354
0.56567690110229
0.415411702343426
0.48559327293074
0.33834036338532
0.393427456745991
0.554244745510106
0.669108754242461
0.495491028856364
0.496205602707082
0.482339275089904
0.488656972475871
0.590629736327146
0.496568839978122
0.614904199669362
0.461713709108461
0.801041517384861
0.454411860972249
0.52658211138725
0.517377276449778
0.523534631824946
0.689534557759863
0.518665577231775
0.37972775046343
0.568659959038438
0.569989952409932
0.549261660016431
0.480359776242738
0.605950819411567
0.561575860431793
0.724717518819971
0.667874622119524
0.519265213955718
0.451812774338341
0.682989230586326
0.541861919741164
0.611384110260226
0.667246831279939
0.53454323821523
0.462751494530171
0.659699596461218
0.562455591097937
0.559048708643424
0.664598991605287
0.629456832077944
0.682096293510765
0.574536845878874
0.761351883813967
0.771421801345566
0.617902059585317
0.690481726357696
0.664455778390533
0.485884145223788
0.706963719714736
0.5263383614239
0.575990926533324
0.641247676767361
0.677968563577693
0.641507084722631
0.565345582179242
0.829101899054439
0.572681026484979
0.666449800590201
0.694896915167209
0.71332023333136
0.642570774646546
0.617843276915066
0.512951878532656
0.732797525159603
0.659413838816762
0.648573971943948
0.567335087239416
0.750460867515297
0.581633886714047
0.834419004325071
0.650128483812056
0.729300876441483
0.566540052364682
0.461271679758842
0.693036259048765
0.79321896438295
0.560586539728879
0.753046892482421
0.617131096347562
0.559276128518634
0.702667743574841
0.528028429799589
0.747719410563031
0.807200432986426
0.721482514700107
0.614369352992077
0.817005878054868
0.841772615289433
0.558305026971316
0.702434862568411
0.566552827864262
0.708584211374401
0.787489132300086
0.791499032679439
0.814887853467063
0.797775809815296
0.549079106672645
0.728744247050362
0.555546100361553
0.737885896887796
0.851637593727028
0.8961002874292
0.733639930067569
0.752825735759912
0.737776334441908
0.648397440547202
0.838977818475869
0.772125921251701
0.575981952270976
0.917255001312613
0.845182103357412
0.743505704217527
0.727411661077273
0.753506098250241
0.753984855466526
0.757992358431643
0.730040258094894
0.75307898876317
0.747649012548097
0.797571002088979
0.886988168096814
0.813089059102106
0.757548715484985
0.738648831041468
0.709799775031285
0.686462337407637
0.75238989190998
0.739432224166234
0.718339711872922
0.759737927548492
0.814021276494897
0.916169415552871
0.668853484832692
0.963828024608381
0.721292859855753
0.88115384978942
0.672202328725115
0.720650392474356
0.889402526688583
0.953550119515418
0.826532178423923
0.782142886449322
0.830099393609523
0.632656543777414
0.735229005918942
0.663112583060046
0.686024027960914
0.734264652965836
0.867765887164921
0.779198245902908
0.823109814560744
0.816549609417139
0.765969524448517
0.773019530910007
0.712055034272294
0.727025696370179
0.930397982770911
0.652893991291224
0.708794658375061
0.894399087215806
0.91865353064615
0.75175796423983
0.791828348411463
0.936238734956875
0.973153338509494
0.90336607616273
0.781816933598075
0.842567395328393
0.916087768661382
0.972874288336438
0.966433927629596
0.897123335774129
0.78093253163272
0.866251231984631
0.761633138126775
0.947776832845299
0.915331405221889
1.11513891365812
0.811358775779566
0.840176863828246
0.949108753200492
0.885445073512582
0.856986603351683
0.971975511940855
0.90328119605558
0.736949203886481
0.842663168443351
0.740390982901862
1.00047533778789
0.764631164091243
0.897364291663579
1.00790030228888
0.742426476381719
0.865498717630412
0.955056418004354
0.925259370633421
0.838413549762191
0.946160467074326
0.8086058694856
0.975048691812309
1.1830842614574
1.01542517935638
0.972753050219407
1.02122235328592
0.87715740451839
0.886813444115663
0.898851815502048
0.910574605588199
0.887835421910643
0.92931741064838
0.874801508151161
1.02544320083215
0.965742761171788
0.983981282223306
0.976101835048767
1.03027985786116
0.782103531063655
0.909631742376549
0.97034898638273
0.884793632753425
0.94910986426867
0.99506004448967
0.987199831757461
1.04050177118478
1.06788746826229
0.876353087644982
1.00442000067823
0.903390351637657
1.01609759455805
1.04995447711783
0.958183303693073
1.01744936415755
0.833792652607935
1.00855354166027
1.14272433173375
0.903641194436501
1.0202662920493
0.942624113593474
0.93994927631005
0.983241299829154
