0.0616475151018343
-1.05657039188028
-1.01301157088559
-0.918224171808032
-1.05872605747342
-0.807133876291091
-1.0222425019861
-1.04556358572698
-1.04929834407471
-0.837247842868874
-0.868579039845229
-0.966542822781266
-1.06554736322182
-0.843544801891713
-0.847256561009441
-0.913060832089871
-0.974539399254633
-0.865876234213682
-1.09276918262188
-1.0979046337176
-0.859647243501437
-0.882815846929879
-0.942145043701086
-0.948819053646483
-0.936909484759421
-1.03287585337983
-0.857602574689212
-1.12445776257156
-0.869701651053535
-1.04573682317392
-0.831701519110944
-0.864940598918548
-1.0133826137097
-0.949120168981499
-0.897647442519176
-0.819962994520665
-0.952242093778724
-0.875202565447849
-0.876698758205327
-0.893095938520891
-0.940471798932084
-0.837082091055845
-1.05830874756703
-0.83505320354359
-0.862271233053265
-0.882828275768823
-0.90357235611567
-0.86106901924374
-0.787959567299302
-0.835008319209129
-0.815620940099319
-0.825681147510512
-0.875967633809153
-0.946186677659983
-0.880536700059221
-0.978519805253189
-1.09146475392133
-0.750682128077912
-0.874424347806478
-0.873794549731919
-0.831328633202115
-0.953867867749671
-0.88833898023985
-0.891117511327537
-0.727165903265975
-0.801852145320253
-0.689691441035112
-0.923156172199043
-0.827000330839221
-0.758429999256765
-0.810427853775734
-0.914058611942004
-0.960455736627242
-0.737097824552588
-0.859424448886602
-0.784812247020658
-0.836262925374028
-0.827632866363687
-0.743226718855807
-0.941814377216347
-0.865919969867431
-0.877507904801774
-0.948473893969204
-0.920955202608959
-0.732379951430062
-1.05585308369027
-0.781222938824465
-0.87176790548331
-0.66204166971336
-0.865420364263154
-0.906826050047382
-0.826131192973154
-0.734977677140378
-0.875215092329621
-0.75307488227858
-0.698071979632638
-0.675010450828688
-0.983543115338668
-0.745635029175827
-0.745589358209573
-0.867003304453706
-0.77968956370743
-0.910274224001028
-0.836534391819379
-0.817672837595904
-0.815415114460196
-0.782104810247142
-0.933862431873346
-0.827618604032099
-0.736108859387992
-0.651411641763203
-0.750410493082306
-0.828623763029295
-0.713453692630904
-0.724159201507496
-0.713308889612603
-0.837229805475338
-0.838147876564932
-0.73304250079411
-0.700181899010944
-0.781001692665018
-0.734566054694608
-0.802760154579278
-0.806840679038657
-0.807372489998124
-0.774217175647147
-0.624200830926387
-0.708694877756473
-0.860042279041453
-0.697157647367482
-0.598681682218475
-0.759004752753647
-0.675446239653844
-0.555890528734508
-0.736257843506307
-0.625166933299165
-0.800092286756503
-0.802515247170571
-0.688480242105391
-0.641669540011739
-0.794215603753651
-0.79346667792333
-0.841210221486305
-0.732135507817143
-0.674038568240879
-0.621989930406082
-0.689542202650486
-0.61698390049686
-0.792221498608787
-0.714167822323692
-0.669912237744792
-0.716684583701105
-0.690035235754116
-0.650938481978205
-0.811502208799974
-0.688921757898327
-0.672062678326648
-0.621040631670437
-0.692356301089209
-0.654574969015091
-0.577168710531052
-0.484716119892387
-0.613690615801981
-0.756810546195206
-0.633413550140676
-0.7336622232707
-0.668507344724259
-0.771448665648947
-0.797883142097663
-0.511067647119061
-0.626963407411885
-0.625382070507195
-0.753554743118876
-0.690647319384982
-0.562821002370157
-0.744456761694302
-0.583376011552493
-0.501358303925112
-0.825249097559609
-0.567629491009737
-0.520715839890205
-0.612018712636559
-0.812497510878733
-0.717021319424943
-0.58405929013808
-0.585982264627395
-0.488854030909501
-0.68982380395547
-0.595514719225936
-0.690698605580712
-0.705074294610305
-0.660788571226633
-0.76815718298257
-0.613940476812586
-0.601119968686732
-0.750552185605953
-0.59463662795571
-0.558312428891831
-0.622261113682826
-0.421624899728323
-0.383124441532499
-0.628178403551918
-0.580519949888616
-0.70478935936705
-0.625054451310102
-0.628376481288938
-0.554990872887418
-0.675968762728648
-0.643082251647506
-0.65193674078626
-0.605227842561422
-0.506770662285319
-0.684613818269282
-0.606592150095589
-0.482068819700382
-0.512732938663635
-0.538238169348758
-0.524628453443733
-0.61311101374478
-0.682188205062227
-0.433704506563286
-0.618548927280447
-0.596304777706066
-0.475600241922142
-0.436336904823506
-0.521959776330845
-0.508734852446399
-0.66627559299601
-0.505112130347333
-0.466489164521471
-0.584618848517381
-0.484790074021945
-0.611466064805227
-0.455922499787692
-0.528973522775775
-0.439736203105334
-0.495090900044325
-0.303121330974334
-0.481943419419484
-0.511794950657299
-0.531471658755835
-0.60164517138685
-0.619854026958443
-0.606462726038748
-0.379528828644721
-0.647861543119227
-0.515204380702556
-0.523549270378782
-0.481031885569526
-0.507818054792415
-0.496212023881646
-0.487659795780568
-0.513405674576279
-0.501686330618411
-0.40447370673915
-0.540095009828375
-0.542059542052439
-0.611386594562309
-0.439436783835058
-0.534418533880291
-0.417421107807038
-0.546673570369371
-0.606427917475003
-0.370360013572508
-0.484687685560881
-0.506659259078322
-0.450269364959897
-0.528077315230795
-0.473338157014651
-0.446167659766197
-0.544723790752532
-0.383404910777354
-0.478057738225608
-0.422296972427165
-0.470718080300608
-0.468151939594738
-0.530252335718991
-0.497774372299191
-0.485876169627131
-0.382016071392347
-0.407686013968553
-0.567481740571379
-0.44473799421702
-0.423250010800182
-0.337744606915155
-0.448549331406614
-0.491518807615892
-0.360107554738095
-0.433525849816888
-0.566120175164014
-0.406852021287795
-0.398142351371841
-0.451762132821825
-0.249011789517868
-0.368510055048897
-0.493966325282239
-0.348463476402057
-0.408922773484178
-0.359724169641183
-0.410177816744678
-0.385508022444519
-0.596271842095041
-0.385373074991902
-0.340843979024234
-0.341022941085116
-0.464241589092173
-0.282410764866171
-0.473139204278344
-0.49939382450139
-0.435889007923868
-0.479312970191686
-0.209278736733866
-0.361641078958007
-0.388614057285408
-0.273740035013029
-0.281605071748155
-0.529175622305933
-0.323496683721779
-0.258994421702301
-0.381336809817842
-0.0972733379897271
-0.310789065568216
-0.299183273692881
-0.313413105518802
-0.355635152712147
-0.42944435782087
-0.409045683399465
-0.420199572959984
-0.356434196147045
-0.434620451138549
-0.293403403939215
-0.362089046240248
-0.282458627404038
-0.299661636877758
-0.345535681523377
-0.391345290715871
-0.456557109004794
-0.371404513917264
-0.329688961452861
-0.218869706948996
-0.27236226958271
-0.395719720332745
-0.304889456853884
-0.349683860631121
-0.345310181194453
-0.347154989473188
-0.356316773987051
-0.246381092439077
-0.220247770184246
-0.216896593247653
-0.354327414728771
-0.369106020597563
-0.318436654263261
-0.291055930044365
-0.155651119148009
-0.304081808919885
-0.231481327739244
-0.398891884992555
-0.162956785262488
-0.180183589778716
-0.32027224612144
-0.248269937678654
-0.149574340190306
-0.254708373313251
-0.309149990731665
-0.254944778407665
-0.280506806131695
-0.174354285190546
-0.202565475829592
-0.113141595089061
-0.296158313585082
-0.412821835232224
-0.203217723529718
-0.140871943099716
-0.196083956862312
-0.374408077153021
-0.274305353419453
-0.0986744502693212
-0.34019705466383
-0.0520739517312967
-0.211088336504728
-0.236504760660744
-0.225417221523981
-0.259014600739165
-0.346568425549491
-0.230177193814424
-0.305485032922834
-0.313130609328987
-0.182478073831783
-0.113763058803078
-0.298775041735182
-0.278122721273299
-0.209555570124433
-0.256850824027146
-0.0815804355058379
-0.236366223661757
-0.152094801211131
-0.413079905417812
-0.0938838261176557
-0.144719096357472
-0.182680576178048
-0.274509246530955
-0.199594243073295
-0.190271747482521
-0.282312715246741
-0.11426781714693
-0.123207542324481
-0.200121291203814
-0.281979574917803
-0.235244859604358
-0.109009143976018
-0.205731535357515
-0.167481700506317
-0.152306756301976
-0.18895400210822
-0.229158354433285
-0.0982084816651653
0.0348914867232447
-0.289355874561118
-0.168342855402833
-0.109069221726224
-0.0960661813388295
-0.239252186157755
-0.21329892756496
-0.106645065978174
-0.266753979723328
-0.07786269763232
-0.116138775178551
-0.199458711770573
-0.204930523244355
-0.0534751583971506
-0.153799274367091
-0.204996036486934
-0.100896011443481
-0.166651478986772
-0.214362275234281
-0.0493922051961347
-0.051526804768026
-0.155036304564989
0.0143396898679804
-0.0662288484085346
-0.178258386452741
-0.206653288936247
-0.102216877099534
-0.185462738929724
-0.105884024005378
-0.126813711062566
-0.092040121806367
-0.154151060003783
-0.0366922149440186
-0.14369354721648
-0.291852753893426
-0.206506393284357
-0.147505858351011
0.0460205558550249
-0.0567920374500596
-0.00137044027518611
-0.221971463859246
-0.166545185857852
-0.193677860199577
-0.112981032413321
-0.0338616389432238
-0.0562574889123541
-0.263027329686414
-0.120033040268501
0.117686026205186
0.0228725977504848
0.067461056885273
-0.0628681239757684
-0.0560807073394614
0.0985883229240479
-0.0258681299538966
-0.147060162651275
0.00568502979323959
-0.0260225200417195
-0.13582672414207
-0.0800194121802305
-0.148079525813165
-0.0418209282476268
-0.164972039046645
-0.0788071707473439
-0.114219497780824
-0.00264767728778898
-0.0159439423124958
-0.0665822206740034
0.0724838685579758
0.00985337105222014
-0.224631169462457
0.119581744867936
-0.0586754310817958
-0.0748247202638667
-0.0645610746189693
-0.0877635167315227
0.0310688842491422
0.0312187102429668
0.0587575585182036
-0.0626868539735109
0.0131545675160069
-0.111244715892006
0.00662810073362705
-0.0754606693528327
-0.0203227266194542
-0.0626707448281118
0.0425472438027606
0.117699087566856
-0.108123157173665
0.00822782727451216
-0.0333120397090642
0.0554473659317569
0.0462896273147957
-0.0284824118617344
0.0842750983254228
-0.0585333839204307
-0.12233827394679
0.0592298434723821
0.153119004715631
0.0792470311500146
0.00454081771985246
-0.0384036033789417
0.150858006410317
0.037013722497488
-0.00466452271149138
0.00645291839517393
-0.0063486129723925
0.105172102094054
0.0740831293767062
0.00535472331608134
-0.0419921369674015
0.148485736731518
0.0122565958082686
0.124579762184514
-0.155586637052988
-0.0495190291020597
0.0888886739880149
-0.0326048479987596
0.0332220429493327
0.0867950550554205
-0.000283384539549313
0.11984684199148
0.136899573758954
0.171562407637565
0.279435006862089
0.116256715163222
0.0627424795443149
0.106606198143928
0.0279582946496122
-0.034336730500081
0.0559319153274249
0.0755237466100506
0.0933191297848614
0.0998164298273944
0.140963570074599
0.0838231579060875
0.0504649865827738
0.198799892558513
0.0580724366260073
0.0474391049927836
0.102075588133562
0.103235859168497
0.131283881065288
0.190518825574465
0.329113512444949
0.209208409077629
0.133094375260812
0.176101033934516
0.118171739990366
0.154346204272307
0.324522606567168
0.121413390379783
0.00985705442288549
0.228972137255796
0.0296229978559844
0.176547150200084
0.0993940206972925
0.171576396811814
0.168648743490397
0.0785468503431189
0.226519409838597
0.0531736220929705
0.107296107289174
0.188458127896248
0.0210730122569263
0.125878838996007
0.14159921161734
-0.0978290138249101
0.0289765975199732
0.0876271521793268
0.246540349823857
0.236573381562111
0.184366376795556
0.129892808494698
0.15411868726712
0.297450291274656
0.116353161847997
0.114079068243936
0.207193533243305
0.109061512556578
0.123398098072769
0.078335518076893
0.158084733433932
0.232955315307242
0.178841496339792
0.100158884750602
0.162726138261973
0.137389735812473
0.0324200441294981
0.345340178955003
0.278223521254316
0.18357517922336
0.00602673407334959
0.2772342315065
0.255414838334877
0.278122822943493
0.234730393732795
0.29133504953081
0.219670081025456
0.217582218708894
0.155201948135931
0.227016909994785
0.364630471328793
0.231627055677051
0.206388812846341
0.324290301613558
0.197319694675206
0.161838245308509
0.201759586208181
0.018304615403565
0.182430760664042
0.236568822313844
0.289699401042875
0.269789259948891
0.334210460382549
0.222051626839858
0.398489992164782
0.32873705107095
0.335783241022541
0.342177520096573
0.206416586000148
0.282194007035714
0.297552659589516
0.227350349251032
0.367452302988888
0.246679541267297
0.217588660350122
0.308260598803402
0.138048898141648
0.247744055804972
0.391580660834889
0.287845748029698
0.23599011923997
0.319372079303093
0.326428608168216
0.36730591897297
0.365034784949698
0.144472796485529
0.436703383777912
0.313146744990442
0.416805452293165
0.316456532674399
0.279104390490307
0.273756036970045
0.274118170786879
0.286719276117233
0.461924115232104
0.274504629337703
0.412168925981658
0.456010447101429
0.181842602428016
0.297037552958701
0.185525233296714
0.248981523229819
0.341245369471314
0.253133707498858
0.259936066616437
0.345266197599281
0.351013848632512
0.375072446129433
0.354240353586418
0.456886526083926
0.523512960784688
0.307564091992088
0.349079644660406
0.400415748849212
0.507659625511654
0.316070226044111
0.429109409876905
0.250576403746829
0.132755519277544
0.425801323046926
0.424811246982422
0.306769019096663
0.227603293404335
0.448646041573963
0.286011834443639
0.447896797347079
0.229484247047146
0.312804369879125
0.399101357246172
0.507530203350167
0.439704385984455
0.334082406113066
0.343586953019268
0.342204603947527
0.329839443217503
0.420807730516525
0.45520625716667
0.4929363156296
0.283026409761567
0.447455813916276
0.403254489023377
0.294408637041418
0.501115721997042
0.564461069381341
0.398681346500491
0.382713341502452
0.475044367038054
0.44914665850922
0.359923679903553
0.418210189287423
0.374900057559142
0.532434999687938
0.539014854865877
0.563259168562027
0.512940424175449
0.394159691708458
0.492493278030651
0.55754958788882
0.553537866543195
0.44496424501899
0.353162460838938
0.427040224015518
0.534365455895145
0.482556097424711
0.514063506620074
0.51848141640818
0.490972467743086
0.331982376663231
0.464368041886895
0.334863684931136
0.52777448010138
0.450544188090065
0.450271877383461
0.479454412781665
0.464995737998931
0.483651208903468
0.496760811943074
0.462391470049791
0.420558504606564
0.533556031691749
0.423517483185078
0.54063526410417
0.484744079389032
0.467559222027038
0.438410481537723
0.378884217827427
0.587135486279154
0.601730196948188
0.434056395269695
0.439947326578561
0.450559615594228
0.531030700018756
0.476812967290586
0.549640086268592
0.529972032546199
0.439566233821655
0.584388187382352
0.589072270956664
0.492936180523928
0.634801392668506
0.371887321437099
0.472729700251496
0.633042109272193
0.594939641147175
0.45151304255018
0.504805740047613
0.566483636506837
0.465219373290875
0.549829325506194
0.328780282598063
0.566340829264397
0.52586471782528
0.567626273470152
0.520912911848981
0.695350473539442
0.677935040277354
0.60910642625398
0.48789642063886
0.502305772827209
0.637957764570941
0.399501228734397
0.467800824497288
0.560724054693624
0.599408211106122
0.58318659215141
0.590414293967571
0.587016988936126
0.420434709155113
0.589724541185527
0.545608490504421
0.617716012608298
0.586916351246056
0.674936362791068
0.626461303494426
0.700805179100808
0.670852577723193
0.632245292845744
0.680654305596465
0.690612197638769
0.524466349821522
0.77251106199647
0.615553597615385
0.712075117929128
0.720847530865128
0.632630499691414
0.635208937784212
0.75382942175739
0.86078517112519
0.48525195420774
0.623640229035768
0.705114163883897
0.555203120949863
0.616472866184814
0.788988741500198
0.5736447405054
0.633147366039821
0.696567096807084
0.702394467224425
0.762407038466834
0.621721668992607
0.640839990857181
0.579661811750982
0.68445675522935
0.72077002111655
0.644153874748421
0.684429897008741
0.746765188290004
0.551524167827275
0.621659297007361
0.846576280839324
0.640844829165638
0.578980485785851
0.661013291139048
0.7366820805543
0.579493991423963
0.783853819842603
0.736812714377882
0.713351142017798
0.71131542634306
0.756857918878579
0.80041053657955
0.762375835637757
0.63475544327655
0.701238189087505
0.731437649586669
0.679876410117018
0.678371657199103
0.740540110931574
0.602421119605878
0.798017377481802
0.799196619163607
0.793868361329446
0.762817380199886
0.808124142176216
0.796343162222919
0.798406710565775
0.78037309678932
0.806898744251861
0.691418249497196
0.711675819951594
0.725547420702783
0.695208753704233
0.714897086976385
0.795660688149965
0.830497864783799
0.733062103541369
0.805081766326942
0.614923105187381
0.772516530488833
0.76832212575897
0.820975928648423
0.738434616101551
0.799609012095939
0.735365381392732
0.734457116575736
0.843733513330576
0.7493840307335
0.755153862099461
0.649356244552868
0.75291184485446
0.5784413931113
0.785333238809343
0.75668148756427
0.75609487597974
0.765431429286707
0.790740150088072
0.822513891654273
0.80370804018196
0.523365027724023
0.901538637600069
0.740595253572659
0.704187398374463
0.882498186028773
0.757534367383953
0.598310638462497
0.601638715809077
0.826897725559581
0.827324899481292
0.850747933559279
0.676082130292649
0.731701348764548
0.799617826823058
0.829219948245189
0.745290004345676
0.705929711902314
0.883211673140105
0.884180389089233
0.744689737357419
0.941512822327087
0.811092662516082
0.738691999386068
0.917501367203053
0.925986714750571
0.761700556501595
0.973551985116311
0.785554983179437
0.676434760404407
0.928233378126655
0.965906646570014
0.868984239153395
0.847365991718432
0.864402114398273
0.828785213995405
0.921263092925787
0.854539394085647
0.767064367723696
0.895926383615354
0.901820901010644
0.861211180341892
0.90349438334661
0.908350326514204
0.914946720880372
0.884892806155446
0.995486944368555
0.80307300482594
0.988806451335812
0.888442936686562
0.878418184774072
0.84379402801289
0.856941662548956
1.06491897273568
0.920939165929492
0.884194216187061
0.869179553973514
0.959455297099708
0.981222118281827
0.852433753198385
0.9431929909129
0.793559950027246
0.942879189265174
0.953649166520059
0.97857368528873
0.777133105183031
0.950152863276795
0.938675502176427
0.886420829056424
1.03276839060053
1.00737255182235
0.686563685795951
1.01716628896834
0.854212684701576
0.817909314150458
1.09154015636718
0.93353622202931
1.05718773237479
0.934518421839744
0.773518088323614
0.76469315876912
0.968491696289199
1.00710792166752
1.01390155248399
0.9671111618307
0.864359980822832
0.964212783258857
0.967381616395142
1.04019087973224
0.962874438505133
1.14903355003273
0.952749641229457
0.9932911336327
1.07649773064496
0.891315418930681
1.11112782719887
1.06175992846281
0.873840714922961
1.00851184324186
0.934668576532009
1.00907987674305
1.04385085677565
0.969120751166724
1.00779190115681
1.07790538048248
