0.0773137041215695
-1.02741622204853
-1.01581940704431
-0.916257403060436
-1.06868252128585
-0.827359373072211
-1.01020742200615
-1.04639238463989
-1.077784906132
-0.83825248099321
-0.850448477949936
-1.00128935163981
-1.06784344415586
-0.842365212075539
-0.846179626611238
-0.908183469373549
-0.992695785076548
-0.851213734219964
-1.09347031779989
-1.09794696412471
-0.87461469117727
-0.880070030561975
-0.940013529517466
-0.941937343752185
-0.939269633157222
-1.05841530753609
-0.86567429725769
-1.14541829368593
-0.849229388966888
-1.02711761570202
-0.868558791673645
-0.844378359665653
-1.0057100088359
-0.970032555529178
-0.871794336588558
-0.830029120878301
-0.972201512290991
-0.872908909249708
-0.875449236075601
-0.868430837922842
-0.915322211863181
-0.848575173558103
-1.03599807010234
-0.837418160795571
-0.856754689176163
-0.890261669252868
-0.884159414586834
-0.871965405853206
-0.784402961466076
-0.851370642679789
-0.80213205242177
-0.819642658576888
-0.877758974671986
-0.924203830032729
-0.862972593246836
-0.986105932746785
-1.08646334145289
-0.763848263146279
-0.878454160275259
-0.867595540356241
-0.815846610803514
-0.949156324322973
-0.8804180172084
-0.875557924028741
-0.759199653144504
-0.808407602888298
-0.682974680521359
-0.898219302720997
-0.85173803672452
-0.783551679970992
-0.805257385208524
-0.903432233651204
-0.943000961373968
-0.716457121292103
-0.881687181246296
-0.786163045030576
-0.828720127061023
-0.85751493165831
-0.731915297188925
-0.936988152694939
-0.869391941617285
-0.88104340723378
-0.945383407995868
-0.917828512990761
-0.746714764269528
-1.08684654680133
-0.781788223232646
-0.884739020983248
-0.675996302249351
-0.864556044200885
-0.919090570410386
-0.829810138387249
-0.718210150385418
-0.893410049050812
-0.791488728367974
-0.685427218480367
-0.68596163853567
-0.973236332065379
-0.778545838637477
-0.737488107849302
-0.869033375501021
-0.763116314427813
-0.905682123762217
-0.837968824503978
-0.815751709761099
-0.811035086751798
-0.795408892830111
-0.923799601737067
-0.84378934545588
-0.738247025731939
-0.663365110755118
-0.746890486091829
-0.857629521916631
-0.723259770324023
-0.736944444722754
-0.701346894266454
-0.852026364745507
-0.821898681407176
-0.743957283158533
-0.719437697273232
-0.802743867455897
-0.750878755633564
-0.792884900977944
-0.796903573044716
-0.812287500408655
-0.778634042029412
-0.601514993626733
-0.722174732345516
-0.871502786014303
-0.703099057521847
-0.640523164028989
-0.759733885213205
-0.66843133300598
-0.560714751546333
-0.728273745723406
-0.641114845940001
-0.783827330086726
-0.789278210508108
-0.690196449312598
-0.647707827249689
-0.774344706630781
-0.773766647415387
-0.864562922103961
-0.710802461643687
-0.680740358903852
-0.624285583174552
-0.697533141749944
-0.615651316261765
-0.782413145117884
-0.68702383529782
-0.673335485188818
-0.723780690142175
-0.677333386478374
-0.673663860540835
-0.801373695347039
-0.705039216058233
-0.659483346304735
-0.645728517980648
-0.683665455523493
-0.633252132823082
-0.576867552473819
-0.498824066629338
-0.594098748603546
-0.771242641258608
-0.648189586497689
-0.720959489025661
-0.658707623359223
-0.778702416321269
-0.78236191571129
-0.536061994543307
-0.640741105896575
-0.624204742361423
-0.756098398172513
-0.665336857101495
-0.529582609949209
-0.750931953990181
-0.601384489844106
-0.483911378882097
-0.825163104603311
-0.580010465816926
-0.553676485908025
-0.617902175101556
-0.780550371075466
-0.719753941157828
-0.601676355630228
-0.598488532373659
-0.486127844457037
-0.683468727217317
-0.592830875837177
-0.674416810084286
-0.707282351675032
-0.671344861277909
-0.765336045328698
-0.619354543548917
-0.599420406469759
-0.77689737011674
-0.595718830160733
-0.568501295187251
-0.596305772544949
-0.442171183892798
-0.397870867519939
-0.616773194030532
-0.571495153586726
-0.69091187563219
-0.645474674505966
-0.634515194375591
-0.535302391018755
-0.653339188939815
-0.644085482160412
-0.647448863564788
-0.608221115794164
-0.496361455056545
-0.660167846650825
-0.638953490624418
-0.462141838406056
-0.524505529791206
-0.504626227491186
-0.516400908035686
-0.595049844511691
-0.694731850282495
-0.428635908919626
-0.617926946453909
-0.608274473665489
-0.475740759286718
-0.458351037845386
-0.525215808914782
-0.50107940062043
-0.668080139713743
-0.498889971623699
-0.476492927579293
-0.570532901393759
-0.484097469355809
-0.602480055072278
-0.457181795050908
-0.50539130653775
-0.451674938469788
-0.505464553312569
-0.314836014956243
-0.483203203423062
-0.511990710412961
-0.545303574173155
-0.590301111782063
-0.626864294571863
-0.621167566607939
-0.36657006656127
-0.657443259316421
-0.506798624822562
-0.503870135729407
-0.480298242675138
-0.48804321054988
-0.495420410995112
-0.478612285407898
-0.520001421630316
-0.508473741716164
-0.410670673420315
-0.542731699189202
-0.543803254098297
-0.600482525172585
-0.456363552000602
-0.544080193623665
-0.408138172957398
-0.543833047412638
-0.627619859894449
-0.379441440907158
-0.47835058373042
-0.535080971069257
-0.449760435658529
-0.538592721009328
-0.471905720199317
-0.439724851265886
-0.550766638237802
-0.401564531311482
-0.465865278613638
-0.435157772222574
-0.485109646411552
-0.465024336369758
-0.500648555282377
-0.487612028547738
-0.458858930325211
-0.35553129950949
-0.41318920185736
-0.57836778933995
-0.457944683103582
-0.426689295070371
-0.370094002723555
-0.450894597503788
-0.496287775622705
-0.35908360816805
-0.448072387625452
-0.588187491542294
-0.425559295885466
-0.403685532142202
-0.442915803454408
-0.288496813062632
-0.377263438257623
-0.507566949718504
-0.330237729961962
-0.400571326193213
-0.353764177228032
-0.413594478999606
-0.377396472723004
-0.591208234649281
-0.380632440567803
-0.359486533757481
-0.339543731959742
-0.462086498846379
-0.274039008428
-0.47857219890224
-0.478320595606201
-0.424506087770704
-0.451421912481384
-0.200655117461305
-0.357069404303766
-0.411868062541218
-0.257331778130066
-0.28630694095346
-0.519006694155556
-0.353171427265297
-0.270924206695108
-0.380326419540706
-0.0761223216895917
-0.294081886488854
-0.303955809104994
-0.299585509471914
-0.341599140558073
-0.434501090313859
-0.411960022277613
-0.430256262351012
-0.338335579038875
-0.432477889563602
-0.292333137578522
-0.382868280681614
-0.27486808748121
-0.310876361158983
-0.359295192456071
-0.364279296426661
-0.467924607003492
-0.372984967491984
-0.331999650574072
-0.208175653709381
-0.273966566380395
-0.400316074352981
-0.302932431974339
-0.32767824770895
-0.349068011128235
-0.358193028312463
-0.34206912166575
-0.230429635978452
-0.243093100056049
-0.245783215524185
-0.378606521959826
-0.340485549871521
-0.318495007123835
-0.278399419004347
-0.155989448126621
-0.329407829190842
-0.227493964940318
-0.408811578320637
-0.175862458386843
-0.228059427161247
-0.325297053080303
-0.254258339098173
-0.141297615290342
-0.240576116806568
-0.300174719348582
-0.24314421081406
-0.253904152392451
-0.174157624682449
-0.178260961018441
-0.110093881988731
-0.290828177250983
-0.417228277401021
-0.204545053350728
-0.171433723944218
-0.195689162549174
-0.36640011311493
-0.264502243589177
-0.0812751203884038
-0.340590569764033
-0.0354496734425302
-0.213854822521754
-0.251698092711167
-0.227862269965524
-0.228238596940074
-0.347525813839075
-0.239534909997421
-0.286553507708636
-0.33422497626217
-0.193207240242061
-0.113676276676565
-0.273362694191953
-0.291287095206451
-0.196914372033864
-0.253389166954495
-0.0618218433765694
-0.249835446860866
-0.147311598370354
-0.423734027728654
-0.114096724616384
-0.124542325042619
-0.179003428680104
-0.253253450281527
-0.188658679560323
-0.209992661830894
-0.283863428616803
-0.135413739101264
-0.12828278963727
-0.20418410083884
-0.286366605532353
-0.223684074367686
-0.111399219068844
-0.204672244422042
-0.172278079725321
-0.125338760085466
-0.164701210276245
-0.255093451899185
-0.0940043017583858
0.0223932078982928
-0.301737367812303
-0.161804040660555
-0.100278380870887
-0.0913433707045549
-0.225550920085786
-0.202080928844578
-0.0984917910878885
-0.255401251284437
-0.0787444350590044
-0.11333326382331
-0.197740507903245
-0.214190268022644
-0.0639239175925668
-0.148830497493851
-0.192315853608403
-0.123088260767836
-0.160544209937044
-0.213603233209152
-0.0551387241643721
-0.0660031964519816
-0.175002402287597
0.00115563207235448
-0.0580367392922432
-0.182036000833466
-0.212297932186769
-0.0971559701828093
-0.160758569378488
-0.123362998704981
-0.13306071988874
-0.113603977689136
-0.147173572250016
-0.0201343590917283
-0.156207825791675
-0.295612108404863
-0.18388188671211
-0.141350469320531
0.0546979802691512
-0.0485546965325535
-0.00811425764439738
-0.255621443554371
-0.166571217847299
-0.214510798802952
-0.104544617810584
-0.0472461003481485
-0.0645246797866696
-0.248061960517401
-0.129232726793976
0.122650332638761
0.012157469009251
0.0790252311390771
-0.0873960861869624
-0.0585483704711901
0.0869007780939816
-0.041186025387367
-0.163614091866312
0.0121812684308261
-0.0602749570135462
-0.144460819379448
-0.0799511107064716
-0.113566556364673
-0.0158461699089253
-0.138829953507161
-0.0776810288341828
-0.126102723188323
-0.00070352093066644
-0.00456415165273001
-0.0830006687038518
0.0681569851158959
0.00654514694141126
-0.221579986060587
0.126394331695478
-0.078053929312234
-0.0787637867633092
-0.0639344252684035
-0.0596377577941875
0.0117684173521147
0.0241793613667709
0.0650440379137907
-0.0780869076473872
0.00281743503075953
-0.100527444399302
0.0291519349530095
-0.0676597004005143
-0.0486502415765374
-0.0411314468575849
0.054742580775862
0.105181958439214
-0.0692097332387517
0.0229266077032756
-0.0343410695345523
0.0538175255256419
0.0540882482420669
-0.0205031076137122
0.0963130710626105
-0.057988907775509
-0.129954431527451
0.0681433566262573
0.138159103916385
0.0809558182413518
0.0121985960791247
-0.0458371626516584
0.151610138589247
0.0116085002685883
-0.0363129667163474
0.0173964781902276
0.000685546783175111
0.101184732777765
0.0809242222109734
0.000142933877284703
-0.0520078286697516
0.158631897587651
0.0261753739319228
0.12563997955252
-0.138790901085489
-0.0745136761667237
0.0784851926673892
-0.0124735842440472
0.0257790665182093
0.0972205366350325
0.0114602250029611
0.130439804504391
0.141651364440597
0.19980076383991
0.275374887092369
0.0925757638097376
0.0295173379831893
0.120117095065153
0.037210397492766
-0.0381237549653902
0.0631177618516078
0.0536166805220862
0.0923151130630268
0.0779517018115692
0.150765052255015
0.0761739807982607
0.0510843250502216
0.205043057686609
0.022569744451972
0.0202644404624729
0.117611939253445
0.11176293378455
0.135865401959225
0.210646722211384
0.306660732916862
0.206996511852179
0.136457785693012
0.184826079939007
0.120330071705489
0.176177285546851
0.314325334113669
0.138944369922897
0.00734005418787276
0.239174800835784
0.0206180905367907
0.155969198502056
0.103689438267351
0.171453541856382
0.178483197645463
0.0597789683284859
0.227424135113564
0.0779034622588411
0.0850016339044355
0.210973198375215
0.0176169784194865
0.124374713042107
0.144020396611608
-0.0910259004133769
0.0383776487756089
0.0965679614001969
0.23993295008693
0.198560589825984
0.202890289206771
0.115198569641365
0.157358231210438
0.322353084815574
0.109734449302707
0.105855529822319
0.179093934565804
0.109861226267298
0.139709359552879
0.0779298859310936
0.146193288222922
0.222183491606124
0.162099808166547
0.0825335487775286
0.155281392307973
0.150329933080488
0.0237242289537424
0.328441992508123
0.260888870979956
0.182961010823203
-0.004754882440114
0.255063720746232
0.245095021045642
0.290210752535911
0.226007285155527
0.297105804025287
0.203741933986255
0.213711474109426
0.161007332290047
0.210082403831276
0.379146575096799
0.241529404259936
0.20514612535744
0.340567605026479
0.195489457456188
0.162239903779992
0.209529507716132
0.0189545202500165
0.168320760302639
0.229071296367478
0.273892923494429
0.267352632093003
0.352030996545445
0.233247405007871
0.404046313294002
0.319702181923597
0.342622610100125
0.332715168587973
0.206093643075303
0.272772984288729
0.29575016341525
0.220661294933198
0.371043622386867
0.269057539435782
0.221233233886656
0.312420473375955
0.130577053518002
0.261703873362663
0.410536709236107
0.276813445529969
0.234278342661089
0.290086609480026
0.309845662935753
0.388535714985928
0.342609314750984
0.140848027326541
0.434352221837577
0.330987281802403
0.428014911034848
0.331975076071217
0.284738737479587
0.27883010915595
0.301529025428219
0.30679437338344
0.488209631721084
0.268767226761186
0.41854236301781
0.444057150391648
0.199164503987933
0.288590849736367
0.214756731014274
0.252810193918015
0.336340605612481
0.234100583093254
0.232315623690615
0.337973838345435
0.319969569256996
0.396729422053212
0.342999723331049
0.460246969663354
0.513597957959646
0.290191178197692
0.338594665786069
0.371093813898711
0.500713559536731
0.309635048991148
0.42122050492098
0.250547397429821
0.117730514268888
0.439781911768346
0.430244544650069
0.304391265920157
0.22839203074194
0.469523703849816
0.32359611018163
0.43843816307208
0.249047300183794
0.30152314691106
0.401964222809043
0.493468625209213
0.410216501046054
0.338337144776268
0.332775646638975
0.343013549123001
0.325681833998678
0.414406275958087
0.454612732037856
0.475973939579389
0.299371570318991
0.459205079195184
0.375344510653414
0.294052606690444
0.523206555785908
0.529401964289743
0.404140722452389
0.376128849075651
0.462722182648234
0.458054750497889
0.368144375544005
0.423684304797761
0.372289776383504
0.531745311135109
0.563024619075777
0.561426481088573
0.532982958775012
0.408431285000408
0.476028312478625
0.562105419109412
0.555190397685529
0.429480444079461
0.363276188379331
0.43701308739125
0.545651679390539
0.464935617730594
0.510712117599118
0.509305913050258
0.505334963417413
0.329963942872651
0.464239476977424
0.347025718592587
0.52206299296815
0.454155397745026
0.471356214631451
0.49195180975179
0.45209680685428
0.49103658489541
0.481752588234846
0.463701715095878
0.428482030627726
0.556174027747976
0.418542601517811
0.541426157983014
0.469758721093782
0.451528917290613
0.412886438317444
0.375516293797864
0.593441069823324
0.603381442840215
0.446354343732602
0.430931077906699
0.482813487384969
0.520504744920366
0.47767357398172
0.542438978097511
0.525469296630298
0.462579813050997
0.592116643324038
0.597662860192721
0.482774405927218
0.623377868254917
0.375791864628738
0.489896511672849
0.640484371034473
0.590165078039484
0.45161243449909
0.511820387285071
0.558644903848504
0.488622494733997
0.550985196236831
0.32973884998783
0.560477290228897
0.504585687037559
0.56363650122046
0.521359842735546
0.684701087366702
0.654342194254623
0.602260204170831
0.484977697143155
0.496177007645212
0.645326766544798
0.385037803228463
0.444466899643639
0.563360965144407
0.59490796188861
0.593782018058856
0.601591468739769
0.586030190429403
0.416910120370726
0.59232344447435
0.532757197543043
0.632044195302666
0.578549110463241
0.654316676451481
0.640898647157744
0.677372966928756
0.678552373341527
0.624559626242323
0.687133384584431
0.668871552313619
0.514813670130388
0.793522450819156
0.607015491906141
0.712026206970343
0.724233558651533
0.626503282510312
0.643102926079225
0.741129286271499
0.849095508017409
0.458730801205076
0.620086214586153
0.702833838522968
0.542941179353226
0.59818939357605
0.793878001669133
0.588702229881544
0.627317914384294
0.705481624032466
0.711781048268824
0.738722416581765
0.624054304787265
0.634271321623164
0.573922874853744
0.671924523512286
0.713013401166648
0.649264683254224
0.676506210882164
0.752115500891605
0.56370135373848
0.627933932940724
0.846511154200073
0.627359447776888
0.592066575066048
0.677115370332519
0.756044814159028
0.566673741835614
0.792138885515014
0.734089284993231
0.720084895217193
0.712242955958889
0.766281885777459
0.794632176438457
0.757267024812842
0.664041095985459
0.687893146584283
0.713842577729649
0.66760181158566
0.678289158674621
0.755587320522246
0.602036447679444
0.797539762841743
0.822253997395419
0.806928486064618
0.767771443289706
0.818145232229079
0.800370485471045
0.816518987514954
0.780777042980686
0.81681838988941
0.69914940412374
0.693063009304774
0.739289800646079
0.70113901537723
0.708213499286249
0.818600092609964
0.825661441495481
0.752525306762474
0.801152985690912
0.601641884804669
0.751374919383285
0.778764484820449
0.819071508722601
0.73281212520084
0.791551739154748
0.756159789806309
0.739672321041976
0.855655602417522
0.779372025957064
0.764001906828243
0.659391979477344
0.754979653180231
0.593996249881314
0.800958681834954
0.75222069320174
0.755232304747111
0.771332335064564
0.789774764360626
0.821509899287073
0.800101589058913
0.527195083415058
0.917242024923431
0.737553398550587
0.720778742426537
0.879709943777925
0.77045611392753
0.603253655779948
0.580624848974318
0.828869080251772
0.847762338649002
0.858832059557167
0.682409692478501
0.726076182931112
0.816387041145894
0.826042405702934
0.772895296504009
0.696774817322959
0.874981320829227
0.89144560519676
0.768920328035154
0.947986060913699
0.814548804420289
0.716716223061469
0.918206069055812
0.916000393892634
0.764336597749371
0.955445400265916
0.767615213373436
0.636746497665317
0.908109681036267
0.97209822658794
0.867044580717608
0.852848558725035
0.865990293112622
0.808637660247421
0.934574358496914
0.837626393272118
0.76970938894302
0.905202532576858
0.908606382346765
0.862674115097242
0.90742721376896
0.881541601022068
0.928617015057677
0.864869982134986
0.987771833366946
0.813856933358569
0.984571555322955
0.88020614306669
0.877510588249297
0.854264234870834
0.887292378884357
1.0532749922431
0.926316883148697
0.88967102118223
0.861575925382095
0.9447634520871
0.982222768514085
0.820221599374503
0.926455510195162
0.797723740623822
0.940586735262185
0.95822596418594
0.952810494271696
0.792040460601636
0.968018122460178
0.923386765174095
0.861396339178166
1.02726166205067
1.01410362506458
0.706062506458803
1.01363457903217
0.82626235771751
0.805149221348779
1.07629934773681
0.912506414750016
1.01889516052869
0.940344968716848
0.785715621472714
0.750990586441221
0.984985875012347
1.00445746423987
1.01747350515181
0.966052817166289
0.868111137808519
0.95230659879792
0.975762800878477
1.04959717128559
0.99156850245387
1.1437155151495
0.949238090339289
0.992480689191463
1.08570122886267
0.895386465357881
1.10886644090394
1.06817608487705
0.890354185099013
1.0206762189202
0.950387920872315
0.997205703455053
1.04923448903005
0.974811060886074
0.994462189646011
1.08547885475061
