0.0674016506766206
-1.0355210081347
-1.02083982006738
-0.924486192794042
-1.06792786441175
-0.836169139032273
-1.01361956443344
-1.07807766241959
-1.06502711535489
-0.852827397244352
-0.8794585800877
-0.997578815661708
-1.07091949754374
-0.843630717966487
-0.852524016303545
-0.91175324875905
-0.970079303172052
-0.854507490898304
-1.08676196136295
-1.0784159125595
-0.878044278787884
-0.89825936482436
-0.934816478756279
-0.936344186248244
-0.920173242426811
-1.04674324678249
-0.874009795389168
-1.13570658115865
-0.849512825840748
-1.05251116052315
-0.837940661980193
-0.883990924400492
-1.02143020005146
-0.964094245135147
-0.875668421431555
-0.817876753634969
-0.961561707585603
-0.890448780011687
-0.878122721416105
-0.887313383188273
-0.907206599943635
-0.844216239977926
-1.05183910452849
-0.861900073076535
-0.859612278018232
-0.877680446613917
-0.879632841557144
-0.87833723989705
-0.795143568057169
-0.855804918224101
-0.784707179833314
-0.844564785032238
-0.87658899685954
-0.896793486362269
-0.869339979336688
-0.981547522513626
-1.07623496581729
-0.774555452555886
-0.873969586664322
-0.860031049528847
-0.797702648415722
-0.947450761836285
-0.898321854226607
-0.88313122137032
-0.750830261782607
-0.800249962886269
-0.698862981648259
-0.90824327773466
-0.819581759066047
-0.773866718770765
-0.832953461412677
-0.890634225577934
-0.947276220522416
-0.723361208208136
-0.872588361389587
-0.810719234064234
-0.802330770486217
-0.835309629171474
-0.736692191246779
-0.934592720924328
-0.852256619664275
-0.890207962657508
-0.934515918440644
-0.914146698492337
-0.726993329747137
-1.05895921091848
-0.765619627386232
-0.86579663074519
-0.674364416722659
-0.839321582612802
-0.915645358021309
-0.825266092226227
-0.728348687522672
-0.908466683504909
-0.768413854925746
-0.709704815229408
-0.687283853736253
-0.972622011794886
-0.744298036885905
-0.734811489934338
-0.864360709595679
-0.781894070978485
-0.891128010591078
-0.84594706776232
-0.830578882550497
-0.81206207551437
-0.800120722579538
-0.953651570681406
-0.830872310634172
-0.73415427970131
-0.653943393158985
-0.735487546668517
-0.822516890560267
-0.732264724995153
-0.725274747636447
-0.709995563412726
-0.842480196411301
-0.842046807895024
-0.712486443676566
-0.701734041216609
-0.785772166349349
-0.73982875260346
-0.80062091112336
-0.795224663949163
-0.797377583727447
-0.769868453375882
-0.594232838185581
-0.737678462377174
-0.853560577097865
-0.697572071571835
-0.623285713413047
-0.739122877640783
-0.690493735771928
-0.565124691611419
-0.737397616171922
-0.631947505799627
-0.784747825453963
-0.808949620768934
-0.687978599823848
-0.659286501132068
-0.781295535038306
-0.783589613376906
-0.86047061297169
-0.732798154457841
-0.675311974367829
-0.612939236663765
-0.685060985730593
-0.616397758382713
-0.791872786516728
-0.698968852030397
-0.660201532245807
-0.713648043053382
-0.675318531108934
-0.657948616033671
-0.821216666622614
-0.702083830995743
-0.6689907868681
-0.634672963505952
-0.686084020066031
-0.650967372793055
-0.571357033850047
-0.473519015952032
-0.6055684560887
-0.775398608759452
-0.640623790136776
-0.742060548934116
-0.660839692625183
-0.778433273696106
-0.807467237500894
-0.531486294736078
-0.628985077029505
-0.614445497766339
-0.743519184577399
-0.694666498104309
-0.541041240472157
-0.762646056177327
-0.595981251319312
-0.496029946238152
-0.828793409793283
-0.586177493000207
-0.540014848996151
-0.591920903805321
-0.793289732151952
-0.718360057922846
-0.598551939712772
-0.584459667139791
-0.480151792442384
-0.684678999024441
-0.584515470319237
-0.689609903182535
-0.719955416587573
-0.667269232849643
-0.795064947338422
-0.635786532405189
-0.607896580436876
-0.739585210110339
-0.593528528496689
-0.560804174046276
-0.584862332094787
-0.445158754046247
-0.388744464402932
-0.632499595158592
-0.585266567604231
-0.688628920143999
-0.639847854976202
-0.62925553070008
-0.53931305568881
-0.642247207927725
-0.661826672554646
-0.630390127017013
-0.612550213053509
-0.511971417161426
-0.66814973814747
-0.628095702825292
-0.461983312307458
-0.495980214417021
-0.511570781517116
-0.509121069767973
-0.599445119493805
-0.665839609114974
-0.441428427704055
-0.62678466338085
-0.599933858820388
-0.483652161448724
-0.447041211412296
-0.505697082831938
-0.509074932727793
-0.684384889929459
-0.490539186982885
-0.454764675625209
-0.591882594666481
-0.502525129421491
-0.612111419920364
-0.44851941009148
-0.523784851001714
-0.428837869858623
-0.505426601587097
-0.31432092639244
-0.468685236491936
-0.536834645124804
-0.530759930798769
-0.584082160339147
-0.631310822703002
-0.632918829323892
-0.350033687911602
-0.643780709307435
-0.513749603457778
-0.510236127198574
-0.494433764668366
-0.488982148555303
-0.500634050847289
-0.465124293931832
-0.513886442642984
-0.50113921019027
-0.393288885723939
-0.542944760656341
-0.542765723829037
-0.60918286000603
-0.440383230822014
-0.563294326610462
-0.402020989200293
-0.546686702344064
-0.622631454964973
-0.354780510204776
-0.486356726643042
-0.520709592198342
-0.43751404061777
-0.55020851753474
-0.463556757878034
-0.447188578404036
-0.560198799528462
-0.400632288382796
-0.482215733691223
-0.418122549582234
-0.49236766181749
-0.47659092348608
-0.525279615571649
-0.49581107797161
-0.471184359175464
-0.359432717169163
-0.42950007613157
-0.580987783960732
-0.456503880213167
-0.430657477529896
-0.34379156225512
-0.445462791779958
-0.509385332307954
-0.362639052789593
-0.440137889724311
-0.566819729114312
-0.418431609504174
-0.40197077935171
-0.458924185701686
-0.275108467568332
-0.356025297666141
-0.502234071575399
-0.339425500438319
-0.392752005677939
-0.378586777966824
-0.425878308580443
-0.389423599746468
-0.622347038795196
-0.401476748463187
-0.335180114601995
-0.344648465221681
-0.456739600999868
-0.276538439326735
-0.481948664704415
-0.489162846368295
-0.424359484440882
-0.45951145016378
-0.232223422936877
-0.373392785463863
-0.420361510088469
-0.259388021786849
-0.314202515041323
-0.538921749821097
-0.352434659113423
-0.259204485697379
-0.383682323472104
-0.106022875245447
-0.30590636374812
-0.253162729945498
-0.294517700752758
-0.352050799878632
-0.427184775884485
-0.404687946636643
-0.41392250934735
-0.334455852888809
-0.41991669664641
-0.289996466710188
-0.366980146399444
-0.246010507088265
-0.305232292229786
-0.347230421384463
-0.37293704297539
-0.446806805936676
-0.364165436398859
-0.325774945073021
-0.200057463110806
-0.278145355755392
-0.405538408201695
-0.312077053204709
-0.35768857594425
-0.339524879019877
-0.375783162936768
-0.352473175559804
-0.234852936204487
-0.233963867887562
-0.234140029546312
-0.366385027962895
-0.378021894192345
-0.341736825779004
-0.286198012343687
-0.176570534402072
-0.317079375952567
-0.235754856446749
-0.408237039389598
-0.14251585009316
-0.207471926590939
-0.331076407307454
-0.262446644037474
-0.159971276302953
-0.244312938821716
-0.283795445111659
-0.228659938670911
-0.252469225280721
-0.16950288346986
-0.20254159879427
-0.124045524957344
-0.2951023093246
-0.421687170366536
-0.208376716492713
-0.167231583604914
-0.192953187580873
-0.388434052701302
-0.265452133849918
-0.0867997697632502
-0.336563614058938
-0.056242162402639
-0.208425951298788
-0.232574752105551
-0.231291173063308
-0.25603140653621
-0.322215927776691
-0.235095933577712
-0.306592047320317
-0.305113090494538
-0.192267386244981
-0.117530362310041
-0.280164797574126
-0.269824206994495
-0.193023507203917
-0.254650314372689
-0.0521473095150664
-0.230649854531403
-0.142029172968337
-0.43477787078246
-0.111632736952667
-0.124565289012007
-0.184114746290484
-0.266898060530167
-0.190218136314937
-0.17430484969027
-0.277164235487611
-0.118025415343976
-0.131871901540353
-0.213429399393125
-0.249584923609435
-0.20934802204028
-0.112630668878005
-0.236352311804641
-0.164746564079647
-0.152618367798201
-0.163489697295181
-0.235825302750679
-0.0905444552928011
0.0355801802830993
-0.297784118665849
-0.175218922308173
-0.111900444903214
-0.0771820230238586
-0.227657093221116
-0.205740954311456
-0.112142327615684
-0.251733230473224
-0.0879786684557232
-0.100450131046642
-0.191053881762479
-0.229637712679355
-0.0674808694336658
-0.160069247679856
-0.192941943736678
-0.116902328043581
-0.163212003736476
-0.215156662906322
-0.0255427585969722
-0.0706530312476801
-0.171662710906213
0.00647642389716003
-0.0502857538215613
-0.196380716795083
-0.206233703773262
-0.0980338758546622
-0.183181376629485
-0.129342867510546
-0.139587461736217
-0.0901312654720362
-0.135126613294746
-0.0374462384482917
-0.127444049863741
-0.301105037378484
-0.213477067841061
-0.11418840215071
0.0467848859266306
-0.0515049963185108
0.00777917762310228
-0.254814891209557
-0.155959829161522
-0.193461350974916
-0.117007090129734
-0.014121120114613
-0.0509678725537642
-0.260908462122295
-0.111173136712905
0.10449373933541
0.0253569827942703
0.0621843154222092
-0.0809969926844705
-0.0551381652663382
0.0910226818822582
-0.017675101056728
-0.159871441826579
0.00832793097644211
-0.04427003462763
-0.124153509308521
-0.0935760500794835
-0.132836273021709
-0.0337589944140835
-0.133439860177088
-0.0934507355939262
-0.0998340404349861
0.00183614714209375
-0.0140483976430202
-0.0664128040084311
0.0721948944979377
0.0195018270682476
-0.19347132774055
0.0992515725667254
-0.0464404638839868
-0.0864233067861054
-0.0452523816382189
-0.105321327991519
0.031006861069145
0.0170142053946888
0.0462800053938675
-0.0596533980355662
-0.00641507392900502
-0.119988979172915
0.0158197209234484
-0.0760564492518967
-0.0427047423614973
-0.068781905221625
0.0526781257628733
0.10217683058768
-0.0887963749126146
0.00735766535586041
-0.0292333431192957
0.0593868044895572
0.0570124006628336
-0.0130717694848223
0.0937057355164631
-0.0543232506653625
-0.121965636875248
0.0721061524284322
0.144885972830983
0.101945536102965
0.0162227794573786
-0.0448783701391885
0.13030735624382
0.0243946361444403
-0.0220343560641465
0.0233336670235518
0.0105396230844922
0.101542506263308
0.0627436119362395
0.00292645816165894
-0.0415398893192806
0.154664461501816
0.0296632956974877
0.129490341456446
-0.128423533395653
-0.0622076688490393
0.0846255546860657
-0.00653875716255641
0.0401240531107856
0.0825850238469382
-0.00269283664374768
0.114003769748644
0.154019395938927
0.199497899018627
0.295357813607556
0.098702034061558
0.0533474390473487
0.0994104888515458
0.0226853449297143
-0.0317503930705664
0.0604844852747114
0.0710044885164553
0.10241762502151
0.0729636436419764
0.149351450634503
0.108071266688793
0.0512084472021417
0.19377437653507
0.032650999731084
0.0230205734128608
0.103715052124135
0.122483972287773
0.142306385393527
0.1808705956623
0.31982936882434
0.210748629067899
0.134248983477809
0.168507550479657
0.116596265447164
0.189253619483161
0.344103923709991
0.135655463253176
0.011377216491345
0.234974673173712
0.0114864134737529
0.135372135077229
0.0844793663303769
0.182938029008802
0.166195656679856
0.069043420103821
0.228002184605716
0.0509918471207237
0.0900730253635192
0.1955688578801
0.0439679136550745
0.135021635271931
0.147523459977515
-0.0903771087910445
-0.00702319034882781
0.0988846488360064
0.233640962796619
0.214006240683247
0.171924852326968
0.116829733464597
0.157961573175782
0.31330513397481
0.107279559109749
0.117972105848569
0.197333196360977
0.122484614263332
0.124597738956441
0.0928635603394424
0.134679206782945
0.213550922352658
0.178714707142118
0.0758971656853983
0.165401671757037
0.134476359341661
0.0331428442779005
0.328075337170705
0.247394604246883
0.186398781651741
0.016796184389607
0.260120802251592
0.239141474193036
0.285619022088959
0.232931050453779
0.300685099046077
0.221627308564199
0.213023750684998
0.176840531396957
0.232669029017553
0.390489211203472
0.234086738793222
0.190496814072277
0.326250970468676
0.209059542090094
0.181077824803023
0.208818198593498
0.0125940896034315
0.178767447915676
0.24379232862019
0.298540368079541
0.242304158129202
0.347722910727746
0.22150089283481
0.388984252927626
0.329358777485088
0.349184136070705
0.339741686154481
0.180438140685824
0.287850256997275
0.289662696687073
0.239152513598411
0.356297275755186
0.259484032144123
0.222418635146607
0.325143599498556
0.139486495732764
0.251780027696752
0.409669532549799
0.27235737321768
0.214392484866309
0.299571655571329
0.302131613264974
0.387461233714702
0.357779962662617
0.151027661059113
0.431420827681051
0.319078315620697
0.432367418420032
0.314773062652339
0.271274080750585
0.291980872810717
0.277069779375308
0.279423342750695
0.486225617560692
0.275544297150137
0.452912823323038
0.456224733451395
0.192096483090189
0.282140788882785
0.186515623514011
0.232665236136143
0.346186655071529
0.254062975892994
0.256899596614067
0.349322446029686
0.327447861173598
0.395893352813609
0.348088727579936
0.437269227375938
0.526100567549466
0.324642879605163
0.340825743457437
0.37894546334157
0.507827514792871
0.308535654708364
0.463773445189382
0.244280595123704
0.119049637766914
0.424002355829717
0.408872451691796
0.297221614435497
0.229881141709606
0.447493613983246
0.313866583978117
0.453842082188982
0.248422285883647
0.301035398926051
0.394204906815739
0.491659373523213
0.398383669442527
0.363806817937445
0.329811780276321
0.334419027776163
0.321892753431105
0.430361285594337
0.455596286632176
0.495927864848699
0.292203349765238
0.458290272723974
0.37671311788557
0.288848861119606
0.540076427906116
0.552943000668828
0.403958399397064
0.388021528365166
0.435181934591931
0.452995417496607
0.36350552230741
0.398092731119381
0.388954671270943
0.53605760519113
0.550959590436319
0.546692448073455
0.531604768098141
0.374328275909716
0.486024148688419
0.580462933220775
0.557314265501955
0.445372593746959
0.346100838693414
0.42392497955224
0.52300583663211
0.474646895308598
0.520136131652778
0.521459752776178
0.50515297656379
0.335262554462267
0.477254315624682
0.330050790616415
0.545654600093996
0.45662538265529
0.46999487809913
0.477954108111042
0.45977866790022
0.491976670054286
0.493906303884748
0.464284957943429
0.428693740642117
0.540528283017272
0.434134949757979
0.553300276806866
0.472257844175531
0.454330449667493
0.442933626164899
0.351241148362609
0.57905989472715
0.617351063748812
0.438451851280295
0.452995213981123
0.467238127485923
0.550191779429563
0.495356245196268
0.539592211265535
0.521723277051745
0.4254327588603
0.574245633607662
0.579004491824635
0.491833836279099
0.657745553864761
0.360568566095514
0.488068604035135
0.633575669091874
0.58732620123737
0.427698274699242
0.498804498187125
0.578232378758628
0.458549268206772
0.546128487771156
0.315271921788571
0.564915619150943
0.515037548933358
0.574781043027297
0.522097468062863
0.681194788409289
0.671183834820952
0.583413483154095
0.508104261439139
0.500444810162933
0.644121885132656
0.40458827100674
0.463788354389683
0.56888026737625
0.591705821652537
0.58594659678641
0.594463198751841
0.585414654143253
0.403625871489738
0.562346763417767
0.526729056571201
0.638698311856346
0.58446518761154
0.668414470246436
0.625553193067588
0.677248415147386
0.653047692352371
0.625663679338868
0.702923118198148
0.68583663249278
0.522116973953254
0.774837690431455
0.58001167461049
0.705472799998536
0.715661445528481
0.644740664495028
0.658882110490078
0.761638162665252
0.822374432308902
0.481766762851183
0.623331225413298
0.694563965811526
0.553990114909548
0.59749499875577
0.802372015179404
0.589631413167221
0.624774555586058
0.70664196302076
0.705527473275567
0.75521353181336
0.60627329990577
0.642029383969332
0.564538475995337
0.689451344616569
0.713855776313837
0.642779959594492
0.661537292580554
0.730612157253309
0.569936221143456
0.639150765994337
0.854572498348169
0.633792382483897
0.596013746657362
0.684013320568428
0.751545223074043
0.568583060912493
0.781697845150924
0.71397798670177
0.71697441000116
0.742751287118116
0.755240804375972
0.795431234326685
0.756217615292321
0.651114927228848
0.693506201948198
0.724411447669145
0.676056885273762
0.690665383281586
0.743860413890628
0.567178406879327
0.809859185632915
0.799406345167797
0.779419753439562
0.787239447136362
0.818170785791662
0.779610751616498
0.799829221767884
0.792986780372618
0.812350830379474
0.688075204515159
0.699901667985444
0.731408466051189
0.692569660184614
0.708252932177616
0.81117717779636
0.825938254280109
0.738133083262304
0.799559765011712
0.606252767836777
0.754823116976261
0.791481534074803
0.831261429266238
0.733087588753433
0.796757913880674
0.759307782777722
0.767335135848666
0.846378111290184
0.760424145174951
0.767454553254571
0.653005662672974
0.77819126457456
0.578922974591375
0.80079865609991
0.747930723336835
0.7565055565891
0.773864871622688
0.793595987979989
0.815561995560631
0.787249530395266
0.51410220734951
0.886170826825302
0.749195901626354
0.702515503012468
0.884549029285162
0.76025801045349
0.607058587174464
0.614959710787077
0.827272176804884
0.841824245620539
0.848831499575178
0.6854245215296
0.724959099122127
0.812343291489928
0.827277394795103
0.754071168451548
0.712428983509536
0.880049704510206
0.896975878071927
0.770433859844991
0.934661446108309
0.824634773011535
0.735364259477202
0.914023636985985
0.92565667958098
0.760915743569328
0.964386895523392
0.781331118876544
0.65523575606207
0.921898531388777
0.969397544347054
0.856206247824791
0.843719459757617
0.874678293212976
0.83124313421851
0.922052739195065
0.8451081637783
0.765385997859418
0.90826847739615
0.901780212347774
0.862922963108378
0.914583729452121
0.878217402182209
0.924846004124202
0.871584380065729
0.990638232483215
0.808544379036884
1.00242972669496
0.868572120056651
0.877891650173524
0.859438696715926
0.884837867221432
1.05066980712918
0.944872525317482
0.90913320344291
0.864012837381969
0.927133645591028
0.958876492411974
0.821858423028273
0.944608496064653
0.779799177164228
0.943379643399891
0.966297657824998
0.963501298297678
0.790755749642292
0.948826552936305
0.927623874831105
0.86962776071874
1.02313387689713
1.003574426664
0.679925147622087
0.992143289656172
0.835015409542511
0.800431099992214
1.07186681014761
0.924011331187222
1.0492018629124
0.931965267093094
0.792768176323094
0.764462001224945
0.988855069608823
0.997973502919003
1.03095153083801
0.961266523667359
0.870015950534303
0.966619985176611
0.946828792780465
1.05509469668191
0.980368935041459
1.14556557605786
0.972226135679856
0.99909900652222
1.07807239440805
0.883337001742062
1.08642120315141
1.06150719114493
0.862993697112348
1.02449495590151
0.9419968965798
0.999241218395407
1.04445562053654
0.984191353594161
1.01348209475699
1.09428289334499
