0.153240877478186
-1.11010145637629
-0.935081573066348
-0.944722476314452
-0.967794345759709
-1.06202320833083
-0.942263382533585
-0.964203820028251
-1.01366460476029
-1.00094808251143
-0.899150367212062
-0.985410044499953
-1.00179653589629
-0.908927560158909
-1.02292774118313
-0.975986840882037
-1.01991728793683
-0.979230032823036
-1.06409606582586
-0.944392138778401
-0.965388375829004
-1.06793613800533
-0.8740415704185
-0.921810226872769
-0.849243003159692
-1.04804541517529
-1.01907860369702
-0.956530820552711
-0.869089642346018
-0.966644261195389
-1.03967039985829
-0.949857840027556
-1.08521390897054
-0.892828785999215
-0.96252510675257
-0.861174483183725
-0.865803002247658
-0.937423190687729
-0.818245275379796
-0.786633624435693
-0.986948338049804
-1.03344579340873
-0.661177679634666
-0.922674782667766
-0.929832953331171
-0.830042920117884
-0.876324348183732
-0.934895830787901
-1.09500985385159
-0.981747334285451
-0.831243533206196
-0.848172484739858
-0.854418418306804
-0.770167216341827
-0.779812191124749
-0.978967619078907
-1.00314751871139
-0.760700493107206
-1.00183613505222
-0.887674798387985
-0.912607963758636
-1.01622096757285
-0.906555274576524
-0.814224203458221
-0.993567530945135
-0.937021951279556
-0.939186029141572
-0.778978725852852
-0.925539465130665
-0.974355563121667
-0.923124030142391
-0.948424796133377
-0.718395184811545
-0.995891309196475
-0.899185797624756
-0.83422064565686
-0.809504373507822
-0.756399923162671
-0.845913718275128
-0.749816263171154
-0.807900385976081
-0.907951099626374
-0.835966126407994
-0.934506979028125
-0.704432074679386
-0.92603284111199
-0.815562534245355
-0.968757022345158
-0.824778768286626
-0.828813582866301
-0.758964684276462
-0.838679895562439
-0.816058214269626
-0.781649840700381
-0.775570609894357
-0.88763755816198
-0.700093682248241
-0.846506255144502
-0.835780474986912
-0.902231328043894
-0.768675978728431
-0.870403847469184
-0.816603114868604
-0.746163131842604
-0.809968217888392
-0.773154143181302
-0.782764846368125
-0.856523979870398
-0.848347878902037
-0.973907676855095
-0.751330536803818
-0.812197383147322
-0.752496796165623
-0.825310915808595
-0.770456334903003
-0.766813091857023
-0.716304596957283
-0.900286120381951
-0.731080416736889
-0.702259177171651
-0.786960173610589
-0.773728413454292
-0.789067855608064
-0.786428478678162
-0.777673266688985
-0.721580706668817
-0.660522354918994
-0.747602622536643
-0.747880947879158
-0.824966805554947
-0.80347925374585
-0.816518666895261
-0.81109214576612
-0.831115165896179
-0.704742635023469
-0.536460271652129
-0.747426699711476
-0.630685081964569
-0.717145773435814
-0.689848029293083
-0.695514998413559
-0.598891501534925
-0.844614356110523
-0.669094200158416
-0.775635554983025
-0.798467043870589
-0.726233077360435
-0.705272799747836
-0.642202129897851
-0.731397748205966
-0.673689605321862
-0.640424543094362
-0.653115835175469
-0.643876460472281
-0.741115204182077
-0.693132954833463
-0.624140084044033
-0.570229270709261
-0.64086744049921
-0.65020314453852
-0.703720892851919
-0.68120505584263
-0.538928759806019
-0.720732924503636
-0.6754072500103
-0.796035335844624
-0.66502448709273
-0.688082858488044
-0.46562279974648
-0.716598997362815
-0.721178734084936
-0.657673793176689
-0.603252684637964
-0.722841105403886
-0.647065418588471
-0.692660056124431
-0.646235078855625
-0.698894056314569
-0.616635820438732
-0.805396267387578
-0.672786182265255
-0.693780232085981
-0.67547320756635
-0.690932223829549
-0.726942723232598
-0.646944626931572
-0.566141174038925
-0.709948874039244
-0.63365952949173
-0.719512566387691
-0.638281781664587
-0.713863534893279
-0.761549985304703
-0.64780483314365
-0.569614029614451
-0.370249784471207
-0.615477876054331
-0.571754374041298
-0.725529386480416
-0.633711099697097
-0.539709065696804
-0.581661540435688
-0.557270290825836
-0.588732328302156
-0.618353990877846
-0.542926757092824
-0.659135814557734
-0.458660079564646
-0.676601440267439
-0.55471866779276
-0.501975895996146
-0.623336654516912
-0.595101065854451
-0.544837795668403
-0.636528955522421
-0.637031278218013
-0.62389374388929
-0.44522810035794
-0.496298851816012
-0.489589653517373
-0.528163602107894
-0.656490366553787
-0.587390704186861
-0.572189173892044
-0.552953675215634
-0.541305204202899
-0.543953162954249
-0.593908858992447
-0.417338178482649
-0.531546977242328
-0.522241658432574
-0.424878387678983
-0.502901142029704
-0.533105563064055
-0.466035860111722
-0.496805048954783
-0.673496129554361
-0.417029781032356
-0.45113905293848
-0.640674213785378
-0.507981016999365
-0.526765054314824
-0.472673921302738
-0.461527518433912
-0.564202964913856
-0.538861967804191
-0.558987549848158
-0.517735956233579
-0.386922250742856
-0.586578978450342
-0.499028104317599
-0.630869533666126
-0.465829587612231
-0.39588198568202
-0.447973205278339
-0.565141579245791
-0.548023461433079
-0.317149104434631
-0.48863385942408
-0.472576281649742
-0.547907221479384
-0.485137897842392
-0.483817421084309
-0.345528271796839
-0.582129234489532
-0.466326930697872
-0.526984968609103
-0.41216301769642
-0.459345462466379
-0.489870005315185
-0.631345658940928
-0.389220253740261
-0.637120817029916
-0.514573586105394
-0.37849509419034
-0.471059583230547
-0.53007436616549
-0.447465469799899
-0.426296859546695
-0.480649484810256
-0.408378229076634
-0.457060866229639
-0.496015688428225
-0.55757721340306
-0.506241771275186
-0.371140992447083
-0.561699539533668
-0.466432626035785
-0.367304309012907
-0.475211339845477
-0.447242044117121
-0.40714495685271
-0.379068449819955
-0.570349314112644
-0.462144667917749
-0.364001040222304
-0.371859291005969
-0.439168118448187
-0.394852672396888
-0.34853895559893
-0.496107980769535
-0.56963876489178
-0.380301035974539
-0.366484399871843
-0.566232346785729
-0.409061677153096
-0.374358753408656
-0.300352348203965
-0.375195830051884
-0.322215489377964
-0.244999470245958
-0.428993913325108
-0.335345737782834
-0.574712479445115
-0.423076303098812
-0.321656232117639
-0.404285626345419
-0.347677209843193
-0.400383601081468
-0.367208001318331
-0.412703273479088
-0.284202335906247
-0.423047115566431
-0.340449552282262
-0.384497251326223
-0.369204134820936
-0.333789737061884
-0.313687830411695
-0.368555894594512
-0.321662198199751
-0.427268916698775
-0.262671027911558
-0.395191636384646
-0.316958306328133
-0.213646226214199
-0.278077949633015
-0.298967468912976
-0.495870535211954
-0.239823926320526
-0.151605147779315
-0.334452915527609
-0.392289624027409
-0.218033789730911
-0.258875796956846
-0.363699168336759
-0.381055946037849
-0.360416939529341
-0.550127009218792
-0.330967939913894
-0.312637470058151
-0.313945693038311
-0.241110110902799
-0.405115123153197
-0.180782748141391
-0.205885207843587
-0.307086121750411
-0.259814346788769
-0.27454900279151
-0.341049988743867
-0.303980596771229
-0.425855004944135
-0.229522276128065
-0.170139742562509
-0.399137734545955
-0.348408357687956
-0.360793921275219
-0.312689083156167
-0.247598063057819
-0.257364786566642
-0.369560010449386
-0.183660563111693
-0.231273637672268
-0.0232149640246263
-0.21328352861069
-0.350934524063436
-0.188178530409411
-0.248973522552257
-0.293582708984857
-0.229678151487251
-0.234460604976239
-0.416322475678984
-0.255046558920792
-0.272227637023061
-0.225136629455338
-0.211773698922068
-0.32205622286992
-0.00412376644410949
-0.0910098281844479
-0.228664974072592
-0.391493411658264
-0.38960511488709
-0.249013437933821
-0.258170954221416
-0.298218010402491
-0.231579453305023
-0.4050814824995
-0.154694941185731
-0.261374262440021
-0.00305067472470195
-0.179883150606705
-0.296458928129795
-0.129607658887399
-0.158204102835242
-0.219141803844322
-0.119700119468835
-0.168569649206508
-0.221095239527555
-0.197085185345138
-0.289677989259949
-0.0795167911869551
-0.102603493973844
-0.283461640858236
-0.144425985996443
-0.21834206687005
-0.159172736106517
-0.201671106426473
-0.197174996527098
-0.143060086008837
-0.373715153684728
-0.102458153900375
-0.12814677038169
-0.174891540756553
-0.199260140209564
-0.0632041486965841
-0.333738793950586
-0.296257246118244
-0.178600604711806
-0.265487332122347
-0.220561039157659
-0.189169539342541
-0.102533777914017
-0.204930574611672
-0.151025442813004
-0.136608685698227
-0.060620735556911
-0.180097853875449
0.0138842503874526
-0.141077197540052
0.0251222410654035
0.00200954872008593
-0.0479762925588821
-0.0931536070181383
-0.16745111529812
-0.180065101042703
-0.0828796997518522
-0.0832106273568606
-0.183947157528353
-0.134271013250542
-0.0432664115841941
-0.141118844616516
-0.078491911618443
-0.238771550465263
-0.0907162245410059
-0.188037858467368
-0.0598759655460428
-0.0711766580523307
0.0823459076611779
-0.0856493425498719
-0.0059247440210501
-0.0558954753271521
-0.148499731272791
-0.122210967822041
0.0692811880607509
-0.0173964081987384
-0.161480641717596
-0.0440435217198379
-0.0427820242015733
-0.0703372507344255
-0.0862881952099643
-0.0374085823252758
-0.0140493172351001
-0.141859031962662
-0.0144437895410514
0.0762839531665501
0.0270912432997734
-0.202927101471889
-0.0568007085936643
-0.0541487180893889
-0.102283649602462
0.153066896128329
-0.178660544291962
-0.0942667724244681
-0.0150375824931602
-0.0889896748849902
-0.104614229644254
-0.0856528775714403
-0.152678157536415
0.027039965849727
-0.101558496332038
-0.0610915649384789
0.0142635235799335
-0.204111264439649
-0.0807502663194456
-0.113646363221627
0.0100457035119328
-0.0654742937561207
-0.0651468842145473
-0.0356851930471727
-0.0597485534948443
-0.177747698586039
-0.0436689518867142
0.0474269654083794
0.0851001465894101
0.0432946882344914
0.0841328277849789
0.0243368329521936
0.030712449367576
-0.0116253507700846
-0.0396692939906918
0.0606534355108489
0.0562726431100829
0.00246121937273989
0.109533218548869
0.116321548030681
0.0442543440801916
0.0267530129785556
-0.105694468471347
0.108379432624061
-0.0651275491240667
0.0637244027803863
0.0048447533826718
0.0689299468740142
0.223461610027375
0.0979234840251114
0.109537559160188
0.0650832947290461
-0.0118964834698302
0.119680261320901
-0.0342278266682717
-0.0273837342862074
-0.00702121878352755
0.0613899031990807
0.0954101931905679
0.135068963469369
0.107819711152003
0.0813731338791836
0.0640197441125355
0.030346498106941
-0.0303028069403815
0.0671663819887329
-0.0582581281647008
0.132366253138964
0.195165138240773
0.0884173775460531
0.202797333175085
0.105270497174302
0.0426374517130496
0.0985941893758793
0.0927626844955751
0.108033565686634
0.121708125516016
0.0440968444271603
0.0346159166718335
0.140101955470962
0.0322159786666213
0.0971500154662524
0.285011934364887
0.1323709892076
0.232750505312319
0.109126221929399
0.0623482801302538
0.139675358420565
0.240025477907778
0.108745640697642
0.134286961377916
0.321496029146395
0.0296831296322329
0.242523379670696
0.315077671288826
0.0630208666817452
0.124942725772247
0.251134597704632
0.0875504032972655
0.256385198133673
0.0874355626899637
0.343665688334661
-0.0371399226704074
0.13264415254265
0.0585026987555653
0.20613416928254
0.00926093272976981
0.036377061979533
0.154312889939455
0.130927460831668
0.269536648522673
0.219691581336624
0.137062512248577
0.261355625227815
0.171187780369275
0.337135772421184
0.188948389780679
0.308940102733681
0.0227831118785672
0.261531644506499
0.31643733042878
0.168464892326854
-0.00138746737786963
0.0867153130024511
0.187567367498215
0.192173455739258
0.173027639688403
0.21957258161049
0.0267023731357507
0.141048165668294
0.0667284784641334
0.190545289471478
0.166203928054565
0.303136967997706
0.101183814429298
0.201631191466411
0.325382494445771
0.235018670248622
0.117691175654369
0.314173701961784
0.185775148108261
0.135002659447534
0.18954132410774
0.186310423531707
0.287102536856689
0.220282938667294
0.192564089399615
0.152625619264847
0.450723042130642
0.391799358702515
0.181545087142936
0.176732966493141
0.200982479086785
0.138493323149267
0.211413472112276
0.27668481045788
0.258132472485174
0.287009639764
0.16311886229215
0.383673163677317
0.288966417946656
0.273893975876709
0.326248133781756
0.21250459316375
0.326327433356117
0.335024749167874
0.231470096166308
0.337462050920546
0.344068360161157
0.252541631915782
0.282844138638935
0.341493623084486
0.257737319250174
0.398194401284993
0.2274390735268
0.325116727788189
0.170215987400712
0.317749275494123
0.471395881408385
0.354762466418137
0.270539103482535
0.34465714418195
0.314172633439332
0.379258706216399
0.411675468824482
0.181555184561811
0.54154935817424
0.246613587774167
0.258181862880248
0.247231949500838
0.440436220245306
0.300894347761301
0.510537251753962
0.215911324931898
0.224849471254041
0.307371528898205
0.453342165498565
0.218021176270497
0.309230527543733
0.251306736477002
0.152585849672826
0.412430973259294
0.353231906927596
0.337389237860328
0.279088933585706
0.279145684559271
0.248773198915283
0.282599902230898
0.337858606691987
0.244957942711895
0.204006359669535
0.310257927893044
0.561286309910601
0.35746588413271
0.442735549079438
0.401490306279447
0.427640991966866
0.305894838289002
0.413945888710765
0.36710212673249
0.572753906454259
0.441883232567512
0.39600654720436
0.476200569657237
0.375145216110895
0.456845261609369
0.423867958521895
0.479414867626459
0.32309034342236
0.437587311173783
0.222554932351927
0.4347941627446
0.270898810695381
0.365860235620009
0.312494372439449
0.448397700179304
0.549496477645689
0.391564614240591
0.513389840570537
0.38085725313823
0.304983911513045
0.45421861619536
0.472957827184391
0.351127607643756
0.296419420479784
0.407972537739851
0.51146159983679
0.423715047157677
0.528103338635221
0.475720632752762
0.410961246983217
0.610264602983045
0.442591018675882
0.236161277764942
0.421607413681867
0.536519996215644
0.550075097622655
0.484851041891719
0.439270445554805
0.54413628300441
0.42578879346502
0.507770021716276
0.376745761955422
0.494040579383481
0.483392333646298
0.451152475506139
0.54243606545975
0.418391505731799
0.491191846819784
0.475967729060061
0.379620145238692
0.567937903575096
0.382267908139681
0.398597836198482
0.443501593053802
0.503509364740614
0.438145770175714
0.492789384621319
0.488572047994426
0.44191345759765
0.526414297368528
0.562893135513661
0.600064637680243
0.496785857113038
0.423383726103758
0.481322216074868
0.397514882127911
0.446760196494356
0.503828762286612
0.698625358051652
0.45709123082711
0.421812383994241
0.51098261808143
0.496416869103486
0.685895673378941
0.389081403568625
0.524406777707452
0.509661883451178
0.459907167777252
0.536326638795732
0.643528796476739
0.580681967261867
0.351932349575333
0.527662632399671
0.59290478770709
0.496984079358392
0.667375999689459
0.628805749220339
0.64975776228109
0.610239145170234
0.571000358160719
0.572739498720596
0.506332133735229
0.552351885257887
0.649169131433847
0.621562955679475
0.523765745846304
0.681045448898916
0.64884297787616
0.546003252628806
0.594772338439507
0.733382452771214
0.490332327420474
0.65640914901479
0.594148973587025
0.785350556576379
0.521102798530594
0.472825865182953
0.547418960132693
0.661025763603752
0.617379013580906
0.688811777601103
0.60596714820969
0.666678732666005
0.76536636666592
0.695751163538344
0.62659194906453
0.62267045649036
0.642279910250068
0.734892435439808
0.637894924900664
0.611088309824121
0.650907830469984
0.492165715946209
0.607459216196509
0.531913882335296
0.645082931218925
0.440929124833033
0.727685744859858
0.538090693474047
0.588711101820536
0.516234895517334
0.560038685736534
0.649811608469761
0.73928579560116
0.735580005297429
0.554327269982706
0.691451469727141
0.664555041992763
0.656493486364497
0.767814661885167
0.647508925093032
0.584420191516838
0.594919946272347
0.725480882005753
0.727181155572786
0.825955958374587
0.540427396622375
0.678679698599771
0.781626668988917
0.731154886497442
0.701859415304669
0.628678844718442
0.828026888116493
0.625254217822044
0.793109050776569
0.812242811800919
0.679750841453119
0.736127041640181
0.789727821400534
0.74454950376564
0.759924048928425
0.783710058899505
0.599351213412358
0.791358936164529
0.744374766921515
0.729319729603773
0.715553554959852
0.801019873592687
0.756555471199047
0.758181730438752
0.849161177659005
0.678481336020522
0.655933151833074
0.605800753928355
0.753893828963553
0.747485001857084
0.650451887691512
0.753051625585518
0.716224917487654
0.635803495127964
0.97054635043857
0.816763980522587
0.701233161515095
0.913945810092444
0.722080554385946
0.767406824234128
0.544909813952204
0.703830691280475
0.729268395167893
0.729192875565465
0.775645358373378
0.772719125069876
0.824010428311214
0.825922818462212
0.740883676397734
0.813371462962792
0.792562977110429
0.656556324822794
0.730524985377667
0.72547008485449
0.741209713997409
0.779366189850653
0.761424352499179
0.77171078299536
0.887668964747269
0.782365460164205
0.706999997740166
0.771245948174527
0.753699882622951
0.755114117302777
0.805419904003285
0.871739452391082
0.8415721095786
0.90840170757259
0.867125302171008
0.756092421015848
0.9562308865679
0.741328695419326
0.868633566714289
0.80382430221877
0.910290336603872
0.807839389371254
0.673248845266904
0.837144088497155
0.880949038112332
0.809506868129248
0.674634709348686
0.870368474114767
0.883830756460455
0.900679077154758
0.933340671517191
0.869121580150138
0.891649548867855
0.687498809936136
0.946893514044624
0.923345480410604
0.837327771845288
0.814320438333255
0.816312262970389
1.02254065588695
0.895177766344077
0.931654161006861
0.850749085043782
0.900398118775523
0.860755254098058
0.948974878015902
0.949326193833433
0.998582891224945
0.871790298247831
0.916694593601124
0.955384512478991
0.983272081881507
0.748111124988034
1.04044614320652
0.829366153600158
0.835916880710761
0.805259521265754
0.823947933724386
0.923647114971226
1.03469947940077
0.936510000191414
0.85016074671308
0.995217899765993
0.946708795321381
0.937081199094382
0.91017824510159
0.952261226790473
0.993302745902882
0.870508339390378
0.800461332244053
0.908609906568956
0.962754443913473
0.83969913914819
0.973327949807682
1.05580643171045
0.830890482584784
0.843208347659329
0.928935387621922
0.832720196728804
1.08282014276205
0.867050038603953
0.979445283718563
1.143094926442
1.11435055774877
0.847398393171206
0.904873883914421
1.10604397183303
0.860099855335373
0.929172528160283
0.870341884156912
0.830070610998626
1.05843897321348
1.03493270431893
0.975805391042724
1.01391913956268
0.878547912684674
0.880854381931887
1.0134666585822
1.08000197492023
1.20106796286337
1.14125033942801
1.11006202544929
0.989013691823144
1.06361071834185
1.09399071866344
1.0311875750132
