0.147446888551284
-0.982410375940628
-0.956594272067555
-0.943223415421921
-0.967644426111847
-1.03005886150868
-1.07043571251273
-1.01931499051381
-0.870647052398138
-0.894689126388355
-1.0534598559277
-1.03426423724159
-0.935952474738939
-0.990900186519327
-0.995822417356547
-1.00386964172748
-0.940274941570355
-1.00396707148651
-0.819169981377532
-1.03386569381644
-0.820340306355598
-0.775800307298535
-0.842258034360453
-1.0707409033623
-0.992133922389374
-1.00321462983352
-0.900608896408838
-0.883867263684267
-1.04770172303936
-0.842809530159885
-1.06424741765302
-0.9547628975383
-1.00762390202209
-0.985992253778001
-1.15700901786745
-0.87343635190662
-0.96133885370005
-0.929843457171693
-1.09729842361582
-1.01305067087539
-0.985159177461468
-0.842737602583638
-0.822224596193971
-0.73575491147617
-0.829230835073774
-0.837756338600213
-0.883369695807321
-0.960928163339365
-0.894358993621901
-0.929500494293097
-0.921831650847055
-0.921614489669459
-0.888503097679563
-0.743683419336377
-1.06412454972205
-0.719494435039502
-0.912597402831623
-1.00994145393878
-0.814962974633397
-0.81730758755674
-0.892713079593325
-0.810612323683085
-0.833066746145096
-0.858436812530345
-0.81126704897686
-0.930153863688086
-0.804810838983903
-0.71929038504912
-0.903292745859509
-0.761986285155633
-0.856329823854607
-0.9110897785189
-0.728736416445183
-0.780234319209878
-0.669790128697439
-0.970050877285672
-0.810958831961649
-0.77424520639161
-0.845361335735856
-0.881501358465915
-0.74622944492752
-0.794128431385322
-0.902796028365783
-0.803917666618692
-0.643309267108641
-0.817381194476656
-0.875979196270808
-0.75353352367726
-0.883540520570868
-0.831175496124074
-0.79139743561522
-0.786672693458712
-0.855433476324407
-0.903260661793812
-0.786910712962382
-0.749423372011373
-0.6748285757176
-0.856015913938826
-0.674257784705097
-0.812664211967749
-0.819808098804108
-0.824521247630511
-0.833911409578764
-0.87340787042016
-0.894827000000416
-0.793217789356068
-0.927451967646313
-0.729082702753989
-0.726727879968357
-0.734106795185414
-0.808739587043395
-0.732081064829071
-0.64947445034493
-0.67469787340187
-0.803561643536245
-0.713027500852803
-0.799495199189555
-0.844688008952849
-0.719506724847565
-0.811011864292671
-0.690228952591122
-0.824490005453184
-0.829346647608323
-0.60520734804856
-0.75751160952915
-0.746833187947223
-0.681203748735581
-0.770329940189172
-0.716260246221537
-0.732506863431228
-0.614853484370629
-0.780997495520437
-0.833797348163304
-0.771114840864622
-0.697870310239187
-0.721787750333952
-0.747886961675555
-0.636789897353199
-0.880503166354068
-0.643244736720861
-0.51199795974599
-0.681606135428387
-0.692842373504852
-0.737359827651709
-0.798608110227659
-0.642385363909758
-0.814463165141039
-0.573347125890337
-0.640700457699501
-0.678641672847797
-0.700657598170777
-0.629050741774805
-0.656733675390013
-0.744355080149114
-0.648735219394887
-0.763584373446415
-0.736274178538086
-0.680891366120931
-0.596492191182027
-0.515800109837738
-0.609888729088727
-0.569946259616679
-0.685867017123286
-0.657695577559906
-0.531192343327046
-0.613034549389707
-0.659636874831767
-0.590730555845659
-0.738592386112721
-0.56002172270864
-0.547909059881238
-0.613357668823124
-0.7131998447222
-0.618995038032359
-0.644626053217305
-0.675392884855855
-0.604461296612616
-0.718967585585295
-0.692481501988788
-0.507123352236073
-0.735417575169951
-0.494684413457731
-0.642937551085613
-0.721815247020075
-0.806420093822362
-0.55783592003486
-0.669370900039697
-0.686277760170339
-0.68167918831553
-0.564098096817232
-0.762563872039774
-0.742952749387158
-0.593333161797532
-0.538441640225114
-0.583037537465127
-0.555045123036478
-0.525351861592923
-0.701315243150195
-0.587899543597811
-0.664779164332674
-0.576693489023312
-0.61643306993449
-0.564142101184373
-0.536356334934556
-0.635537086009308
-0.533667253388313
-0.572727390564966
-0.569801495310622
-0.514083809679161
-0.474923396102202
-0.594061536931497
-0.593568801010413
-0.510548484374821
-0.454140629544453
-0.638690193774632
-0.529309380721642
-0.553772577823884
-0.478818310731306
-0.549512570127265
-0.531709367854759
-0.468024202776525
-0.603259602141084
-0.59748134163519
-0.659789463392668
-0.57567788800612
-0.581223314860654
-0.596641946033118
-0.470790548141038
-0.64824629561178
-0.478829367018505
-0.604030064455191
-0.551515823209855
-0.392974203138654
-0.517006741489637
-0.518279670875107
-0.601390454505834
-0.421478840425315
-0.428099857029772
-0.547921706976873
-0.4535887968761
-0.616057142468046
-0.55646632385017
-0.471611859747474
-0.540563716232544
-0.61834874604269
-0.651901521928551
-0.494857578464223
-0.482749599835824
-0.482598544984747
-0.333829643352937
-0.41544189274647
-0.458233593027242
-0.415132736115168
-0.55242317241881
-0.556453903403504
-0.532034420672307
-0.512080767925802
-0.484521341558882
-0.551873241504569
-0.488792163000353
-0.628422606489905
-0.369066362528372
-0.463488414625542
-0.385690085866294
-0.65064889928814
-0.50973965119817
-0.59725347029059
-0.526491194274569
-0.279871533920722
-0.545388665912484
-0.433280440773114
-0.465097126976229
-0.42272240587105
-0.668766456235788
-0.501017505047364
-0.498594186699495
-0.557952387390077
-0.628605978412905
-0.651605933893162
-0.590895387135805
-0.371569451310509
-0.335740891452183
-0.523705942581819
-0.400227140518749
-0.350893337598551
-0.432922136564993
-0.255656715474519
-0.465841329730953
-0.452817699354211
-0.482866324611521
-0.42501563686896
-0.387192614728055
-0.465632760359951
-0.394708605509927
-0.312428857211177
-0.46308494406147
-0.489820022441401
-0.495272661901259
-0.31064858102371
-0.277981690190492
-0.389255917912214
-0.413233055374356
-0.451338982281832
-0.407921102162066
-0.307882558614128
-0.367513643538327
-0.418880114124527
-0.605468439561577
-0.467225491174745
-0.33956829481122
-0.392179824764547
-0.288283642311264
-0.182363432130573
-0.428064011783323
-0.499195376953248
-0.41417088906081
-0.353905484585041
-0.365279037900227
-0.2997040914333
-0.415757888436869
-0.394852591097269
-0.431718877925391
-0.344447285202377
-0.275008371686068
-0.311082815188626
-0.336991157149833
-0.429235543373593
-0.121308159882406
-0.372174096142313
-0.497325899119297
-0.25311521266395
-0.406584296535404
-0.313378334191464
-0.197115377039187
-0.534765094511791
-0.221875019048248
-0.394073738473365
-0.277753673866488
-0.333206237603324
-0.349999000721904
-0.306604339243484
-0.357184439212124
-0.401080355860686
-0.322428096853826
-0.223107079319558
-0.30214297033094
-0.325663267814605
-0.312830506213255
-0.317188196721476
-0.325563847464719
-0.369367541985573
-0.361009405615118
-0.161993890114691
-0.19703069447074
-0.197354820942327
-0.288011196625555
-0.315228117178889
-0.258376324749969
-0.255206295840857
-0.297155955722477
-0.268244046023511
-0.310151585065405
-0.336686073314191
-0.277834381186253
-0.2061207141748
-0.249519604888231
-0.293253572034033
-0.178860146581892
-0.346316465881848
-0.307734653063702
-0.132851088116418
-0.231277011407831
-0.0924422451744889
-0.342183250939273
-0.192566952600354
-0.292513421165126
-0.244894241230495
-0.153834599701771
-0.167898051794449
-0.266426100403904
-0.211912900209481
-0.299499656568783
-0.376712730317218
-0.173599354435403
-0.295570544946417
-0.162524732039053
-0.126653477687401
-0.271314697723652
-0.102836596829918
-0.222328162786664
-0.243055655851207
-0.222005115410335
-0.245962064091927
-0.214381605692239
-0.215569161770132
-0.181255492999574
-0.222212418163598
-0.0674964425903094
-0.16720659382253
-0.174098762679946
-0.139247724079499
-0.129545786452513
-0.165675035003607
-0.243428040393324
-0.104158526548036
-0.317354930564869
-0.190870043149154
-0.291372319623592
-0.181927035265439
-0.149978076072494
-0.133223588302733
-0.27501043699793
-0.198298734712257
-0.168980320329334
-0.26521343288054
-0.0731115989487466
-0.127788390630614
-0.16151639448991
-0.283620131594774
-0.230140966233756
-0.0714076186626388
-0.0713315531438259
-0.285474967790985
-0.100359540597466
-0.310643285934279
-0.101960476173514
-0.14205606921295
-0.0329313543122761
-0.0280509422902442
-0.15363448728427
-0.166921999584454
-0.171738644220532
-0.0361364325943038
-0.144771601333286
-0.0353371808367224
0.120968118608279
-0.0457370015619785
-0.196451189444059
-0.173724014103997
-0.10103763955652
-0.148000229653542
-0.208486682673137
-0.17709809355001
-0.0726048664112684
-0.0404266143833151
-0.0432892406582374
-0.149410757807652
-0.143042092257565
-0.00570447835631344
-0.192476607594636
-0.118361864223383
-0.00252799421392082
-0.174478572677358
-0.0777691008729667
-0.0916520101678223
-0.0621635736401766
-0.0764601204123075
-0.0518207888307903
0.0488178061655283
-0.0511435073807569
-0.115327666861337
-0.0851095009823346
-0.0921484814602262
-0.0296666956759855
-0.108721477732047
-0.0229995001881505
-0.00656032795592567
-0.0311516132259555
-0.0940978864321703
-0.196006654235166
0.165190582304841
-0.0262577827026588
-0.0286682078386908
-0.0956048315038185
0.0580490471837191
-0.0533728109555995
0.0208971509115434
-0.170939197923209
0.035590688943984
0.141820934737803
-0.0679621889586424
-0.138525804887843
-0.0543240016238556
0.075412699607311
0.0378726547770026
-0.127535600735
-0.0141882670413748
-0.0401017350383849
-0.0357169560608996
-0.0551075395530499
-0.0574430805240182
-0.0214276161752757
0.0918827983152299
-0.0967670730042474
-0.0397949562437298
-0.0314620380608839
-0.0399646942759873
0.0260497346364607
0.0588063680653095
-0.198941305959848
-0.0136881006983354
-0.0580134067310559
0.0376248873676693
-0.0363711124933067
-0.114680303154636
0.0731090585509168
-0.0737010410842997
0.0890902926440913
-0.0352074650702605
0.0558418594872962
0.17224195385901
-0.0485406127745067
0.15169298502326
0.0294130042377244
0.042073084871575
-0.0187501429099292
0.0709146638954358
0.0790599614127906
-0.162764622666986
-0.0168049726621682
0.0224509441899237
0.0644973564878509
-0.0409274007738093
0.25251051373956
0.0410559354093758
0.0554365641308343
0.196432496345819
0.110574884317516
0.0502679358262771
0.0510700090461556
0.0388737034998818
0.0916850199470574
0.0163154012884262
0.0700709559333427
0.0990299405731624
0.0828264657287987
-0.0052121486598648
0.0515706900438851
-0.00797242742046075
-0.0103702646363055
0.140350745511508
0.0992136036462651
-0.0402208530080375
0.0021551749726938
0.0406765604807622
-0.0200176006601327
0.0424619737283953
0.0579684710513757
0.0450199085215977
0.159064389763895
-0.0675038435309818
0.111602653935652
0.0192348853998412
0.157736162351493
0.110922750569189
0.0599165651240084
0.163626060385452
0.317069837645932
0.101931055277874
0.132673151944841
0.198329282453158
-0.0312486556482845
0.0755604342136256
0.0820008814400864
0.191419836538376
0.22904076705509
0.165549331439721
0.152877616039238
0.0436911006574129
0.0956989880998074
0.182036345359069
0.205865117646507
0.126824067795919
0.0189341389418893
0.085162298273898
0.205983217507172
0.204150919367788
0.0997619483670827
0.215688022639519
0.0890578009391078
0.348689759524815
0.0560094539733186
0.146207484257021
0.168484213367473
0.257651218586466
0.197198420988438
0.0592473528076274
0.185902733973035
0.263191636060194
0.218846676431315
0.25834463430565
0.194811195173194
0.153737955426309
0.141638845062771
0.0130236278032283
0.171927382238186
0.126369164520013
0.071030360126716
0.267627947663519
0.137713797436858
0.198889230248815
0.180971333841884
0.199017939813179
0.180458462056652
0.0962368115356014
0.224932836757792
0.302610390343904
0.188086554828186
0.253284468484566
0.164040628251196
0.145197797960818
0.208991503511841
0.11566878775877
0.209590182682179
0.355199451527092
0.139781818576052
0.28034013740711
0.256849673457718
0.278325304756269
0.272651860310627
0.215889039457925
0.401060078258247
0.216856508071503
0.256264380556998
0.223706788855971
0.310708843360236
0.298471783378138
0.263696117534034
0.174374048189878
0.180713343533404
0.0301991909442054
0.210619346039213
0.291779602685159
0.347693816681628
0.163546027642565
0.181273191955349
0.374646526423819
0.37242071544573
0.309157842964604
0.179123943240783
0.370099418851741
0.266930159910195
0.14349760868434
0.427931324755661
0.203173059165369
0.200482620612665
0.252309331535461
0.213971043333227
0.246443521321188
0.21434855675216
0.280125767579802
0.323550929955844
0.307491762731726
0.213489238866057
0.337055674774753
0.343873197550945
0.286457690263705
0.392491049650725
0.233778635889286
0.219567727141254
0.513648121894176
0.368985937621387
0.388021747389664
0.33947848673194
0.231282786418372
0.20120081704059
0.323950860944779
0.294658701994586
0.369293022623465
0.348221296293298
0.268954614595448
0.412485838774514
0.379000044823005
0.40269056942606
0.430176809985458
0.416392325411797
0.297861406926337
0.314806919316657
0.271758620366962
0.245378282391801
0.492939518098197
0.349173805517787
0.379315409645292
0.210787652845604
0.197903704006147
0.339123566485246
0.346498145341561
0.28046270277141
0.241722470924134
0.338749159081382
0.383137224445916
0.382719842889984
0.322855610894664
0.407451045216795
0.335006491276308
0.339511416410649
0.483144187076899
0.509656638008231
0.373237303322861
0.522662952240353
0.212125704459885
0.451619231133195
0.430644713606982
0.486392893588984
0.430558592933644
0.295834274367824
0.505149610344145
0.377920065679954
0.583208618905657
0.414791798883616
0.489068106367067
0.608276287225756
0.403125678622734
0.421664201904716
0.402951377642048
0.402541431346952
0.352202723955559
0.309471760951297
0.543128076225563
0.3409724903709
0.46529514671923
0.429347067012223
0.412911112946525
0.402927402458686
0.311999079439663
0.238307491815739
0.398968309925095
0.267532629591339
0.434998676181571
0.386389668260544
0.419625570612924
0.37012920358899
0.449446319804898
0.496176672413157
0.374008076727844
0.330108504125268
0.524755684743306
0.462338121183784
0.573517443801131
0.560923233660086
0.569932652339247
0.562146283542582
0.424545672315002
0.620855275852852
0.364649833962674
0.55627547687917
0.492805855519424
0.431239563034766
0.49092744450822
0.400106790807994
0.421157969616514
0.555764051345309
0.528516025918021
0.564478370686881
0.392426101622244
0.436639125081635
0.427503874193687
0.354307751049096
0.649753283448071
0.454442290525887
0.591972892178817
0.581313560607538
0.569877323823118
0.455186743676036
0.601988390324524
0.468003325196962
0.540537878394908
0.674855579908221
0.583473336090582
0.639819628834226
0.537895613499713
0.357365698925426
0.589585122207606
0.529573025237329
0.609419163206528
0.531339897199971
0.412253187034116
0.507362868216084
0.627094487882651
0.490639687677336
0.532871228288665
0.61516913172465
0.490011083297838
0.372154444704497
0.472343640734205
0.589538528285846
0.593412939851494
0.522366258595375
0.574742061910671
0.5861756162535
0.737050984144528
0.741832059874417
0.557572579741356
0.52790777618352
0.391689743285622
0.502284889780801
0.612331218820913
0.648480027779232
0.650089116701163
0.510704376655401
0.572647348731565
0.674186938817904
0.66836712592695
0.524218519781157
0.596355404713482
0.564321669305893
0.6474101460692
0.589297027986355
0.538281769639854
0.605438881092548
0.61565959292368
0.632763836445362
0.505468127652978
0.687481717079136
0.639413147107937
0.673904461757602
0.684508575739367
0.648216518834649
0.517716108416486
0.698181106327571
0.538733869743241
0.639269747996253
0.691551149851526
0.583932469634974
0.736970484731014
0.608042857668445
0.673033243394255
0.536818137529669
0.709370403746991
0.653962922050465
0.64412705399027
0.662068412929925
0.705836366150347
0.781238438968779
0.722924062110267
0.711944273138274
0.759471663945725
0.642216612458371
0.682218511557393
0.410613436647156
0.639965089901729
0.796933776388725
0.728527164654943
0.60179848044497
0.761143308297173
0.566153352708295
0.768379346501095
0.618410571379987
0.651314283952882
0.631873635137919
0.639887043452972
0.677711294352382
0.680398534892942
0.827632881566469
0.814106822433778
0.776629913980207
0.785761439937151
0.665326147842968
0.718313616449018
0.654836645240821
0.676283695363133
0.765565818081766
0.748450056660842
0.644744753609688
0.918201722010129
0.715883146090459
0.689837029533651
0.790423374508699
0.87187285128089
0.752333309180831
0.586365623696057
0.588543825873383
0.663289759746799
0.814463159776435
0.802884361017754
0.66612733747112
0.668490609099931
0.70012445459371
0.86226105893604
0.821328973684328
0.736319232593588
0.709765053052148
0.791309624403958
0.846163872095352
0.711439790934965
0.827763470599922
0.862401903930207
0.580531184884305
0.689134610229346
1.01748202203847
0.55891535799333
0.753058599276313
0.859706656473869
0.731828291806708
0.927937298867653
0.744726095147384
0.7412564072796
0.861836651090224
0.713704721782868
0.626246239230064
0.795325163812075
0.814974831601191
0.766262364607969
0.864545636169122
0.71887335497958
0.896060575691531
0.951261328279886
0.90430486797845
0.900239246942824
0.727815335035084
0.864208527575542
0.718975320935654
0.848461044694865
0.873069736083908
0.911778497757813
0.798138849050663
0.761920650459307
0.922586487216431
0.756984994553916
0.950636481395756
0.87456718473824
0.878618977567629
0.809630010063403
0.825207158289365
0.749346308699775
0.871872686325685
0.801811964693628
0.793628070261245
0.778869620353796
0.793659591281256
0.846592186988665
0.790601475793868
0.765132221094383
0.923920443217562
0.860739696224473
0.855663775735293
0.905999228204855
0.878458117816109
1.05826248754262
0.89634955740244
0.758146229000719
0.734972553030791
0.936868097952879
0.859000653492483
0.919859930393268
0.800040110180302
0.856921190401769
1.01801521493809
0.991839728591682
1.0107277562394
0.965263441285636
0.799730403509162
0.841830697250451
1.03195698083792
0.800687992813694
0.953718416847419
0.949807479934505
0.939862764554265
1.02597974597033
0.865691679462531
0.814856668778715
0.781735750159932
0.970912123607788
0.915399378020379
0.894348941275195
0.872509558711322
0.855949764980203
0.954931443521354
0.910424018714199
0.949647518665741
1.01869674662549
1.04485171355011
1.11005297138268
1.09382718930326
0.890366289482635
0.893964405107423
1.06336867067687
0.871454001529573
0.927880814000733
0.817915898034481
0.903429927184377
1.08913218858592
1.03523855283372
1.01882148431028
0.850554266901462
0.96447205643899
0.880629552484267
0.887857891632655
0.955926024271908
1.00622645170089
0.907627801982324
0.952702965361272
1.0037130313031
0.87285940121235
1.04009848539945
1.01962796816
0.861342975439162
0.956266852490904
0.931448890652045
0.983598758528393
1.12568463572601
