0.0694317484766518
-1.04126606916022
-1.03176039941338
-0.924579173785723
-1.06400039220207
-0.813521097136518
-1.00303994404566
-1.05124922065495
-1.03598504074471
-0.826469151942342
-0.840364755910591
-0.980250993974422
-1.07876039354934
-0.842435755924988
-0.828904210406243
-0.911905698410688
-0.979522510058095
-0.864728851996689
-1.09030888601179
-1.09877499320988
-0.871941522122838
-0.888996318195925
-0.947520219765105
-0.935290103131807
-0.928760515648459
-1.02463361625386
-0.866478799569
-1.12770580790385
-0.853991887802107
-1.04049533709737
-0.849242180733275
-0.840263378129206
-1.00595053360255
-0.970375550820463
-0.887558233755729
-0.830362096874302
-0.954322349946975
-0.872519672981779
-0.864154704867683
-0.863732812795639
-0.919535659110416
-0.83572238306996
-1.05051340303733
-0.843878691350926
-0.868004766916149
-0.875318739723593
-0.89259848147377
-0.865774044730022
-0.797263234744586
-0.850151918299114
-0.790794002578898
-0.8216467846672
-0.872857155093687
-0.946407956618956
-0.880361659944863
-0.995637898108244
-1.08876184284185
-0.768446277417595
-0.867363942461176
-0.860177107249816
-0.808004356245547
-0.958364020959912
-0.877843498008338
-0.87877328953096
-0.751363416995718
-0.79529957362848
-0.700120128413948
-0.909335340714448
-0.8137070577062
-0.759121744166387
-0.828758417004252
-0.89836694497038
-0.955189422403119
-0.725382230086715
-0.877655443504485
-0.800657081679252
-0.827209828920367
-0.848416039645935
-0.747268994538378
-0.946271075379518
-0.861632919062226
-0.895615452912377
-0.935328924068783
-0.906900814844297
-0.738095328218383
-1.06061450391827
-0.781986523632927
-0.873611576289602
-0.663090355322142
-0.866542190198539
-0.916407354983517
-0.825257209658217
-0.733419253102193
-0.889338476808095
-0.780504526969941
-0.694561543845778
-0.691968798543128
-0.973407787513319
-0.764347523960613
-0.733537397098652
-0.866963948557107
-0.799972540318542
-0.905762157671417
-0.837425142764624
-0.826825721472899
-0.800314656223031
-0.783206550267206
-0.941987004579431
-0.850336433454513
-0.744065062811767
-0.659749682499838
-0.741458844179539
-0.835164210590382
-0.726207594794523
-0.729367090969339
-0.718128734407015
-0.858784032013265
-0.838227253827908
-0.730107903471224
-0.718452964230552
-0.783339707853971
-0.755178895302907
-0.806785192224524
-0.781238487786525
-0.797668121056394
-0.761925631890606
-0.598172654995154
-0.718881122271166
-0.875021588182147
-0.709327055927839
-0.627686672332161
-0.765604223878557
-0.65890092518481
-0.560546287250308
-0.727521063538635
-0.644135095770969
-0.795365942566419
-0.804824635938236
-0.700046334225494
-0.634588706711366
-0.797055090562532
-0.785604625785505
-0.84250248099174
-0.750056139245633
-0.670905504983161
-0.634291724101895
-0.683415578628774
-0.620390878488072
-0.797717928696718
-0.708303328025643
-0.658433157835725
-0.704645175541769
-0.685698876297107
-0.668768368958132
-0.820068675301544
-0.676346154589018
-0.667011708919797
-0.646147527828972
-0.684609979314965
-0.636550882990786
-0.575226508232027
-0.491509748111662
-0.614143881899611
-0.776299871448724
-0.643069079228502
-0.748891839627647
-0.654179631785853
-0.769253015312883
-0.792454102013763
-0.518281158603006
-0.630638492446984
-0.618616038041704
-0.765614829074369
-0.691798511411963
-0.532146647869282
-0.741712364741689
-0.582547990666325
-0.492391635323417
-0.830697932018864
-0.589628914210113
-0.535768650729469
-0.61474753083785
-0.788011606989117
-0.706024126057212
-0.607520513381393
-0.602138320472764
-0.49627304203209
-0.672542541519239
-0.599828819255498
-0.682945751980357
-0.705201929294221
-0.663039055448025
-0.754432989651701
-0.636609028672281
-0.590545548050227
-0.751893177293034
-0.602295331445973
-0.571117732202871
-0.612530699878358
-0.431939034505126
-0.387570991522174
-0.633076006150041
-0.582940010820143
-0.697628693886501
-0.63514133547057
-0.627098853404109
-0.54492704703449
-0.672383906894292
-0.665371457224072
-0.638988814568847
-0.617758367724603
-0.509505645719525
-0.68174492964443
-0.603363209953295
-0.46834905027892
-0.508385025479616
-0.518894420781931
-0.533587858380553
-0.606422095100722
-0.680185778351568
-0.446892298527785
-0.612816568122514
-0.601270726363623
-0.468166034220545
-0.445826440909076
-0.507980941889254
-0.491625563873249
-0.671034065830224
-0.498082076270183
-0.466352296230968
-0.573262564084295
-0.484471262867115
-0.595455582733839
-0.448963682087836
-0.524334143749939
-0.431018568899796
-0.512400345059557
-0.311793940776418
-0.464764347965855
-0.526347819382585
-0.527324859986416
-0.590856578012162
-0.609332500013906
-0.619420179138424
-0.388709726645256
-0.637890649031091
-0.497233701438487
-0.50485964407348
-0.479134548448017
-0.494515837923888
-0.489427310073123
-0.465941819730931
-0.533092389057837
-0.474263076356709
-0.39940574187497
-0.532125903568608
-0.521948178288222
-0.590787432480471
-0.437052330712455
-0.552074388233398
-0.412143311134025
-0.535393811135371
-0.613646938806967
-0.375391064501206
-0.477230606607879
-0.52965465674529
-0.43980808452012
-0.543769679446464
-0.475491519495022
-0.466217599292238
-0.56768918980178
-0.40821008920235
-0.459442263075935
-0.408664868892238
-0.478400195021446
-0.479965914775813
-0.514946841548851
-0.510043938369404
-0.461593692772095
-0.378193836088655
-0.421364656917157
-0.567449141176513
-0.460597672214335
-0.422456402778631
-0.36196060170926
-0.458401514509483
-0.493239861487231
-0.363534258456807
-0.442145369997261
-0.553640408200047
-0.438482530363915
-0.421176057136219
-0.4452385437387
-0.265684658110306
-0.365393252151261
-0.508721577544882
-0.352919963238366
-0.403903322260463
-0.369219873090971
-0.438135509333014
-0.37609061417432
-0.597092695738667
-0.400616814568079
-0.326645048291998
-0.332348788078005
-0.4683900222721
-0.280355958131293
-0.46198797589096
-0.49580516076203
-0.397525486493645
-0.466888435596388
-0.206613525207651
-0.377047549190956
-0.416889157648174
-0.258519139110028
-0.29160682821208
-0.545900154468785
-0.332541536973427
-0.239615363141294
-0.381848966050058
-0.0920707312728895
-0.312276479740854
-0.307381301803128
-0.285567827241876
-0.356578287532432
-0.43022738404194
-0.40696607818571
-0.415934266581271
-0.348492483033854
-0.425124844167117
-0.299714919143177
-0.371193418211926
-0.260395710412526
-0.32197851470248
-0.361424522919864
-0.366061880842616
-0.442196138668266
-0.38973384189399
-0.322734070565852
-0.205675903745595
-0.265262569893977
-0.402180307680705
-0.300214751789971
-0.357576400698547
-0.33673656467187
-0.369060479630376
-0.34933858912398
-0.226677047869769
-0.242958946799732
-0.241534947855958
-0.353325331390427
-0.368110011717421
-0.313839592804193
-0.271122595455026
-0.157338511118254
-0.304172844468814
-0.24060195682515
-0.399431372160777
-0.165647519698929
-0.197352330091824
-0.348099641181674
-0.231548562924868
-0.147950981969562
-0.253532036148301
-0.2998442333227
-0.238600952798634
-0.254851842508122
-0.162341664227588
-0.2073038447737
-0.117156536383991
-0.30230744334828
-0.408593224195982
-0.212600575911898
-0.165646260883389
-0.20098133917239
-0.383397953422635
-0.276798508888351
-0.0689210965947158
-0.325786128270443
-0.043099978706831
-0.21143879641204
-0.238530093873368
-0.240863682486584
-0.244108931199295
-0.345120730714595
-0.250141169135836
-0.303382593108299
-0.335337083829608
-0.198053577954963
-0.125312564729258
-0.290448383175586
-0.282735026714334
-0.203333343092202
-0.242320255251354
-0.0454093750504556
-0.224034211788598
-0.154866410335474
-0.431445787678821
-0.116397602961408
-0.126002765280071
-0.184368402707662
-0.267086392755829
-0.195186003641015
-0.15678263571624
-0.277372968894923
-0.139333362799963
-0.146051075432365
-0.206456756805227
-0.275269744001994
-0.208411270200177
-0.105360395167536
-0.235336532374199
-0.158093937383267
-0.12921375810719
-0.194092446936115
-0.254618888138697
-0.0887653470060485
0.0422852088953488
-0.285027168007395
-0.177503860823644
-0.128753062201441
-0.101554597485472
-0.239807031160814
-0.206470617342671
-0.108300884934669
-0.259052261623944
-0.112411430595476
-0.107923313880834
-0.205779786379986
-0.211775004622005
-0.0600906072637669
-0.145582283926988
-0.192993119555132
-0.14649185107429
-0.162414068241609
-0.182333331418091
-0.0616137798732442
-0.0723076343500563
-0.148448495802841
0.0103446829849746
-0.0608048571328834
-0.185446470418353
-0.195701955816514
-0.0888846887020732
-0.167164551436394
-0.0946306754683308
-0.141533645608331
-0.0893706135152141
-0.139544496870111
-0.0237370955914057
-0.153774923162635
-0.302033634981106
-0.21154758941505
-0.1309799283862
0.0554040917340334
-0.051201574837029
-0.00497538608006548
-0.232739205835864
-0.159342725820146
-0.204833936564046
-0.09425074527936
-0.0351439529133413
-0.0536404778802445
-0.26966547910516
-0.118722998767898
0.105276588377115
0.00548024509900002
0.0675188245621099
-0.0656747162752463
-0.0733618883518465
0.0875458503820823
-0.00875452192149742
-0.164165535482248
0.00591711837726698
-0.046934704782085
-0.0983836073525572
-0.0846236241452309
-0.123728538573709
-0.0460902184506624
-0.154499071087018
-0.0712642540774201
-0.117545548940695
0.00969427494985987
-0.0201377468975243
-0.0756878749307887
0.0784669875793049
0.0213945827453053
-0.212761334323033
0.110015312143128
-0.0596359145458025
-0.076993389227896
-0.0525176718677841
-0.0727162214161573
0.0219743692861788
0.0316057181688122
0.0516048127060822
-0.0853479719980663
0.00667893464329601
-0.105481061192524
0.0278191102352385
-0.0674344124656714
-0.0326589332067388
-0.0900437725379765
0.0585471074317424
0.103095206827331
-0.0907205648481707
0.0106763109325869
-0.0337183254026757
0.0595508425833823
0.0642980536946126
-0.0186929956984831
0.0871378615763281
-0.0824801160595142
-0.13353281629042
0.0380270284416509
0.136156461219869
0.116520552056563
0.0239206053490053
-0.0535848402762018
0.147986303641485
0.0184783010764967
-0.0320935140945182
0.0179354102376004
0.0110290415555788
0.103145333877701
0.0730928780501696
0.0256153895648346
-0.0519955451516489
0.161636224613639
0.0280106653684184
0.133451665511335
-0.135512855765524
-0.0959876475496235
0.0660415100793473
-0.0256280017925153
0.0386838677233838
0.0918986573690034
-0.0197470794784472
0.120304808018392
0.147945520436118
0.196125276046856
0.280207562792906
0.092422448159979
0.0389924437841813
0.0974927118444639
0.045243999844481
-0.0512247689802639
0.0448053671015625
0.0609853094371659
0.0933355658847617
0.0824002684452072
0.142147944714438
0.0904620674812317
0.0475921000623628
0.236352691788033
0.0454405886352476
0.0125751465474955
0.0968201065215967
0.103289858146547
0.140618714558238
0.195718369042411
0.308678281160685
0.208359044724696
0.136721877526099
0.174584505795948
0.111693950693668
0.152562192094455
0.322729960948294
0.143821098609556
0.0280612059091907
0.24697735978479
0.0134105345400658
0.168560605175456
0.0967229710685775
0.183571688245318
0.17577623814618
0.0841922832274721
0.213685830734944
0.0850774400021254
0.0871103621022116
0.195440600507012
0.0252232605975364
0.121790422382935
0.152852774102691
-0.099943714499743
0.0149759231918093
0.105687975508416
0.238036168949096
0.201590427742287
0.177879740559473
0.112018073963221
0.151546483791572
0.30991055795329
0.131105089384228
0.109057542697877
0.210147979711359
0.109956275827033
0.113104921769569
0.0859168526350154
0.137917431267702
0.239902890392139
0.17807853544854
0.0704572187750856
0.155699809883383
0.139589537745419
0.0249659095934051
0.351457242886301
0.27482371777754
0.190738548737588
0.000521973406183373
0.235767418208839
0.232774336891985
0.281739313182175
0.225237484927239
0.284835774887066
0.205932168315714
0.208127719600111
0.143221420295987
0.228909354119059
0.393104207426831
0.257290070681014
0.191554648546346
0.311641508356898
0.20043988616188
0.175038600213082
0.198722057545668
0.0272748214461403
0.190034797000844
0.223726504999581
0.292065355278705
0.254002931124507
0.336301888891425
0.218018197956926
0.383801177326978
0.329747453000929
0.335387836964418
0.323970177248878
0.198310333192348
0.289051803939404
0.309031279565508
0.222919574418658
0.362310633869679
0.253299248576407
0.219280218454715
0.323340423457173
0.114969021724969
0.244192985166123
0.411687068774366
0.269832396004429
0.217641609579626
0.304815545709762
0.315665390297741
0.355024994512561
0.357449731219451
0.138202894142172
0.421233530604303
0.318310549048849
0.430049807417242
0.30951383166174
0.273142851839217
0.285126359066861
0.285267332522293
0.298165867912837
0.480629367261577
0.285251351016433
0.447688917777336
0.444071220740253
0.181885001519988
0.295338371337081
0.20604461947733
0.235466576296049
0.34615160818143
0.246856820602682
0.258744273522941
0.348708901626719
0.340271360442841
0.386199932156624
0.345740125759391
0.450113840793379
0.516888701581893
0.318040151746496
0.372180820456937
0.361901354181337
0.52451647759277
0.3121711008794
0.440083371269486
0.285246545321648
0.123736042305028
0.442670194336923
0.426643914977428
0.321401734225434
0.232901521721772
0.432676398193958
0.308865708573142
0.44295410808751
0.268754928184603
0.311705635198253
0.398800665267464
0.506603170273774
0.407155159536226
0.351817292522762
0.338545323052825
0.353101382272829
0.317135150759712
0.434674043075871
0.46893797666514
0.484412618392352
0.267468070495898
0.46806552374842
0.397227867200763
0.279152651422358
0.507486058828354
0.554141000609308
0.415120561317084
0.383408354315721
0.472072127867275
0.46366301806198
0.361367255770045
0.418410605918628
0.377430589643361
0.513727431886493
0.547416483220782
0.564115368956489
0.527383325229332
0.397449265965967
0.482123555995876
0.572610835027255
0.553285218828513
0.442496484833514
0.35030487981053
0.420397041617657
0.532300847863137
0.469923634541828
0.511642800091208
0.516035138220829
0.490683766006169
0.332000269793579
0.4848441492883
0.335818973044775
0.556590455502621
0.449031802683647
0.469991289244267
0.490261172497409
0.455946135779382
0.482571127196764
0.50836133331289
0.472135577411276
0.43185483773482
0.540240349547498
0.417846295999507
0.531215998091728
0.481596421250964
0.470794275456003
0.430220884556824
0.370853239942021
0.58609449485036
0.592787520323407
0.462231650266859
0.441916860989155
0.468991383818544
0.522090176654704
0.478015623742924
0.55604289777791
0.537727903484249
0.456630102889463
0.577794296541736
0.586583360113288
0.494235221803593
0.628381507794596
0.368833555293534
0.485895394157583
0.634679926765874
0.577994500303458
0.440527777930504
0.501876959568011
0.588543244128704
0.481132811430668
0.537854329186949
0.318398143839097
0.52114898933391
0.531928888692412
0.562144209783015
0.516503366687486
0.695656438969785
0.65496544072054
0.590663477878838
0.487490762749792
0.49723308269262
0.63253390811863
0.385479435746758
0.435766221657396
0.58984508113414
0.586152340023024
0.599365504711232
0.582370595703139
0.57742585635126
0.410769608589678
0.583543020885096
0.544527143861135
0.628264568413379
0.585939495546921
0.65862954190832
0.642076700173031
0.687266149123713
0.670350550510773
0.632912056653141
0.714638276959091
0.692206593489187
0.528928247299538
0.783838932997939
0.596341318217788
0.710280255708122
0.698401033027907
0.636741481615762
0.643658905640781
0.740617929455545
0.839160614499333
0.473523657091276
0.631901404611103
0.719737724863693
0.559178324550714
0.597745090337926
0.809888574754019
0.588532408702632
0.617683999617419
0.695599304729156
0.716731517412722
0.732574633209929
0.620858820358898
0.632940762162747
0.57982819904958
0.690988935425361
0.727435478849631
0.636419334887731
0.677442274305341
0.733961934781004
0.549414712292231
0.622977392179639
0.834349504206768
0.668013196559714
0.571798830696991
0.66121153920843
0.74395028110899
0.548190407952127
0.785445029194459
0.72127466476079
0.732390833071485
0.713032930588978
0.780506853398332
0.811310425747997
0.750369448513331
0.652027074045407
0.676609952139398
0.730944636691542
0.678137187676064
0.685818478525989
0.730630889400667
0.589071832388965
0.807421311577365
0.798756073245819
0.794992952818778
0.755765338720045
0.820342191580516
0.808856883051704
0.80273923387516
0.791953541221276
0.819187068261365
0.697653140622805
0.704028616628073
0.727808564597547
0.682073727493067
0.712694517086429
0.825384528646245
0.826452258979961
0.720663097295905
0.791426432059929
0.625704496923615
0.745757550624584
0.788160522502991
0.809147163721157
0.714845329731616
0.794054865897429
0.759022050287331
0.761353504669189
0.846307479001545
0.773986401521166
0.774676494222938
0.64955553806894
0.786959883930081
0.575104186924899
0.795888973308292
0.764983095983706
0.745899172136431
0.771424375557627
0.80509876876896
0.819274616810762
0.800074818986333
0.512652221459442
0.907876422745665
0.744387709283456
0.706993723870151
0.865736953760263
0.756335453193793
0.637761124904369
0.567303407161492
0.826698389805777
0.824064595682266
0.866543262013591
0.675093279106083
0.730886494311337
0.800003086894003
0.824759432601113
0.777172528601302
0.71387794202305
0.876444305135344
0.891189914784795
0.751460912747625
0.925822232105823
0.81515147046795
0.748966308387995
0.907499980005228
0.918095567653087
0.78103967918334
0.948917955112631
0.797514463505585
0.673292375765209
0.919454773972638
0.963704597172672
0.88174516357493
0.834649871914808
0.871170708553512
0.805308372538055
0.92607247884091
0.848374429273128
0.785943799682828
0.893001643683814
0.903926790471773
0.857006819526495
0.927509969769799
0.876237254663352
0.943690025667653
0.883333953800326
0.983006388251456
0.808650560070828
0.984832516610753
0.879229456505155
0.854451183770718
0.843730687413383
0.882535654699479
1.04698598441234
0.944239678053562
0.888391166263851
0.890468873321333
0.954765190746835
0.963727534679826
0.844338184922049
0.941407710170967
0.781129582629093
0.948165685748794
0.942701583998197
0.983758945187285
0.796572641300896
0.962766487991689
0.953886477779146
0.874644080074153
1.01665677456162
1.01477351720156
0.677376350135733
1.00094991309985
0.84639306203208
0.815967460102782
1.09102093342241
0.930483066988461
1.02592308472084
0.95508785510794
0.802170560056176
0.737452607654542
0.977336314045773
1.01809559089552
1.02597739430139
0.960835127222385
0.854200641311375
0.956996354011135
0.966936225775183
1.04739897955258
0.958481713617107
1.14436814986902
0.973071822929788
1.00078435845747
1.08049092304604
0.876043092866536
1.09437822953841
1.07028289002123
0.864245394590891
1.03663638397323
0.928652297538872
0.995756635764164
1.05254982276549
0.960845499987509
1.00927058680523
1.07111797393599
