0.0553314106797342
-1.04881834333265
-1.02774469297757
-0.957646360416992
-1.0689360873525
-0.849478800921225
-1.02359100867959
-1.03523821378339
-1.04494593848637
-0.832175767553352
-0.869809631153489
-0.979543249110395
-1.06027510060897
-0.858224509758825
-0.855822924786837
-0.914769832781955
-0.968780731628331
-0.861386908809381
-1.08463948520817
-1.10870457444343
-0.884401125034004
-0.881444764684956
-0.936848140029331
-0.927708388070083
-0.942326279147843
-1.02432178424056
-0.858459184967056
-1.13024789888914
-0.851371461372535
-1.03139579685899
-0.850698093634449
-0.870641245840777
-1.01224810880807
-0.961451557260843
-0.868167877553171
-0.848193585807016
-0.954837832636117
-0.864404392530866
-0.871594651057782
-0.873116907367409
-0.952054700007259
-0.85468879094876
-1.0451648983766
-0.834529969018738
-0.842797006373581
-0.881854683314093
-0.875692099611973
-0.878985872876751
-0.78551853833837
-0.853407074832035
-0.800534383687288
-0.827825495610912
-0.881352928487748
-0.921754396994813
-0.900280879401697
-0.984826978634455
-1.0777794993423
-0.750900272209867
-0.880895703005111
-0.877133419089457
-0.819379409501413
-0.958055378165812
-0.901022085535122
-0.877673834904341
-0.748456153959296
-0.813965933330857
-0.685009320291453
-0.881729732869455
-0.82825754467563
-0.777453207488965
-0.827257377942334
-0.912058872300168
-0.959106768016201
-0.719515191785367
-0.86675274790628
-0.798281072678845
-0.82248319715852
-0.835609045425872
-0.743747080265178
-0.930017719870246
-0.869776548482796
-0.86943230886182
-0.946690665462218
-0.890341888148843
-0.735999798353165
-1.06317004380633
-0.781353863508708
-0.865749326237877
-0.664544167616338
-0.867382648359121
-0.908327958756073
-0.82891397043398
-0.732445763779889
-0.900713512803385
-0.781105794939551
-0.710736077497064
-0.693628028245305
-0.982212286138132
-0.77320322492445
-0.736288875985278
-0.86516929265065
-0.779591751604699
-0.910734893208291
-0.849929518565213
-0.83690377316843
-0.799500129027411
-0.796397150154655
-0.942603702426011
-0.850058354789736
-0.744228635377922
-0.673816866868485
-0.755436027710221
-0.830714290319967
-0.719424105182462
-0.721043634438803
-0.728002771196802
-0.838088038956623
-0.845275632892781
-0.738006848435354
-0.704209282911024
-0.779991508366142
-0.748416036046368
-0.801858205662825
-0.811991009680646
-0.800286160267461
-0.776712788902649
-0.603244527229838
-0.722717659364388
-0.877985450029382
-0.700016181326514
-0.630841267813954
-0.769998394076642
-0.669453157599683
-0.554760995625778
-0.73986877733453
-0.647331689258616
-0.80323335084514
-0.788579343463047
-0.693702104210805
-0.662824703565399
-0.793399382653056
-0.774467679144622
-0.844283959509454
-0.730137850855993
-0.693665945552868
-0.603653670606087
-0.677180514242358
-0.617042651685917
-0.773350305165531
-0.686569153882887
-0.647176579213131
-0.71447229268409
-0.684815491505991
-0.67417653681156
-0.792174185267789
-0.689319180906602
-0.659551058678865
-0.650128726249446
-0.672268543523653
-0.653026302325715
-0.570231990458156
-0.483622708505337
-0.591292956706951
-0.776105652886198
-0.653226931097103
-0.745921365324001
-0.661614173824863
-0.796463432480893
-0.789550931843589
-0.518220430252274
-0.629523761396091
-0.612118134556264
-0.738598806831246
-0.693485451811607
-0.553282247964876
-0.757100533253849
-0.576438563619911
-0.510509400158329
-0.830159806382985
-0.589689633846052
-0.529280719800471
-0.615512193599742
-0.792789197369707
-0.706280290523204
-0.592685817249581
-0.597895014507914
-0.486664865839163
-0.699135717870954
-0.592668848112078
-0.689496869247921
-0.716845069785932
-0.671240606757595
-0.746331004137892
-0.634067769514814
-0.595970612513032
-0.74714510394673
-0.592903096439779
-0.577948188835448
-0.611769303616907
-0.424688538900411
-0.397950450833047
-0.626897528799905
-0.593214287898256
-0.687625031132443
-0.650555568535205
-0.629263034953675
-0.542766115332077
-0.646528202584807
-0.6632074978493
-0.647918244501036
-0.624320623711426
-0.506109393423139
-0.66762501364889
-0.615350711349203
-0.479694578012342
-0.501447687984809
-0.525977741156253
-0.490469180972526
-0.618025343045123
-0.661394876765503
-0.433124571205559
-0.596008032592759
-0.607666088296551
-0.47237984586106
-0.431263434252581
-0.514859117587999
-0.496959953706373
-0.679255073358495
-0.485831499420235
-0.472218256891356
-0.561607071979117
-0.499159771307967
-0.603441452312205
-0.44893226730747
-0.532834116284625
-0.429212176607632
-0.522157286311424
-0.303131309494411
-0.48087008375398
-0.518319710770442
-0.529048488221958
-0.612691370665247
-0.610828178170807
-0.615645063274698
-0.370937655689877
-0.637738506105333
-0.506499328617663
-0.519154532431966
-0.46751602748625
-0.493966394463374
-0.495011248169832
-0.463557805668436
-0.513938912760567
-0.495279711672444
-0.381358819972488
-0.557577857730305
-0.535182956801248
-0.605825213565595
-0.456523501575008
-0.533762402936265
-0.389916262219893
-0.539729730218015
-0.615371181219016
-0.375501655901125
-0.495648300568777
-0.529342967644276
-0.445036341112667
-0.540037959828238
-0.462116156729243
-0.45879220926543
-0.550768974918402
-0.385424767936065
-0.470793608521511
-0.416756647794874
-0.498995674171445
-0.478598850179754
-0.503331868906118
-0.505705998231529
-0.458122168435678
-0.3809683596132
-0.424643053961536
-0.564172810055216
-0.454251321675824
-0.433693451719713
-0.354373099371484
-0.438296599892954
-0.512463241738664
-0.360808003129272
-0.422885199314925
-0.571738059569438
-0.411356708512858
-0.39399994379687
-0.440306552843024
-0.271112463936145
-0.377401359878272
-0.506395672110457
-0.341851593984575
-0.408752471467777
-0.357404759668445
-0.440912857718528
-0.388800833746088
-0.594286133993199
-0.39959709620068
-0.337067721411073
-0.334981445406743
-0.472804712939411
-0.285151216282379
-0.494374939840945
-0.480996700555308
-0.415293357198748
-0.481653537141337
-0.223544799720748
-0.377235067292158
-0.417870584264663
-0.256008540336708
-0.295972690320177
-0.503139089290252
-0.345789500244902
-0.271519681844841
-0.36632909335271
-0.0996807309972539
-0.325563632451845
-0.282842656233439
-0.311588337074713
-0.351878986096284
-0.412170113511528
-0.401011419735932
-0.425758888922245
-0.358263136286141
-0.39359267661719
-0.271935586244435
-0.379097739359767
-0.281887446441823
-0.324012258144164
-0.340668642412954
-0.370512686227676
-0.444807366310992
-0.385459807045171
-0.334174483922217
-0.203417365142973
-0.263961531541351
-0.396511179378882
-0.299142661193811
-0.355708706456721
-0.335712641959142
-0.356954338614784
-0.328637369922641
-0.229121872714552
-0.226155780674597
-0.236542630451409
-0.353529404798693
-0.374906296246003
-0.313364179395407
-0.265748206497147
-0.164940272832877
-0.317877042679202
-0.246178320995809
-0.385561382342139
-0.163292163182475
-0.211137890035333
-0.318237572002726
-0.268238571322938
-0.152355348747493
-0.250038585385571
-0.301898612255517
-0.222341978217748
-0.262264575309928
-0.180710636007103
-0.204606109220924
-0.117452975936051
-0.307630464609201
-0.410531816250411
-0.19388008916699
-0.16211498023772
-0.201494824208286
-0.358281093912076
-0.281213890737309
-0.0893542543619898
-0.352672619849939
-0.0460655525889198
-0.223459152361929
-0.252192880744868
-0.232651736851826
-0.261109149297548
-0.32502002572159
-0.234591183193946
-0.308251649554486
-0.301998380562008
-0.193336405332379
-0.11600660798789
-0.283248407805112
-0.292530170810188
-0.204462275293657
-0.262807301735624
-0.0442378412211697
-0.240212106025812
-0.137241564325304
-0.429065809189071
-0.11558013293888
-0.11748551340594
-0.175279071084337
-0.273618651607143
-0.169643823334175
-0.17129879159489
-0.27372282951243
-0.125303386662095
-0.123449823728432
-0.217998274885345
-0.273803742825535
-0.215481304717174
-0.116062111790901
-0.228062093929032
-0.186534718597267
-0.161578259851992
-0.179586581391142
-0.246978232320406
-0.0919483506654857
0.0443196786110796
-0.289785445189565
-0.157809247068815
-0.11231453430637
-0.0809121404065088
-0.228744114914732
-0.20007527241122
-0.0993587490754894
-0.245643880867976
-0.0758239012232404
-0.108220277484957
-0.197454576048339
-0.2260979178822
-0.0556165924623289
-0.16498016981051
-0.191868587984808
-0.121543698385166
-0.158728213087897
-0.188196370517929
-0.0470334024886975
-0.0455903159744047
-0.162720699242002
0.00116942209852525
-0.061634002931722
-0.178636389807583
-0.208289056978692
-0.0847800295904466
-0.162199025103357
-0.125048020451928
-0.132497797856527
-0.0900091309260593
-0.143725278935249
-0.0210234611923686
-0.153801648052425
-0.298008188137319
-0.179148836670656
-0.126192242951901
0.0548043964941214
-0.0718262796256865
0.0141882587647186
-0.239469278078003
-0.166278324465373
-0.195919827399675
-0.118942263006314
-0.0308658246682704
-0.0472754513640998
-0.252942125219519
-0.129706286315617
0.0981629466275542
0.00801820419294441
0.0715795526506853
-0.0701190648881184
-0.0569275098768743
0.102228955852575
-0.0255864300030281
-0.164709025967059
-0.00984445195543141
-0.0549451629409928
-0.121931092533783
-0.0883673114602568
-0.131343374761107
-0.0296518841749788
-0.137124085367926
-0.0707678727838527
-0.0967962391104749
-0.00508175673657525
-0.00794032333737872
-0.0831564793309107
0.066388605996109
0.0153449579853069
-0.242072879481672
0.114585511156663
-0.0570747389565013
-0.082438760903117
-0.0364589126347065
-0.0930124177981597
0.0102261105100672
0.0314149336635636
0.0660065287526791
-0.0752487755951153
0.00907527472554125
-0.104043538199512
0.0149167804251118
-0.07985107573503
-0.021847281035063
-0.0700813830583062
0.0465836142644447
0.106912165693247
-0.0973530739614403
0.00888299758711967
-0.0436880804058253
0.069635445464207
0.0517784116454283
-0.0403137411126641
0.0761824996894766
-0.0713260424117241
-0.147662516892725
0.0784727479176469
0.149689275388966
0.0879941536434577
0.0407849476681716
-0.0450898637221636
0.147332277455324
0.00804041165657349
-0.0106296766670619
0.0133020735974197
-0.00195632191570225
0.0797284615969734
0.0818346945530892
-0.00823669277443059
-0.0390906632380964
0.168445641547559
0.0406986057250122
0.130544720953682
-0.141716139738033
-0.0661909754989441
0.0606368272803577
-0.0327924104125744
0.0176058041397518
0.0866284649354118
0.00468988598861995
0.118259259252436
0.145217260396059
0.214094012400096
0.288184275000016
0.111665398784065
0.07089420594733
0.0820851030103208
0.0273206658315717
-0.0411577214033775
0.0570470394408039
0.0831835318241394
0.0885367110000973
0.0904451260734377
0.143870804576029
0.081169109940999
0.0463254043341159
0.205533503495128
0.0702633503997636
0.0188549573167001
0.0906356838306407
0.120344238707562
0.150383621855046
0.21146233236845
0.320278348202136
0.20412188073798
0.138780657458723
0.169673286180179
0.121081306063616
0.168306823165549
0.321741528785897
0.134035625282572
0.0199252096425478
0.242833404549238
0.0248238887499175
0.158765701296603
0.0857301720493677
0.152266868172024
0.189265917548062
0.0677431327804084
0.237205000812934
0.0571631881601708
0.0870398748186569
0.211539035711423
0.00604376014831275
0.130489872406011
0.162144865721049
-0.111687799836609
0.0416203379146235
0.0889241716499046
0.229340881223052
0.217756668849406
0.170441614041817
0.106532851800617
0.169618783804916
0.305983640515116
0.107150175625138
0.101936191284269
0.214115055331681
0.132219577958769
0.123005900595527
0.0895277705441806
0.142291875083424
0.236573840128439
0.173319326645423
0.0644305535542515
0.145925527465717
0.133866897196147
0.0431807196437764
0.340220107418215
0.26089815042225
0.176594176808893
-0.022209831772247
0.253104047252057
0.260858568061663
0.286878678823725
0.208694290856521
0.29403260654406
0.202548608641128
0.215001998567598
0.164975727475255
0.223812716498399
0.384192914043787
0.236933681370449
0.189780347712698
0.301050855110127
0.214993502154358
0.171608057922095
0.201214050400647
0.0445644767693228
0.177342039433855
0.228881153713119
0.286299980331813
0.229856931528609
0.347582820023321
0.228504988898034
0.398782693543927
0.330017190120854
0.362756732284912
0.320201369367346
0.194435231103116
0.312897898632253
0.287972794405279
0.19951638648678
0.351068966502762
0.259015675796912
0.207726173598976
0.323239772786462
0.135852247895284
0.251119875721285
0.388735763533838
0.276470644773606
0.221476268558831
0.309927408760859
0.293960759116374
0.358453279506866
0.34709576061076
0.134901758179434
0.438723628198646
0.31468515351145
0.411206517888663
0.309477932271222
0.269118265795203
0.296293288644055
0.264669774202185
0.293322722931947
0.480950486862189
0.274120520805119
0.416057552442902
0.463224116310041
0.204659239142759
0.267662430535161
0.20468371130249
0.247070552682541
0.356104912999615
0.244954072769716
0.242269327606462
0.351216047948442
0.336147262752827
0.378776179753531
0.344930536442669
0.463161361710126
0.537468788625307
0.317433329276025
0.365737096728737
0.372227403296152
0.510054893117564
0.318515813367853
0.456669295950337
0.254838877839947
0.13739656085637
0.437009407585771
0.42348324454746
0.311654264988422
0.22965637214713
0.45048580689925
0.316450813109801
0.440039258242189
0.258163961592431
0.317773888486849
0.384535274940848
0.498210120457457
0.434175499558891
0.339670693917606
0.344699862734593
0.322990919786048
0.332523099025511
0.424175560664082
0.468533473889104
0.48462309762432
0.290327258248085
0.453138538288937
0.386938940912691
0.302256420450449
0.516966803669695
0.536871626844858
0.412747476343994
0.36988145874057
0.458782822968102
0.459881897232876
0.365445576246701
0.422107355654111
0.367192748628023
0.51784845033126
0.544179107578057
0.564143811018378
0.520070078185974
0.383837314488087
0.484497289903449
0.570411649770578
0.564108264732538
0.448389637324913
0.354170640784925
0.44154403275319
0.541959777697187
0.47368518610882
0.507240934982174
0.516849208225406
0.486771649096387
0.334408325797076
0.463696221004041
0.34585587466912
0.530014402568441
0.44394730795932
0.447690168656096
0.486681397643587
0.492395140288188
0.500534849525423
0.520959571527994
0.480292331566376
0.431745254504671
0.530137152996657
0.413285575180576
0.541610983612704
0.494939112027642
0.467806864036574
0.425440043984312
0.377178893916088
0.579929956605063
0.600481656147486
0.441365173858197
0.442976213453678
0.47127366012388
0.542836069556396
0.480135600346546
0.533754134879972
0.533707584299895
0.437157570430325
0.583506627064377
0.600212099637302
0.482413011003551
0.653454280896573
0.380854206214762
0.458876145932725
0.628239529830483
0.583702809329071
0.443396256994755
0.502647918002097
0.58210987631998
0.495879751829756
0.54904583152467
0.322500211146844
0.545761514421011
0.506129135140413
0.570678076316934
0.516859838130008
0.69361902451684
0.658851901107052
0.587733998398647
0.486697022988616
0.530889543683987
0.625762659157605
0.389736437350903
0.46358194733699
0.582913590076329
0.592851369951571
0.587921740154246
0.612264873471676
0.592959841049135
0.411033480211837
0.584023509773965
0.5455231028884
0.639956173205158
0.592983199417485
0.649550024770818
0.624892366024832
0.679853274600719
0.654781195998072
0.627135085676335
0.710507734761751
0.672291551594327
0.529205437747856
0.789818687129395
0.60326233156566
0.70757006470312
0.720582861413462
0.63242776920899
0.642105699680661
0.752482051941567
0.828208368847875
0.472927860886828
0.62114790592687
0.707861249781768
0.538241071170533
0.596693854137312
0.814586829278013
0.573921210332774
0.640608875669406
0.703839302631598
0.724372459855558
0.751505145368986
0.623461320718366
0.629258801559162
0.564998177123414
0.678208429094522
0.70173033016952
0.638817801076341
0.67719844253326
0.730708038076692
0.564264250300973
0.635174762237571
0.829270560920254
0.63412900239066
0.571030147960412
0.664257095047203
0.750987689336217
0.561374464587363
0.777401859615019
0.725056591784561
0.717022488725836
0.72521824124303
0.761405555732397
0.789797569799169
0.765943464894895
0.641623975614453
0.698150711333327
0.704572239354172
0.678891692738471
0.680405904330308
0.738753465653089
0.592294410117054
0.814330079094582
0.799897012272801
0.789052005888054
0.778130750116963
0.808914507993811
0.812728633561391
0.801739727117969
0.794839446868969
0.806215508657131
0.691079817967932
0.692191665180492
0.720473877870516
0.701776158526915
0.721283906676309
0.827313740297832
0.831319052074569
0.71731413293546
0.782030444189729
0.619140331922884
0.761600061601381
0.773412823764406
0.826864669399784
0.74561971442416
0.806622618160141
0.733478076031931
0.732753131880466
0.840004430370103
0.768658808354633
0.762334273959816
0.644928153011089
0.757831702864139
0.587150240180464
0.801638851755089
0.763219316008703
0.763132566507025
0.761906968089569
0.796912194450235
0.807054418120376
0.795873868537844
0.492438195674624
0.925927809285287
0.737674675180517
0.695880192328831
0.867717935789203
0.755102726561779
0.614485143996878
0.604866117601744
0.823187670154967
0.837750469163214
0.858908019691992
0.679975151362554
0.730901911935067
0.817462391121931
0.820447303805561
0.756154531185132
0.719761251742098
0.875945620378904
0.896158716626592
0.772192166938679
0.942015930694101
0.811321356681671
0.718360513350325
0.902891837760642
0.945164227696696
0.763526778115567
0.963308180064228
0.77613795023912
0.635498459047035
0.913379539694998
0.969470457442313
0.886248039829681
0.840266214411744
0.879561322316062
0.812159667906095
0.92113211148696
0.842917170940475
0.791860830952291
0.913316327590922
0.922706516703172
0.850467243217821
0.90078674341111
0.889781728033401
0.93515400382967
0.878559930755081
0.991225022112911
0.804793831593731
1.00543029885944
0.8826201402078
0.869997803537731
0.847473701665509
0.88782661366638
1.06922564332441
0.930259469130388
0.879868866613875
0.848930623833139
0.944854105911294
0.957926780047003
0.836594032034035
0.945728318435446
0.7765398888846
0.942708427273355
0.95262812992465
0.961644687585673
0.791282928248661
0.974122633864528
0.921888164813
0.878578842054167
1.02183371258996
1.00444506482308
0.671134317753123
1.01183858203834
0.86587715739527
0.812953281746016
1.10331973103376
0.923247731956546
1.03449271162268
0.927229646659626
0.789260408026812
0.776404844845905
0.972370856242425
1.00066587963003
1.02714602011531
0.962504439902588
0.866558303092694
0.963836697807705
0.959720901771695
1.06245440567474
0.97848063483348
1.15393253259546
0.965607864090758
0.976974257294465
1.09668866823043
0.90373422596462
1.08547567333367
1.06936682393924
0.851141039746514
1.03082802077115
0.932660513978101
0.991768052440877
1.0453988363541
0.965835764219967
0.999179214274869
1.10026697644977
