0.178761801244578
-1.10977757732423
-0.921049385965693
-0.95326220866456
-0.970774104277304
-1.04264542858652
-0.945126553951072
-0.93929193671806
-0.997579562944901
-1.02665772241945
-0.894428513604535
-0.988278633861325
-1.02493135187482
-0.919949420786212
-1.02534808389173
-0.980858586619277
-1.01135039389854
-0.959226263334749
-1.07572484921825
-0.92977548495254
-0.952675506138354
-1.04455374511132
-0.86323503654224
-0.904157411832203
-0.842502123516046
-1.02362005719299
-1.01672401150735
-0.968814505895639
-0.847915665911158
-0.968705451271605
-1.02122867537828
-0.944959188635942
-1.094104881099
-0.867128529114382
-0.976599310972742
-0.864319473209723
-0.839631367276127
-0.949145758662022
-0.826224886306981
-0.815450831701473
-0.973747616693292
-1.01450995501793
-0.66509937841106
-0.927173617624534
-0.946416066350128
-0.809429518656858
-0.861729391728453
-0.934786794506878
-1.12046581758179
-0.968855603066891
-0.810294709786848
-0.833182834066098
-0.856111040950716
-0.798080136254119
-0.79369211544238
-0.976539598160157
-1.00569229415921
-0.763455223461065
-0.992082165516875
-0.874329031473375
-0.921098272223757
-1.00598917649271
-0.882723528092526
-0.819910164662053
-0.96269260606421
-0.919547351594237
-0.930091480484454
-0.772809345125121
-0.901774887658792
-0.979533929008445
-0.89693722132325
-0.940693611148337
-0.735304910180087
-0.978827326932897
-0.898974924156561
-0.849579077256598
-0.804564965435782
-0.753832406103504
-0.856902312973687
-0.748691377210217
-0.825376799128627
-0.892415107723524
-0.817166325605926
-0.940583465477149
-0.726242924720156
-0.94856012871544
-0.816733616649633
-0.982728155388745
-0.836827485550396
-0.836908206148298
-0.753268494414637
-0.818995331781022
-0.8257599627434
-0.795533703530574
-0.760034197453235
-0.894273848505426
-0.702799682232206
-0.83947761210276
-0.863805747321585
-0.876476922415724
-0.810257246871709
-0.883686457409514
-0.83367685305036
-0.75676589548077
-0.813001853884986
-0.770408785688062
-0.786315612607293
-0.881711894691371
-0.845422239680819
-0.953650258147274
-0.734442958316082
-0.79588519929955
-0.738233241605165
-0.812462171958585
-0.770156299069469
-0.76633700714666
-0.690124737757114
-0.871797249521007
-0.742764508149251
-0.70416501811019
-0.76417842480831
-0.783274301192953
-0.778830955791749
-0.795418801101709
-0.79823350681678
-0.724300764400098
-0.64782745704091
-0.755130598539508
-0.73875909801964
-0.814610984971057
-0.784444118008002
-0.80057328533034
-0.809733306880492
-0.817529898960177
-0.71535195681206
-0.56222103892332
-0.735845845389514
-0.629166827722616
-0.723893496339311
-0.669016332468051
-0.705211006864965
-0.620912079511184
-0.842562209129641
-0.672646922300982
-0.779091175267994
-0.777881492756894
-0.721530145405736
-0.703113177501325
-0.638123862390057
-0.747342572951767
-0.678488295592651
-0.620509656893829
-0.661925040743259
-0.641451905978192
-0.734082244390859
-0.693885887758284
-0.646549074652682
-0.572474061568376
-0.652650301697196
-0.654843447480261
-0.703114229856326
-0.656446254360845
-0.541773535461201
-0.701281347723414
-0.694405945801615
-0.790651276418961
-0.65397426863342
-0.706983753699993
-0.475941086829346
-0.701519124807353
-0.744134191084383
-0.69439336773445
-0.602790009140924
-0.742871538894054
-0.647333032903425
-0.695183527918277
-0.641529801316041
-0.687621758982403
-0.613796652833376
-0.820954449231034
-0.677924696542239
-0.674675557707616
-0.688112154781194
-0.713039237266916
-0.710567800812585
-0.62606964680504
-0.567760794701951
-0.725969443209297
-0.633300777813804
-0.731899362238198
-0.62581516525932
-0.697979684449439
-0.768303702386476
-0.663815802129342
-0.57013901716117
-0.387846857060174
-0.620685755524183
-0.576037534181938
-0.730888231287209
-0.609191076652396
-0.526585956089298
-0.563357716976084
-0.588212833321331
-0.598688199672908
-0.620202844244757
-0.571583585762644
-0.647277140699026
-0.46751919306491
-0.661856615289487
-0.567062318586464
-0.517401043157369
-0.630686283710296
-0.613007229490887
-0.5394183677283
-0.631044271034144
-0.651888763348084
-0.658651280789657
-0.468634916073563
-0.500745844550997
-0.506860868597431
-0.523802600394983
-0.641903031677892
-0.570556895245656
-0.590057278472408
-0.557556006024262
-0.543158188298186
-0.535881117633092
-0.584380655596818
-0.431569711888479
-0.559847279703577
-0.513313284635751
-0.42290148066326
-0.507563087408552
-0.535023142990428
-0.459559658179961
-0.496334580778031
-0.679474885329874
-0.40342384988378
-0.454140758307343
-0.661996615136958
-0.517479281132192
-0.541348312521622
-0.462244797303263
-0.468099349849422
-0.580201186225136
-0.539368543880969
-0.556624992877276
-0.512864129371562
-0.395971158520632
-0.554756876642353
-0.502410373500475
-0.613186999821952
-0.489879878560613
-0.393986473991382
-0.429728874135996
-0.567529738175745
-0.53666411595719
-0.342216596412783
-0.477181445939804
-0.48808400022452
-0.548775078132223
-0.490382510030147
-0.495990299438315
-0.34928714909743
-0.600036867509169
-0.447685952991565
-0.530430042863091
-0.402513813771666
-0.449713815790423
-0.501400045023756
-0.624745075689869
-0.390118157035243
-0.656550883246149
-0.490964693620172
-0.404400831925022
-0.471315151634975
-0.520603041134059
-0.440499123964811
-0.439721448710024
-0.492869892997957
-0.433330252160883
-0.45535049823344
-0.492997119020825
-0.554240829975869
-0.493701032524515
-0.395205805106529
-0.549338476205096
-0.448967501707056
-0.390617749811539
-0.438964088390922
-0.441934365848427
-0.409909821889271
-0.364347090259971
-0.585453679561393
-0.458685317801995
-0.352635764374636
-0.389833138912845
-0.456959242572223
-0.392967977566535
-0.33766836651529
-0.471640336996566
-0.54923435961482
-0.371352194564787
-0.364833462624609
-0.553338452485674
-0.413412361013119
-0.380188750941415
-0.311634741978482
-0.391823525199061
-0.362230911039947
-0.259713263689325
-0.455436557087299
-0.313065264393929
-0.576876225177271
-0.440740722581036
-0.301585534760934
-0.370524065693344
-0.334385610158463
-0.405316782117738
-0.355682864397952
-0.432786833107621
-0.278606527647968
-0.426083524322245
-0.330757504257585
-0.372625661296828
-0.380956567880791
-0.335219979352836
-0.310398347060465
-0.351181694311937
-0.334528461660208
-0.424485360802339
-0.243449440461704
-0.38116542427105
-0.326740607419695
-0.212949725981067
-0.281480961241257
-0.280410339322052
-0.457238531027809
-0.254239294371819
-0.158986299482626
-0.319542737823766
-0.39266119771241
-0.225710678169047
-0.250406295173623
-0.362148630587444
-0.369912543687721
-0.332708218369215
-0.560762575569032
-0.329687924878543
-0.327907302080359
-0.303867242301342
-0.261995872476478
-0.381398651186961
-0.174370467357857
-0.183506900484804
-0.308345806458371
-0.271664433616911
-0.278044795226097
-0.337319482262539
-0.291430394855117
-0.44659721798659
-0.222867116796609
-0.169967170987637
-0.406519454202005
-0.352558297902864
-0.345785812007651
-0.311081603899559
-0.250161250964355
-0.267530989432012
-0.354414743448952
-0.180770857095798
-0.230900720379627
-0.0197499680835552
-0.219522580474517
-0.342852262024507
-0.195615778417409
-0.238557652971017
-0.305107344089762
-0.22946417723895
-0.245352299389035
-0.424753412833938
-0.249173962233292
-0.253157132699739
-0.22185534262586
-0.227887798007827
-0.299880241122356
-0.0263950784146813
-0.0843722120060637
-0.217975591917014
-0.379012351357955
-0.394345366442121
-0.230261631384844
-0.270220415569335
-0.307893920812479
-0.255413865166033
-0.385370529134607
-0.167374091308676
-0.257675994986403
0.00213375443512587
-0.182831883825575
-0.280330688816795
-0.115228031145299
-0.152569363453734
-0.215301685488478
-0.140243915954101
-0.17344026668707
-0.199329702100242
-0.204057513273219
-0.293385440160279
-0.0893304717336714
-0.109559264248984
-0.276481755291426
-0.166627547670827
-0.184927029458804
-0.179475168031357
-0.186810045430774
-0.206833272904371
-0.156328543076407
-0.383492599392646
-0.0985170352118796
-0.10626480830786
-0.163451641693183
-0.219652692171879
-0.0606018345936896
-0.338728871858981
-0.28614887130325
-0.160178172261783
-0.251044557435598
-0.221750266789622
-0.169454693228765
-0.10393621942268
-0.20268702641402
-0.149393787225658
-0.128747745834832
-0.0603089900340656
-0.183681224439991
0.0189645777963271
-0.160239078118775
0.0326143179860103
-0.00341622903467023
-0.0409214229748527
-0.0834716276133714
-0.167513207092969
-0.196058890897823
-0.0694243496367217
-0.0869820444354825
-0.178143916390297
-0.155055071681618
-0.0348481870572509
-0.153387326524941
-0.0768556433130249
-0.241043472877393
-0.07263715980853
-0.183828384653675
-0.0228895872626982
-0.0875973963770301
0.0579011847899581
-0.0866994033416522
-0.0154714204621665
-0.0825952963098634
-0.124177666049092
-0.122468034440712
0.0593574018373165
-0.0156775003006916
-0.137593581728472
-0.0133626373492176
-0.0408894213288002
-0.0749947994349981
-0.0649558753743477
-0.0345885913430309
-0.0152591264595399
-0.143582698407681
-0.021339104977013
0.0924420607971487
0.0115556243943132
-0.199541784489678
-0.0432579740032015
-0.0604442676272455
-0.0969985890447203
0.13570642609965
-0.159056741426717
-0.0915738746459788
-0.0283228624891788
-0.0860962293254141
-0.0846050100572005
-0.0539582776114152
-0.145554818923035
0.0417551786693259
-0.0982824853979204
-0.0238442238622642
0.0153044196114257
-0.209923086243494
-0.0640736588484918
-0.106921052368913
-0.00339932816469493
-0.075936625382148
-0.0531301515545882
-0.00524470281219532
-0.0539207003543742
-0.193568560784523
-0.0566439652991401
0.0646507332618585
0.0918927825139462
0.0367834150114201
0.0790295728070192
0.03906592406325
0.0445688619675043
-0.012200286302734
-0.0226114706215214
0.0636124595721346
0.0520546839306286
0.0053527361983814
0.0959728496236555
0.126838114125549
0.000820935732423783
0.0151223094335317
-0.115514771499869
0.116429228918576
-0.0863642907040558
0.0606454553120559
0.0153671641973082
0.0821389288913212
0.215546082398775
0.0951468186426933
0.114901309243361
0.0516353876552075
-0.0127465077328609
0.113275673942631
-0.0414796880177476
-0.0358524739942043
-0.0147618362720441
0.0583115552638131
0.0910316353248251
0.139910355423037
0.115905534326857
0.0468289122887965
0.0542745665640669
0.0429073926379724
-0.0382907925080192
0.0913999772074125
-0.0747676725446882
0.14059545064113
0.180750243721321
0.093339234325443
0.197882546858705
0.0846642551201298
0.0260190099627841
0.105268043819516
0.0964794919797855
0.114320705428106
0.0970271928635514
0.0622026123859893
0.0284955223991561
0.113229012983866
0.0262613135120359
0.104318073353781
0.297429762661617
0.132044288397347
0.24057855074537
0.101698746123094
0.0706466257132852
0.134639704536153
0.224783551950462
0.102872696098861
0.133381081502874
0.328663910064501
0.0276458678766072
0.252917135666283
0.312164088301882
0.0711440624196028
0.116439032709823
0.225585476994411
0.0733933630674092
0.274654885015445
0.083080953738759
0.349051569086261
0.00322383090717515
0.139269754608986
0.0823451764841029
0.173706682753789
0.0365107186673584
0.046796311716354
0.158435206461502
0.133371079902235
0.285232284096192
0.212250963317876
0.136282395330166
0.268347085887371
0.181334195982636
0.338087014052245
0.190506321608545
0.308119528636149
0.0310855319460589
0.233789879655271
0.348954495109967
0.170289516560891
0.0145159028679569
0.0759048087273827
0.168711279770302
0.224492828674495
0.200403845522776
0.236810187563805
0.0384145624395248
0.12340581901888
0.0456373036550759
0.192786765686971
0.146223711243841
0.279071480220145
0.0966205765888012
0.188112354101851
0.320777234485677
0.224524352942159
0.115180507116186
0.319118978303622
0.213232529160587
0.128476083991838
0.199065059398045
0.17614310747523
0.276603374347737
0.218048623959176
0.173202430922867
0.149999503336064
0.443658734564023
0.389441316014367
0.202158886093147
0.193577318205306
0.195849335885041
0.146490765217616
0.201109214992413
0.262179355202343
0.253573198801293
0.312456598838191
0.159348296290612
0.393119116298543
0.307492922328263
0.279673074941578
0.348790538202397
0.22280840821943
0.330759963371327
0.341598749446071
0.23858491227142
0.34299398970177
0.341417607870708
0.280224038106256
0.26584575348848
0.336298476365841
0.246250511695332
0.390180063007663
0.246551160369241
0.345107659367913
0.169295347155626
0.301878788420897
0.491867232002134
0.339090126837126
0.276965872183986
0.351042719284367
0.334122761042959
0.385032228548211
0.384337848595168
0.162475707977094
0.530487494471753
0.273851973274214
0.274858357199145
0.260034804807673
0.443495409195119
0.292811667117837
0.530572587206008
0.223050737667229
0.238612453959509
0.283330903698181
0.444771413165705
0.223358677003555
0.326396308807139
0.230271965738497
0.130411009459407
0.413478846982005
0.324937474327339
0.334067914260868
0.275227661265886
0.271274205658169
0.25405000644106
0.290954892323723
0.356999889752454
0.243719526781428
0.224958848278915
0.331410413154987
0.558139935724261
0.346421588440838
0.454987282713606
0.41928956028245
0.418681113229425
0.29108069355773
0.424788407491482
0.351037273405766
0.580699123181803
0.439197593283829
0.396214291756771
0.4626163425005
0.381299134862914
0.447137437440499
0.423847949890768
0.462723020134841
0.307677983696636
0.407072170171792
0.22293758459
0.451382153685444
0.227777659646077
0.352363883506909
0.326443577823924
0.452943553619754
0.549341471294062
0.379573024090445
0.478570594628223
0.370374572492873
0.313724013415265
0.449964087181243
0.480079314368536
0.372709437661736
0.28224137326333
0.40084207575613
0.503138676843614
0.467726787084263
0.544744672012968
0.469511851637459
0.420633614958961
0.627522850084377
0.447290280852535
0.220472378799774
0.417432111587036
0.512530725275038
0.539429376578993
0.493423507437331
0.443233030463915
0.526051721092404
0.417903366236747
0.50668470851214
0.37808242372529
0.512568466628281
0.479884362588376
0.450693949612783
0.565177835841637
0.417386752443612
0.464562435606179
0.476693161685701
0.392450426689484
0.537048682197513
0.368808514418263
0.385967426141779
0.447667831548198
0.521269230611669
0.432943862522506
0.496741672536868
0.474910962652747
0.45011741220182
0.527704492752527
0.566612363230442
0.595091348711722
0.493497896264105
0.433929696216354
0.476549405925445
0.39124051186726
0.424711334508124
0.493794517935813
0.706974208256874
0.466710233914119
0.429982205752382
0.501311076066258
0.495317937818502
0.67292605951716
0.41335158903019
0.497553937331647
0.508071338198585
0.459073329182972
0.541268932020494
0.641031200183407
0.571096807355029
0.358161252430669
0.531048972220138
0.576456422848185
0.477882272508335
0.661938115067119
0.633073847339877
0.667089847124296
0.645327346950553
0.564903092314399
0.536812865416142
0.489182364259337
0.533769207695249
0.662354917640087
0.605461493776774
0.527010231755893
0.661478577877605
0.639761499469693
0.553180256957923
0.569282941580776
0.720909236591526
0.492488826093736
0.645779879360937
0.598313641235139
0.800011368729338
0.524366173081111
0.443168175267033
0.536323408084995
0.6666377182407
0.604689672569656
0.664397386934627
0.610830706439789
0.666666309292225
0.734870564062063
0.692987900885551
0.639157202563446
0.625654598697466
0.615249707786136
0.732834300154973
0.627717186267899
0.608839221124576
0.635147748396397
0.479252782846557
0.580679047553537
0.541754218830875
0.654716494799154
0.424205654167597
0.733095855828451
0.547937632605815
0.59495822152608
0.50496509041477
0.554467662872754
0.650573836843749
0.750108637098241
0.696343277265363
0.572475555187287
0.706639625135671
0.660905875891653
0.660935273842707
0.771581123058264
0.629356458138244
0.61163608486094
0.604627337421761
0.722105509484767
0.720524483442449
0.791784073090405
0.551849124202765
0.667385498553742
0.78672994169115
0.731336149835018
0.68633977342495
0.622617551353089
0.843571362844499
0.607167413532722
0.788471511959007
0.814430035044068
0.670972757668905
0.764922998514076
0.800453321770323
0.727847518012349
0.752655988551607
0.795809140840674
0.614960054135789
0.803481826082954
0.761368814553251
0.714052297011544
0.706606550792114
0.78553889480925
0.757313563288078
0.791421910057159
0.854033161393536
0.652387678478453
0.679344431553079
0.596572926101521
0.779270564104591
0.751223904127122
0.646866819619165
0.777856940985802
0.736356098794983
0.659792447255841
0.98355011093453
0.798192651509113
0.685406123232539
0.927874145791128
0.714887162023059
0.791716782987811
0.546299508778005
0.685712190440539
0.715599413973992
0.730496168273419
0.75314228927801
0.770893766848593
0.798185547226656
0.855578505437184
0.727315953128332
0.79874638548122
0.798102115044617
0.641895153472524
0.743349572060451
0.721780788211133
0.721220979755873
0.774565553662557
0.75597867506342
0.768002397425269
0.893896726073418
0.78461572271516
0.691713721659849
0.786668316775631
0.757286245348008
0.761697991811435
0.776886771503514
0.859629134685832
0.820827516674031
0.916331090665357
0.849024068758547
0.741293599292001
0.988292616318623
0.749803908826143
0.879830052098202
0.812840298436738
0.919651422434757
0.805690110351185
0.691781302885791
0.841489508350515
0.873698597075464
0.82379178857513
0.687440666217642
0.86725811545816
0.883183727853898
0.905803765100015
0.924712297936044
0.878435556230347
0.894184019378602
0.671914861140215
0.962184197435621
0.909306553751642
0.830085480863276
0.797946785605221
0.827165259037177
1.02927720576997
0.882808148898565
0.950835723239262
0.848890887031946
0.893572016027901
0.869713164676898
0.934955487482633
0.942620029860766
1.00064533697113
0.89510985913862
0.937261602721301
0.960991667199448
0.985785219998292
0.740892603167461
1.03236020147217
0.834641420000768
0.858493801514462
0.802499152560473
0.824023225604797
0.926466178880514
1.02702011496136
0.939886157657383
0.832667513444807
1.01351230176048
0.948522735570874
0.941272575630087
0.909159034041712
0.960868057973477
0.985427402533103
0.88063818210703
0.795386904577807
0.889988791906193
0.933102706960411
0.840818484982626
0.993838438381907
1.05347432006217
0.836668582516097
0.838784121488728
0.935323883170375
0.839896398279717
1.1007420002455
0.88316900938017
0.979597278896056
1.13467443529642
1.10034852637655
0.85913080587814
0.932427673588881
1.09567949814302
0.866552734855011
0.915179502109982
0.881993933345116
0.815808501160499
1.04725207334805
1.03071550472948
0.95862386379588
1.01006029704714
0.88330355875938
0.855764161623977
1.00153853986498
1.0817776223342
1.210360605268
1.15691372716194
1.11356136151477
0.986121486710025
1.04629073750497
1.11465477189501
1.0518718582097
