0.119505813653224
-0.988466153016616
-0.930092527718314
-0.944141682460483
-0.971500462783441
-1.05510509027346
-1.07949814081072
-1.01406778156273
-0.885955293113
-0.8787422991368
-1.06325128112956
-1.07248369858444
-0.931815470462267
-1.00679357010256
-0.997907309503868
-0.995536787981416
-0.94072121370985
-1.0106533002091
-0.80681357618928
-1.0272225686752
-0.838444723676009
-0.796110513345814
-0.801494859146132
-1.05810794716069
-0.99110374080869
-1.00105145661251
-0.888100225895716
-0.869697494477573
-1.04761708279316
-0.828504876940251
-1.06150952719612
-0.958462048144135
-0.989567832514686
-0.962972017522713
-1.17187196840545
-0.850296017004366
-0.949594093521955
-0.937803329502769
-1.10347455565149
-1.01363187025581
-0.972599206517549
-0.85478905253444
-0.813581716357156
-0.727720040937037
-0.835631228700594
-0.825303979259979
-0.862406850205811
-0.974894108099294
-0.89862138985487
-0.9269327494569
-0.89423990511725
-0.904164639237733
-0.882705357225278
-0.740576846261354
-1.043003621697
-0.719367809797871
-0.901643606004372
-1.02084852838651
-0.810212012440088
-0.828966450686872
-0.903481814164694
-0.813688705596498
-0.826855250979342
-0.853311696157931
-0.8053893155476
-0.940566949023503
-0.793052802997082
-0.694215521291476
-0.904669082273981
-0.766452632335702
-0.836290220375797
-0.902255130391559
-0.730102064717012
-0.789847569665396
-0.686678262505272
-0.977590684297446
-0.802626414882614
-0.785872519794437
-0.87040330858066
-0.893936917976955
-0.753285532173095
-0.811055673975929
-0.889537803475151
-0.809189398395122
-0.661448035770644
-0.812497207212642
-0.88585480085951
-0.776466955581548
-0.916919674308365
-0.825977612397472
-0.81249749411888
-0.77311107678242
-0.854945663124594
-0.914057790534492
-0.782888719430516
-0.728189132030657
-0.674281832034673
-0.812875977061287
-0.668147699896434
-0.823260449541852
-0.832630609452264
-0.849371959684631
-0.837943332403978
-0.845553713461765
-0.887849732893593
-0.786998589632521
-0.920120023365317
-0.715897096059782
-0.705225519209449
-0.723774744790204
-0.808620219004643
-0.752470298785877
-0.672589723784937
-0.680849915342828
-0.796098848054504
-0.730827706026775
-0.792810115858483
-0.850841038559965
-0.735845237990242
-0.81903090730966
-0.721174451179919
-0.829071709101482
-0.828137440098628
-0.612014628089908
-0.722274210217996
-0.748289228015394
-0.713179003535549
-0.765521299133201
-0.717298355266578
-0.713293735523891
-0.606948056180661
-0.770561362554428
-0.848109400537216
-0.738853537694784
-0.715577562367158
-0.721087893967258
-0.755238322991716
-0.634168761254245
-0.861121845141542
-0.634669370129103
-0.516683301701418
-0.689662092217048
-0.715956072553586
-0.7487657227841
-0.809045251744729
-0.662678311632049
-0.829590189657736
-0.57742375755959
-0.631939290316943
-0.671701767653801
-0.665343615895119
-0.637254242881471
-0.637728469166001
-0.748104788524146
-0.66630490906169
-0.751301077679178
-0.72789298061858
-0.657279277133149
-0.569421737769454
-0.510610263086077
-0.612890029586472
-0.555429551399805
-0.687687868351327
-0.630693570276499
-0.527047204962535
-0.623210385119539
-0.675930716300673
-0.566761382690346
-0.751347361143276
-0.559591563007525
-0.565772282359882
-0.634636578375444
-0.689448614428466
-0.608649907274008
-0.652706552419305
-0.671522595365576
-0.614724274768254
-0.725967459014436
-0.671258049168285
-0.519417644050539
-0.751031735504722
-0.478123999093952
-0.626190719564217
-0.713130215146386
-0.79623479506556
-0.557566006973832
-0.668606661161418
-0.672788957947455
-0.679208383464286
-0.559007772882159
-0.775042564430717
-0.743758749892028
-0.603467316921343
-0.548084338744094
-0.598706163512279
-0.566745255491412
-0.53428171869389
-0.698977412579232
-0.578870615248529
-0.641807925774861
-0.583369863080903
-0.607200635343571
-0.592490106908165
-0.515097963951033
-0.617554239439358
-0.528072812367213
-0.559027901023652
-0.58798926223595
-0.54146850466622
-0.485162686567404
-0.606820739739414
-0.593830423110968
-0.501865997292449
-0.466572542741235
-0.596654847115782
-0.530799885172662
-0.566637245473974
-0.471093767019192
-0.563076861407662
-0.526911792589953
-0.474984834495342
-0.601018799648167
-0.636014564851273
-0.640904754191917
-0.589002885754513
-0.593359376385212
-0.558566006315
-0.497448832151081
-0.655556114114892
-0.463819245844035
-0.597987321182591
-0.556240309875658
-0.410840463964308
-0.543980789070077
-0.4800774987594
-0.622926669287321
-0.42685808131497
-0.42735769959344
-0.555082862741712
-0.465717920952832
-0.61933828878369
-0.551607597236887
-0.479093150043347
-0.541102838289925
-0.620969300862066
-0.664833650393537
-0.501745944949632
-0.472227217880646
-0.482369272567912
-0.31192409508969
-0.435812045190405
-0.467877689184732
-0.430250870761465
-0.563067049467719
-0.565603882190537
-0.511434973044648
-0.497920818766669
-0.495386719765321
-0.55787057031931
-0.468857861835614
-0.62383171789718
-0.346220887999658
-0.464257050693948
-0.367787974867742
-0.651762262337116
-0.522626889784839
-0.587288743867496
-0.511990771410729
-0.278338404324657
-0.540117195100595
-0.434753224154475
-0.476927011111361
-0.424613112862376
-0.680451069491791
-0.486434098152253
-0.497197691958036
-0.590197515603895
-0.630952055529741
-0.636750446897329
-0.621830816433268
-0.376834141897604
-0.344121603871639
-0.534082536305947
-0.412977452520496
-0.343481869353962
-0.438816446685364
-0.266969762452175
-0.447141692231769
-0.468377413566118
-0.468309403733805
-0.428174414602656
-0.393985690395138
-0.488487491656453
-0.388764240326445
-0.296597021813178
-0.456024254508212
-0.467195208925544
-0.503164378452055
-0.322801763577391
-0.263201421039257
-0.39197284901402
-0.410339797497489
-0.432987765596928
-0.413634555097931
-0.291426362697097
-0.368279308224868
-0.419893012445206
-0.599439459261071
-0.483946831323401
-0.33221176066528
-0.373636277147972
-0.27133408454927
-0.201065085217681
-0.431297091521135
-0.50477565454402
-0.437471466541809
-0.349656728791179
-0.368811946649938
-0.294382343812961
-0.415010661856003
-0.398720307188462
-0.423443636667357
-0.336548337773613
-0.269226016749738
-0.313168872538031
-0.329378982611768
-0.427146346921027
-0.127682412686473
-0.367198553078489
-0.502051080640918
-0.240435311970881
-0.414444539144859
-0.309164786085027
-0.20161589863864
-0.534462671445744
-0.219284717148512
-0.416697284228644
-0.262894675654498
-0.324187495434785
-0.343721993378807
-0.323174947274663
-0.371925028000576
-0.403791593033624
-0.328746480114737
-0.237406697354753
-0.306466425239114
-0.310157508804475
-0.340026537477319
-0.320251949666347
-0.310956717944885
-0.397960487392356
-0.390636911528896
-0.147661198072601
-0.202271937367453
-0.17401304571658
-0.273027025821327
-0.298297238736527
-0.231473808798457
-0.239487578919355
-0.28205753784426
-0.292854524698614
-0.280063823134123
-0.33528881653319
-0.274243115730216
-0.198922604106612
-0.236707227199314
-0.300757822893751
-0.207057918305238
-0.34463345373343
-0.330318892424303
-0.147288791296968
-0.211061636397867
-0.105820233216824
-0.332748463494099
-0.169714842902307
-0.298973454151865
-0.24538016894751
-0.150340410360264
-0.155241389869583
-0.252697814602373
-0.242543338949826
-0.304206302138211
-0.392047659018791
-0.170827088237689
-0.29995694601394
-0.174354014750682
-0.144136721882206
-0.269932263904423
-0.0995300077997354
-0.228779999696165
-0.215529406731507
-0.231033222134735
-0.244774571038771
-0.236681042529792
-0.216931621659121
-0.189839684301628
-0.217932479271284
-0.0436185264243486
-0.178999218869782
-0.180241222463335
-0.140729614839138
-0.13340239629998
-0.142271419326393
-0.231561910271263
-0.110931511011225
-0.322301910260924
-0.173905429242614
-0.277567670789656
-0.190184664005059
-0.175597485880372
-0.120496486097351
-0.26457677221309
-0.219894515135062
-0.167797372441336
-0.246133558602161
-0.090652263056455
-0.10935348527595
-0.155794646369601
-0.261212038605725
-0.248755485288177
-0.0670705775749733
-0.0578128815926172
-0.283620232385616
-0.0800171610221113
-0.316938144265061
-0.0990169763086715
-0.157299685395552
-0.0253801220794745
-0.0186350031542325
-0.150919788233471
-0.152430897411645
-0.167995296781706
-0.0437477847997517
-0.146691670398504
-0.0293810093869837
0.0980792012725993
-0.0566378121327921
-0.186756475928892
-0.153753302540651
-0.134637730012867
-0.13277359092965
-0.200769123398433
-0.18890700619499
-0.0680828780471495
-0.0512749070728604
-0.0278117127933522
-0.158721231849435
-0.155155644868642
-0.000743639052089133
-0.198240516134615
-0.120848573228814
-0.0336964464614823
-0.156953107695767
-0.0744151853344143
-0.0933117122920922
-0.0539909933699094
-0.0915917234304907
-0.0788695684048119
0.0722154114095191
-0.0484858523517809
-0.114041678617768
-0.0770321458201249
-0.102504741320412
-0.00663575487891271
-0.120190566614784
0.00437909798917348
-0.0101157609654791
-0.0480860972612156
-0.0854155469886899
-0.207317551408267
0.144626788528276
-0.0464240268736506
-0.0297919152422521
-0.110492488774354
0.0600896459966547
-0.06514093041923
0.0140465637098372
-0.162633975454565
0.0281825852262181
0.124692199347861
-0.0711919318974071
-0.161124622533363
-0.0456009138477058
0.0963801936549759
0.0438807691473939
-0.15078760157189
-0.0030039487401955
-0.0415812132472371
-0.0284510631558023
-0.0469891214739277
-0.0514090434408579
-0.0388886692706632
0.1021862991884
-0.100862631872584
-0.0288228332635059
-0.0257656442409073
-0.0358944390198373
0.0168557000871215
0.0574263842005583
-0.193820400775346
-0.00187715107234001
-0.0653040925658849
0.0303296190601509
-0.0626929302876786
-0.110869216848986
0.0899750462111111
-0.0528545994574879
0.0956853593306615
-0.0231709159747397
0.0885517281050716
0.152129597099278
-0.0232536454105086
0.162743550507177
0.0201343179972667
0.0762116389751783
-0.00442579210604255
0.0546623902476786
0.104079750246745
-0.17524502169053
-0.00107268949344141
0.0368816797111882
0.107638223271561
-0.0373941741694599
0.232956821402893
0.0447112037865031
0.0764475176823336
0.169998202461337
0.119748406074087
0.0749751706475667
0.0578832280728313
0.0450413447299852
0.0835754393864141
0.00245828401334749
0.0349760348279526
0.0989436147217081
0.082152453416499
-0.0419973680362795
0.0685389570009457
-0.0198974205230528
-0.0121520763493382
0.140170494208985
0.104096310534152
-0.0452254842696317
0.00448449190547278
0.0472083171671606
-0.00915153076930311
0.0550024261099218
0.0663035302974843
0.05349994072942
0.146083516688722
-0.0441046300078643
0.131063357145086
0.016204506321394
0.17014623746184
0.108738261590611
0.0392096929239319
0.161910878948377
0.31447684056351
0.0911865214549307
0.124663231249111
0.172967773312275
-0.034863488075957
0.0715032535409305
0.0731479330732131
0.219358115539191
0.222793210281226
0.184008206433118
0.16803508278037
0.043923640199553
0.108784537354935
0.158288015518248
0.225543086731021
0.123833188109283
0.0246290017327241
0.0837445526826816
0.197068248457253
0.18239294731814
0.119971312752238
0.205656069377158
0.0942331136040058
0.350423366730564
0.0523984328268822
0.142535246874419
0.172418480177134
0.262406948363939
0.182561575788797
0.05070038384205
0.158153806879177
0.264243558207268
0.232743394379752
0.266373377880792
0.19002890756572
0.18450933135818
0.134666315243364
0.00868431203456096
0.18079550368322
0.115129620125316
0.092011113925688
0.296757179717043
0.125100516863808
0.195442893704981
0.183678904395972
0.189550601048572
0.198269504353089
0.0900479770515403
0.216580843809841
0.306090675181814
0.204955400422972
0.278354134659825
0.158709851191251
0.148218453577656
0.246070050337482
0.119444614384935
0.210984251634111
0.339833945942843
0.151602663946786
0.310799716986901
0.25141470759111
0.291905453432318
0.251305968167869
0.223699055975679
0.376879607823184
0.198617065790741
0.26710136856623
0.219230145535201
0.286571131668557
0.325875684039901
0.249929003819676
0.188610540417255
0.17484157053535
0.0263721529621865
0.192899908639624
0.266109703104185
0.376070463592439
0.163806142305861
0.198698777317772
0.383079987601899
0.379030765371936
0.292746527754637
0.194716397830231
0.372028087918221
0.264241076505072
0.168267402730843
0.446235598639127
0.21468102080213
0.207884558546757
0.264820343944297
0.218556122802585
0.263603737966093
0.230914270690589
0.268998657966637
0.332008185519474
0.291046667471146
0.220265922147959
0.328053567019183
0.343538434060842
0.270901074830983
0.395675027559014
0.219064546978715
0.207395683312643
0.488234126729618
0.389332658590362
0.400471103039872
0.323747780623811
0.230210454640737
0.210056265785863
0.320951772993856
0.305327333660316
0.367160182231649
0.358484719970672
0.284479784704377
0.43375095407904
0.387687990059661
0.422480586325413
0.41262355277457
0.42989266731537
0.314879983722597
0.323306050834932
0.275481794797927
0.261841709910831
0.505518826527815
0.327500025436158
0.382354426323747
0.199879617796241
0.175598030412898
0.350218196531379
0.340894052962908
0.268059479798828
0.243385189045412
0.339297798081224
0.393102673524962
0.367503046221933
0.297758983892426
0.412001663073041
0.31897353959135
0.345898526017302
0.486499315669545
0.53058721613798
0.371809993512367
0.535648179034695
0.235569346255102
0.433862068162409
0.430340601946106
0.475290663820988
0.439679577606947
0.304700135319531
0.509344710090634
0.381300720162422
0.579178941028313
0.41209101397434
0.513892227477975
0.588962609995995
0.396268102689039
0.438454550928981
0.376414600949748
0.393935621949478
0.352680748029929
0.298785430200789
0.562150224794844
0.390027085987643
0.467108792004019
0.403100116152324
0.398234207882219
0.40250745708654
0.328942018702093
0.244631166233704
0.39898655068387
0.252779789216356
0.42821605944818
0.380705493444912
0.422878566295709
0.386180503956275
0.44232847142054
0.487026089684686
0.373707037738065
0.342624780804146
0.549625454608148
0.473866360342152
0.56583273565317
0.57737395748354
0.558252520035873
0.580977193034379
0.399895015679023
0.640909775514732
0.34032214887026
0.560979673709917
0.499478087915293
0.439123683106438
0.512036339864198
0.403038558727866
0.415360120112157
0.573700465238562
0.526012357941392
0.556318317681875
0.392379980962727
0.466217395616971
0.42883617314923
0.37347818051329
0.655833283725565
0.47196677919954
0.587822098093724
0.600441548700142
0.580958047055516
0.471145895680659
0.593284181427207
0.495887040014978
0.556304332534414
0.689749652505227
0.576652398062138
0.633436450150275
0.538297257330857
0.359905183778823
0.588829872566077
0.538496209882365
0.63039200952891
0.541176096061591
0.419168998478872
0.501083113560334
0.625331573910987
0.479471847898746
0.506400239040976
0.605162096621342
0.491107825989251
0.371104948870063
0.480758586178808
0.585709958879283
0.587503856476682
0.517859376180119
0.547991466077011
0.60256973674682
0.731515373433529
0.726340584177025
0.539044370775143
0.55001871096263
0.411222289716754
0.494143696323995
0.615008531021796
0.648779155796462
0.645287341577736
0.507382146742709
0.574649696547876
0.655680068162562
0.664384651796864
0.519014215089618
0.602522963368418
0.57929935595085
0.647789683566434
0.572513378122066
0.52834677828608
0.613635110866489
0.622616483258647
0.619519389624199
0.522282314160933
0.710129982515538
0.639673598404994
0.669574211135996
0.679241516587454
0.635797357361911
0.547909567126822
0.716655372553192
0.549708288379969
0.640463926203015
0.703086448707536
0.577885784846308
0.730867987111159
0.625366936266421
0.659070807870528
0.532986177610607
0.706212966665618
0.666894256074635
0.652971866055664
0.650433941616795
0.712398469927428
0.772146248578207
0.728099856942806
0.702255737106832
0.751790856961293
0.654017745971019
0.674136887305496
0.411515965236143
0.655900564425695
0.766491696112876
0.717754685895036
0.626117254285058
0.770927880724566
0.588793146926295
0.768287113700518
0.633734317582882
0.642558892697128
0.63721835426284
0.656190477064629
0.679579761771459
0.678654262083713
0.814147911682074
0.808477293156585
0.759605698846336
0.803558250999244
0.659625752433706
0.744692457851323
0.698750186672651
0.67552978234465
0.759110368348128
0.749294561527043
0.664232594055901
0.886256005039234
0.687999925806271
0.67987316170502
0.80279501877635
0.861754899236003
0.751604824138517
0.583822395554912
0.593008049232725
0.653150970847197
0.806507930660626
0.77694684063364
0.648391521232699
0.672048833363611
0.692020818590106
0.845383647092828
0.82908085692645
0.730092521610214
0.730270429906024
0.801559954439741
0.847367986010262
0.704410682628208
0.836895365833032
0.861172852427413
0.590985609200632
0.670944012544748
1.01306689406898
0.559799467953821
0.756936295087787
0.858326556673459
0.711753848608707
0.936450301886731
0.744832675165492
0.738747750817628
0.856998768633021
0.71333075376409
0.598060320542405
0.780967100069467
0.827500775972712
0.753103563869048
0.873193166740969
0.723398656179266
0.918051737164401
0.931057451172635
0.908816099592012
0.882915841900868
0.706394530973207
0.880423465869033
0.700790054841477
0.84403388823861
0.852244321724497
0.901834405827494
0.789374888281272
0.752006691162692
0.907849369321937
0.779494412471056
0.957767241340194
0.84875211888288
0.870035211756109
0.835836111113287
0.827262060129984
0.761716971301344
0.835969208158013
0.81299983247491
0.783108540217131
0.767381026948103
0.796124294351237
0.826620892775564
0.779127608989762
0.761913229167168
0.90191760522879
0.841416205669968
0.855342350732562
0.902541738070982
0.898627670141613
1.04291591889181
0.911793819936051
0.782224709745717
0.755780517252766
0.924277043378822
0.837406191840719
0.913699408366987
0.78880848972878
0.874853640016511
1.02127328438293
1.00718393333145
1.02560644413974
0.961996641542815
0.780929410666068
0.827175681204404
1.01299387279053
0.835623530100026
0.944428178963837
0.961795719552379
0.957346008908167
1.03274307344702
0.858234275543676
0.82034253828158
0.789039230696877
0.963383935355082
0.914199472779994
0.91560659954099
0.876057243306288
0.868912952834575
0.9567014187751
0.921671932765979
0.947246976396722
1.01144998618959
1.04162472145273
1.12324204041172
1.08708042340476
0.911694758152771
0.879807423932839
1.05712777753011
0.859454067296748
0.936939717755332
0.812666395981986
0.886735247967755
1.08626134021519
1.04145121051178
1.03003782364388
0.857956683626605
0.967926028936926
0.90338286247717
0.889224207753323
0.952081248113785
0.99745117379618
0.922307560467116
0.940000651092174
0.997596422729071
0.850506429786955
1.04525136099472
1.01285490660855
0.865778140789811
0.93354976847136
0.933722410449383
0.993971041721457
1.12439372489539
