0.166560989791567
-1.10980634452167
-0.923505086056224
-0.9534398308169
-0.984053262404028
-1.06707668544183
-0.933254607998358
-0.949609275297729
-1.0097786403687
-1.02496230784452
-0.906640235612919
-0.976714739107944
-1.0008149483661
-0.920306676892915
-1.03484516184449
-0.954191225782518
-1.01204787161006
-0.972726635382491
-1.05921215731436
-0.9397816886926
-0.942620428919301
-1.03287087703395
-0.871028625730183
-0.920941134993583
-0.846514476811296
-1.05920235615658
-1.01847545115011
-0.965846258505396
-0.854035497624788
-0.942052687749898
-1.04263173830959
-0.950180531586923
-1.07275472872867
-0.900652357987575
-0.991689377739619
-0.866695829725791
-0.838146771214917
-0.946216372246186
-0.835993582360278
-0.809759412219435
-1.00788940391542
-1.03186902670943
-0.656099186805181
-0.94236438904519
-0.934958465664846
-0.840094112586887
-0.895384366824768
-0.924335579553528
-1.12580894144041
-0.972901797772165
-0.835537425310435
-0.832954602304991
-0.856236282184182
-0.79531379723658
-0.783220882053
-0.977956544983135
-1.02270514799964
-0.79442931709632
-0.989061628148123
-0.870954428963885
-0.903495774740149
-1.00944726553784
-0.90368991633853
-0.816602857820671
-0.980945927160728
-0.923185454254172
-0.933422548925348
-0.770949726246849
-0.925656155068455
-0.986426476435602
-0.910359093702483
-0.938663658535973
-0.709694113037706
-0.99849048011489
-0.886053518038973
-0.863412714679748
-0.820193285197573
-0.738489970002563
-0.863190092531922
-0.752186575548446
-0.794498462222142
-0.927476040095719
-0.82001652315295
-0.952615760461683
-0.709025857929687
-0.944840287364659
-0.809947070550092
-0.966954496749027
-0.824257572389722
-0.827105553739655
-0.750185112163525
-0.818498858092073
-0.815438175226563
-0.79827605491532
-0.784261631446643
-0.896964277622603
-0.695510974036834
-0.840660953979616
-0.847642626571225
-0.882204766736112
-0.797983337875351
-0.887337215287049
-0.818643523874032
-0.74533782854477
-0.806828757550864
-0.780121519506913
-0.793712017081295
-0.876522180583678
-0.84980160672172
-0.972160081044636
-0.743370209883212
-0.803755670053358
-0.753949756869381
-0.829360806744569
-0.775825240458949
-0.747845745667071
-0.727571998630768
-0.86496213383158
-0.758351020937742
-0.683094650931298
-0.776854573753926
-0.798854246858173
-0.786684894313257
-0.797906592614448
-0.775080989412817
-0.722728605055644
-0.656722868839072
-0.749569063333557
-0.74342963674172
-0.824640265356561
-0.792926702486443
-0.827896748224176
-0.808725853353629
-0.801444425053983
-0.699942672780167
-0.556896082542724
-0.749320837706144
-0.617055604941376
-0.702637118180914
-0.667034476439414
-0.698955218512316
-0.602624728151632
-0.850432051983674
-0.682208525182753
-0.771068479166843
-0.780800401901493
-0.71481704114187
-0.670708426074232
-0.64041138794614
-0.745429678498814
-0.664783439504552
-0.625616602497066
-0.667589509549834
-0.65345012401984
-0.73825873485801
-0.719268583055877
-0.641108594209577
-0.571550047658926
-0.642852946892906
-0.664935914870774
-0.714206146648468
-0.657980917230013
-0.528155518830679
-0.704767710949294
-0.711412557759628
-0.800269717362937
-0.653950840302124
-0.700104458619252
-0.489502462068976
-0.690236662103008
-0.731599471885467
-0.666712181035527
-0.59637963100924
-0.742223688008129
-0.638933795099419
-0.682475002674657
-0.649412427419008
-0.723587041887674
-0.626529713552329
-0.79276217639986
-0.675515347782065
-0.697737439260828
-0.685576535547946
-0.724042326581156
-0.698842310118428
-0.63605793448048
-0.580167278464998
-0.71451666500894
-0.616779414133578
-0.733631558205197
-0.644838978372785
-0.702169658616824
-0.74598522166191
-0.67025340411871
-0.576811521931712
-0.377917412085611
-0.62648016998915
-0.588263472469345
-0.718704293626367
-0.627135508249396
-0.535673150225965
-0.566359469218162
-0.572959658476044
-0.598918583561583
-0.597341728725368
-0.56508117776502
-0.666289974235685
-0.480794237415583
-0.688598236990689
-0.540006363457557
-0.510334254290843
-0.625197234883715
-0.593067739708165
-0.539100353530019
-0.617462601384692
-0.615900641363084
-0.639230774108529
-0.444396435761863
-0.532696192329478
-0.496873654767547
-0.524090152949262
-0.646011488345348
-0.589140989703922
-0.586100227099403
-0.564041040099631
-0.507979195575301
-0.546694035178063
-0.595367460314675
-0.423089196171865
-0.53818941514471
-0.514449676522491
-0.402124979410875
-0.508436578268666
-0.5357632938981
-0.45804919770948
-0.514642215673913
-0.696387849981581
-0.41902867340482
-0.454158828387522
-0.638605721981733
-0.523204875216631
-0.525720930055073
-0.483174469203775
-0.466778368228942
-0.57320207973066
-0.524571443793462
-0.58555706586521
-0.530217963805272
-0.386600751210914
-0.574460957946743
-0.493279241011223
-0.630704110310425
-0.465563165502888
-0.404071177900811
-0.455047092559461
-0.576362561568162
-0.558446355120797
-0.328386457054861
-0.468728225432903
-0.477633985536774
-0.547003958513404
-0.472114510544854
-0.481264256431506
-0.364256000198947
-0.593343886884077
-0.472528633531778
-0.520218507817557
-0.402593705898664
-0.451767369926255
-0.503731773726519
-0.629046706457196
-0.383207724997723
-0.653141742999047
-0.472496231057635
-0.382680895659596
-0.484283358802601
-0.512065551070598
-0.452803473710029
-0.454311477479667
-0.478805706165318
-0.424052272948482
-0.464913381765198
-0.487325254080088
-0.555936001693396
-0.476960948657647
-0.3840559242202
-0.558705466421679
-0.449427719635538
-0.386887361174094
-0.468742129219454
-0.442060335708453
-0.420354627197989
-0.371424816056743
-0.593046780563689
-0.466936713284703
-0.357756309369676
-0.377407657954
-0.457005860085719
-0.42406370950456
-0.329540053957042
-0.494168676160306
-0.544297481457214
-0.377715830491438
-0.370560061302029
-0.555260037842624
-0.426455199998462
-0.381137071280708
-0.316212708943106
-0.363481571922991
-0.353430299796689
-0.237446598745192
-0.442955833098001
-0.322008971775458
-0.587629538363267
-0.430698526637566
-0.327561690832537
-0.374131638071235
-0.328036333424523
-0.412149446969302
-0.363512146639375
-0.423413656051511
-0.265977088052392
-0.431109594353619
-0.321173714767173
-0.393711660692425
-0.361373013169369
-0.351424958076246
-0.331953818400305
-0.38230806883634
-0.315812130604436
-0.407015556995695
-0.247175060863351
-0.384368716175513
-0.313418500901175
-0.211573630115698
-0.274532601497786
-0.288421434109074
-0.484447585655447
-0.250371027753125
-0.15997272254672
-0.330437557283354
-0.402339029338128
-0.223919082928381
-0.258223232605697
-0.343421419560445
-0.404881565523413
-0.344152797118161
-0.548708396627711
-0.327190403473747
-0.342288800120784
-0.343367056809444
-0.249899484533307
-0.36654573905575
-0.163250585387512
-0.190276971894326
-0.29025991218089
-0.284159452463966
-0.24353763180516
-0.331249119335442
-0.318879350737415
-0.40905321904147
-0.235235313262061
-0.167792191040778
-0.408189797670213
-0.357985933746597
-0.342576810565467
-0.319088061308024
-0.229587957350369
-0.257029159371774
-0.379444403850561
-0.190748381903248
-0.216407388162372
-0.0208901500474207
-0.194565682482606
-0.369045596170192
-0.207338865103244
-0.251569822587666
-0.284509976691414
-0.234734533318163
-0.245645679575831
-0.427243675446578
-0.234575292923917
-0.250855259060054
-0.196891027290499
-0.227682448480661
-0.297260212389029
0.0054510811049367
-0.090938759698471
-0.213645902771781
-0.380918239141924
-0.384480833088411
-0.229211636851167
-0.271063848167491
-0.317207250145097
-0.252993041656939
-0.405675452602961
-0.165140367949356
-0.258642349489814
-0.00586221426911973
-0.185586806959639
-0.288153485468851
-0.111150001056922
-0.152178039456152
-0.217941125967614
-0.122713175485243
-0.159077708056119
-0.226963685926558
-0.193806995772744
-0.287230698002734
-0.090381354759813
-0.102841126961522
-0.291923382590341
-0.169838077214688
-0.197918432537946
-0.190643369294526
-0.19160815228078
-0.220608901411646
-0.134962652985377
-0.375649760004466
-0.107141264067128
-0.114333907779228
-0.135004228617022
-0.226863094353496
-0.0634074898399065
-0.321086245895617
-0.296559384484116
-0.167329258705848
-0.258299013144274
-0.24087291874763
-0.154776026185694
-0.102282928018853
-0.223525713133544
-0.152048140985125
-0.137033595479747
-0.0760764277192327
-0.199625890949822
0.00624765459464165
-0.132866289762861
0.0282219696844813
0.00537571748099879
-0.0658467602050699
-0.0807757360536732
-0.175613397974678
-0.171248320923626
-0.0662248310354826
-0.066461925817339
-0.191718228837752
-0.14221231662478
-0.0367478850358139
-0.154712946558412
-0.0986194451902348
-0.221433381446476
-0.0626949259075829
-0.184510793173674
-0.045274586432374
-0.0850616585188666
0.0644786467427052
-0.067895852514186
-0.0318248280753054
-0.0589090978975783
-0.150994070693959
-0.125610463029435
0.0652965822609241
-0.0219440355679636
-0.144638361803527
-0.015912484008915
-0.0192914868024219
-0.0686045950943365
-0.0870737885827611
-0.0514084050002236
-0.0171217998841578
-0.149453348287455
-0.0240273224138387
0.0927239515391451
0.0260783267009264
-0.2048671004013
-0.041110657236391
-0.0518887626200535
-0.105661008165695
0.139762528467855
-0.158696635824678
-0.0940729016415114
-0.0268971689281202
-0.0843825558673741
-0.0875509697265111
-0.0803910032267768
-0.13914497124786
0.0426076907516711
-0.0987214572941721
-0.0395518328265386
0.00843493156840857
-0.196656431753624
-0.0850898632802443
-0.121728628296979
-0.0163057421450777
-0.0578775852227454
-0.0649374060637119
-0.00854972383601441
-0.0603637508120935
-0.187680429502993
-0.0464910524452678
0.0478482024517248
0.0936261884670977
0.0209922951650928
0.0855431242277513
0.0204762102276481
0.0285208243947763
-0.002351367922781
-0.048546637197881
0.0680407595687492
0.0667378821066941
-0.00616455325456137
0.113033508806129
0.142499378267383
0.0114649421086055
0.0218998392831354
-0.10607905158438
0.114724304547411
-0.0690373300677236
0.0561806627216123
0.017334994797589
0.0907202615015646
0.207149058352336
0.101101943791207
0.109151300334695
0.0624272080959571
-0.0158433719478161
0.133881977578963
-0.0220994940037736
-0.0397419250430862
-0.0159003191595195
0.0552501601451174
0.0827801534475329
0.145365585048742
0.108021293967657
0.0532360744881245
0.0520845174478742
0.0299951484124894
-0.0238219844253752
0.0678793737948057
-0.0818152340323765
0.150618123447229
0.185149970540676
0.0882026888612924
0.221881707412407
0.0880138230429915
0.0417377814502825
0.0973216712910023
0.103749885587357
0.110005433070351
0.101807093327756
0.064272575529041
0.0551697786982833
0.123127334317284
0.0396180513923496
0.1165921890476
0.302325933888924
0.150023880496375
0.213286731659
0.106825821507554
0.0708353790465441
0.140334942178504
0.22365389939902
0.08815264400528
0.116482885648298
0.326720576244825
0.0396540748728654
0.265461613414281
0.331575887304727
0.058225189720355
0.123159944798643
0.250282566165546
0.0910521756221886
0.259126137250703
0.094933440009286
0.354467144807018
-0.00752061806399682
0.124109416034455
0.0902428041109105
0.177616248829916
0.010717298542229
0.0502910425439573
0.149846781123746
0.128289238398527
0.271771124738458
0.217390244305651
0.158373295058952
0.253228829264288
0.173852528265911
0.341924826170652
0.202243346248982
0.298660073303077
0.0221005863790678
0.236958753676916
0.321497383082694
0.177194812527609
-0.01386786617612
0.0764904615116793
0.159683042000114
0.236054651203614
0.206909502113249
0.221840814001886
0.0211614579928148
0.125823266187107
0.0657106949868087
0.204815050902735
0.165482733181757
0.292018089366846
0.113504663550341
0.194691038549153
0.333686232058095
0.217817128478887
0.133967717485327
0.295149927217942
0.185701473266912
0.130048692472416
0.174136290133891
0.179940937499778
0.263742520172984
0.215966687076792
0.196605572843497
0.163817271795505
0.442868991820805
0.395620072735855
0.177085323409028
0.181015534757462
0.199287544235817
0.144309498570735
0.197801625706918
0.256397004151127
0.261617058945247
0.279111673991869
0.162034145836776
0.385881481016737
0.268999467750171
0.287663919313915
0.333771487626831
0.226638980205769
0.317004685331924
0.327667508219705
0.241156074791567
0.334577344548729
0.349307632755335
0.263243260850549
0.27552151375939
0.333643126010789
0.256311900233326
0.417996163755375
0.234216577425608
0.334874860699639
0.17720066327432
0.345813472437507
0.46882335383937
0.329410855300941
0.264624060699845
0.361836995783505
0.305261267236062
0.364709577263389
0.410274248722325
0.171876942522883
0.552698212476547
0.265277630902099
0.256424010315151
0.262824804977473
0.461409735218934
0.307669121241064
0.514358880994372
0.224795825566798
0.243519052206547
0.312925276220043
0.456973281138434
0.222023169802974
0.293704043991527
0.218637727966669
0.158585036748879
0.423960130580208
0.348696256422827
0.340638869115603
0.270618457501321
0.280068777582922
0.265664220074024
0.29944314830873
0.369887931755149
0.234767609485277
0.222438279492086
0.310486523969238
0.558260209006074
0.377336523176037
0.460275498194111
0.409886605014879
0.434809450326066
0.316568572129143
0.41185306934079
0.361456410984426
0.59993315626526
0.461664522033119
0.38715824849851
0.465653296467362
0.374938506263422
0.447366125524158
0.424013057654885
0.475634705323123
0.323909680677488
0.413431068802638
0.227963136333069
0.432488607539209
0.242534189159495
0.357415235815047
0.303713591653484
0.443650014882627
0.555389552944427
0.382407672898727
0.462586088593229
0.373926515947008
0.315156938274736
0.449382338965627
0.475924979232488
0.374496958578169
0.279643387407259
0.380844061556576
0.522697790105949
0.45018434821474
0.549521674656366
0.471829971818542
0.429981865281027
0.617401934130481
0.453294051941783
0.211166127445975
0.420345162958827
0.51954305081702
0.539758814539471
0.485881052095745
0.440000842356914
0.524902953625921
0.403265760357871
0.500936543035511
0.367067106912863
0.492637303641265
0.472127559048904
0.438022171807735
0.533576038112451
0.438891353505888
0.481899083635773
0.48701191488625
0.38365686382536
0.537617933864785
0.39428167826798
0.380363502622104
0.441073249125144
0.546861267026571
0.443694723658236
0.496103238934028
0.47663594156129
0.453725413999598
0.524101387370929
0.561698507826536
0.616063027249694
0.500756741519748
0.420129472798253
0.502521343119332
0.405537593425144
0.445130009155735
0.509698363201578
0.691553617087647
0.465601099485994
0.427917891458509
0.497241354306778
0.475847077841169
0.68754129524715
0.405382218739608
0.508350522715895
0.500154554887246
0.45611759320525
0.541836152732727
0.619826532312969
0.563846782651586
0.354205773507628
0.536199495598782
0.577295698970645
0.496958171354609
0.651370031866902
0.647332590166323
0.657833723917261
0.645873158076556
0.579517592127436
0.560695742615785
0.493116722206655
0.565597688142037
0.653639472933635
0.620370540130855
0.518632263327236
0.668049676370574
0.648223361420671
0.546215316002418
0.560847045945929
0.723066930407435
0.468787435283759
0.655943804038452
0.599920843844017
0.782403021579406
0.518251945983907
0.463901465103308
0.551411245182059
0.671162393371604
0.619596220051512
0.649870249390436
0.591726808101789
0.665401856109521
0.773522304295296
0.676639420769387
0.630555553916286
0.621427246012231
0.639120254818541
0.731502998007295
0.634830802367614
0.606048342826795
0.634968087081779
0.470122708500417
0.595671082408727
0.523355178074574
0.651991497442068
0.43965426854457
0.711248827582714
0.553642252741066
0.589587324455202
0.5186310230201
0.555997470948041
0.661499648182026
0.738243150673538
0.70392306332864
0.57779611514841
0.674073096666148
0.638841556413442
0.668858655951373
0.771288950355138
0.65787898704358
0.596395844319903
0.604368716673595
0.732854819294608
0.722633319878971
0.814499430885311
0.563232710912625
0.675743772389181
0.788168872319751
0.74729431564952
0.686999406863335
0.607340194811973
0.823745698326712
0.6151230010966
0.791863491803567
0.819410624139954
0.695324099852674
0.769164314621157
0.787470897315463
0.722631910305846
0.765299410309297
0.784026086921439
0.606393542456866
0.818362248862373
0.732081199460056
0.723156108479694
0.708500875951523
0.797737150830143
0.75128550094517
0.781339887888211
0.84662300760679
0.673445604354288
0.668665213359584
0.607499043407317
0.764499984511349
0.751345662766427
0.625689123804731
0.768183233368279
0.730785517417878
0.646668313623923
0.976774822480353
0.795866467046184
0.687858854361016
0.931101813779858
0.716943323437114
0.791494185254352
0.551728936332728
0.717685147433228
0.72061682623542
0.746585843368416
0.765128950541419
0.76153077719527
0.800470502245774
0.84958527928341
0.727821799896433
0.798686158036913
0.812183918594542
0.667509051126131
0.717251091354379
0.725604759631366
0.748187364064663
0.797181524083064
0.747656241978274
0.787524985676809
0.901991192516112
0.788828566234523
0.706708648013641
0.764264404345945
0.721733673769863
0.736427692088526
0.773353643424302
0.850958476368256
0.829478504674979
0.9114275385131
0.851525695944575
0.715499877087048
0.976884069272879
0.735323301764971
0.879071163290153
0.781053555962542
0.912532385693369
0.786817256024526
0.702765608614031
0.845585322575977
0.868158967397573
0.83313205789211
0.65688009879105
0.867291976819907
0.878523871965995
0.903516962609565
0.925250096956764
0.864826881133833
0.90204617966789
0.679338971714956
0.945183100055515
0.931807180481593
0.837202223329945
0.810351241871408
0.82209979330037
1.01732263484679
0.865177997954579
0.925305780022349
0.851785247381001
0.900087450325022
0.866459332640427
0.93422218055959
0.943798238556993
0.990529987537454
0.88274059489545
0.926039589823648
0.952159166116823
0.985610269635239
0.766654189803982
1.06527168027887
0.822243664168054
0.846161669509093
0.819243612475704
0.815730133933689
0.909535240085938
1.03721125357032
0.924771858385037
0.84241482687897
1.01183199499095
0.954680807066661
0.93643262547889
0.914389134934554
0.959607413411383
0.997077451999854
0.8599668876369
0.7976958305612
0.899472582067977
0.948510040088075
0.864557609966266
0.988666160535067
1.07519733425121
0.857126180871114
0.856225244525295
0.92747979317836
0.852673787331494
1.10190282365712
0.886795194135295
0.982918791358172
1.14139486986999
1.09823791406426
0.841659165798325
0.920297859652011
1.09917452398562
0.856072710572745
0.934692365161198
0.879863538018434
0.839956400097278
1.06425914596029
1.03502621402513
0.957990368807403
1.01815996259589
0.86617922165944
0.872683737223226
1.00366885503073
1.0690512231236
1.20491052920977
1.16107701834944
1.12391964218165
1.00284162002356
1.04315365049676
1.08754794199056
1.04885397504689
