0.0461780030392544
-0.997295681705412
-1.08562743009457
-1.12950242390332
-0.990604960547754
-0.838819315119626
-0.910877930451932
-0.989624055015945
-0.91306909871124
-0.93075965442067
-1.09436869524318
-1.03260994164873
-0.950322914202725
-0.967838440608792
-0.913290443207241
-0.879328554785813
-1.1431613660089
-1.08878473158341
-0.959561270197207
-0.958399244600082
-1.01280305407577
-0.943077499090198
-0.912027958309121
-0.967156809461796
-0.893116061649858
-0.885221074325424
-0.973829565250732
-0.97223222649918
-1.05367495465923
-0.825304910667746
-1.00739458576208
-1.02441603176514
-0.988049986250044
-0.915848633375682
-0.952228174463544
-0.899657033478711
-0.927039217453065
-1.01141256663612
-0.891764537322768
-0.842383389209263
-0.858659663777557
-0.859758711881912
-1.04989201659959
-0.964621075406494
-1.01705156528585
-1.0064887816838
-0.998296321068071
-0.818308347478287
-0.893578297771015
-0.866601744637538
-0.933538311927259
-0.991732283391524
-0.737740649815136
-0.905103393075425
-0.820298040341674
-0.867613529923112
-0.962713013242321
-1.03018100523343
-0.919626305083056
-0.848563124905474
-0.93853564027222
-0.835828342329015
-0.739487277433876
-0.865404289991349
-0.942384538436546
-0.708067266178679
-0.818489069095301
-0.871085678578777
-0.749187768083782
-0.749210264081248
-0.813491520526547
-0.778780155799853
-0.888843230616772
-0.844076819916728
-0.804517446642416
-0.701087322724957
-0.919889554078671
-0.889129144853666
-0.880626710424483
-0.997228038981283
-0.906020368640707
-0.845546967348606
-0.877697201598887
-0.709365779360343
-0.773545571671099
-0.814977747746752
-0.809067147415993
-0.69728873044879
-0.707075914523548
-0.888827673026096
-0.737830953928831
-0.819593075345078
-0.719362784597818
-0.9826565286776
-0.840109427760529
-0.820437164586802
-0.823683992212032
-0.692268701718021
-0.792348842002966
-0.689804009765241
-0.832273135033108
-0.735274266451573
-0.816028021071776
-0.804067663898293
-0.860495967376097
-0.730990983712905
-0.716099904338758
-0.7008620417434
-0.934455190887431
-0.802016846996022
-0.928801575236893
-0.724869507024727
-0.77049708013142
-0.705066486987535
-0.810289442198634
-0.826114829916893
-0.757360282289087
-0.836354379418169
-0.935415016992199
-0.665581540964357
-0.808384060128125
-0.866050312899653
-0.821780327906857
-0.701506992075201
-0.739929533278644
-0.699012057822298
-0.762045095127847
-0.725925802046197
-0.713163607446399
-0.948444434037842
-0.706044096146189
-0.841905797569885
-0.635067891600151
-0.720719254733452
-0.696005391911025
-0.726299827865262
-0.788463492981409
-0.773551921347507
-0.725446980646586
-0.674850748169842
-0.632627194560479
-0.852521955974334
-0.682017394755236
-0.779950627203709
-0.780859753063693
-0.73381042194798
-0.676664216347574
-0.777147780389199
-0.750290848452626
-0.809386718059089
-0.700104237861963
-0.755728993976391
-0.77756889419483
-0.621828680780756
-0.796915200085314
-0.651036568144886
-0.645020948786443
-0.645674974884077
-0.732783412647252
-0.634778059768795
-0.803830345764973
-0.610455292792271
-0.616713464657674
-0.691011623614135
-0.677546937178559
-0.819778220276897
-0.434093583725628
-0.550357320379666
-0.653247874081728
-0.62217949624951
-0.723526782832434
-0.651481135010029
-0.581664200768253
-0.680634421486939
-0.662107254582636
-0.591262429038282
-0.588348727745791
-0.526804239870837
-0.650413282978538
-0.723199832084945
-0.68327024229207
-0.520131388167199
-0.487309261210481
-0.632374881933824
-0.640873756801117
-0.64994376256482
-0.563134116209631
-0.545906008220109
-0.51157622371127
-0.648740646912573
-0.730826331699751
-0.625432219661634
-0.665408129712987
-0.604396144486662
-0.572417409427252
-0.612255703552322
-0.664940960468138
-0.772295949161214
-0.692829983164438
-0.551089421942434
-0.670331154785071
-0.670919716552918
-0.654547771966557
-0.430472021277917
-0.526494562433865
-0.649017678112293
-0.565061299891562
-0.639617591455001
-0.710983765080109
-0.517766172170541
-0.413628400917481
-0.570497558565819
-0.666340301676155
-0.529112317257287
-0.702885172283489
-0.726783158911145
-0.50859318753795
-0.67335177425962
-0.523080358127232
-0.623879076928271
-0.595071430071852
-0.639170985966769
-0.411209818660102
-0.545878457794154
-0.595264292251607
-0.543970987761912
-0.351032525519355
-0.441237108441259
-0.674336818058614
-0.598225982209891
-0.387579383635925
-0.560556702421429
-0.523675908575022
-0.666762783739601
-0.521666607370648
-0.404733068927317
-0.600314325641538
-0.521382730612334
-0.606940437590724
-0.62602925823725
-0.585322960300287
-0.495844131782925
-0.49029043394824
-0.460148303835713
-0.350469733815992
-0.553222951967204
-0.491655771121826
-0.503010208417228
-0.71373826764137
-0.410304553126317
-0.588552537396731
-0.607102906852066
-0.525478833484663
-0.401303746412652
-0.486191102720051
-0.454692001017078
-0.565346797689854
-0.553234643748711
-0.594931050261142
-0.452571387661716
-0.539433302281999
-0.563134427582843
-0.470860180559072
-0.52948034679648
-0.501292376062014
-0.418573009571727
-0.463004808085868
-0.387556745184441
-0.475197489191349
-0.436163818221051
-0.538079979065656
-0.455368113157337
-0.579805764960497
-0.408189046298419
-0.399431906430359
-0.484540710560439
-0.384579965247182
-0.496703365584615
-0.497325332798278
-0.473755269408698
-0.433302188693303
-0.365296239113194
-0.420681539177421
-0.495919632654721
-0.419350526831141
-0.357436907115668
-0.527114628874252
-0.534213529636604
-0.283828610234606
-0.497981332705642
-0.387979861585079
-0.460098100782601
-0.402315070709297
-0.435009908381893
-0.453623944276107
-0.398000424866289
-0.480315109833105
-0.319086310101338
-0.439986458125874
-0.42823753697836
-0.451857713073132
-0.326851641668734
-0.340686674485773
-0.290398799349407
-0.289643290301786
-0.431844180412047
-0.263462391911018
-0.456620958385086
-0.496276668152458
-0.431499610252454
-0.346932143382465
-0.351032808201069
-0.332552340639104
-0.423163851273461
-0.494767918936011
-0.374720814507846
-0.309361367682007
-0.362010931702442
-0.343651031482845
-0.45568694301896
-0.414603397121598
-0.268793637697621
-0.299356462939083
-0.397293337228842
-0.308605996860799
-0.207429979610923
-0.264995174750277
-0.28621778704998
-0.2926602153763
-0.406454650156483
-0.519976961527775
-0.369924343497947
-0.309003991536619
-0.210060653658451
-0.311085421855491
-0.349539185013407
-0.313937922587705
-0.259446966872061
-0.35053258017581
-0.17834207781
-0.390526787899335
-0.308745926024821
-0.412583053597461
-0.334304392641176
-0.295093938335665
-0.409389769068595
-0.270939488966834
-0.255622557412966
-0.389967053594922
-0.441805331722467
-0.304902335085424
-0.492049452110452
-0.289746551143558
-0.261383418816038
-0.186490129476468
-0.254331802046384
-0.344136679335944
-0.407324580720713
-0.257424573607966
-0.274039368807608
-0.318655090742485
-0.172697352885015
-0.222418404356386
-0.361121654408313
-0.403367618697894
-0.279613903530576
-0.239259490476929
-0.29911206870239
-0.301949515567939
-0.214263497657453
-0.277428171838222
-0.287038018863635
-0.280226939709597
-0.241951838731725
-0.227194174328168
-0.374381957602033
-0.288290320757728
-0.441429979278862
-0.187036944159078
-0.347429534544702
0.0711337799048836
-0.196571339471118
-0.297657832235636
-0.199649618307889
-0.257739163315858
-0.220071935303237
-0.181653087206888
-0.0602326725017816
-0.226961636155496
-0.180204555225651
-0.238096467439749
-0.124763086564654
-0.264165025904833
-0.118901471086733
-0.39939182656684
-0.205187722252476
-0.254922501612931
-0.227591622780764
-0.143220107944649
-0.293598971103966
-0.211101684153889
-0.143119472405873
-0.143867926874092
-0.173718916791043
-0.186245157463039
-0.163061974925269
-0.167420727155879
-0.224514003417668
-0.139881969436115
-0.204158968970833
-0.19344781497465
-0.0496207583382171
-0.320554947462247
-0.250493267896432
-0.150734352411792
-0.0692424039025514
-0.183855008471363
-0.0354000735103024
-0.225402449245852
-0.239274259862116
-0.0475454876558896
-0.225422798928813
-0.221185821086087
-0.129713283297412
-0.126396467470158
-0.197934262839397
-0.0355468060408956
-0.110168132933518
-0.0752807559544811
-0.259713456849278
-0.0821259038488212
-0.0270772586496537
-0.185693879830285
-0.20749712640637
-0.0325085277615306
-0.174192671041525
-0.280213292966155
-0.28630228922826
-0.0536791170328404
-0.145319621120771
-0.0870953819820647
-0.244082989175516
-0.116550011108046
-0.101354946999462
-0.122009718017338
-0.00233529694410712
-0.0606425826743962
-0.131514896784561
0.0367925458507243
-0.110305343178401
0.0700154083302796
-0.230031212225227
-0.106213047633096
-0.0594084152953402
-0.0323893433640817
-0.08015716945244
0.00815868055083478
-0.190757696411563
-0.0347030170845906
-0.10976574603688
0.0371077476098252
-0.157868709389772
-0.0872078278672395
-0.0120958209853177
0.0285800567232136
0.117540085646549
-0.0708746302412244
-0.0814615335167152
-0.0886502534721781
-0.0578910722944287
-0.00836411186636878
0.0166794480590118
-0.0114654127666013
0.0554701517617249
-0.0471023705234336
-0.0438655996682766
0.0479327966376027
-0.151617102840203
-0.137544420906586
-0.106368973432288
0.103770348926334
-0.0444040985563888
0.034402316079453
-0.023162814906388
-0.164125747321752
-0.221222606150273
-0.0282052963463845
-0.0425728161626627
0.156676862067879
-0.0516187871302696
-0.0306349578704169
0.054340614117441
-0.125755679397085
-0.131364710409867
0.0640321877274246
0.166638221625589
0.0536096591508172
0.298829458725698
-0.00161303285681122
0.0085407348034792
0.00395930524656336
-0.137943499029961
0.168540991847439
0.0176322543357418
-0.109798387141
0.0624945256299922
0.00788097879433877
0.136043566073133
-0.0860047751025105
-0.0844261840779291
0.0461272787174897
0.00521776824011557
-0.0356622906086837
-0.00968946031356478
-0.0529726229640779
-0.145737500835369
0.0209086975129675
-0.123753706953125
-0.131812951495903
0.0249608488464328
0.160580162673976
0.0645864979227573
0.0722858932099118
0.192177856217109
0.071342833092802
0.101758972800863
-0.0596052023101377
0.164252328938711
0.0809832010370291
0.101200171671958
0.0348412317069531
0.20761954904907
-0.0229232115299185
0.132308580441919
0.0840031764438006
0.0516240642079179
-0.00862038172471579
0.0630204761192319
0.111998032749612
-0.0220007482871421
0.108351319405336
0.0250497085375902
-0.0230216981199764
0.151611136987278
0.104327787782226
0.0600166016652549
0.101893604574175
0.178015698071359
-0.052819350193689
0.0213148312413258
0.184035999382351
-0.022664089065662
0.165002421793455
-0.00177113372795715
0.0791829995548417
0.0901566689186548
0.180464334662752
-0.0057560920521312
0.0586697830061731
0.160665694762072
0.137398935473558
0.109781715729885
0.20895506936737
0.152928598850687
0.186854958120361
0.128458871063953
0.0956561457391701
0.160490154739296
0.00133130903694326
0.104018036985763
0.118949883425857
0.188742782849054
0.22544277498218
0.185439722398111
0.193572113338831
0.125161242413529
0.030214258233156
0.18670581282928
0.054973552763896
0.1413445472763
0.00737434672701715
0.261409181352856
0.00158660144792876
0.198809081163834
0.083736344639348
0.361499162938126
0.0235080352500596
0.123872846232033
0.2175738892133
0.296610887646214
0.14864563353112
0.152730061555264
0.218406756415492
0.227772910177547
0.217264948377862
0.173962785537121
0.084686131197111
0.24425095181469
0.248130503683459
0.0924314118946124
0.192441883403833
0.0660357679439582
0.171933226425926
0.14799865691816
0.36617185637695
0.299017558540086
0.215088960345413
0.174474383548893
0.288900091772165
0.0218942662963445
0.112636486350104
0.160905148517446
0.159462931637895
0.061004296439186
0.169879711464639
0.200458171238667
0.0300086922803876
0.176769551386308
0.254110437286512
0.265683116406692
0.347723716993544
0.17923541436968
0.227133849131314
0.261046697945927
0.386194154854432
0.198481125112084
0.152383368187904
0.238907084667205
0.362346207072717
0.320173378666169
0.153977182400386
0.278654671161152
0.307654828994084
0.0890256981550063
0.362773007791616
0.35518782380176
0.28184628577579
0.271722791592777
0.178309406088123
0.247157878914693
0.220405132899614
0.175191488919975
0.305155065940065
0.266939511329422
0.291846481463732
0.250306790735618
0.382049581797321
0.144083874394375
0.283965459980991
0.396635766973097
0.323562157492702
0.312685872516616
0.439725951868193
0.305321445763269
0.268779566174578
0.378448015142881
0.350590867543354
0.374447104558277
0.239037587989051
0.364306605230089
0.366459977108472
0.26341997637834
0.381039503493656
0.31740869735623
0.350574741032632
0.276510977559868
0.297959204963131
0.330138819457142
0.31359229048099
0.377516130841426
0.356547834359995
0.299481878926944
0.289608218228857
0.405523322962104
0.394467438193269
0.334442197471248
0.203332936000701
0.347168335729935
0.355647491672135
0.26346646162525
0.342346028075659
0.33758803795976
0.296024537876382
0.412237054838437
0.401543623223834
0.425066068686128
0.390734795944081
0.28281184100055
0.271993040008941
0.349320532143495
0.31753197614909
0.317152282159102
0.353986695095398
0.39465935033462
0.339173404486184
0.532614885184816
0.548468293261713
0.418831694309633
0.472242296239798
0.349174405300649
0.419618343558053
0.518241861943054
0.453186631825172
0.485776106540068
0.404198953746781
0.343027233017921
0.476359692295635
0.191704159861444
0.257036495311855
0.402265399259078
0.291658403773454
0.43092929019431
0.512236826519707
0.533361338313996
0.258702108180813
0.539387657268684
0.433896684059786
0.38649687043252
0.421933476968356
0.373688541382285
0.386527579206173
0.300384986446926
0.634949935800453
0.388434820767658
0.628317438830233
0.548345208771481
0.363539207120256
0.418162835529793
0.265317548364722
0.417573184857794
0.489421778472864
0.570259026620373
0.433715023972647
0.525808196123458
0.412763687498843
0.440074758422989
0.465926942731969
0.416129611582925
0.452791372561455
0.304593965633739
0.380281526678434
0.417286452615745
0.440206808907413
0.39951096677131
0.411822589933918
0.588669315045512
0.369572720828746
0.532355316431289
0.537125489020711
0.472536487460288
0.646812508018591
0.456535029825967
0.580089578318609
0.523402852367874
0.593132557366071
0.429453920672701
0.530616797192184
0.465038096858413
0.502507580572469
0.552378843702876
0.554334426275832
0.500179941100734
0.486842659870041
0.558836797796506
0.549076206816607
0.544830938757419
0.468728749281206
0.625690672133185
0.403389210450888
0.5231336134751
0.428410652624956
0.575708948616891
0.566982204168295
0.509741643744598
0.54799771834363
0.643225665137938
0.6115386967141
0.456383957686723
0.412834492925371
0.517705961076118
0.582432968632289
0.651586158986899
0.516346255021571
0.589993536673898
0.676262819247603
0.54722377641517
0.503982101737665
0.695931625659155
0.544131669325132
0.55310929968617
0.686860218582308
0.631528845892673
0.330274171368537
0.541880408602278
0.626887744009674
0.516955083769772
0.714584216120498
0.677764355040442
0.447183027874019
0.582504292494242
0.62013618844284
0.59062684330656
0.505804496731399
0.548171439828185
0.563935974783833
0.719384515703421
0.554216236442375
0.436131622095433
0.651373132998495
0.498052692097546
0.727098651460657
0.70629680106843
0.655496889799171
0.577977840236424
0.69162819877081
0.603404935517407
0.711264512531898
0.651505788483148
0.539922989890363
0.646445296864996
0.720884191562209
0.576613730395576
0.737355214635156
0.614600572295578
0.66182184207893
0.602121704254458
0.762617991834369
0.66153396636436
0.671046503137337
0.676069169567723
0.69298292766524
0.610359057864285
0.732149839534655
0.768271738168735
0.742815993776146
0.794490439441077
0.594646868990388
0.668087574178898
0.631797471682705
0.680137357765822
0.696676906370271
0.776859567879797
0.82166662384736
0.718773392881235
0.468882299816705
0.665888933790477
0.645153638389283
0.678246355695298
0.635064849997752
0.688032835349147
0.691745661373858
0.691202257114763
0.732042714068988
0.723175313644196
0.771154032940058
0.720100428003855
0.797403380243179
0.80759686011084
0.727327667268331
0.699311223347792
0.857812678111908
0.638745542693275
0.665908462302676
0.76289001430329
0.710444943417338
0.572635424075152
0.610738871363563
0.593054445176311
0.654606984028318
0.750004169168798
0.69769987651399
0.727479651265819
0.668458920445058
0.583838590821373
0.71948994063805
0.806851147442888
0.664583424810881
0.745434122318548
0.687799276372705
0.734572281727537
0.826900423675423
0.792927468674793
0.836328279479494
0.743169614125402
0.858155849568297
0.724575707953284
0.817235209450114
0.735790084467761
0.825344064190964
0.912614396565898
0.748563436424191
0.795429904172139
0.931557352920784
0.898926192186085
0.695993023137532
0.833491823114069
0.818195532015915
0.748604586819452
0.849464967031836
0.798956135435373
0.847979188445712
0.738653069236135
0.702335161681513
0.887176547439525
0.766894882463323
0.669440928577355
0.689641839588993
0.788554678640314
0.959197500687913
0.839344686693935
0.846104785398381
0.856060844392629
0.987758286877559
0.753995634539257
0.736115881845217
0.836394113003178
0.751026063229348
0.821800018403508
0.94027194076005
0.938317449050106
0.836754432893582
0.931209946550669
0.826178647904794
0.767960046456718
0.840594977689528
0.793352608203331
0.756471562660968
0.773184137043113
0.769440271518215
0.872514156752373
1.01590077577874
0.983799782136328
0.94808924219207
0.79984343848324
0.82677578777785
0.882921307825158
0.97223132085321
0.738801208684422
0.901403286130588
0.819673879849447
1.03111768048208
0.888495334692666
1.11389433616307
0.833092999578712
0.946974009154116
0.871453904393123
0.93334401737192
0.868891332119779
0.804564371062284
0.92319273812278
0.967820286316061
0.924505049420798
0.806809580567858
1.1633770814509
0.95217575083516
0.814587635187854
0.785465901294376
0.906756754350542
0.94656096069828
0.706248230458505
0.937822373754686
0.864001321881824
1.00821856945125
0.923860784820043
0.932972954037851
1.06396793695349
1.01385926377361
0.965676333964682
0.975763272669553
0.89384276892532
0.960440849517395
1.02998144408941
0.921715289831051
0.876481161783061
1.01137024898671
0.877014208115116
0.991059782757268
1.04041425431423
0.967638281998726
1.13111501033857
0.93722941182389
1.13861673364943
1.00494780892489
0.923298581804597
1.06925408396186
0.879754297376646
1.08792109392462
0.917745078908343
0.855572309306909
0.956120330623145
1.08422118074076
0.954237194513558
1.06589402364527
0.918723861870776
0.884365502061674
0.952891899114108
1.02582956451132
1.04158000695807
0.9940232770849
1.03160538251715
1.10231004434873
