0.116820898358223
-0.969935463994699
-0.939430743454735
-0.948537853074411
-0.987786207057639
-1.02727572695153
-1.05056591572104
-1.03825038734367
-0.870335614031932
-0.880368371797025
-1.06704258072353
-1.05146715220563
-0.946444116849251
-1.00486106612185
-0.996783433009191
-1.00089971194099
-0.930786701617379
-1.01034634755258
-0.798718319700406
-1.01273432713143
-0.83500435147672
-0.768374821560799
-0.84031215992791
-1.05308181043141
-0.988041854619376
-1.00180576531143
-0.888272225656969
-0.889707768918625
-1.04315884730081
-0.820893365789838
-1.06589011575973
-0.948787279426396
-0.980515388851755
-0.980937954697375
-1.16250540260709
-0.872090764523821
-0.953213246904644
-0.943275545209826
-1.11704387512265
-1.00545766705075
-0.966814824029976
-0.84627225621798
-0.793903214082681
-0.739587495105502
-0.846836781130723
-0.837400885861132
-0.876819859795185
-1.00114525719339
-0.902976092871839
-0.91723740346176
-0.914141540104309
-0.873876365939087
-0.893383814614929
-0.757615881094783
-1.05275997006277
-0.713513700501813
-0.916003141845734
-1.00645927524734
-0.825247762695517
-0.843740467445624
-0.914413407007394
-0.808934013557682
-0.834163422594651
-0.847512773818613
-0.814362418267372
-0.94785040791916
-0.791022072927154
-0.736462762899195
-0.914973461877429
-0.743882440867522
-0.838140580496117
-0.901900119811457
-0.731365478059802
-0.75578157577081
-0.676052545441536
-0.978575687577808
-0.796479613340887
-0.786839715775772
-0.881259253969864
-0.875414136241823
-0.75578417364042
-0.817338326398549
-0.884204995859752
-0.798825194639662
-0.664136105068002
-0.823904261647223
-0.871512952273628
-0.753556381442613
-0.90682408015536
-0.829047422012677
-0.797813457552645
-0.800935601914158
-0.87149856445892
-0.905161780475022
-0.782272651469632
-0.730104746945995
-0.687021371157778
-0.844739101388687
-0.691383685735044
-0.81693071821747
-0.825677964976344
-0.820125662371213
-0.838270959536543
-0.873761644551291
-0.894963272442586
-0.773590872202457
-0.937739122343117
-0.715685194241044
-0.726723028381799
-0.743786454623935
-0.800223162151029
-0.724832173263234
-0.662347339110565
-0.680638630005942
-0.798746527814022
-0.733310162147563
-0.798929868283403
-0.832106427689904
-0.729249775571094
-0.799525556663918
-0.715441056008431
-0.832937871726907
-0.844268054219989
-0.599629009715417
-0.730964216685729
-0.740659957756134
-0.702414237811303
-0.760210472872827
-0.706164159135822
-0.720165114716529
-0.59583930574124
-0.782570640101023
-0.846201947015217
-0.743519494194174
-0.716223948935045
-0.736403788143506
-0.748152859929681
-0.62784066358641
-0.872224429915133
-0.633240811624964
-0.515747959824436
-0.697676299798845
-0.696447078265941
-0.736624628986756
-0.803993570778538
-0.657335212271132
-0.803118697523436
-0.57494757192144
-0.637861843558236
-0.656577283944061
-0.672401226421057
-0.613807701233955
-0.658534106612347
-0.765699717170016
-0.637248953944139
-0.754627605113485
-0.73237403699997
-0.672846492216909
-0.588634660370962
-0.532639175023004
-0.615255190136929
-0.55163494013051
-0.677041531055188
-0.65930657208827
-0.51510322895225
-0.601856372097027
-0.658961544692269
-0.574403274396911
-0.761737478232689
-0.561397775261515
-0.563759197961086
-0.642924145341528
-0.709982902103372
-0.61798364999001
-0.63430694246124
-0.671797416564445
-0.607077319658879
-0.723764196945324
-0.672910834734179
-0.504407088229939
-0.76201870116571
-0.480203983362289
-0.624937385596398
-0.709025167191213
-0.803024094844845
-0.553026806451856
-0.66927291918049
-0.665660666901793
-0.703874368817976
-0.568910284878346
-0.772801532431496
-0.73452528770645
-0.605534260824975
-0.525555783958341
-0.591689026130735
-0.543332398142783
-0.551704137387144
-0.687304202673623
-0.588311131691721
-0.665885929978614
-0.588638752443424
-0.618286812595755
-0.556664717562972
-0.525364008571977
-0.643490591637893
-0.529042889549958
-0.567904536474543
-0.585942491176764
-0.539256944418086
-0.479676907058235
-0.620018971940282
-0.589694890827689
-0.510142762654368
-0.462716835303296
-0.606578415609802
-0.51585577821793
-0.573216462901947
-0.485527478786385
-0.545610193309945
-0.526951116339695
-0.458932621609306
-0.619502867517697
-0.61613864620136
-0.640097429615426
-0.595288118746182
-0.569523019484914
-0.556382883351337
-0.476401678151738
-0.628264814909943
-0.473877278712115
-0.611246591206436
-0.537262582133104
-0.395970512509154
-0.540167288391688
-0.4861840986516
-0.624096051536296
-0.419174472987144
-0.423165790022791
-0.545232459872785
-0.475546741051022
-0.599266794974756
-0.559036641240292
-0.4813677815296
-0.548192761065035
-0.622277774359136
-0.688586846743834
-0.487140263605109
-0.478640963651536
-0.497573429062821
-0.289548691979544
-0.406171867376408
-0.473818481705034
-0.431929502085761
-0.543281262945449
-0.567428088495181
-0.513208774028878
-0.485887385239518
-0.497026423345322
-0.538259015997453
-0.478216997293971
-0.628211967690292
-0.344908340493069
-0.461023680162051
-0.376404003753563
-0.641267222403827
-0.500428981927905
-0.610238742560067
-0.515960062309085
-0.294378922171074
-0.558195185917516
-0.455078964391347
-0.462337330638598
-0.42562191946733
-0.668573916634481
-0.485093292765312
-0.488509035480511
-0.553044697140877
-0.630447112985643
-0.637884112318524
-0.600943462248491
-0.377731236912208
-0.355026351629005
-0.520965629184885
-0.411310512562407
-0.349826912855397
-0.442068882844902
-0.28016089141783
-0.454482105749808
-0.462939482830141
-0.477393316839772
-0.415665137506979
-0.396638827663215
-0.484786518617215
-0.400580803574957
-0.299724487083438
-0.462752180662653
-0.476168828973014
-0.48185673416118
-0.301342457317983
-0.267286793783757
-0.381381669698395
-0.421023500792106
-0.430726480602809
-0.41269926642418
-0.307179765169746
-0.37906356569773
-0.41931939789545
-0.597987938293723
-0.471468926629342
-0.323768303857557
-0.395290806595618
-0.289004369825643
-0.194705573892923
-0.432678411993338
-0.499855104898232
-0.447288304289439
-0.351650528038727
-0.386858822385404
-0.292877472505197
-0.430210371131095
-0.391245647726066
-0.42804248452518
-0.343113870536141
-0.275848934928869
-0.337796492225246
-0.32418494781273
-0.429393714283802
-0.126895055197701
-0.358743152511666
-0.479477396559482
-0.237937378683083
-0.404838167030592
-0.309921872565724
-0.198915228565819
-0.515995922173735
-0.213389451823936
-0.383347760883848
-0.276798523514072
-0.340789778711086
-0.360270460906151
-0.333887890367437
-0.350069842710365
-0.39100407638485
-0.322567158961534
-0.221203066426114
-0.288811559426577
-0.322914763123437
-0.322063256042708
-0.307510315944827
-0.322128995348268
-0.366588365529296
-0.368861386149491
-0.156773773308
-0.197335435507371
-0.178497354712334
-0.266230249949682
-0.299209013815438
-0.241011038757985
-0.241256555984937
-0.260570537075658
-0.281399676262524
-0.286014840435473
-0.345405696345628
-0.25841691804713
-0.226417070863814
-0.228010799591821
-0.307402051645499
-0.213855128859329
-0.338639629652636
-0.317490211489438
-0.142520635280679
-0.218589813876151
-0.0985571895409363
-0.338181550968697
-0.190134444543082
-0.293113452147852
-0.238632268481269
-0.151802277888959
-0.182193864529201
-0.239243302587051
-0.240342293767819
-0.286762000532803
-0.383406696810419
-0.190051400778118
-0.300379290801353
-0.18187886682478
-0.127952624955769
-0.265102414160451
-0.0995956164125089
-0.207102202366858
-0.201782254235552
-0.214478853847791
-0.25901569851467
-0.215426709409241
-0.225928845236677
-0.169545679111833
-0.218574654898137
-0.0542066353074677
-0.172845467645531
-0.171449774160138
-0.148021106010265
-0.113312350181569
-0.150718187913947
-0.239623510339749
-0.11833348190211
-0.313350277349356
-0.172294885130654
-0.279875442816515
-0.176138811644593
-0.169018911680573
-0.100893744964297
-0.276881679302126
-0.221275652410123
-0.173911950004233
-0.257014918449186
-0.0755848621345797
-0.109619549318999
-0.15504499098716
-0.270344222045888
-0.228002455385411
-0.0677932034945412
-0.0589256795959808
-0.271253605708922
-0.0766283333107647
-0.318089216707645
-0.0821318143502258
-0.163647302761561
-0.0472128617633259
-0.0271041129952633
-0.158976603461619
-0.166099332952723
-0.186922112747209
-0.0745425141270551
-0.162763777430489
-0.0438639190714475
0.113407913901754
-0.0557751614959642
-0.182605643885518
-0.181332419071014
-0.106929499080742
-0.137404996224376
-0.222725660237925
-0.185328335914519
-0.085976597758864
-0.0723302511230196
-0.044367833191908
-0.147868349134986
-0.15171843822274
-0.0171406641258587
-0.187330501942417
-0.131695025707923
-0.0265973109911909
-0.173598458141524
-0.0909228169964851
-0.103110753360352
-0.064736264701335
-0.0698342156411477
-0.0541510347160352
0.0517660028689894
-0.0510049100132326
-0.103813531095191
-0.0657440370288084
-0.088005258887357
-0.00239220771923404
-0.112220509172338
-0.00207744778519359
-0.0140246156367267
-0.0536374665438078
-0.0901454369706522
-0.201204747248059
0.132373697030286
-0.0407512042612448
-0.0218323060216608
-0.0990664674346451
0.0642268754622508
-0.0616551118539309
0.00676274380236799
-0.154626689540666
0.0498266445498117
0.115367648703175
-0.0698648536197565
-0.142139364341117
-0.0411640759922061
0.075800056227993
0.0654729537068448
-0.132220706775968
0.00329500700863717
-0.023440096092157
-0.0279067727419003
-0.0290486575203281
-0.0643559174339733
-0.0261959635665283
0.120637944952724
-0.0940049326157813
-0.0384260690646845
-0.051332661532321
-0.0189263196254181
0.0284213846038391
0.047845001451834
-0.205099586177008
-0.0133850307240349
-0.0651966835389765
0.0159270387525263
-0.0451105102773234
-0.112304344479657
0.0664999460678709
-0.0466137435199204
0.0798256995736142
-0.0135163433786421
0.0812650497470519
0.164191127551972
-0.0454728730734208
0.160021738453451
0.0506242037625096
0.0609891032647743
-7.88459391633621e-05
0.0619197212552689
0.0931445142896117
-0.185413057864988
0.0275942218890232
0.0419986760023162
0.0840766068187858
-0.0410456923303506
0.249265756914935
0.0514748039373218
0.0724506801212191
0.188248081145799
0.116303794318112
0.0376197285657709
0.0563357684626264
0.0588170541688628
0.0879498154787708
0.0383790810401605
0.056820087750072
0.11009103344264
0.0725161280256875
-0.0382121875702948
0.0737221276270832
0.0135944744960992
0.0100713298702534
0.138341055868649
0.0998970267711831
-0.0494243315908548
0.0155223302706443
0.0390091360084083
-0.0169802019686534
0.0747273606135278
0.0678895415406607
0.0675703356961974
0.153576818662667
-0.0641751677257725
0.131796267702771
0.0171415349523734
0.170270725801419
0.0863583441442419
0.0490910897781737
0.155336046310345
0.31604633328052
0.118180702279377
0.139131916428882
0.191912644799169
-0.0269333324467355
0.0884317453612835
0.0879475662408322
0.214734152299129
0.223375862181604
0.148650505094149
0.16322612685101
0.0306306548048821
0.0995865858215415
0.160502351435658
0.214574454432347
0.12113699928834
0.025828133346247
0.0968892495358958
0.223897283508563
0.206429720786497
0.121588132408108
0.212325649878078
0.0990774346816586
0.345221785910647
0.033454217605984
0.158519780473388
0.152554192625502
0.257069340441352
0.197118348948496
0.0585885581616273
0.163235302406348
0.269462106274389
0.248104162570563
0.255680869584559
0.204611621052849
0.161984084181334
0.143848743914133
-0.00290706708409415
0.207193757708967
0.117214364838189
0.0790443848419994
0.297080865570106
0.149725433220042
0.22117154876183
0.172706046231894
0.182083378326782
0.173067553781383
0.0903064989073691
0.2177352007633
0.303686501659103
0.192916757778247
0.257902608689742
0.168230372394733
0.142191174657703
0.227609280298651
0.11425562407052
0.184034602150652
0.327586156721147
0.143207669386529
0.264021953732201
0.252910129590474
0.28507060490979
0.221058560245877
0.219327420066611
0.38169125918456
0.197874789169829
0.262438291428799
0.225480387068241
0.313083164330011
0.325573726150729
0.255587023954511
0.175960477220007
0.171735696069073
0.0302882529811819
0.198832266329208
0.288623622077508
0.329545637157497
0.155507542606511
0.187541610954957
0.381488390839996
0.372317734274286
0.307708585594873
0.168702977979204
0.367300082712841
0.282415305614995
0.150112438509883
0.442343467501539
0.223771375376136
0.218116508090673
0.279476718991911
0.197661941505306
0.246885346885831
0.21851690573758
0.2750423659357
0.319975703410747
0.315750207928383
0.239996201673168
0.318659562632931
0.344659691469965
0.271005530651878
0.375799424716736
0.210941978132775
0.217767205986007
0.507811567600486
0.38779737192319
0.417884174843301
0.341155075460817
0.242311035349224
0.220610857420525
0.324122466553169
0.287407107713492
0.38294699633099
0.355666346973214
0.281912052805055
0.447008401633356
0.371963269183884
0.408965654932702
0.403911058777785
0.417520591910286
0.320997301664353
0.314132454295109
0.289309810773666
0.259839321792642
0.509094848052516
0.313575475994431
0.373068980974674
0.207118660807455
0.192374324799633
0.353167107614814
0.350786591881019
0.280233240368378
0.231020439133726
0.339206652665819
0.385750057972722
0.382911612517651
0.31782368511579
0.396947563223276
0.331153849373517
0.335177118116983
0.489771050937539
0.510130447770615
0.378281206601503
0.515368148768091
0.210792230180574
0.454719118813806
0.420788736415321
0.495327002706278
0.411808046077747
0.293771693104369
0.520931997701607
0.374260555699843
0.573911095096564
0.421402322549548
0.517002273777728
0.596440808743563
0.413358009344399
0.432267631921381
0.378055248840892
0.392636844848426
0.343861967822573
0.310731682204235
0.551417651372574
0.361837324984166
0.46115205455449
0.404166898596477
0.392493776177544
0.402916899207016
0.311239099455201
0.245354594939259
0.410764894922294
0.260063198524919
0.422597373885258
0.372190608110669
0.450439506070542
0.36422972555639
0.434823188833557
0.485403143704778
0.372267504731211
0.329521674506376
0.526084185680732
0.458742975398838
0.554281546777631
0.584139725224752
0.567490894975363
0.568826495359997
0.399955715882762
0.614536095324471
0.354355081558368
0.568098642448505
0.480452150531369
0.424536147049028
0.491458730097463
0.398816765769353
0.424099907229072
0.557548379757624
0.520780659934819
0.574709600434378
0.371946227702839
0.458179282861672
0.417486997677947
0.365084403724803
0.65375143719257
0.481304307203773
0.579048817762843
0.591930900633976
0.570519776051979
0.476747465775368
0.62016782402635
0.460265457304325
0.570618828086617
0.697289348421577
0.581090393368333
0.630248581919138
0.55496171533748
0.351873297274581
0.599597575711693
0.528620847292096
0.632790854029393
0.511491820149672
0.435784970572587
0.507600927534719
0.632385251309837
0.503082544510727
0.513376629345888
0.590061606273177
0.497918872809846
0.373471804513568
0.487255364882691
0.587136999920578
0.588719408655779
0.515606028921244
0.545323313746805
0.609668411443956
0.743355139894327
0.723542569561635
0.548780441459468
0.549161934958945
0.407743874460837
0.491513830169654
0.615514434046167
0.642909147966163
0.66391819110946
0.511167341602677
0.58341313013353
0.68714439792543
0.677963795041371
0.51967004937194
0.599915679723406
0.547760180097775
0.65734391383647
0.596355614530285
0.53307481822224
0.622874212160396
0.610080152742623
0.614567672942133
0.518785053902971
0.708090399976195
0.646083312978371
0.667781451138937
0.690205701166654
0.643050521132201
0.533315062602891
0.719676960566798
0.54622328925604
0.641215330515374
0.689864119186656
0.596044215739372
0.712520943693262
0.622701655387872
0.689954888856996
0.535904325674866
0.691340001144474
0.657309926166405
0.636136242105974
0.65757476997995
0.709900449796834
0.773821982778211
0.732942248954703
0.705448377363276
0.755609615820236
0.62390590630996
0.678272983752176
0.42202829114785
0.643502907272354
0.776784046370694
0.71613207642176
0.629869691608681
0.762684934919094
0.578088493073132
0.786633751163547
0.605660396171853
0.662304210216878
0.647486409508708
0.649313357478541
0.661467779442109
0.678155298008526
0.814498778398719
0.808910903028256
0.756207159963842
0.791048218145697
0.67527588573504
0.716509697193672
0.693460736624853
0.662762147315781
0.783603903012697
0.725413632211671
0.666086027689474
0.897052635745472
0.689382982998387
0.667582718684033
0.809861115923128
0.885168181334881
0.746979936356033
0.588056008813682
0.593968211244123
0.666985538124192
0.827743591645281
0.809824152740632
0.64335172993284
0.668502813584923
0.692820965718754
0.857721518681926
0.847345585255599
0.723382402239209
0.717592160100355
0.799921057587387
0.847283608997409
0.701249477359895
0.822468155237409
0.84603545378368
0.584740116181897
0.661754267031132
1.00597901822775
0.572696882022973
0.758727450503034
0.86277077019561
0.720585188971666
0.929401977846111
0.757638791296167
0.743613869096559
0.856270730121842
0.72278139147023
0.610054566306654
0.784773718164211
0.837134129207928
0.76507590800679
0.872870175399181
0.747796648222251
0.913505641331823
0.942487473448038
0.890168084668414
0.876786108229669
0.707732284446
0.868665840570179
0.696728682795651
0.855256252211614
0.882652936272439
0.911716703974306
0.823248434203464
0.743446808042716
0.913803424438483
0.766129021410167
0.953778087728596
0.863906975917192
0.870522341699988
0.816204273381225
0.822785852344882
0.775475794461578
0.856304438588333
0.802700496128469
0.805574238045184
0.774643178267003
0.821562489423172
0.83771398192987
0.79087992896518
0.767687820704907
0.904636741757792
0.862397388191902
0.855536391187029
0.902336323929646
0.900000679570891
1.04162226490854
0.891447271729984
0.770059921566131
0.73686972811308
0.940727338733327
0.851635605051898
0.911341289093537
0.790781198951935
0.849587548690269
1.03689929775101
1.0071037424154
1.00224110572159
0.956547720545213
0.783102341246094
0.831007615970397
1.00968000856781
0.825844464295333
0.963735523401523
0.957046369292812
0.925857949379325
1.0247945345084
0.870281966029571
0.823926644486509
0.804626507675747
0.954746670698082
0.940811719003509
0.920128499506956
0.874130598819679
0.861592805714134
0.957830408607433
0.904865090247674
0.936479228164019
1.01791079236938
1.04259057978236
1.11143501964742
1.10517288460051
0.911599953313677
0.893837742934304
1.05626575437419
0.883018250133308
0.940376028254474
0.829067530091771
0.898677992899302
1.07829067802653
1.03419122225369
1.02175877249921
0.87750071414028
0.977250984159347
0.894236393141301
0.901149909811306
0.9642898271144
0.995171616006312
0.936181306010455
0.964878663985819
1.00155957835395
0.860868894514186
1.06656077404786
1.02142073897302
0.845366234612836
0.953760649142728
0.911677732109385
0.993034659253302
1.10757525753288
