-0.0588266815864193
-1.08075274451476
-0.95534169184666
-0.90299535990542
-1.00003457333532
-1.11966440337438
-0.930310060693589
-0.999555422300311
-0.961589225657079
-0.972583025700432
-0.911853320530393
-0.878036097785011
-0.929664810495062
-1.00749498913775
-0.972476903192713
-0.943689115011022
-1.0490274505341
-1.0763811193953
-0.954033276634685
-1.0093572469539
-0.882726296631655
-0.962285352443905
-1.17584121312753
-0.929672993306866
-0.886785493018122
-0.889352158516888
-0.971642729561135
-0.996620066158614
-1.00156618703841
-1.10331546164127
-0.961169116175529
-0.847215884110142
-0.895156750840711
-0.911978591663668
-0.908626590182416
-0.881663723884975
-0.859127377482387
-0.91691231788959
-0.863446911093049
-0.833355010947284
-0.838038363500083
-0.93041352964708
-0.869342734420752
-0.95679635043993
-0.94298685105705
-0.809748847958952
-0.901268222404519
-0.920235383124231
-0.91309018221136
-0.893644774145958
-0.950112365724557
-0.862014029852734
-0.879455759070345
-0.918193067809634
-0.969911846975879
-0.851934312156448
-1.0487578204401
-0.863960271444231
-0.967957956963541
-0.935237103960479
-1.01017505095618
-0.790022869425184
-0.918998528347833
-0.846957334007092
-0.737743953092749
-0.720203928569173
-0.886613489356894
-0.829759190419299
-0.847470076726773
-0.674860760505333
-0.918720539990301
-0.816718678377496
-0.809429270786272
-0.959928491685454
-0.894871691027456
-1.01471828279885
-0.864106060522625
-0.827755553351096
-0.895271556711474
-0.822059128438179
-0.796135310201542
-0.817316685993544
-0.78952263200575
-1.0766048644036
-0.737161626117235
-0.779362812615076
-0.864180863728037
-0.79815243957565
-1.00135622159449
-0.785347779886056
-0.779836992439454
-0.781271589944635
-0.938101795903504
-0.636251589457713
-0.820151658528949
-0.820859573521352
-0.728865046672019
-0.861449397670296
-0.854677379478319
-0.810286691013682
-0.794567607109939
-0.949029748050194
-0.860768231612696
-0.943646196298522
-0.799899223704357
-0.842152643273055
-0.649554200100068
-0.875502071703074
-1.0128069857824
-0.810924878715371
-0.838044067315194
-0.88218433356132
-0.772227662718618
-0.691826307611101
-0.80551141033739
-0.864522847297123
-0.735119042192815
-0.789230628011582
-0.679160352646522
-0.709599367399199
-0.762584334491664
-0.657930122537897
-0.778912730514824
-0.661019095697052
-0.650936896013361
-0.784938975438452
-0.603654646301859
-0.840963992985007
-0.75404110452757
-0.652648820962865
-0.85147573792831
-0.690098711841933
-0.924007549087529
-0.718877715277931
-0.734635508698115
-0.690311464729396
-0.817663929640852
-0.819680671809516
-0.709194019645107
-0.75239846869434
-0.566572027252961
-0.641007040928719
-0.739115183487524
-0.730711522849706
-0.559520003009233
-0.606394322844996
-0.593040733611444
-0.761718622170688
-0.651600526886426
-0.798832176175286
-0.743015414950102
-0.634991269186208
-0.76074641768503
-0.817922822896619
-0.66985966845117
-0.654297215307417
-0.690712511277258
-0.75546439365334
-0.674630991660608
-0.582342945224072
-0.805571659969117
-0.568797189835323
-0.701380598924863
-0.503862289852951
-0.696711889249527
-0.756526631691409
-0.687520640942375
-0.55919682115795
-0.570157916000868
-0.700759016278154
-0.66430987587866
-0.765096940890579
-0.608767371060665
-0.660106648270067
-0.643323516762918
-0.685310072027025
-0.744533542305509
-0.691620302326115
-0.864330802756792
-0.622845115425082
-0.565501412156844
-0.791240796666785
-0.675187952485043
-0.631183260959403
-0.530886623229798
-0.609218921139673
-0.667450701920767
-0.602960445878419
-0.606391492211145
-0.579474769625199
-0.801852725343073
-0.625054225679739
-0.61670848027956
-0.681366618443941
-0.545486593095539
-0.552510659327759
-0.391388986370946
-0.606609580591548
-0.738677465201753
-0.732020660669616
-0.594106435507032
-0.742843952193269
-0.485986350301255
-0.626860240873522
-0.557706995708418
-0.528350336138937
-0.559919079383152
-0.767747142164018
-0.665522519620335
-0.477011783604979
-0.676658846547991
-0.462768030231675
-0.741208640644588
-0.533435138631229
-0.606371842303791
-0.522603709930063
-0.516433985834553
-0.494885524612295
-0.575343162034442
-0.485045384995155
-0.662956589984816
-0.544451985893417
-0.63119383121042
-0.558366171607959
-0.64115770140201
-0.529469057522877
-0.5474660528226
-0.462027989003571
-0.685642658725636
-0.76459958723448
-0.620524858255715
-0.59388254967316
-0.564697683348645
-0.496581778956921
-0.663910524416594
-0.53008105027745
-0.479279945435086
-0.441521689271482
-0.580561255315675
-0.519943330618673
-0.608324465731683
-0.353901338773487
-0.490332235272532
-0.470076909355161
-0.560141913554531
-0.611166860177461
-0.515849130392471
-0.503810956217113
-0.3442003695437
-0.324050970761076
-0.474091931469801
-0.496316834407752
-0.506114763984088
-0.496401108680662
-0.430987796902808
-0.54857875142876
-0.43106628748832
-0.572673557534548
-0.417008247871985
-0.54821507852063
-0.439260269283408
-0.481629514412618
-0.300831510690874
-0.517022792806804
-0.416640868095891
-0.58284479014883
-0.623097055019642
-0.510956418898949
-0.578262354717691
-0.408217301763936
-0.414233003619847
-0.458458224257932
-0.380871942409832
-0.549096267337046
-0.482762441888455
-0.485987643347716
-0.535227774754122
-0.364403456298533
-0.447260311730172
-0.31388849636137
-0.499696667496097
-0.546564432770497
-0.405694503054461
-0.499266024093705
-0.483622225495236
-0.418669935671689
-0.420609534632981
-0.378016828097134
-0.408882802839329
-0.345597507506066
-0.365349006486195
-0.636141609880957
-0.413366361120298
-0.508878756041046
-0.424242820938469
-0.400863697852241
-0.414906924085502
-0.374348676684943
-0.472327320538356
-0.424564545227964
-0.420216891513575
-0.343201267814219
-0.432912745480445
-0.523689830795739
-0.451369424559271
-0.399056976230322
-0.247964974330679
-0.388447404876482
-0.32163058376047
-0.280744801988686
-0.426834967894519
-0.337400046282348
-0.311505774711438
-0.454882456478014
-0.474513089270135
-0.492567422686291
-0.233644604682888
-0.278804632362804
-0.284223014436171
-0.400883244092461
-0.41538470002159
-0.269860577585167
-0.352770888271387
-0.421986189441478
-0.481604688757103
-0.44617275318164
-0.409646192074124
-0.412618055832633
-0.417388554048576
-0.404500643038901
-0.158874748492317
-0.408758202228279
-0.32160230416923
-0.337014112214752
-0.439586136525843
-0.29435052362471
-0.428385419042462
-0.250171278722668
-0.198124543882105
-0.323297606216282
-0.379630376207554
-0.472539092747785
-0.369985762422158
-0.318101829091011
-0.364133003605655
-0.205448162296968
-0.269009100762138
-0.347949867877373
-0.138778206399888
-0.193342977501868
-0.351881590480854
-0.262384489379103
-0.195775730280385
-0.149117967756579
-0.40999956733158
-0.359052683033968
-0.135782413892691
-0.261783837591227
-0.273857907869112
-0.372816366835875
-0.347778785118021
-0.266814487124056
-0.341531818321072
-0.196976192363188
-0.24043132030994
-0.303245952930343
-0.19950472004996
-0.265958483768618
-0.138354630821399
-0.182243352954793
-0.257869028394943
-0.0551460727173758
-0.367573717160508
-0.240116931208848
-0.138273070009791
-0.202518708143552
-0.242666993101355
-0.337996490380713
-0.242876561611475
-0.371039279234156
-0.110682542336376
-0.22445135198603
-0.212406911376878
-0.319267060490532
-0.277062503719079
-0.189128699752391
-0.281571427357549
-0.157926358203594
-0.32758622449851
-0.115695285289973
-0.237807098880981
-0.155437757024318
-0.150046171510668
-0.144608877054542
-0.27630150797719
-0.156423466341718
-0.373967326940805
-0.281783508688243
-0.262153364118067
-0.21762151114153
-0.0106940166322755
-0.348801295452487
0.0809210635857733
-0.239393419870827
-0.173362398623805
-0.143170638079231
-0.139410345516322
-0.112904330671119
-0.0555657899955862
-0.0582084592740609
-0.0679054373094349
-0.221644965547179
-0.133159411537505
-0.0800991705287813
-0.209611083581812
-0.0661462949400234
-0.253446960848481
-0.0910059119138653
-0.0613202555815911
-0.131403714010484
-0.0562876339493352
-0.0793099986759051
0.0412243842175478
-0.00224403574789834
-0.103756668797429
-0.0910185090137718
-0.25045581664255
-0.0888317891354459
-0.0453881218213616
-0.0414230252162427
-0.173048888094148
-0.215161676547741
-0.113357838841786
-0.108309286208143
-0.105749622511611
-0.07597893782209
-0.269229915233684
-0.168850870716128
-0.107391990282848
-0.237571654695411
-0.0492007979082734
-0.293311046625482
-0.142025414461625
-0.0856575881038189
-0.0981099131422679
-0.227016297895638
-0.135263018690473
0.0134871779086019
-0.0787087882779939
-0.0218303598251043
-0.15933929925971
-0.0906562010388879
0.0466492227553404
-0.150126347560836
-0.173896187325644
-0.0278718019947549
-0.0033049529950669
-0.0974559184026638
-0.036086993250923
-0.0288154957605532
-0.124595246534392
-0.0996573006251687
-0.144698812263417
-0.232989141870208
-0.0980331300278345
-0.136609116935865
0.0948163334947187
-0.214225584253537
-0.0311402620826507
-0.0515523165609025
-0.149288854418731
-0.0831299270544516
0.0582486204733895
0.0832661013700255
0.0347260261374192
-0.11005995704383
-0.0328671776748312
0.0346097456010772
-0.15915119525414
0.110568286191486
-0.0451295148727772
-0.0893531746253134
-0.116882457187265
0.0516889674444222
-0.0232388830787786
-0.118831592583802
0.095510904971564
-0.0690129406070487
0.0323824906367214
-0.0721499199644728
-0.0342138610248256
0.100853216179986
-0.0957069282329405
-0.0863707281913473
0.0496021676047644
-0.0518981051132044
-0.0401469674856419
0.153175873631984
0.0559997093628582
-0.0849932934579069
0.0803751521884934
0.0155369302059408
0.0843211370111378
-0.134057423549469
0.135696602709061
-0.00768623631676161
-0.0189065909479236
0.215516114180849
-0.0629596131257592
0.0266352495566736
-0.146752153827724
0.0104390122754989
0.0397416317073955
0.0507813953298557
-0.0112268300495307
0.0146784561746105
0.0583539945555821
-0.083477990868586
0.190050284882678
0.177882156709599
-0.0693226767108072
0.0691956289416147
0.169457254638116
0.105963871896742
0.0172019707380133
0.0331968783975439
0.160327869550963
0.0749918488259907
0.260469630893498
-0.0106295121668937
0.0503643362326546
0.0508645215834776
0.021020498468696
0.089986893459587
0.100546051193662
-0.0374884878151736
-0.0317404728584868
0.166665972768631
0.108864853612282
-0.02378192118088
0.115922851885426
0.209055023464293
0.20129213514208
-0.0234672322304403
0.22868938439851
0.0652600701230196
-0.0501346974448648
0.0275317473799188
-0.0138376954614259
0.216379280435099
0.155066114305096
-0.0100183045637781
0.243898339862072
0.0157092941766195
0.000318543945654616
0.0772908754154082
0.105457797657516
0.0462040652931191
0.0153847071453297
0.118438057038674
0.108257949050489
0.171671972445949
0.141140499135184
0.0457883790146256
0.131305196964001
0.211261077650866
0.186128505868519
0.258117753414378
0.0428619356380302
0.205287154213117
0.164894205053756
0.219688969865267
0.141811708851134
-0.00163727772435605
0.16735636532742
0.256795516996722
0.257611961102059
0.237386279310269
0.139309365292907
0.280625957892503
0.247220061550039
0.143002462440113
0.118498004883171
0.213442012342785
0.163317841910983
0.113304624078048
0.17446520414235
0.262415906536023
0.328365032632829
0.130938213821442
0.137627461441966
0.0376996452174698
0.199563675613407
0.123197627676788
0.200549169071602
0.179326218911343
0.00712181052756818
0.134532263239169
0.213219923255849
-0.0300084069611156
0.226597531335429
0.0504834736929419
0.192139622930951
0.151776341006825
0.215583063797709
0.288256529346441
0.113235675643344
0.244173826962492
0.123171557285219
0.273932613553955
0.159356649695745
0.341861698033987
0.276072375144004
0.15490395613229
0.204324324576373
0.333415108367205
0.29566656374387
0.105643858365174
0.297091381686757
0.343210245662018
0.251557159823887
0.252089354898813
0.281020170742796
0.314526274232943
0.239740148067372
0.264122726710453
0.225767861723114
0.252787503903984
0.291665836500517
0.259053044397248
0.101815736811304
0.321171488416494
0.287600801190437
0.369732211713832
0.347140609255737
0.152262894707824
0.341892103470423
0.174627815953161
0.240721263741465
0.295480282971772
0.392345879078901
0.226216385166296
0.243351158995728
0.305645821163616
0.365118400109622
0.4670419067973
0.476080539898632
0.160690800720181
0.347728450187823
0.427858430891311
0.310739872017717
0.203933400275744
0.122332025915484
0.21098250861776
0.215432285328522
0.214527716572697
0.375990231729409
0.205356332897369
0.439771056314597
0.20610167209397
0.463342717770627
0.348576502737642
0.295740246291207
0.301811929336774
0.345920873733796
0.190465630906292
0.109014211644528
0.386661513350341
0.376516286521429
0.322966407818305
0.418158127458904
0.356615929649435
0.312198068336966
0.50069949483629
0.200144595042556
0.442920469650309
0.44181549042031
0.179726588302689
0.426222242050894
0.389990929020894
0.349604120143384
0.257905304380859
0.38458723593968
0.509415419342312
0.281008956143905
0.337630870489232
0.416291934925824
0.419161960102353
0.321908701648729
0.381832434517017
0.522089728609059
0.274750911353129
0.360223491711682
0.352661218155092
0.530004283528595
0.320090978680075
0.448544996240055
0.344017388134043
0.414048526561237
0.343480926319875
0.323753939717472
0.446310598358457
0.46104150972267
0.508078846779856
0.453678462681616
0.31860877557908
0.363232531711943
0.419675462540628
0.468218116934728
0.378330921706307
0.499567496837761
0.456572499713216
0.333630969514134
0.370778839256823
0.342321998984831
0.485090212762536
0.425508810402042
0.291698991811641
0.611312737513472
0.326710430084717
0.450261781110459
0.466403174006199
0.385873353500579
0.417468017879713
0.466774919082854
0.355804035985158
0.481030684596637
0.477084537366603
0.444808759507521
0.453796247255057
0.52638755834774
0.496697952755944
0.543177506814058
0.393028915015884
0.487669214612873
0.505044349188244
0.548412977625261
0.28900016240439
0.456007762621777
0.388051346362268
0.56821044134061
0.59140844396059
0.493529773970695
0.505831915094225
0.475631462762293
0.517367766757952
0.487837887335279
0.52285054889758
0.496361490894039
0.537272622364331
0.514260221082064
0.40842897048994
0.53888749810448
0.452261195200771
0.524582396828005
0.49025949875303
0.357566393665463
0.574499054915724
0.414673465408955
0.474403759545381
0.327748469499503
0.385388856827967
0.553157073455423
0.678371658684104
0.515844174217787
0.488944732255468
0.46718406748034
0.482611957520065
0.594278988486169
0.504023128255539
0.602479096708089
0.43416301402705
0.793410513640115
0.452748449950867
0.524890509307352
0.524431604471414
0.506646086683418
0.686939890739656
0.526577345888907
0.395791053563308
0.566877790835076
0.56740554693244
0.568434167046812
0.483679940220067
0.620545956557434
0.566423746824069
0.730311898382355
0.649120226362086
0.543656682292718
0.438168624893744
0.701676723574264
0.514850205938404
0.609724987397904
0.649011269959037
0.523721589424776
0.481653265922722
0.608817616095479
0.561662957923065
0.560992184149291
0.671692987815093
0.654986911443611
0.671288844939319
0.592656090315625
0.752101507156284
0.784309222034457
0.628953002921657
0.697876851490644
0.665861291663429
0.49331497569545
0.729976255692725
0.535980272647615
0.561598411805582
0.673260417199555
0.678826570715685
0.638691096339185
0.552012078166987
0.832264899347801
0.548508324235676
0.647035952014384
0.701472961314116
0.696084027320352
0.639889701079028
0.622703798254654
0.493732733741036
0.732429766078074
0.66922830761225
0.643025502405709
0.572295079354412
0.743952246677227
0.597770382094121
0.812067561625616
0.671018467865343
0.756092215492046
0.550563630129205
0.462197831356903
0.684805957655234
0.788394057031865
0.555328365525877
0.737338994790353
0.640871480613926
0.571644896460422
0.742198067997801
0.521215441081321
0.744177450342066
0.78566370740765
0.708854467862493
0.620529111659348
0.820467745769145
0.859828687670886
0.566154412051566
0.709998290246283
0.553050047869565
0.701284759956502
0.771595361685697
0.790876810085618
0.819060077775728
0.813993993814189
0.553015139782169
0.732195072924291
0.542740013268622
0.731941152622589
0.861602621109849
0.874122002840809
0.709598788078541
0.766974012517217
0.731585776538752
0.635086144976414
0.838566853182418
0.757819728243833
0.604142955838798
0.926224433896875
0.827050161924283
0.726095677980578
0.727397955680277
0.733145371283438
0.7666089360733
0.765512727207795
0.702427386178983
0.766189297163676
0.768632358548573
0.819936576106786
0.878971655440198
0.795430127451237
0.748184232092365
0.735348924329471
0.705117428831339
0.694076048189673
0.735664472337031
0.737614295635216
0.709639221865652
0.793817237509627
0.81860862031129
0.921218637689006
0.674437878574041
0.945088903466325
0.719080941294867
0.868505939600879
0.705997082231348
0.769224118701627
0.882559798163259
0.966967314921252
0.813270791411347
0.785775650009736
0.825934200426376
0.64550165458266
0.723585633293202
0.692229171214299
0.68861884480367
0.743267409411063
0.86607814069572
0.774421334726572
0.818628279364248
0.822828380180656
0.777004000026749
0.78528769992211
0.726402093911654
0.727059612879329
0.906164071197908
0.645744110338442
0.715358179203692
0.875099405107205
0.916001009377668
0.755382625176187
0.813815196937224
0.924950141377317
0.971396599093208
0.906133228746188
0.773662053968461
0.822109473259339
0.90246444647274
0.96318543221444
0.920436927085578
0.920270509965843
0.773149958461121
0.859289375536272
0.766422944086522
0.923603802459752
0.909979934041066
1.12143900228965
0.814712955022802
0.851305673735354
0.942541182279088
0.864711713380104
0.855910239902974
0.9914702639504
0.895282210870018
0.732225994473493
0.879005459844953
0.741061676305146
0.976389137735627
0.780375770481202
0.88453281764506
1.00004495046379
0.736562797058287
0.841582127776762
0.963816829600358
0.908551064120209
0.821850436206442
0.93927850542585
0.797986899060475
0.975963576583634
1.17385942145759
0.983589135227225
0.97276631357814
1.00860003651707
0.873719109974804
0.868228188488333
0.888359465968227
0.903949422400147
0.879358745884967
0.913630635564743
0.878833612249954
1.0332089510753
0.972928808552978
0.978807431810829
0.979799201415551
1.03554572348593
0.793586259228961
0.914236281052541
0.956164197922595
0.896096590884558
0.942756919939224
0.989912870751413
0.984024989587527
1.06708933214717
1.06742977637257
0.912415736152439
1.00697949757811
0.924045927709416
1.03684978346364
1.03164981908369
0.96327395087374
1.03088046174658
0.858772423477968
1.00028419298456
1.14638451399365
0.873235696635993
0.994664847889648
0.94581973560814
0.927037583837089
0.982633975162616
