0.131963546732661
-0.995306918542296
-0.96976795618363
-0.94048974565478
-0.9609814352901
-1.03330702363301
-1.06364137762698
-1.0314601219092
-0.867298107211507
-0.879567581136461
-1.06865095777422
-1.0348877092565
-0.947486291190611
-1.01694089818111
-1.00085178535321
-0.981261971021361
-0.923965401363268
-1.0133236692941
-0.817201267116579
-1.02546016227215
-0.847496569352599
-0.793603848527278
-0.831022131634656
-1.05194165632227
-1.00882333014467
-0.993657420490793
-0.888332389854634
-0.894401388535174
-1.04764043978168
-0.834625345304354
-1.0863922569849
-0.968432469949882
-0.984940130393863
-0.961396747293774
-1.16380575234512
-0.85897394667545
-0.956962636167356
-0.954494512793691
-1.108179418966
-1.02074407740598
-0.971985248678421
-0.849650426118537
-0.799768146248517
-0.740197229659873
-0.837874159968979
-0.827936201634822
-0.878710275016222
-0.968651799603474
-0.872940594858734
-0.935711704162455
-0.887667442832247
-0.90559602181734
-0.892242758658124
-0.756102017968737
-1.05218104480263
-0.706457631944408
-0.895373609883092
-1.02864120041756
-0.840709091831194
-0.84125184768165
-0.914399033183291
-0.818586837602976
-0.840186121821169
-0.860079844731484
-0.809831549348348
-0.951640188269867
-0.812601448930608
-0.715495135813965
-0.92215997607693
-0.760235979654359
-0.848826043940519
-0.90968165346892
-0.727895104309364
-0.782883988336586
-0.671816032955649
-0.963601946058377
-0.799835736064858
-0.76745736059116
-0.854145685616875
-0.855206810331703
-0.754882343175233
-0.8188913343485
-0.891258071629295
-0.803035684579525
-0.646424327543787
-0.829970065601383
-0.866809537089506
-0.756858949012359
-0.911506718743877
-0.821820338030491
-0.783016386761134
-0.77702550082097
-0.851784839078891
-0.917797695314009
-0.771877987328317
-0.728959746468936
-0.683074573445666
-0.844716534411864
-0.671828523274919
-0.81475019396567
-0.83937617431822
-0.827218945830934
-0.83309919329926
-0.879809285374465
-0.881867567448583
-0.781257765401097
-0.93593013633347
-0.726271868302721
-0.714337102984544
-0.731546783551749
-0.799183512281857
-0.733032933902096
-0.663402647637636
-0.695658952994911
-0.790916687948332
-0.718955999422946
-0.816325294982722
-0.839503501305098
-0.709175959103919
-0.78376351583668
-0.692172237773954
-0.812639176282243
-0.832922272369555
-0.598057217515443
-0.733893117099747
-0.74005841603149
-0.705648721865483
-0.799620760168837
-0.715855703137114
-0.723488387965395
-0.59453663887484
-0.778021263213725
-0.846014896684482
-0.750125903105661
-0.727385415047909
-0.735270474530671
-0.758478273558729
-0.610698247763402
-0.84884366631034
-0.634787319407514
-0.527588369118477
-0.689358758943392
-0.697912378500457
-0.731511776384627
-0.790136940558653
-0.66182617875214
-0.829112428909482
-0.584031149531918
-0.641384834349232
-0.687438165134864
-0.679692258674241
-0.627354782207224
-0.66595893417942
-0.743574247103664
-0.651811082463735
-0.757745625713199
-0.72068745470615
-0.677517216898949
-0.571115007900604
-0.507596893353595
-0.623663503525608
-0.56553605734594
-0.703822164916392
-0.651383537213685
-0.512656421280188
-0.620354217722574
-0.655732812649753
-0.566744086011826
-0.739216562085168
-0.551827493586566
-0.568990903973296
-0.626293154778595
-0.71269124814545
-0.612758373945193
-0.633253132388489
-0.68299725052548
-0.596945380921941
-0.715235835390931
-0.683024436265097
-0.512934387348428
-0.726602030111132
-0.498329133009727
-0.634653732035296
-0.699775590339776
-0.777329766508676
-0.568455951380065
-0.655613821738725
-0.67651973162277
-0.676195088617391
-0.563372053298797
-0.762380557426222
-0.72803585844658
-0.600176019774822
-0.538049763818189
-0.569169067445582
-0.536705695675121
-0.575347455543559
-0.692814753510327
-0.595511871417894
-0.663032735639623
-0.59493423407963
-0.620955054187751
-0.580335550374499
-0.537249737637259
-0.652166306605345
-0.517369337825258
-0.57662499429108
-0.583887637210062
-0.523357193885681
-0.470439633536734
-0.616193165266918
-0.611240237925856
-0.517294689024381
-0.456515848133881
-0.608674149761574
-0.506884205723513
-0.57628810708076
-0.493755326244734
-0.567032665260228
-0.529892360412588
-0.491684970211696
-0.59857530944772
-0.613097588120152
-0.647793126997389
-0.581749934831767
-0.577399764580909
-0.576680613620812
-0.491608859279567
-0.623805668878137
-0.472527063734611
-0.607013056450569
-0.552045994820274
-0.360993037098935
-0.533675545468147
-0.490241887155699
-0.599598500830837
-0.424940898137876
-0.405740270620631
-0.545584381605215
-0.449233260584939
-0.602354589389222
-0.549077145275148
-0.468546654883264
-0.531698606672328
-0.605495855708977
-0.647870440255992
-0.485175830672701
-0.486776108791336
-0.486789847128619
-0.299394465555564
-0.424847892959947
-0.463057319187291
-0.431925099520985
-0.540450960840587
-0.553812456648797
-0.531414556990335
-0.488411996369432
-0.482990284261104
-0.53984511542721
-0.474124471988844
-0.625798555786031
-0.344109322207861
-0.468661382283653
-0.371461179773174
-0.628881816560651
-0.506000988873241
-0.608027089894908
-0.512014076988301
-0.296397525758591
-0.563083977678724
-0.423523196426082
-0.473031695893125
-0.454363882416491
-0.668659231130989
-0.4938803026067
-0.471031507460234
-0.58807251172144
-0.62906605329168
-0.64088421796775
-0.590975617366846
-0.372529123409065
-0.354382639094866
-0.522137206542127
-0.407407864820263
-0.369393386152244
-0.450663514717237
-0.259543577643021
-0.443801841062495
-0.481886872839895
-0.451305527887491
-0.418358420344662
-0.398325143808207
-0.480410283411575
-0.395509760337646
-0.315750099121703
-0.461411789284348
-0.484533205416652
-0.48364033770895
-0.298645366662573
-0.270108088838157
-0.396053553832382
-0.417950620689047
-0.428847420620831
-0.413479981788672
-0.300876074770212
-0.36105234365641
-0.414528369615444
-0.590892025368009
-0.47813415978689
-0.324476185018136
-0.389208245884632
-0.305926910237378
-0.180248032091614
-0.447468454479106
-0.498129831085435
-0.430492703867147
-0.362127138530762
-0.370917630110495
-0.286728969669172
-0.429106480932836
-0.387603658591247
-0.436803467922692
-0.326951953046336
-0.285163155030106
-0.30370071108665
-0.321708229881971
-0.419217398771112
-0.118325899615155
-0.36111556964589
-0.48951411223805
-0.276048745744903
-0.402039955068434
-0.312645026964765
-0.193873789450745
-0.519193826984587
-0.218604819132955
-0.41924827452429
-0.27371672256898
-0.335547892674014
-0.350757008807061
-0.31291345798055
-0.373085369544445
-0.385436860592245
-0.330744840957145
-0.229483077606153
-0.30682202586747
-0.317352793281413
-0.331020574378184
-0.306154411310299
-0.313003538050133
-0.367902747496986
-0.383846574582868
-0.165962167190959
-0.204149198610282
-0.197911198408178
-0.26335120084341
-0.30158764303766
-0.250519677341392
-0.242586779381405
-0.296933895555163
-0.258276953105889
-0.301774210680369
-0.325843608482076
-0.265464878057403
-0.199661335838312
-0.253403757822538
-0.313287342455304
-0.225964157521097
-0.344276182745644
-0.313027955983142
-0.145552655346686
-0.233238053410332
-0.0941166653403685
-0.353531497562575
-0.188645890571318
-0.292006053987181
-0.256673293671709
-0.154903735277576
-0.163560281912375
-0.252638293118099
-0.228661583601336
-0.294261661493705
-0.39116143360365
-0.166618392090179
-0.287353309718938
-0.170968394109521
-0.12944098149287
-0.253532367082538
-0.0990186561338958
-0.217709571506579
-0.210085853099167
-0.218547857609204
-0.231248761212637
-0.238689261827944
-0.201397247159969
-0.165205372024806
-0.210131301305582
-0.0538300932627465
-0.184964978728234
-0.195837315455248
-0.162086600982867
-0.121295647947611
-0.16439721798089
-0.241435353240655
-0.106596935885155
-0.316279040890874
-0.179840709130289
-0.268067873482621
-0.175326699836494
-0.132579711718346
-0.128463162868779
-0.255739582699484
-0.216911067900721
-0.163066753764979
-0.258977486904613
-0.0803087742584471
-0.115947281904637
-0.158921134869988
-0.284215114439467
-0.242394026125476
-0.074080263998365
-0.0602421067412338
-0.270242112032056
-0.104435555090759
-0.318967764818877
-0.0871661286883731
-0.153010827422448
-0.0573122908772088
-0.0374997124443897
-0.162008072226934
-0.155166648823184
-0.16702383517517
-0.0727621977931751
-0.147147146767085
-0.0325490051785552
0.104441356656792
-0.0635943835712621
-0.178582199418378
-0.184091676732462
-0.122706063448731
-0.147266025227421
-0.188523898086959
-0.18429578655353
-0.094225837721893
-0.0794808622553727
-0.0390933558764774
-0.144402127619928
-0.137124294863245
-0.0157396043408472
-0.191805770452332
-0.137211023447261
-0.0159127504334217
-0.151574039913888
-0.0971527462494918
-0.115989075162124
-0.063628068671211
-0.0861655375233685
-0.0637047631793443
0.0629429809223439
-0.0740706417182294
-0.104457386664703
-0.0682186073286998
-0.0818874091209527
-0.00452021892856864
-0.107162990324611
-0.012741004190878
-0.00244784521831966
-0.0612703534255285
-0.0703537840392022
-0.199166556624822
0.135586018804827
-0.0435934351430235
-0.0328062626470868
-0.103794261225166
0.0572081638044705
-0.072775511105904
0.00957748420477419
-0.165832221503816
0.0404555707524185
0.145497113207855
-0.0776450838009843
-0.130209771450848
-0.0601007982093426
0.0933661547512027
0.0574001455891078
-0.145077442696084
0.00568248179134713
-0.036355921803588
-0.0161002897884796
-0.035162990683509
-0.0314817617890672
-0.0407907883926907
0.107912656584144
-0.103842533891397
-0.031372333964146
-0.0542932989576771
-0.0423983231546924
0.0191765820815816
0.060932030930548
-0.205248812790252
-0.0110356239420263
-0.0573229916035944
0.0357148229923378
-0.0508876289134427
-0.114763897451676
0.0606989685992305
-0.0496199001615019
0.0962836400665461
-0.0199231325607156
0.0682879832662897
0.16746048468875
-0.0350075251203063
0.171563895884904
0.0266055437202566
0.0574169057748336
-0.00801634641738583
0.0445826944666931
0.111100844283882
-0.166138918086672
0.0149581067262501
0.0201110743580068
0.0754555496241166
-0.0372244908572589
0.237420024121272
0.0571240670482926
0.0525750640542787
0.18162499068559
0.124543064992536
0.0495903859109391
0.07366064023971
0.044728727377359
0.0908299057182365
0.0228225997460789
0.0714746521622849
0.0984029691943715
0.0920434376023859
-0.0378167172988623
0.0644513390283726
-0.0308361327758626
-0.00396326113702563
0.142189971893117
0.122003971915731
-0.0424778292455892
0.00953656617865137
0.0424855780765514
-0.0306038814766499
0.0622368582792541
0.0631796515744878
0.0481212815505534
0.159635746565886
-0.0762285058643137
0.129186011420054
0.0200694338470512
0.171951709047593
0.102334215900654
0.0357187854662733
0.171691847700892
0.340819013710592
0.103147052361021
0.140853902152116
0.201501446598136
-0.0307176375175949
0.0840122671199004
0.0893141616211509
0.206093988761249
0.225953797294301
0.168782510278095
0.17793538974553
0.0441728643920475
0.0967518028463542
0.188081041708818
0.217390740666659
0.118986905288422
0.0267148533958677
0.0942011496529841
0.209609562667337
0.2201939264501
0.112485558895789
0.216399482923443
0.0872172429331854
0.344084382285216
0.0506875458342677
0.150415382210731
0.165289071914815
0.276588748750774
0.191872863343645
0.0608022525887688
0.178804285110656
0.247658509861781
0.206597385079191
0.250822700800763
0.189054661500199
0.147733943686675
0.140804564421206
0.00674731619775934
0.192562198116631
0.133652162584929
0.0685874197509574
0.285203682480229
0.142699220318667
0.232619316921039
0.180352664736994
0.197001237308167
0.177413889949157
0.0910415642362695
0.217461174748993
0.315590446707857
0.204443201625448
0.276273888416048
0.166934322328411
0.155952629955988
0.221977449215523
0.113365500941491
0.186053115257189
0.326576019294377
0.142268150517345
0.2901755792091
0.254189618641544
0.259615243159807
0.272268461946018
0.233907004076397
0.389149123978954
0.219541608106817
0.255842399019822
0.218462094883304
0.291679452075789
0.324090510446767
0.25224393858257
0.189007255597862
0.187104617986077
0.0347879050817907
0.206036894542505
0.303953682296059
0.327674392060406
0.175142931588535
0.185043207705842
0.398050565135265
0.385667877683987
0.317566235850479
0.163606393089022
0.367786889743213
0.278046254485052
0.170596994122175
0.434572259117275
0.231337314649399
0.234153027150447
0.256841062566338
0.218994737115807
0.26611621105744
0.231934627958236
0.274375912439593
0.313676630277109
0.308601852708473
0.233060030454224
0.339921192030731
0.334988171851612
0.257867911173202
0.388118474194728
0.217654424272162
0.218839176457008
0.506457916431679
0.391319431388417
0.391329178076047
0.321379985266251
0.246011381793237
0.200434177004701
0.329768148235813
0.287041730645306
0.389765138971279
0.365110181832455
0.288339291889853
0.408864919051071
0.376290433783899
0.404741719125893
0.400422722603357
0.420423548054788
0.315146111358427
0.316587607624634
0.278235882908522
0.230970514691651
0.483588293122615
0.325318833303841
0.352991348348017
0.201449305713135
0.188260659156325
0.364569155420541
0.337773193300776
0.284862843924042
0.239860110706249
0.317369972234135
0.398382895368744
0.37461784509333
0.285813737412082
0.397282714098918
0.336291454591438
0.335396013162639
0.487493713371587
0.52131285939898
0.375687669532968
0.543934558060394
0.231106485473561
0.445597010096206
0.403660983088722
0.474582123989653
0.442518325729713
0.29193066434696
0.508110724936653
0.391286119113953
0.578913618503875
0.439508443135254
0.502587116195312
0.590503721155396
0.407118240994477
0.422266059025776
0.38732151051425
0.372614136399181
0.352465738740542
0.322359625324883
0.536313377262825
0.355923005546954
0.473847826205927
0.430952181880101
0.405013483677434
0.404754994966213
0.307550231171426
0.232665373114978
0.411293978889961
0.247586495877506
0.435581387115826
0.383257095482046
0.432525972327659
0.379723561307862
0.450827320628252
0.488383441657251
0.370483530279995
0.345127231551128
0.534969823255378
0.474425623356391
0.583465998018244
0.581716592241244
0.578072460272082
0.573380778890363
0.427540096619441
0.611315506202632
0.338854488750584
0.554893618946147
0.475392139757503
0.442261741388996
0.509298136199274
0.403947625740903
0.404779697871682
0.556971968654757
0.533957222641521
0.576193762600178
0.3994675939633
0.438276409740347
0.417711782370209
0.351754086289618
0.666628657110736
0.463997862774118
0.599231938335938
0.593079551521489
0.593262296815158
0.455205597417147
0.602190140477837
0.479729779908671
0.559805854292209
0.694493583793111
0.592379690989413
0.644912613653383
0.565246812115326
0.374546276907855
0.611042770974778
0.517538542325696
0.607267881878303
0.54055335173329
0.413478785954759
0.47940894554746
0.632126284944565
0.517729531370517
0.521891408997554
0.599088471892082
0.506862221799667
0.388250934744141
0.485273113826075
0.580653863213893
0.596987364393708
0.514472275977524
0.546463658993037
0.599067304379066
0.744041466798482
0.739259553118212
0.550926654202494
0.51746548040789
0.412957402153767
0.484125462199062
0.617094458093589
0.666110271090928
0.654661212838232
0.516071941675941
0.588501941406961
0.655758906582926
0.658104875444671
0.519225370407606
0.595635075627525
0.544872339859978
0.655101581103756
0.593669159299559
0.530969844551008
0.617580665672342
0.615593958760021
0.645066713456074
0.512103334867853
0.697922288261605
0.653303138308577
0.673261548668526
0.672454917159126
0.628187726377839
0.542758252217715
0.710042326134324
0.538249502090127
0.645761425444772
0.711556794989926
0.608569274631983
0.712742161259291
0.624558865722331
0.651695709911136
0.532022721229599
0.693982743054319
0.660916257753341
0.647669097953026
0.66479342950706
0.718168252428856
0.774132993489733
0.73252999730134
0.705951539318492
0.737331263468826
0.648369582541471
0.669022516511182
0.425518536061824
0.668639006210068
0.774443263935854
0.70911081001717
0.616042786706469
0.758237439963865
0.584257264319251
0.754302597372645
0.613012451694221
0.661435892701099
0.634154327224829
0.629410630681725
0.685646317342394
0.685681622803291
0.797841099649786
0.817557640580761
0.770129612156236
0.787423277007229
0.669725466420237
0.731145953770745
0.67659354176044
0.683271849912059
0.769236753816138
0.727717964217889
0.659471983394025
0.895467074945994
0.702358348998364
0.681037014277904
0.822073762603953
0.875525523176359
0.748293707211555
0.590813005494614
0.603133453327691
0.663881657837903
0.819885364826135
0.788881358914017
0.675154876772947
0.673209732434131
0.67405574570582
0.829292988039603
0.817120938781604
0.711574162601504
0.719831169907343
0.808707731491082
0.830180400735352
0.713721676933993
0.835775570914334
0.855153547456934
0.590286741643104
0.658753599032353
1.01838252254137
0.561906318725763
0.757265569687187
0.858929993046758
0.744993353671743
0.950728487483885
0.764823775460323
0.735950344224028
0.857680418881193
0.721728603477686
0.612937609276121
0.792078856029402
0.794029624477811
0.782674221859898
0.89009440133107
0.719321200078107
0.917099555188836
0.947290480993003
0.907011569758346
0.899496305745971
0.713241726187396
0.888580840867009
0.694605207246815
0.85262410815393
0.856844127789083
0.898156285052178
0.792192486960129
0.760255962358176
0.910167644988279
0.780093599339892
0.940849907707673
0.8751170583257
0.886634146343911
0.81573361311954
0.837677798597181
0.759855569177543
0.865018658475091
0.806086012118857
0.785312096866425
0.777472141733292
0.796329775281183
0.835037872604699
0.788626850538703
0.758541436340884
0.906880866029886
0.855237643896868
0.847909934550545
0.900170620621991
0.901717459417632
1.03166981771427
0.896870298699559
0.757420387849453
0.749465771444813
0.926918987778201
0.857993555027044
0.896812569151429
0.792121919704221
0.863261811085503
1.02163863446
1.00565834900552
1.0176499757611
0.957901899862925
0.799863119086556
0.840127766853455
1.02246731587648
0.820115084962357
0.940075726476493
0.941527051695085
0.940367563085676
1.02342914195167
0.861198551257986
0.818623708707921
0.796073060125311
0.958835796143873
0.914885217825007
0.917109223093015
0.873460999715977
0.852156036029398
0.970481550640937
0.892914565591743
0.931410670545044
1.01099425262234
1.04302570678061
1.13451870848707
1.06119828745578
0.908713273873741
0.881865584530091
1.06612933405467
0.872813217197259
0.925172040105075
0.836655707707275
0.900572636169236
1.06934922560377
1.05513937139204
0.997928170276446
0.869273982820804
0.947885512019975
0.906094812261653
0.89052387797929
0.959011144347305
0.999877129534619
0.942235434211536
0.944781639254889
0.992778570322358
0.874447048179396
1.07614056141553
1.01047117139456
0.858797731975718
0.943376151624501
0.92720633310492
0.996089708573931
1.11347245015412
