0.0401246768797707
-0.992096678402228
-1.04360426669079
-1.11343847267808
-0.978846719026959
-0.819794132638064
-0.913055948962151
-0.995845459592212
-0.892582332193443
-0.92370801517817
-1.0608936526639
-1.0412159190938
-0.941178006922289
-0.971886869908173
-0.939159392753791
-0.88795368798299
-1.14187749542553
-1.09148014437357
-0.928410869289763
-0.947878821194225
-1.0355057636854
-0.945176075930341
-0.903869377418148
-0.98314269657506
-0.905953511536997
-0.905931314883035
-0.957312020492327
-0.969547975078996
-1.07651124650793
-0.827961334271545
-1.0027493260464
-0.996027131673495
-0.985480802109823
-0.901834541851154
-0.960108595204993
-0.919760504947451
-0.92713751620811
-1.01375737878733
-0.927876335671451
-0.83203653680315
-0.835613743460861
-0.862821628486461
-1.06714901378236
-0.947302437440286
-1.02560041907834
-1.0153036064948
-1.01374214295185
-0.810466836814093
-0.899995794126262
-0.86920397507951
-0.924264971732734
-0.975392160314854
-0.748950112374409
-0.907965696241262
-0.82287943447625
-0.855613017236671
-0.940188712775934
-1.03968280966398
-0.912176975471958
-0.840117292628178
-0.939400827235198
-0.82309503333513
-0.742430988928462
-0.84644101070343
-0.95543679144805
-0.706223192206907
-0.824893121412169
-0.853940340902218
-0.728003624903957
-0.746708292364912
-0.797444937920753
-0.786065396880944
-0.908435085616418
-0.853775320049331
-0.819696291659262
-0.716386224604434
-0.908167826121512
-0.864841712109607
-0.872152275089178
-0.97370710842599
-0.886208612912023
-0.859191883758118
-0.87814226031573
-0.725409557091571
-0.767255987128741
-0.810172577107294
-0.807098509986514
-0.664171526225953
-0.696207007561126
-0.900824659530849
-0.718452061013856
-0.834759684264363
-0.718606508065857
-0.997108423075595
-0.845685871957886
-0.83466687766107
-0.825596901542822
-0.695500121198721
-0.779686393132519
-0.701844929351546
-0.845331274367342
-0.744692432228179
-0.830312491185162
-0.817964290166124
-0.858051174735466
-0.747579395883065
-0.692358681868973
-0.734307918884779
-0.927503259298485
-0.836060082178024
-0.927230069198371
-0.717811094283815
-0.788019910581426
-0.736670808234813
-0.826477328996125
-0.8116225477844
-0.737034135364496
-0.845849974018216
-0.941988589249918
-0.650285083141455
-0.798436820086362
-0.866270879352294
-0.819814500010869
-0.682904726316282
-0.73561127510677
-0.679975037225568
-0.756863471760904
-0.718754759565035
-0.715848950970751
-0.939513956371954
-0.715728652123789
-0.838538864606477
-0.621681353888408
-0.717085392915237
-0.686526115305889
-0.739779801239114
-0.781001987661016
-0.767630581367056
-0.712001578230991
-0.662458628484678
-0.621753981095676
-0.871176174947966
-0.682250434481545
-0.783208013831874
-0.780980088621938
-0.7234867922413
-0.678638881117609
-0.751243611039497
-0.743593766462132
-0.793608990970647
-0.671519194202312
-0.740503580371894
-0.758282320815091
-0.634829852743792
-0.808499553287951
-0.645576710371202
-0.64804546374824
-0.639010096769098
-0.71668495753454
-0.651086928423799
-0.800809104177728
-0.623300845518976
-0.63589788280113
-0.700598879134103
-0.671004966486836
-0.822562424680731
-0.442729562046183
-0.560969253441357
-0.657415293202858
-0.632563312952755
-0.717564223125286
-0.668491885828855
-0.591179540218279
-0.686118894162768
-0.640639069355278
-0.578036383329708
-0.603570442702148
-0.507847435093012
-0.633493245836494
-0.729045255002213
-0.676070337776567
-0.527694371416231
-0.480323276255814
-0.641030159023651
-0.635230330200363
-0.653670852569229
-0.571506975849691
-0.549546312736737
-0.514323546651034
-0.647498512084977
-0.70137667059279
-0.630933447251104
-0.64519133985756
-0.605838687453989
-0.565541418911476
-0.618103999913628
-0.670756718848013
-0.771403328810209
-0.71353995237112
-0.57110192664317
-0.673673706880617
-0.651769672637398
-0.635470006043641
-0.435041979839424
-0.514902574300013
-0.655082101105701
-0.552507786742277
-0.650422605280194
-0.724327157340925
-0.47898444432898
-0.399203652391356
-0.562405310981471
-0.67930918846028
-0.502998883222733
-0.704409134355684
-0.733336213773381
-0.50787478901057
-0.682472350748481
-0.538415552836714
-0.619106648684194
-0.612812936025422
-0.658451230482797
-0.443619782397757
-0.527190821270684
-0.615227995823876
-0.520818827169916
-0.344860319052702
-0.447822334598487
-0.670090690317413
-0.618896707231928
-0.382000308426118
-0.56753042527115
-0.522060437448894
-0.653207613487812
-0.529436917479268
-0.399772822318662
-0.594854839609901
-0.519863812709979
-0.606997612207932
-0.639901758949249
-0.609143776346606
-0.506726939586882
-0.477345552553654
-0.476044710421748
-0.333240631005822
-0.556653219052176
-0.504030081745188
-0.515118725885553
-0.687008596854967
-0.4139385160541
-0.603634385337307
-0.62526506064239
-0.531451991127212
-0.392808946914995
-0.496164760056825
-0.479401520926935
-0.567610484557742
-0.565538361508576
-0.617184963862651
-0.436923176454844
-0.544146312120931
-0.554843084846232
-0.457028255595292
-0.506094172451072
-0.511717866484683
-0.40873047406561
-0.477271289567201
-0.394838471380336
-0.471873943154729
-0.437392920026717
-0.556355623141348
-0.424469683363031
-0.580219515900126
-0.399215185655614
-0.390077938883825
-0.48344317105215
-0.363589677278515
-0.503014720951008
-0.506337700882473
-0.478207497573442
-0.443280778201771
-0.372392191895195
-0.432699329988204
-0.497780228114156
-0.401774758404412
-0.3452632422423
-0.545063021726581
-0.513131066073889
-0.282127131348957
-0.497607947458483
-0.385932800825594
-0.469238922942207
-0.399473967309527
-0.4373373436093
-0.455445229549994
-0.405360163292405
-0.456436492354472
-0.310851514378581
-0.439884046177304
-0.43721202274793
-0.465245777879221
-0.320372420110299
-0.360216192095148
-0.280532703806528
-0.296905694215435
-0.436108410300015
-0.264452745897523
-0.460619491403662
-0.485769340177784
-0.422694397160544
-0.33128846335643
-0.35311679693528
-0.334972656448196
-0.421354491138687
-0.489109563485486
-0.39177038322022
-0.306528210884924
-0.346773360310084
-0.364864252728807
-0.467314035181913
-0.410472739675952
-0.290233175487665
-0.300760222587649
-0.402503064406583
-0.303963121777836
-0.216736736377845
-0.272309629293252
-0.293335821043865
-0.283849165158747
-0.407756266993237
-0.538104259690012
-0.342481036964089
-0.296008777113718
-0.208012500173625
-0.303364559044827
-0.371795976442191
-0.304659159636343
-0.287213097583447
-0.355148336341044
-0.200546369023801
-0.383133788873118
-0.315056450078069
-0.410727023994538
-0.342421284559232
-0.315312697591244
-0.413784929796889
-0.275273694821804
-0.263796981023185
-0.374054184255537
-0.421684282281018
-0.331320196963887
-0.493943569486266
-0.310712720989155
-0.288670684460296
-0.199554490057994
-0.252302206915048
-0.35056930038267
-0.418309103739318
-0.282722920950169
-0.305406654235541
-0.316110110802444
-0.171057336006359
-0.197262600668941
-0.362639291486692
-0.411860585550017
-0.283670341620065
-0.22875871014152
-0.296475961951401
-0.268349129874927
-0.217963741210554
-0.250575804664644
-0.275168887398006
-0.276961150484215
-0.234351901051084
-0.216140986568684
-0.364838852226453
-0.283556461784686
-0.444210539165094
-0.19427262665502
-0.339537921629841
0.0692185606910359
-0.191302226071554
-0.31236831301275
-0.203496667182734
-0.260311498209665
-0.252686181971632
-0.172818989342136
-0.0354913874871429
-0.208660335172412
-0.166220938892094
-0.247729171779588
-0.135395648448261
-0.261323155934071
-0.11188284763985
-0.407320926501697
-0.207539528547781
-0.26194834593474
-0.237495154739231
-0.12844758290162
-0.298508558068506
-0.209835145623421
-0.149294070949379
-0.125688873856141
-0.192024262071774
-0.204461477931437
-0.169476320520361
-0.165643835050453
-0.219523255236476
-0.170362179509003
-0.217247098048643
-0.182595737370926
-0.0462635308281901
-0.314696402573887
-0.264835114317499
-0.158461314170295
-0.071750299856383
-0.188308421784207
-0.0358269454625535
-0.218813633735281
-0.250600114502658
-0.0604032354840003
-0.229628822034549
-0.207304034471981
-0.116050607135059
-0.121867253791982
-0.205981021602989
-0.0478749879137136
-0.120782760164126
-0.0801272373663121
-0.257493905283527
-0.0751524677674425
-0.0473149197327032
-0.193182286482316
-0.208846545257729
-0.035790149242014
-0.172100618973512
-0.256348689180605
-0.285149323606868
-0.0588403949290785
-0.13764895971496
-0.105363318082988
-0.22122267360436
-0.138126391172291
-0.130193578029756
-0.135873894615347
-0.00944607405136516
-0.0755363877937256
-0.148186699870658
0.0247658473907888
-0.0948467307681851
0.0660932663715969
-0.222409648745376
-0.114060534926996
-0.0497857869760598
-0.022580845043097
-0.07050505749889
0.0110186750781698
-0.196696346506775
-0.0444257708937268
-0.117435325274551
0.035209051128692
-0.150906186331202
-0.0673179630556358
0.00944933903353036
0.0368067114021003
0.0870757396182564
-0.0772310492982551
-0.0763845376946179
-0.110179751074257
-0.0631549455189268
-0.0422151739161863
0.030905394990409
0.0333595807127617
0.0382569750229539
-0.0562573125342894
-0.0403654071290884
0.0421495516471517
-0.130979675397593
-0.162482190922077
-0.0916915265856536
0.0935218688492772
-0.0381865304621117
0.0135304673090381
-0.0210042887551152
-0.17351747832954
-0.229667930395678
-0.0288131679744391
-0.0253578097960197
0.152629316429924
-0.0489126344962182
-0.00889063408147282
0.0423964997026587
-0.123027047496377
-0.128167998488342
0.0718051361811597
0.163302275586635
0.0646007233452151
0.309003854150271
-0.0240174958834466
0.034033086341299
0.0050586656313854
-0.150125022117881
0.188157586350199
0.0175262663190286
-0.118014470658007
0.0635883837396049
0.0072147564662959
0.144315600442057
-0.084683828200611
-0.0784666657060707
0.0640177444166735
-8.70471563481745e-05
-0.057256250464866
-0.00786098692133403
-0.0439151715746661
-0.146615868972081
0.0161758423255034
-0.104079942548812
-0.14023962891352
0.0229656614913547
0.158203000114906
0.0684002953980635
0.0898879963865294
0.202002395131149
0.0683575564256934
0.0924874249300139
-0.0564370560765624
0.158874017572415
0.0847821520651286
0.0885935623202147
0.064136484955078
0.213178988374882
-0.0465604187347898
0.146698666538158
0.0841807591706556
0.0412215141592941
-0.00983037230493773
0.0761085082492918
0.119482954266076
-0.00211232407240281
0.102248522500781
0.0272674913917148
-0.0253939574653481
0.155506144869814
0.106749441412394
0.0517776203726472
0.0882546377500046
0.190271790679012
-0.0325235323147153
0.012333768369715
0.170359726227437
-0.0128503507760798
0.145847582927247
0.0175111635986964
0.0896320888487088
0.0800445294741603
0.179653808826745
0.0121797643818662
0.0513667878291153
0.160148322790745
0.156811909317557
0.102466495245426
0.208942253792645
0.142736844628722
0.188591791684731
0.117447240226018
0.100519043724933
0.16332865049491
0.0134559866989574
0.0817819945501854
0.0862872505283206
0.181335992159793
0.236681283746262
0.191116826269302
0.21514018568499
0.146986977346132
0.0452004234729552
0.205967406312279
0.0415823991568054
0.148787302209654
0.00525493108679152
0.27536037999954
0.0152986534298486
0.174389317740239
0.0929923447645851
0.347905447763032
0.017851824336349
0.119403712142674
0.22718507705474
0.271882979784067
0.165948111286046
0.145976347223325
0.234139983406197
0.233835492097595
0.224636753074062
0.200021634471742
0.0665674398201066
0.221868133280234
0.24099496003654
0.100384246971556
0.214724323691395
0.0593828775159446
0.153625617855829
0.159418355892075
0.400959439411958
0.318738940594002
0.231274227033107
0.168297551135051
0.265793039192893
0.0369547854871265
0.106068558046662
0.172067525114072
0.169456657315016
0.0683682688803074
0.199415728608776
0.200408536264604
0.0299438682249594
0.18127400339966
0.280088303488281
0.260405089286116
0.346880742586309
0.18637731308628
0.222800614737415
0.246464336103152
0.372973862996933
0.214636906419467
0.144187039367646
0.236957463459264
0.346734086674597
0.311122630044154
0.164000275952777
0.254264102848089
0.297394277647214
0.0856233929994281
0.372432270976867
0.365980023945445
0.270061737897176
0.272222200656585
0.165054308926571
0.244818213622763
0.19140453706276
0.198900615814349
0.31343364369238
0.282151259781483
0.297910664634491
0.245670906351965
0.352703479778021
0.148192101751508
0.276448320215331
0.367386327931012
0.332954534961977
0.305065740514519
0.453236806143212
0.303803089342511
0.276238693178294
0.35821035678474
0.377661804571595
0.361935921934839
0.226958560792144
0.353620047727419
0.341070445914196
0.26325885122108
0.370510496785167
0.314613286147335
0.333792880456112
0.273967490719332
0.279656747582889
0.325228663771437
0.312718783617069
0.404086470064493
0.366529540227187
0.310723832702957
0.292210639028279
0.395706585630715
0.408421654519179
0.339365249833209
0.188228821863099
0.370304830404047
0.373903636102667
0.253776644263944
0.338493200407535
0.320892961712884
0.302317610724496
0.41274401938499
0.389739182834582
0.422761932014439
0.395014826363137
0.280293707457617
0.268470683431113
0.336809977955769
0.310016420369842
0.323270994323125
0.358089525759963
0.393440986058242
0.337448229183012
0.526483367355728
0.541775708659577
0.431059159164905
0.46938763751047
0.352570186741639
0.420597328492124
0.560268755807741
0.423749899790229
0.460755557634313
0.40581560333993
0.345597377776242
0.458862753493651
0.197877505030663
0.265072477116027
0.413634744454859
0.30166237002371
0.442042268849267
0.508640854278624
0.543365779151137
0.278012916027737
0.535391594400435
0.43323026753492
0.372656664402106
0.423013486676584
0.361530848879646
0.378941822120934
0.326363450557798
0.649278355493447
0.371545381420033
0.64201703095651
0.567631118852024
0.37821382196179
0.392071917505667
0.287450781959057
0.415483399475523
0.46922411593518
0.576513810210978
0.417758971123492
0.533712630095817
0.408368633135771
0.425252276297203
0.500762228958402
0.429251930017409
0.45713742769384
0.299108772297132
0.376431886130385
0.44460333090333
0.45628605611904
0.404469194486765
0.428020776651033
0.580934584530345
0.376320641392536
0.545564128898854
0.538309872860324
0.477375093968815
0.645778183127701
0.462357669382278
0.59362204181472
0.548271212330238
0.604990662665507
0.414615361282462
0.530527109254895
0.475984752852011
0.528741752725386
0.563246212359728
0.567607041720402
0.507222881094008
0.482659089114055
0.575461737838679
0.558804495215615
0.566600868855362
0.468051968547106
0.63084261564502
0.403785678142699
0.492270286224143
0.424762255741454
0.57804152662301
0.528868810490798
0.506261590820791
0.549311932189547
0.658298563326866
0.601510418697254
0.48449601259635
0.423329464485717
0.48214418546302
0.564106517979709
0.650001116161037
0.527755114108798
0.585045187249285
0.674797339631358
0.54497871540519
0.505267623038134
0.677647785478267
0.521180422248607
0.542063524514182
0.675528329367009
0.638578524268051
0.314559107745452
0.547835096468132
0.629952796036515
0.50061268022313
0.691715865273288
0.683256664944717
0.476953387243175
0.590801448441225
0.607887406952793
0.587918309632843
0.484053445695011
0.540820306623073
0.541824329960325
0.717589339690597
0.549388162929014
0.451786206563479
0.665797557303485
0.491252208922531
0.724374775866031
0.699021563333716
0.66799681021256
0.598734604916978
0.666013756575696
0.604498292266594
0.717590974644415
0.659561047076593
0.53829290852899
0.658837742470515
0.741619761306658
0.569764944016898
0.731465896152076
0.631919994708795
0.673858315439504
0.591222137720706
0.774053591692564
0.665876517351334
0.68484770521885
0.663973888593726
0.668438159689176
0.595360786816925
0.7237226276772
0.740997334895989
0.75293252910328
0.790707027708193
0.599147416365442
0.686384061821883
0.631989477508588
0.691206270499209
0.721343550019661
0.774161335894197
0.817357264140386
0.726001426101719
0.450131468118554
0.643058549189784
0.632321497737976
0.689749001972776
0.626576605120795
0.701792826664715
0.657381542811729
0.723300708758846
0.706189237117631
0.747111465260317
0.779069862759469
0.729471709833475
0.806927773057401
0.80335185015548
0.734828188433687
0.684667182407583
0.875289826639759
0.639977059794388
0.63585337598999
0.772402052247879
0.712967101084816
0.589796323377183
0.609860314068216
0.610294482445411
0.66245175914805
0.730797256933994
0.705309009986978
0.733095824304906
0.684642863540194
0.616836989749924
0.71094025842031
0.842663887131922
0.645215097193254
0.735063209962944
0.661135362956202
0.713675807877657
0.803549800038513
0.79802630096541
0.838781584211251
0.718661001713167
0.858813119762903
0.72411623487514
0.818168427594946
0.731902246347073
0.824328349524252
0.923584212016533
0.739136440836969
0.793261398685393
0.936502614789337
0.892551951720959
0.69948058815528
0.835171382934747
0.825689579771022
0.747863993681349
0.841074758374472
0.803005832382661
0.844124245067708
0.736784470392032
0.698289460241037
0.895184929708584
0.765097325975295
0.68143590632126
0.654014657086824
0.785737087319852
0.970922546298922
0.870939968442889
0.831395471833271
0.873031030107802
0.989827282470683
0.761169410641508
0.766052595058534
0.8397976097997
0.761215878586363
0.836165633482094
0.928212288594406
0.941463624017325
0.830952803991983
0.900035491585328
0.821689205570404
0.767470500768363
0.821278728648206
0.81498269885831
0.760279454134307
0.762944055773869
0.785375552721457
0.882675477158583
0.987583292611773
0.97830856976187
0.951617302888418
0.803459767842259
0.815234659198565
0.89104439606461
0.969183861438343
0.755611919513787
0.906940665137233
0.813274934493756
1.04050533504728
0.885194058419038
1.12313296962641
0.834469118960613
0.932512336847875
0.893151157339403
0.949612048006918
0.888970067170072
0.818847609399302
0.918498156893661
0.968463280045159
0.909281122108733
0.819256809853838
1.168499075516
0.954816926404698
0.837931133099666
0.796357897731423
0.897785769876617
0.948158918205108
0.690042792477229
0.939806721874845
0.861628750560348
0.98941443208301
0.911463975094455
0.93813490769937
1.06767319175845
0.992838130223296
0.967678037075917
0.975960099925462
0.913915381561922
0.974818744532656
1.02394137678191
0.917987635669136
0.916004896224809
1.0155390007824
0.883194646931856
0.985894595075559
1.0292019461828
0.999265469167269
1.11736691596632
0.936923302708441
1.14303634419062
1.02640660226982
0.934568688153266
1.04990149350354
0.879259081477512
1.09076765381785
0.901775176720612
0.85203985135091
0.951138952156246
1.09426422769651
0.97167077712524
1.06918038687466
0.916907557013632
0.89675497681297
0.953748884993752
1.04683803446709
1.06012950095454
0.990482071410722
1.03266331581661
1.09283696334124
