-0.0617728486230542
-1.06790125103375
-0.945531093640376
-0.886373529999629
-1.03945884286889
-1.11233115413281
-0.916460070893345
-1.0251481297104
-0.960159377453954
-0.977018618738428
-0.922987188347498
-0.868861968267904
-0.930052696566171
-1.01451543620561
-0.976707114264135
-0.978074645863359
-1.05002811497877
-1.08962547315726
-0.962000527599612
-1.00799458365567
-0.881893805182595
-0.956459891069054
-1.15687415504379
-0.949432420826616
-0.881295950012271
-0.875447555643756
-0.980483463958455
-0.97828859688304
-1.01372633544342
-1.09194602955377
-0.960658952354432
-0.849559090067474
-0.909604314700683
-0.907996991711903
-0.92167704409078
-0.869804088332243
-0.844685792930249
-0.943251693498803
-0.854582859536192
-0.82687285760735
-0.829376210298881
-0.908591091167063
-0.873234620078961
-0.942951074637168
-0.942736625968071
-0.807775272438489
-0.878963480194237
-0.908042235425007
-0.90299102086656
-0.902160514504925
-0.933761289964642
-0.879002713822424
-0.877013501612978
-0.905863185574563
-0.965927616193464
-0.858918157564749
-1.0413096896961
-0.86588000895413
-0.932853020782637
-0.943773006990838
-1.01649327092205
-0.787950185354519
-0.893440287603018
-0.84635213613376
-0.760349190756281
-0.719278091990236
-0.865102155043427
-0.841198390302209
-0.85008147295073
-0.633662888108148
-0.940036844648346
-0.821596779682659
-0.808003654065198
-0.95881015093123
-0.899618555152752
-1.01023259309522
-0.878316083771095
-0.814598280234136
-0.897747644934344
-0.821766392477488
-0.790876824795237
-0.823576356965325
-0.780870709800066
-1.06906172237065
-0.759300410846508
-0.785318812673905
-0.86147402049223
-0.778922404396219
-0.981401490095794
-0.787306510267133
-0.784717760437731
-0.771709195229431
-0.933449373123791
-0.623268931639537
-0.837968870139524
-0.813293029714823
-0.712165493981429
-0.855324426797207
-0.84159225965433
-0.807064353513473
-0.790795042630148
-0.93998719734631
-0.861163313648949
-0.956324883911026
-0.767756730293504
-0.829098885773967
-0.648906031146048
-0.880707977987939
-1.02360418148927
-0.809962559932813
-0.839830855384817
-0.883700435234984
-0.753243240651551
-0.695450263883159
-0.816791612897992
-0.868577462155948
-0.745371356441634
-0.774900464377607
-0.676879807135073
-0.723461087540186
-0.773834554226995
-0.634847319189659
-0.772303549522966
-0.667884127445804
-0.673747269636663
-0.778504867535024
-0.614291151140753
-0.845136902231524
-0.770850642165472
-0.643553336655738
-0.857179443320756
-0.696566539835681
-0.930689039497025
-0.710502850811301
-0.729054861876879
-0.718681906626507
-0.802855985361953
-0.8280870093811
-0.716014697587756
-0.750842160578632
-0.587061447585257
-0.633254807877773
-0.751357162157446
-0.705459784542731
-0.575576629032867
-0.606787468456697
-0.599573410791341
-0.761873622435781
-0.660030218541876
-0.816887486135574
-0.747768890230895
-0.639615169720379
-0.771155387814544
-0.823453561331076
-0.663901148969572
-0.673833589842541
-0.726488339372972
-0.755253218192436
-0.682435432652053
-0.598254629164328
-0.838651657041572
-0.573067000925487
-0.689511891015142
-0.493038009665403
-0.695841096013207
-0.765041485868
-0.690802528303636
-0.561043876188676
-0.570573817558638
-0.690933665199257
-0.654543803473851
-0.772139101391048
-0.62086595469285
-0.640681344376903
-0.63693658985396
-0.693320958210076
-0.75344768470068
-0.684094382496999
-0.856485066566446
-0.650844312604895
-0.56288319704252
-0.798443225712169
-0.684195610412401
-0.603050331207011
-0.533326982072828
-0.613106764236468
-0.681242251359686
-0.626250661383133
-0.622401590107209
-0.565100198559806
-0.776544133570557
-0.613201499185188
-0.638235770346523
-0.682172492760214
-0.566062523984812
-0.545285078290713
-0.373495362716367
-0.61503468108419
-0.753225580495634
-0.739236847569466
-0.584453035094078
-0.761007682479045
-0.455796554811488
-0.616307731597836
-0.561816830241034
-0.539267992370091
-0.570964809984663
-0.768415315966451
-0.657954269242875
-0.48563805473826
-0.653695424533095
-0.466125151464425
-0.735902166876425
-0.526398374050055
-0.609450812252989
-0.531987376319834
-0.513865188841809
-0.517777643452757
-0.559308500448691
-0.46505882876002
-0.666412746831332
-0.540290298831712
-0.647174495771876
-0.572829015108266
-0.632697002117496
-0.521998031271038
-0.566761090758818
-0.463636136009593
-0.688338658317
-0.754942826073104
-0.60420948079126
-0.583214241916474
-0.561334801195648
-0.482645700312634
-0.674442788835927
-0.526797049031069
-0.487239752248052
-0.431969158369723
-0.603756983424205
-0.524679102068419
-0.602184844009408
-0.35044225096656
-0.493606105209389
-0.478756606166927
-0.569805831764832
-0.59573320088292
-0.512580830263524
-0.525371847908154
-0.346657161621939
-0.333940415718085
-0.488534487362324
-0.510698930563316
-0.5026589017148
-0.514605202434622
-0.442928765352415
-0.552155877155709
-0.420396100556242
-0.556261429419347
-0.43105814149167
-0.562302071274122
-0.432492208223836
-0.465294521094408
-0.314373385628836
-0.521143078103546
-0.416748919166987
-0.609092711688026
-0.604793343145941
-0.507021693864949
-0.612953794618358
-0.425570685623761
-0.411915612918741
-0.462018953914015
-0.387560312579263
-0.547369513391233
-0.48752231253136
-0.486811065537176
-0.559321290527297
-0.362259586355913
-0.463194173170967
-0.306508816433438
-0.508878426752316
-0.57462054727065
-0.416195665816512
-0.510397368709579
-0.495959464855659
-0.40768618408337
-0.41019901701702
-0.395508310822963
-0.415211043403304
-0.327131171141042
-0.379788317105525
-0.620378773825597
-0.440041458000441
-0.506902387953004
-0.431579835692278
-0.405672546645146
-0.389275673731446
-0.357835665615805
-0.482746037131415
-0.397959532845124
-0.413747208877843
-0.340573624002514
-0.42928989953168
-0.516986866601567
-0.475036405171683
-0.400447597850527
-0.246690729963273
-0.365440344313474
-0.312105681091279
-0.300087732642877
-0.421765865737366
-0.339549635155786
-0.300810975591326
-0.465162266297043
-0.478414280038912
-0.478126626114968
-0.229548751054824
-0.275328249803028
-0.266243907939527
-0.41302878113488
-0.43332367522153
-0.264305444961413
-0.338338803934534
-0.411596674279562
-0.467149147082024
-0.441951322421928
-0.394769930674431
-0.424623576930666
-0.404783479522318
-0.41208589612012
-0.16632211340432
-0.401159393364608
-0.295770035092023
-0.304986355170157
-0.425292206892327
-0.296465306526081
-0.43989168984318
-0.262917316744589
-0.190073544040459
-0.312903797961311
-0.400764324365754
-0.494909582447393
-0.352977249190692
-0.334924486900826
-0.385343067059945
-0.213168819785278
-0.244192450203407
-0.370189588411779
-0.146911046663085
-0.190491749794557
-0.355910379665749
-0.252853608414612
-0.192221223892161
-0.156156267091873
-0.40043255394362
-0.363859039370472
-0.1475525112107
-0.238012533108986
-0.24789778476241
-0.376877835624579
-0.330047502815461
-0.268901888016231
-0.361472936949347
-0.185703562450871
-0.231886783742759
-0.282095045402959
-0.183989890139338
-0.274888842784482
-0.162195295650013
-0.185901370408763
-0.239555970989111
-0.0491072456600081
-0.357754925454703
-0.265738656803834
-0.145296212465574
-0.196199335144837
-0.231771652594916
-0.350643811622614
-0.231956181562091
-0.340702769973425
-0.122046563748119
-0.22146500015518
-0.213604040141542
-0.304642786401528
-0.281784427116858
-0.193903977908381
-0.298254547307115
-0.129257240859599
-0.351025735109258
-0.115099441311971
-0.239394265763525
-0.182683077331
-0.137765651851559
-0.139921972228666
-0.283357676594528
-0.156989101460601
-0.390289528010421
-0.263584063413067
-0.26129967280714
-0.236314189068719
-0.0328809044297428
-0.363213782361361
0.0909012976620972
-0.226248004908096
-0.165727356678516
-0.130996840359345
-0.125304384246907
-0.105433478079911
-0.0350382147199888
-0.0630148426867801
-0.0749958744433299
-0.227548392466853
-0.135459798829572
-0.0816454482647651
-0.203398308389903
-0.0667947449160521
-0.252524685979666
-0.084450129884972
-0.053757595692354
-0.139185848940839
-0.0684610353662538
-0.0842689828522412
0.00302538833107474
0.0149091198788278
-0.129174933615545
-0.105425364205931
-0.262427745112395
-0.0479472868750269
-0.0614590578009794
-0.056225623943107
-0.165138995800403
-0.227189024411009
-0.118601420631045
-0.0999742998391348
-0.104556476498965
-0.0860278472895021
-0.259377794495719
-0.159664258382479
-0.0901449807234429
-0.271227733654735
-0.0589653466008568
-0.284067482247718
-0.147374096228136
-0.0904922652276742
-0.112709248657758
-0.210439328255091
-0.126886617713963
-0.0123457434814548
-0.0573602246734363
-0.0246615424288487
-0.151786375108932
-0.101488661334335
0.0262023830547568
-0.149257289483183
-0.164739848002506
-0.0399777579294652
0.00601688912096358
-0.0968563345504257
-0.0322770738163759
-0.019419004923684
-0.127339548638244
-0.113030973763346
-0.135407838609936
-0.214420740122185
-0.0839495035906719
-0.134754006943382
0.0946261687734456
-0.229964416326969
-0.043329078665665
-0.0703966852055496
-0.136804112136845
-0.0890127515563599
0.0688988904144517
0.0656402364520787
0.0432250838639617
-0.0997473984041378
-0.0211069477312354
0.0397536774358548
-0.182478502211218
0.102902862510024
-0.0368571755642273
-0.0748385717164451
-0.133774204788773
0.0512030694024328
-0.0219459314120459
-0.137292160148034
0.108957625452104
-0.0594845932087236
0.0157272516470202
-0.0668202575690125
-0.029830460826242
0.106921944911424
-0.094605679515923
-0.11349891231861
0.0340482395633645
-0.0385311029519561
-0.0431065957356322
0.200328333821729
0.0503456796893435
-0.0896568173210622
0.0629831576991528
0.00887981095202834
0.0872215408961408
-0.140054748274547
0.148096535443723
-0.00736133570304056
-0.0336044754656403
0.234242981291119
-0.0566599488506741
0.0272645751685539
-0.143310650501093
0.00807451721930843
0.0352633468318522
0.0724861705001634
-0.0212740850237287
0.00321495565236545
0.0792727878331133
-0.0612058252970853
0.190990033483512
0.165976648048756
-0.0463372275798149
0.0496603678668686
0.154740168025705
0.103572306250181
0.0320878571511215
0.0233209926453942
0.17334326377525
0.0658134727783297
0.267607609113121
-0.0368166022429811
0.0298044182994327
0.0527585953094699
0.0171023856426603
0.105774442932217
0.120216278754687
-0.0249180542058926
-0.00688793864748089
0.156634490692555
0.10295250694222
-0.00751771703472149
0.123306836874331
0.197255407129135
0.181924377929185
-0.0304359167003507
0.221961601466926
0.0723495600447075
-0.0432308633767267
0.0273291848443356
0.00142815431059
0.196074612289079
0.141631151535656
-0.00199596101194995
0.247448963496085
0.0275815840943717
0.00677585182667991
0.0823648642785556
0.0864410059768095
0.032501686002711
0.00157480859162953
0.132054000737222
0.100960402242637
0.177314967439104
0.126033000993942
0.0432154571320152
0.117110749311985
0.236361144880019
0.184932418331037
0.269258398715806
0.0684665188006679
0.206347122821605
0.156224816765127
0.202255306732542
0.0970903531862823
-0.00192824508963774
0.16048481175678
0.238875434353221
0.277574877717203
0.254004602017051
0.144702483086909
0.283498654816985
0.260013374435429
0.107980845235731
0.112369050595149
0.197466310575198
0.159758604465139
0.135337915065131
0.18310752680907
0.251944111453183
0.347993115394616
0.107603132756907
0.155190120532026
0.0516076944854147
0.191817056398621
0.105408472283407
0.19201358751095
0.196748876541233
0.0227378282391512
0.14656589929561
0.197664713782924
-0.0319264838789966
0.214462181574038
0.047829289138676
0.2133293374762
0.178730973541588
0.242294764368801
0.314876371126559
0.122063734927478
0.240709332352888
0.132681765952099
0.265097924724938
0.154832233992377
0.375041051284799
0.27356225963625
0.139119412883932
0.224969117698304
0.346586489908407
0.314085596014133
0.0989674531670573
0.285487984816008
0.349752687217524
0.268329513853744
0.245541713225366
0.295106508423238
0.319666266406553
0.249587420855821
0.24307656631152
0.233389042447553
0.256391978036735
0.288436154553896
0.280767265455319
0.10889441075495
0.356139608321035
0.263815582546564
0.384899080918234
0.344620825998935
0.155853453348366
0.356254212649893
0.185367897440794
0.234312016069621
0.27862712457584
0.379095447866057
0.249460979146619
0.252216889337645
0.309691811984513
0.368009566655436
0.483184368588624
0.49993068156815
0.151266648408376
0.362041740288326
0.393551084806163
0.307973329541502
0.207892626080354
0.139881826383699
0.195914570855631
0.231081593043198
0.227533554006829
0.402235591996626
0.208860158405419
0.453896188602282
0.202874572161568
0.466260153348837
0.350610121334256
0.311078460099965
0.310069257266004
0.342317440020751
0.193920159933876
0.103784455561419
0.375153678892456
0.383687829421593
0.339011142590689
0.401173444021421
0.357570090942391
0.313233537364729
0.483002953762546
0.190307352484036
0.425373657405738
0.424462525502572
0.18417089767653
0.429307972648139
0.402920428199736
0.332565842770541
0.260912571226858
0.398735766523094
0.506112342132056
0.299113225091928
0.345429105563817
0.433970462112127
0.40701925506104
0.305575166158954
0.385863500681617
0.516954396853211
0.276546677839366
0.350003955386417
0.340620680751545
0.535730297800858
0.307469919363026
0.460295351825401
0.337753305770007
0.41148246175968
0.328172429521632
0.30927467486664
0.438023508699057
0.461998722376874
0.49431556684605
0.458788960266965
0.294962882557074
0.363561808453088
0.421109024766201
0.469882201857113
0.361300555452098
0.487751552059142
0.45454386288292
0.346208722537598
0.365644889117183
0.333358527276125
0.471139550771651
0.429491922773089
0.284696248496276
0.589619080539058
0.323624515603208
0.461020781201219
0.46869312131166
0.400537322980358
0.41549413054444
0.468621958454719
0.338174777100702
0.485452908181683
0.440430797276802
0.44822464198275
0.458002379767473
0.530408031092954
0.50903313146151
0.545102680022297
0.413480044796652
0.479391302319172
0.502472351608873
0.533176740731561
0.315705733342042
0.481056452443255
0.402805401611691
0.579406902655367
0.626551674388883
0.499463599928484
0.508667446169083
0.472454305623986
0.495749317725868
0.509667972514523
0.547683407758599
0.519940653575766
0.517035760440785
0.507824136044501
0.407370219633511
0.536944947649624
0.457397155554011
0.53846704971673
0.505887527487305
0.361766970797748
0.554038810080057
0.412774742073651
0.477886925353923
0.322448475612818
0.378927059235403
0.547101138374245
0.687503278400836
0.51048186927521
0.509434117011973
0.481037659005584
0.491484000920193
0.57785664445086
0.495653825771319
0.631741643527337
0.451026971873572
0.798061906192465
0.475749379774068
0.528723090619822
0.503192703633219
0.51850833598782
0.679200972040868
0.542615618852389
0.402712377620904
0.568868313741229
0.550246565753474
0.53912483859778
0.493772839514427
0.600210839027051
0.571192670951937
0.727957328029961
0.660385115832268
0.522523880769987
0.431729504272607
0.681540225439598
0.508996145873897
0.586558212186785
0.679308494593078
0.531545842950922
0.480443418662226
0.621935100986934
0.562478786887783
0.547930503361434
0.662860682009081
0.629411333629612
0.658731876137791
0.585023862918668
0.751506916572756
0.764688619031977
0.614293476350164
0.688387962046849
0.657068072650809
0.478133578635904
0.720848830809214
0.496769574432169
0.581102109072874
0.646623489915285
0.683360229994439
0.639161264372147
0.55833639489096
0.820007146567493
0.565756146262514
0.670808455073763
0.705741175354438
0.696994762834806
0.633624138218627
0.612460996716585
0.498728748970711
0.736763042208798
0.684224830235365
0.647210311257925
0.585916084292258
0.740479902298913
0.604674701077257
0.829408909201885
0.650948374531246
0.71537001903388
0.561786206193598
0.434976775574521
0.682862183846872
0.805870637087649
0.536809249993476
0.767819966991066
0.6501495131969
0.569419861583772
0.705569583066406
0.522240552128948
0.7346517764662
0.776512833963526
0.724899796330301
0.608775384698549
0.826687195334248
0.86575289845843
0.528994436292992
0.6957977732907
0.577598990611967
0.703622186442057
0.777465327737819
0.793527027508963
0.802913848064187
0.779406652995401
0.552922864068653
0.704669590928627
0.55075380206425
0.735966849132991
0.859827427402816
0.886682824533536
0.730285344836742
0.766851169503039
0.727339011262397
0.650235002221871
0.826414381984925
0.76997027539209
0.599463040184643
0.905787406436563
0.812269722873493
0.749815217975012
0.721013031230052
0.743331304945328
0.760053450452921
0.787530132653395
0.712210985465155
0.772078685843427
0.764529702113291
0.814545874687604
0.872589474474882
0.807470424585248
0.750509917113629
0.725370963834594
0.6852546290352
0.694235877925017
0.768748223316262
0.747969833750236
0.687318620994718
0.776990835012384
0.821615552863914
0.921797824660616
0.689345882323438
0.974737651475919
0.714919972875275
0.874017115748997
0.686562093912788
0.725225699572391
0.894617278464185
0.949305808567999
0.831267208275458
0.767357459622502
0.824803352267806
0.66254442200963
0.732659602053453
0.668472936931496
0.691375691127581
0.7514984365816
0.874059534874059
0.786352192896073
0.850351684986377
0.809928803847301
0.776141604595361
0.801890576273352
0.726066880868444
0.71302430760512
0.921608819140344
0.653272291940165
0.711657726510189
0.881153965532644
0.928390293807208
0.777442824298805
0.809910843107247
0.927220148075024
0.951748492278592
0.920685884651536
0.77445880358329
0.82089691256901
0.895678802265118
0.968363123411055
0.944476437464559
0.928526427870986
0.791649672725327
0.873115528879903
0.780041347740874
0.915956489261955
0.9117251143083
1.12173827343963
0.801934001593355
0.854271934235994
0.952348130693008
0.890928057031644
0.85529069450912
0.996133252048219
0.877528495362043
0.751915057462366
0.846995588956292
0.720560673162328
0.984249206591713
0.798642769256243
0.898293288602179
0.992492324979587
0.736588399058713
0.857991937965308
0.957998028941018
0.924692322896152
0.82542781661501
0.934470272872701
0.806890347590723
0.964375732453974
1.17779203433076
1.02111510646634
0.97189120795723
1.01414772569982
0.873955371158421
0.888165631005488
0.904703763033338
0.897453891997426
0.895345624965892
0.925017473396234
0.862185171698376
1.01506326929115
0.973535046683648
0.965856765240778
0.989756083487866
1.06002097650911
0.769772043421672
0.927358324825746
0.946803418397229
0.899803642472558
0.925277165246649
0.969273166911367
0.981086118044613
1.05848670572727
1.07168001825981
0.873550498866193
1.007044299875
0.892589032833448
1.02228603201743
1.05538787973517
0.948403837787137
1.00383372915766
0.8496669365827
0.99619793264957
1.16777941017379
0.896698314523367
1.0064756632398
0.940305971683595
0.930593392422815
0.976891336345864
