0.128514157838948
-0.996429039190392
-0.951594355206234
-0.923416279171358
-0.976693901007602
-1.03279495718705
-1.05049025315834
-1.02559949985399
-0.88190072480453
-0.884706316482624
-1.07422582222857
-1.0648712375431
-0.95029979074796
-1.01872847498735
-0.994061862160522
-0.982111873160791
-0.949513332914685
-1.01760983766698
-0.812392915929797
-1.005324231601
-0.831829060055407
-0.791383330640908
-0.82124321621051
-1.03769129325396
-0.983862469181473
-1.00989750790834
-0.883783166945937
-0.896793595147678
-1.04986289335767
-0.828819571084118
-1.07618475340837
-0.941022024678224
-0.989587440427504
-0.979375054779141
-1.1744642615585
-0.874927773004437
-0.942306218560373
-0.930054663900901
-1.12679465104605
-0.997064286714807
-0.964067912759055
-0.845914532958518
-0.818333136016512
-0.727059997648458
-0.839556892204742
-0.828833123336129
-0.843859463388049
-0.970457670395798
-0.885205873008591
-0.938437420228622
-0.900951142449077
-0.916531204798149
-0.894153291128143
-0.747254936392535
-1.04074905929092
-0.693857324453369
-0.932958452493444
-1.01749899253982
-0.798026714797026
-0.832230285336511
-0.89968994998122
-0.806105393925429
-0.839296255747505
-0.858951645413479
-0.793651215836937
-0.936485820782928
-0.796029368524671
-0.703044053275769
-0.890365330039886
-0.76685420604266
-0.838500787705112
-0.90877395050186
-0.725078545415939
-0.793460635436447
-0.670697417250886
-0.952783712287138
-0.799130028604722
-0.761879808118061
-0.854445451458688
-0.86968697745591
-0.729025479572992
-0.815181492332068
-0.917947309979301
-0.775885809116773
-0.667556567757072
-0.80817125453114
-0.879254070539372
-0.761369395189787
-0.907363394067066
-0.830767977567243
-0.805657363722264
-0.797820050300519
-0.864711548760938
-0.922462155506204
-0.773983746592109
-0.748435056677437
-0.682704243356748
-0.837304893537813
-0.681314203732921
-0.807592489481128
-0.823969144208751
-0.82778009916954
-0.833213693261942
-0.87638096360508
-0.892836935887521
-0.793323156194238
-0.931298158351658
-0.718431862056293
-0.727179593211445
-0.737905528162257
-0.822314111733397
-0.736938460743295
-0.666720711877462
-0.695190046642844
-0.794295407524485
-0.725547942668781
-0.783427947139543
-0.838931086232897
-0.741704303456138
-0.795105736345583
-0.688600037928514
-0.813836288693228
-0.841219642869887
-0.593504899428102
-0.738507136478105
-0.727988052502104
-0.714707858817813
-0.784425429631599
-0.714786734001448
-0.729494851860001
-0.600145182186961
-0.76915972279191
-0.858687905569355
-0.77035558476111
-0.716080341887202
-0.72462378826318
-0.755797216479551
-0.625529879378579
-0.844215533469006
-0.623145077524265
-0.521259672609437
-0.682052447208931
-0.715637545300043
-0.736681346408819
-0.796309038567973
-0.66854516911802
-0.818548914687831
-0.572161234892044
-0.640357811961625
-0.685656825351763
-0.675652675167344
-0.640500129418299
-0.650781800707379
-0.747013993779339
-0.647423340422218
-0.743959227067065
-0.735774872270885
-0.673016359912417
-0.576770960528363
-0.518979113596641
-0.613413267569709
-0.544361699216893
-0.689441862764881
-0.658066745161421
-0.540889536057042
-0.606585613258479
-0.661256918942134
-0.580727272849971
-0.762574221933282
-0.567420720849877
-0.580399250896193
-0.634081566339087
-0.704282022420708
-0.604052536886229
-0.638746852799448
-0.667177805401284
-0.609768923200459
-0.709786592335064
-0.663400482595747
-0.506069358140734
-0.760410933313769
-0.49298760180411
-0.638661518055337
-0.725160214361184
-0.818332862893705
-0.56378156649757
-0.656446828788654
-0.703756425445044
-0.675216656511528
-0.566987018343848
-0.771185169528157
-0.733391700333052
-0.584911959784656
-0.539855887710562
-0.577469129353033
-0.546281638546572
-0.543441179785774
-0.721949453478545
-0.559925035549339
-0.657424939240712
-0.59674776728038
-0.601688741014567
-0.558511873970715
-0.53941903120116
-0.624348384448082
-0.535528029874915
-0.552794207378781
-0.574338384001215
-0.523113678989846
-0.471973868202979
-0.627710471482889
-0.601962295877257
-0.500955211984491
-0.451008067115817
-0.614374716621303
-0.5256883313087
-0.571255918034086
-0.458138454618985
-0.535964445015622
-0.512152485198812
-0.455436676018376
-0.596894699591572
-0.618114293019471
-0.642107298815281
-0.593460550109051
-0.587953479831255
-0.582868180383192
-0.480328642070423
-0.636647498359308
-0.482317907243233
-0.596175993311618
-0.527629718400502
-0.378870476366853
-0.541773778587601
-0.483976288446928
-0.610277829960016
-0.432412315743575
-0.428584220308516
-0.535626463464025
-0.488106423858379
-0.62292738336712
-0.549091867113678
-0.477154624598464
-0.542002354672415
-0.616997060028095
-0.660360737943992
-0.508120857384286
-0.497789574796461
-0.480815874154711
-0.322309739378493
-0.429641721457108
-0.459698550469571
-0.433986179180287
-0.549249417963894
-0.548693319102605
-0.536233183972027
-0.477646959543425
-0.483105873140296
-0.554284560962598
-0.496781259760207
-0.632563494059665
-0.353736108430676
-0.462027066406567
-0.383240416257788
-0.638705543891932
-0.490932899993873
-0.597442095910013
-0.511496699143276
-0.294128945465632
-0.551061592614727
-0.441709796781937
-0.460580946694131
-0.418562912403079
-0.658377076634362
-0.490678519099391
-0.477301807525109
-0.573681980395274
-0.614216449329198
-0.642555634096453
-0.613212170346167
-0.38228519913344
-0.338439340054925
-0.518039851620481
-0.405122471190686
-0.356577116785715
-0.44229405629323
-0.263181567346726
-0.450618360401272
-0.476914295011394
-0.465336708977454
-0.42129442653104
-0.399207800519734
-0.486074158968186
-0.389366333669827
-0.297933098051339
-0.480122441678465
-0.470726159371813
-0.478337348595678
-0.325067747619449
-0.253438382576925
-0.403619857611467
-0.42105626967349
-0.446169433953043
-0.393692657227855
-0.31152354617302
-0.363167243870907
-0.410843037745758
-0.592224783683209
-0.477756928887233
-0.330845858108116
-0.393108855411264
-0.30682574887384
-0.187634319858165
-0.408607080856873
-0.512785000475578
-0.44301304028132
-0.357516605120639
-0.38157662341017
-0.30224851916339
-0.422118743501952
-0.395223940065581
-0.436367686730652
-0.348875152792407
-0.263274082021598
-0.311416275106483
-0.314370730550673
-0.418061132787598
-0.124213682440213
-0.348566741331847
-0.474914407467809
-0.248408305860207
-0.409883498513649
-0.312105038665331
-0.222308348388279
-0.523576491912077
-0.220714191040409
-0.40990664864343
-0.25902938504221
-0.33773698843759
-0.350663533049037
-0.328546361376824
-0.365283881810188
-0.39057735117203
-0.329908827784808
-0.228275797909583
-0.303894666399047
-0.30789311570889
-0.331971091556777
-0.285037045489967
-0.334728325844538
-0.375495544380488
-0.372757153884286
-0.154371541345669
-0.186987138906638
-0.199863027054792
-0.252167647249902
-0.309005662438565
-0.25915675105763
-0.240168925928672
-0.282279535497826
-0.271711101079653
-0.285097222738854
-0.343259548651933
-0.288962882408554
-0.221895417843518
-0.255773725291962
-0.297107741661562
-0.204427834376214
-0.370239662169595
-0.297104495086692
-0.136179126992296
-0.22256177308577
-0.0901315297837076
-0.341927127767302
-0.193553316930651
-0.289911875220484
-0.238391696002261
-0.154262933363968
-0.165820295176819
-0.260643324978657
-0.220002906434836
-0.297053696787165
-0.383890605059302
-0.172879037609539
-0.30615017622091
-0.176315075331326
-0.142268087596681
-0.283771303335704
-0.121032666011337
-0.218186742627357
-0.206022350125336
-0.209131544136205
-0.224037133852241
-0.206865768808202
-0.215913761782879
-0.182904449537605
-0.21292220131448
-0.0530705593503341
-0.196830613292956
-0.180093175992222
-0.153723333449741
-0.127662562137403
-0.150382101545985
-0.224606847693022
-0.104273241665556
-0.315942761169052
-0.174885424958181
-0.278148094106564
-0.164828108446296
-0.159865152823269
-0.105302727099555
-0.264495439960385
-0.211830486573576
-0.174267428683377
-0.253602298384454
-0.0789107037091797
-0.114368107259527
-0.147911937310328
-0.275208801326937
-0.248352540757978
-0.0696252105875709
-0.0567650517395637
-0.271798714856881
-0.0743429266414432
-0.316416402144191
-0.0752165074840692
-0.163723606566704
-0.050966874504141
-0.0394262683195158
-0.145848873194968
-0.166370394314566
-0.181137149098292
-0.0661442950566852
-0.149615366890957
-0.0371526340437652
0.103243020950462
-0.056546458898609
-0.197451241859915
-0.176904836720836
-0.132527622745031
-0.151086672571334
-0.220038365264845
-0.176369215441061
-0.0862822596382989
-0.0379568067473081
-0.0155551077154096
-0.127708314349231
-0.150350247843331
-0.0101576616756607
-0.165089228947544
-0.137548011477819
-0.0320060787534165
-0.170930457853346
-0.0922161351278111
-0.0895425880730202
-0.0497118612567001
-0.0810112319996481
-0.076170582617747
0.054406841020033
-0.0699233885576857
-0.106942792507963
-0.0615614685465432
-0.105732957120941
-0.016514905941378
-0.104509143249182
-0.00117771687779352
0.00377065965864352
-0.0455107977508995
-0.0981067692420021
-0.197222887544353
0.148008045739634
-0.0387483365524131
-0.0298080107536162
-0.0877332075438258
0.0496810506249869
-0.0552128795300535
0.0182283931696452
-0.164204209536264
0.00333005151316923
0.128657534673365
-0.0907434147042005
-0.139174242825485
-0.0371219560198004
0.0721674972692829
0.0465787843024257
-0.132981255493528
0.0162620839318456
-0.0274632694839487
-0.0226886357509037
-0.0467523905598152
-0.050054481574694
-0.0231536739336714
0.103490933363054
-0.0889359221458977
-0.0464552445950583
-0.0339250028899084
-0.0319961150409668
-0.000433656652246369
0.0636572010821555
-0.194902381770066
-0.0108757906069673
-0.05355331602282
0.0455090305176477
-0.0430935608793683
-0.0942746226846073
0.0681280010220684
-0.0526748578026685
0.0852165984135469
-0.0125775371060204
0.0744594132250237
0.152843250135131
-0.0353135558036263
0.18630391518611
0.0373682348785793
0.054936426894998
0.00400571243896668
0.0639517606438147
0.100110999335388
-0.162911925706743
0.0167996760073806
0.00574167140571748
0.087823207466427
-0.042863924257665
0.254517165662811
0.0582839224994321
0.0760023054071636
0.17152320363765
0.133871097375045
0.0527654866541021
0.0595740132564432
0.0452100441070161
0.108780887093827
0.014605019984372
0.0738209517539621
0.0853847840378114
0.0868082740130471
-0.027951998947366
0.0690073771443291
-0.0142338031133819
-0.021393516924538
0.126500139924736
0.113326506343646
-0.053419114556776
0.00159401635094996
0.0598325680565783
-0.0187055683383548
0.0452797023550212
0.065025928707731
0.0687551492293212
0.165879233880262
-0.0285316962508142
0.137299313100683
0.00246528120172913
0.150448306723781
0.078094788492895
0.0424602380052038
0.159633344810247
0.329085364936985
0.111618644630837
0.123630495252681
0.196474246635979
-0.0324653830932311
0.0778761968152915
0.0819600184698448
0.20338716018445
0.228938868785612
0.167697252404887
0.147830783117216
0.027339752825106
0.104280132937704
0.176841831011049
0.213052030858082
0.147441373490649
0.0212908060228815
0.0986925382654921
0.191253907281614
0.212356891418987
0.114972461441085
0.212411058830727
0.068188802890329
0.340593442212168
0.0500695665492206
0.163054125975714
0.160028000415748
0.261998619238552
0.156892781080764
0.0746711083615316
0.17023017260579
0.271022095512199
0.220917688637793
0.265093514601987
0.18469373047626
0.173650402078351
0.152104156326832
0.0199725731051466
0.201688417181655
0.126750239225953
0.0765813911140031
0.283514281891662
0.165231032417169
0.215663955013629
0.170174092049366
0.185838104970778
0.175379816766891
0.108115985308113
0.218733638300451
0.309962734979922
0.181273217615725
0.264690210224542
0.169402886995549
0.149294152974422
0.23366738427771
0.111479422907315
0.195713661760687
0.308556756849804
0.147031481888396
0.266138466206008
0.264161000409499
0.284600541850163
0.255706922398278
0.235936569777521
0.381172173562583
0.192087874290689
0.259434363409083
0.214174162640121
0.313270125648487
0.316082337446693
0.251756168432187
0.16790477348821
0.1798284401336
0.0342343689764845
0.194478781659261
0.303135474109927
0.319461077001499
0.152664605549753
0.203908022162296
0.375958011495601
0.371713630039102
0.303818258880587
0.18040067184271
0.365632452154575
0.26542400334175
0.167638435697708
0.459454123501243
0.22022900976351
0.221649804540165
0.266775020009545
0.212109878293045
0.26286878483418
0.218939602984683
0.271232252229021
0.343704820117973
0.298662748953598
0.227583358630443
0.328105211291966
0.345656738384421
0.268611657976852
0.390261910725312
0.229950066747501
0.230253254023799
0.506790561060676
0.382159835682775
0.40492787854198
0.347230796778506
0.231218017157012
0.215385855697564
0.324262854706602
0.284767913084292
0.378182059225991
0.347609226756791
0.279383130554119
0.413701199728656
0.375068913992062
0.401959899572762
0.405562634982214
0.420632094657785
0.289592293807661
0.315838322544426
0.274460381338818
0.247699694404661
0.498802215133844
0.327958444416932
0.359275938869426
0.185131173649148
0.181753533919802
0.342040766560224
0.357137926789245
0.292493429327885
0.240137606163877
0.339314584713199
0.397902506954402
0.39440170042456
0.291693008633084
0.412842788734576
0.325602299122392
0.341002209523884
0.493788793180776
0.523435001101328
0.378234050093157
0.534555438810636
0.225227104350393
0.4378550401238
0.433869813929034
0.465379132254674
0.430841792983079
0.300710425573451
0.504769404403304
0.381666569132698
0.590836796596244
0.43074756363718
0.503527763205722
0.596931660863163
0.415280196517646
0.421323342193879
0.379882985487802
0.374943998679693
0.343636149366808
0.298937826978041
0.535222134836548
0.360193017972551
0.468598998090451
0.442274391076596
0.415072236631647
0.397914269271221
0.31370664725587
0.236178600624745
0.3937454879441
0.251735353582998
0.421277633524283
0.394453574236009
0.446389003055646
0.375471657918041
0.459309396929877
0.489126729957532
0.372503839629273
0.331757099460484
0.529958042284861
0.466099688930574
0.569023683178514
0.568198529529599
0.554632274890786
0.572682984044018
0.422721025046827
0.630516790711208
0.343128316727461
0.573502835866477
0.484862694079273
0.439927306769712
0.488031949897308
0.416197892679413
0.413510411312799
0.56122168026878
0.533143290290447
0.584671688505497
0.405302052467198
0.449774282477755
0.416846276790245
0.363318253244331
0.65227236513787
0.453593946752671
0.591895118760551
0.614789155519771
0.565642671784149
0.458530683190175
0.611516869535145
0.457117497641249
0.559946905582639
0.68269809602163
0.609464942142141
0.6374238956603
0.541010416618402
0.346504665498603
0.60371794190114
0.539224516316583
0.620538079315791
0.514413466619622
0.418873507047127
0.503476208025274
0.611801785180652
0.499366090357898
0.518785017235063
0.605271722791932
0.50431229490876
0.367413120944621
0.489275948029375
0.575622996522855
0.574961328603411
0.517417356215335
0.535362425577491
0.596722863201795
0.750245625930968
0.739033138741066
0.557875491036278
0.539773799010077
0.391883077280508
0.49883922876293
0.607135712515441
0.641660513793781
0.658524156912594
0.515536213364303
0.556707556098454
0.652539191348569
0.652928961012635
0.514141690910896
0.600186554815
0.556292562281242
0.667638720521126
0.602008417406737
0.532019273872468
0.614741961152373
0.627213316015555
0.622548624464899
0.50119426545043
0.700299544707981
0.64824197141916
0.674205909819708
0.684781670558498
0.651338760574334
0.53992379592998
0.730751124912968
0.537722409295195
0.650724275349442
0.67365088714741
0.596851907051244
0.718472006482865
0.622543636402173
0.651347884888482
0.528232515611486
0.700896497764817
0.654143883127335
0.663296388620179
0.662549219937283
0.707741584679611
0.78038366224152
0.716204172722807
0.705421532160362
0.730219520800117
0.649909905129204
0.67079597222818
0.426908961334536
0.669224527005126
0.801146951682936
0.724754908347212
0.61689337619436
0.754721662931067
0.566145162623689
0.77810680307387
0.614410259729681
0.652000995433737
0.621865038023448
0.632015064004214
0.676787041198295
0.685525620346499
0.822498274860609
0.828859117111749
0.759652275234805
0.807368513099369
0.667299904554396
0.712026304583944
0.673019389298422
0.681387235095935
0.760806833864855
0.720012986930704
0.66169521563326
0.902160582950619
0.706790762704019
0.689975657665619
0.81340012862084
0.879122019186763
0.751143634223259
0.584504176928659
0.599669828071406
0.643033591156798
0.817801154627418
0.790134767823194
0.676063771140914
0.673834150992734
0.66660677256607
0.849894684670838
0.826317157309543
0.729015517808198
0.728782976675907
0.824702152253452
0.839181786771201
0.716691373336281
0.805996561469762
0.849869165945345
0.585154086370757
0.673811622452005
1.02577852050655
0.563504122877043
0.751178865876123
0.870630500444648
0.739747391194679
0.915659288131498
0.746802552212495
0.740899352279273
0.866853398756972
0.72568849502151
0.624544391963521
0.801403339997959
0.809192426907257
0.766647714000569
0.872382325153406
0.724495163244671
0.90354934985661
0.948616317629974
0.890056453407998
0.893214199082398
0.730410251931551
0.870335785793467
0.710097023830761
0.851127455631302
0.876134748807017
0.897535578051639
0.782819769570311
0.751949196178081
0.901942745380214
0.761330462038644
0.951375066540167
0.849931277048417
0.882670064312502
0.821686111807429
0.815716439817325
0.762084272071585
0.877987655725156
0.783983609315329
0.789545491900472
0.78559476343916
0.796718269965756
0.82429727618315
0.764940762299921
0.763327068774027
0.891664334882604
0.844177028080311
0.852785292714896
0.879150400495947
0.889820674159532
1.04495213885017
0.899167064595725
0.755070643847198
0.751708596432384
0.930980302419871
0.851319780245703
0.913622822634008
0.774067860064753
0.867350334325715
1.02413561113121
0.983025264434026
1.02905576785548
0.97582975426045
0.787487717384085
0.837493747427156
1.00161648694601
0.811434304603124
0.964206733220522
0.942919759288599
0.934574091457994
1.03114435402095
0.850019567639304
0.822943104437824
0.766820847067531
0.941034965971345
0.936029793880637
0.916343814996404
0.87946051378774
0.852347865417164
0.970682708480638
0.914391784065741
0.944384670259932
1.02950839729493
1.03650690679673
1.12228538537005
1.08158392741547
0.915534959918192
0.884189232073209
1.04517983806042
0.871758898797317
0.947476266677775
0.81613430419958
0.898055777927622
1.07118458828909
1.04912556247738
1.00981412944417
0.861428125788063
0.964326258458225
0.880950343189068
0.900894220500681
0.963825965796799
0.999453281949533
0.924536645953177
0.954581086585774
0.993676755743368
0.876224263874308
1.07693385909081
1.00107510935907
0.851450176839018
0.951707102122227
0.913443894701229
0.987778703377399
1.11387527991911
