-0.0575456915252073
-1.0536320378276
-0.948295320792712
-0.898192309370966
-1.01419125187614
-1.13373245278852
-0.90067355970116
-1.00631754208881
-0.95483902173569
-0.984673861833779
-0.929083953784467
-0.86346728910705
-0.959024293547804
-1.01158217328245
-0.965753461863687
-0.943584802306097
-1.03701745273695
-1.06077486389693
-0.966040084663001
-1.00094000692713
-0.890892106420236
-0.957501677813513
-1.17809233635032
-0.937954906588444
-0.87657386289602
-0.86543478813901
-0.961252090248061
-0.990464335266201
-0.996496863988478
-1.10779428703906
-0.96666762975612
-0.838948286788171
-0.9128776006801
-0.914837009949952
-0.919772090703111
-0.89035963093497
-0.836226054751158
-0.928768338234049
-0.875450034397607
-0.81566002805309
-0.825814357290462
-0.910021519435842
-0.875064893927181
-0.946490937450198
-0.937556130091691
-0.795959723202753
-0.910122170433424
-0.902359214690203
-0.904805809258424
-0.908371067067156
-0.94761780583876
-0.863794439653176
-0.859564290496042
-0.908508823327102
-0.985275773686476
-0.850851303465275
-1.05841229776485
-0.884700361683424
-0.927610093744168
-0.952268556558207
-1.00674261651091
-0.787616173291541
-0.919463930830948
-0.837541057946638
-0.741510866622945
-0.71875497416812
-0.897317856390233
-0.847785774015408
-0.839919534750778
-0.634887458582364
-0.922166897471204
-0.8053582659314
-0.808713219070355
-0.947941682931231
-0.897364695765721
-1.01296446706611
-0.8746851391574
-0.809492067574197
-0.891293942058055
-0.819977040340685
-0.782793416911692
-0.828910973358309
-0.787201397166518
-1.07854292932514
-0.764322931728915
-0.797439758404234
-0.849977454180958
-0.791819727986898
-0.986851064982509
-0.767131957053902
-0.770708687006488
-0.760602319453431
-0.915179595137939
-0.641757245163311
-0.84487967685375
-0.812396494155808
-0.740961245912481
-0.836865881717843
-0.841166789220627
-0.811801886895121
-0.806954570275741
-0.927849615583061
-0.870727500569904
-0.946290914459911
-0.765063807216105
-0.861112218626842
-0.634247405515878
-0.879088652986519
-1.04822473534427
-0.821109831809067
-0.827854692742769
-0.874958277378588
-0.758908038135743
-0.704562541843543
-0.8217149811678
-0.88221972967372
-0.731624142785309
-0.786490669471471
-0.6719816313834
-0.699717094159913
-0.754353064080082
-0.645516761122395
-0.810880303385703
-0.647559735123246
-0.637223083758738
-0.755503656765558
-0.617406198465299
-0.833886005914456
-0.767423395888242
-0.645805000563175
-0.865549097674194
-0.706415933393936
-0.918490081595283
-0.697460150633212
-0.720402094100496
-0.717515556531402
-0.807407824535265
-0.814346347471511
-0.721852933184519
-0.752807820522384
-0.590450955218741
-0.636527300466613
-0.73750353579188
-0.701314752405261
-0.589866173049536
-0.592486046421094
-0.562748586729632
-0.7687337761109
-0.657790276076533
-0.818391390901636
-0.743090482914382
-0.660061219718031
-0.752667199807515
-0.82167484702238
-0.673852466794153
-0.672708887606784
-0.691417840063386
-0.761256535936275
-0.670523675098505
-0.583114520188034
-0.8127039961264
-0.560316293418879
-0.693019414929567
-0.495550997348732
-0.701987529004139
-0.740180348358742
-0.68801544694904
-0.584762452713658
-0.572645275013598
-0.701644307040885
-0.653452199064427
-0.771698515508179
-0.624485242999322
-0.637233692765933
-0.660371084231754
-0.685997394299474
-0.755649127124092
-0.66849193618228
-0.868724713728937
-0.64136629018093
-0.567841762180377
-0.800820520645412
-0.666121430668163
-0.610627953519899
-0.548766090524991
-0.596688628130504
-0.657101599166893
-0.616178565049023
-0.62385887722851
-0.556567433496902
-0.781492575024849
-0.61692857182608
-0.628690297892319
-0.694688117507899
-0.573571028291406
-0.556236148281171
-0.391128372927865
-0.594459331761088
-0.728700531137196
-0.748899589200795
-0.597814120269258
-0.765508056669181
-0.484293938088195
-0.620761502774437
-0.585321663950157
-0.542939900188019
-0.553809103170784
-0.779636299142927
-0.648439642248854
-0.453136295419949
-0.658833983427505
-0.486231941577176
-0.745169927889964
-0.549300543007253
-0.617638895620159
-0.530830420655799
-0.520322670597791
-0.517055173057045
-0.561944995435788
-0.494318605303837
-0.665373125267484
-0.528421446076483
-0.635374012945702
-0.570610290351365
-0.647845913622714
-0.526468286261082
-0.565871885496767
-0.474720512401015
-0.703200910446508
-0.773075125862441
-0.612122397550543
-0.600646318284713
-0.579673084247195
-0.498906843380429
-0.64259569125964
-0.521468833666692
-0.474855206055562
-0.431824858418868
-0.601574754800377
-0.521151468653901
-0.614799007749925
-0.36763060924351
-0.514123799285788
-0.471897348891856
-0.554312956818714
-0.589813945103589
-0.518025470481272
-0.507226107469637
-0.349884512925663
-0.329213032955404
-0.460452379452994
-0.490513205826353
-0.508660752956124
-0.521505277832717
-0.424504539246809
-0.546774306182531
-0.411829939741896
-0.585035371026263
-0.411013723393851
-0.556469858735795
-0.438440118578083
-0.491923066499862
-0.324950593603878
-0.51400217602676
-0.402724561679494
-0.616770597273663
-0.607979760319335
-0.483139231140366
-0.598805414522208
-0.432095294181397
-0.42588758717527
-0.45171561132377
-0.39101699806264
-0.546488770966865
-0.504769634116277
-0.493179485080977
-0.566636279328932
-0.372027821544562
-0.450200793361968
-0.318272224312022
-0.511813357413817
-0.566331075361112
-0.390228131899144
-0.485951952033451
-0.501650033145476
-0.428645901981274
-0.429644039145439
-0.415747895037958
-0.407705785694365
-0.34497984282317
-0.388893439997545
-0.627445993559557
-0.421369487754173
-0.506595453271899
-0.425704386478103
-0.414797276133591
-0.381219622959892
-0.366562678083408
-0.497095827318432
-0.425208700042112
-0.393547943888089
-0.353613428561993
-0.434175662905354
-0.515610745980994
-0.487871758561715
-0.395266583158926
-0.253411262621351
-0.392978838123266
-0.313024197546294
-0.269729617896416
-0.434417553682454
-0.336780797624062
-0.294718429586778
-0.453769443277438
-0.49090058084842
-0.468403913430641
-0.219762475191193
-0.285400537534278
-0.27748293754435
-0.398609842618691
-0.443087864097421
-0.266449457587839
-0.326158327409252
-0.420507763123889
-0.476847100984128
-0.446137769559428
-0.411993115153012
-0.420832784038584
-0.40332068786993
-0.410981942662337
-0.183002463186618
-0.401538921156309
-0.320110980299159
-0.303766993379079
-0.433273978493063
-0.299000873721149
-0.457372277472896
-0.262982222668946
-0.173403468866533
-0.33058051530612
-0.403345760426181
-0.481190032941731
-0.357563276743713
-0.332206384460748
-0.380931830207731
-0.203150774542629
-0.247139561669842
-0.370638250609066
-0.151573458368699
-0.21415040866039
-0.348376827486327
-0.258171175124582
-0.204403750549523
-0.155947591554285
-0.396829368498821
-0.365091618456734
-0.146350605903983
-0.243308059866213
-0.257075719246367
-0.376927670116389
-0.331736352880463
-0.254348071890331
-0.359791366310874
-0.207944608933307
-0.241013541680171
-0.276039743224392
-0.203895027696451
-0.26505001640782
-0.13565465149124
-0.199106195003305
-0.268289419196643
-0.0455842153664381
-0.350604567970984
-0.239289356644524
-0.155356627362184
-0.210596935013841
-0.238174252163223
-0.343835139465454
-0.214049736643668
-0.349390864189247
-0.0995673513230829
-0.221910120518466
-0.204642146237343
-0.318127835319517
-0.255944131652136
-0.20307010570125
-0.287665042046992
-0.160703636480055
-0.331147789526732
-0.117684499314143
-0.240268817304609
-0.177779570854826
-0.132354227949587
-0.143098629572213
-0.27541442161702
-0.171609164080894
-0.393764075224349
-0.263953441653987
-0.278215934574386
-0.215356426854679
-0.023161291061352
-0.37427528585019
0.0714536888167715
-0.217769217868052
-0.147767584974678
-0.152069460691438
-0.145762078759482
-0.11619711537215
-0.0638429632170454
-0.0588274840936327
-0.076669392814302
-0.24351850477312
-0.116189872766716
-0.0910865147973478
-0.211790909614357
-0.0597281845116737
-0.250937345499773
-0.0720328549750417
-0.0585623418488646
-0.146242834167367
-0.0690546580909871
-0.0933815569299058
0.0249367130602867
0.00168337155078046
-0.12921869816572
-0.0966430171416561
-0.251968068112935
-0.0612423959521329
-0.0744826592466272
-0.0564905791908635
-0.175591668485049
-0.239782144910152
-0.110674366302685
-0.108893127760646
-0.097431723913214
-0.0927334272767882
-0.262776144522597
-0.136238258124347
-0.0893495081544515
-0.251908577335232
-0.0452023629272107
-0.302177374652397
-0.136881195703044
-0.0906335528988332
-0.0978251095186027
-0.19546205826526
-0.109809569328788
0.00529744297874649
-0.0834134190160444
-0.0425171388125881
-0.154219074351028
-0.0751301353200653
0.0606435967597698
-0.177623039373873
-0.171688487189553
-0.0413482618526254
0.00263733154534295
-0.0886864171862299
-0.0483061450275994
-0.0233309285128763
-0.111984317737937
-0.0965246050122908
-0.15206847483408
-0.221507876018982
-0.0884418897085011
-0.13170462814728
0.103982464044406
-0.230381646956081
-0.038224236407552
-0.0665152388264718
-0.143113424996807
-0.0789025398095814
0.0814404296482096
0.0703090732049367
0.0360920654522599
-0.094094871051776
-0.0282912864230487
0.0217687396997911
-0.160860386754216
0.124587598835
-0.0550788191794481
-0.0725850114200784
-0.129414870809831
0.0491280293968654
-0.00711448345639933
-0.136606977838012
0.105692908796231
-0.0768592488783983
0.026169944256031
-0.07464919673721
-0.0244023220283135
0.118963832313217
-0.0994928987089382
-0.0975145362765947
0.050657846276133
-0.0309192460343834
-0.056107735559572
0.173295333433062
0.0507697579312709
-0.0838252470526598
0.0829961093408679
-0.0090926597627819
0.098633151959337
-0.137665412103459
0.127295219048837
-0.00727649256508815
-0.0319796547356299
0.209086785443601
-0.0476272934119259
-0.00628503256250593
-0.121911336175355
0.0134047645956711
0.0495453143417919
0.0841431271551507
-0.00755402854902856
0.00141646950110351
0.0623669258806429
-0.0550649275774501
0.20070603185121
0.188716349642328
-0.0346762749187392
0.0490751199618083
0.150587787179029
0.100240909275425
0.0314116343748918
0.0299115377463386
0.145613448620593
0.0694229843398958
0.274609889858804
-0.0108707928241434
0.0138563021094445
0.0513268357000615
0.0243481521817127
0.0934889466837177
0.109133042354399
-0.0299632306419622
-0.0365447821835507
0.14960179083604
0.0973719722967743
-0.00587559146210344
0.12140600250993
0.179026308731817
0.190462019854415
-0.0186883649759902
0.222927342298881
0.100012091755371
-0.00763275741621378
0.0368721288249351
4.50914018855469e-05
0.199218691598104
0.146495054827571
0.00604034540242614
0.252717461091127
0.00581016857824106
0.00286263563470401
0.0568049486023335
0.0924153342173836
0.0789979105555218
0.0236010687402879
0.103452288269819
0.0945571361519379
0.164907052166811
0.139833746767035
0.0499771977805614
0.12081948619823
0.220167601203336
0.197840621934733
0.25966739899142
0.049311348234192
0.209290265861665
0.14972030780971
0.220592534535717
0.1299349555373
-0.0218190924336098
0.158317769579083
0.26721603919893
0.291608940749912
0.25971936145723
0.115828189325224
0.253784652726826
0.282506538652419
0.116490929411519
0.10812067662538
0.218945552832616
0.153977434164472
0.119054509442374
0.179055605029024
0.262288086788822
0.343645068983325
0.100734637906654
0.123642978130087
0.0689847635631342
0.212915763497101
0.135977189728959
0.177196323897942
0.17688827542546
0.00567482245074339
0.121723186507314
0.204930309374992
-0.0239495350446766
0.237250682717039
0.0704726910749346
0.184082742677477
0.167650031999175
0.218931490257974
0.301807841371591
0.118457584814592
0.25525503664877
0.139282546122789
0.261329509167068
0.170628020928924
0.344242931559317
0.249352639360671
0.153931330543687
0.225077582525011
0.362369194039884
0.305022867898541
0.112891591337278
0.299436207602378
0.319809387560962
0.257945298556907
0.25518576096165
0.299023971985031
0.33398165789697
0.231966115968674
0.251118725349567
0.238599268189199
0.251123215974158
0.286000938900792
0.272848618570672
0.116762856160264
0.345458673862634
0.282904430085503
0.390046291125945
0.334801512779325
0.15967487241552
0.348370727279679
0.200154420276563
0.243372999878327
0.287935911177005
0.38552780333238
0.230568671540448
0.263708960232419
0.32331530227269
0.376651291268107
0.486614331764298
0.48581808437296
0.16396840861194
0.361663468509118
0.378357707186362
0.324350795663243
0.183980527060759
0.152154683147926
0.210357955983335
0.236007159289833
0.22496821381681
0.396084027358708
0.23116163722021
0.452309172180917
0.204264897671987
0.451201053415521
0.365248245185157
0.298191565084497
0.310196507696389
0.344206386732955
0.197186792416489
0.0925731933394803
0.395797003383675
0.379668984068876
0.347315288741285
0.405100526274033
0.379059043340457
0.302669009412811
0.493718291068285
0.191895147442954
0.454096093690455
0.420212279121503
0.1918120790709
0.422629206647226
0.404561780186285
0.344277696087966
0.269941728763248
0.387617976145762
0.479047921940281
0.285646539402372
0.349464963202605
0.408845295237281
0.406383707965571
0.312132405329812
0.385622544491785
0.515938170792961
0.271213599826581
0.351027604977327
0.356159697839548
0.53226709300897
0.313251160621417
0.448037710237483
0.348586143280477
0.425690573842227
0.349022676632253
0.319924070010031
0.444202042673091
0.446927317400763
0.494613745324284
0.446627192263097
0.311967325432057
0.342876272958107
0.414190614037788
0.466701640829228
0.355919424355256
0.488813046833966
0.432464544859357
0.356729005052274
0.392946551062876
0.342296419480006
0.4884877132128
0.442511445606063
0.295052928269757
0.597750095145041
0.329708050701171
0.453875273177942
0.470239833516101
0.375461766145035
0.393115478357706
0.446095396978178
0.339483442735803
0.4704661142306
0.476125448928493
0.455336248772491
0.460235535408012
0.547369483224459
0.466447115405295
0.542086201068868
0.396517401340813
0.481693438912818
0.507672996968496
0.553676752530302
0.303192522919143
0.460935349951184
0.40414817822971
0.580941779897823
0.608256207152576
0.490725980708181
0.521357643536766
0.480981968641901
0.504888541429429
0.503918408048717
0.522250848514772
0.504887599642256
0.538600237221095
0.524873993904584
0.404011092777913
0.523935175697243
0.466129024377779
0.539698290329079
0.505417043263522
0.337630732780313
0.576702617994676
0.44319927969487
0.466254360088127
0.326812918126224
0.388810886985916
0.547388038277525
0.672392737788451
0.537067418408978
0.51834172883224
0.467088227339908
0.480531789019188
0.603912864162101
0.531469502854624
0.592670425288588
0.429956080948915
0.7850378241986
0.460765898618732
0.540695717074905
0.531199505055735
0.507219848106498
0.685535960345155
0.527056633998252
0.393212110957376
0.577485722041331
0.557057664925818
0.541355336180491
0.489477544868569
0.62279786394485
0.553472157976614
0.728787114416583
0.684822241592803
0.513679219324962
0.434583627475958
0.687825897644851
0.512779511304027
0.623125199542368
0.667585869198684
0.539693498463437
0.467304637235701
0.641715724609107
0.586409467202372
0.559272616188068
0.689699136851308
0.643893537906024
0.638070473981452
0.584348968004259
0.741150412952488
0.77714913387588
0.605624275696725
0.683061997002223
0.660057767881717
0.477739668277998
0.720128912122004
0.523116358997348
0.566356761455168
0.659040214323348
0.680397675410317
0.637775354799598
0.565373897986968
0.822391084759112
0.555216165132148
0.667500248063493
0.706507585718646
0.685074753367089
0.650477579773287
0.62427604698172
0.505878298613685
0.730445923902435
0.668087281413034
0.654142730320025
0.563908396130957
0.760388839916733
0.601574558550675
0.824650319181256
0.671339170726337
0.736609395024598
0.56468875584342
0.456367539314041
0.682659105561975
0.789940992320352
0.571847886541059
0.729985875845392
0.652761780941444
0.568724580131073
0.721107515829207
0.516274490808909
0.733633055484729
0.800003365594717
0.737851480035274
0.597540628048529
0.82889448888414
0.85067390778662
0.536234530316177
0.697002146688376
0.570067757570656
0.688825292573135
0.768984774182181
0.801206477112883
0.806032110262945
0.801436805627238
0.556326548158971
0.714633697054135
0.569290256957418
0.720522819764777
0.88350518162566
0.875405188123938
0.71794266468745
0.785878606849669
0.714319204888153
0.645462467636765
0.824957588031846
0.766581763076966
0.590442181045273
0.925446106315335
0.818507898224517
0.732542385788851
0.731590869599563
0.736203325398082
0.744376222790546
0.765238990602876
0.715847394747594
0.769458157579963
0.780142731993666
0.803741484745123
0.852306506721371
0.810024081328464
0.742784485110599
0.742131014439337
0.709255742071287
0.700986665196273
0.748696989228576
0.756202654715131
0.694659346457359
0.794294200920607
0.811738632974128
0.938770561964471
0.68309320463752
0.968712449579767
0.704038111789355
0.865614725668971
0.702025603468217
0.750462553550629
0.876156047218347
0.95560681969411
0.792218519605196
0.790609480549662
0.817549732474447
0.663146947825049
0.756879720816838
0.686947636821034
0.673880253996954
0.747815552199544
0.850088787354508
0.772500417930902
0.840590799550962
0.836317445599949
0.764581286234798
0.786163425080358
0.715068426392537
0.716429950714717
0.928711438255868
0.667001187353796
0.732982401882511
0.894594174776345
0.939327769145339
0.76567246429697
0.79836107843664
0.94738743614822
0.948862938426725
0.907476374826255
0.771474562322205
0.829211026808535
0.905569151825349
0.961449529665088
0.94316591627321
0.920383053182336
0.750559775193618
0.856417766159143
0.745768783675809
0.925835766480504
0.913477761459129
1.10799642305591
0.804560876081623
0.854366628830065
0.933597481713437
0.879196880472347
0.854432313275039
0.979634747058062
0.894901760695694
0.753350131103432
0.857263370528815
0.733832268989941
0.994329339085319
0.788239158600026
0.894989351706285
0.994357037155955
0.74655073686491
0.869527322034743
0.944802879441021
0.917026124061644
0.845448321994711
0.955804737359801
0.796402338822971
0.974498330923333
1.17742974632577
1.02965724495238
0.953629403626309
1.00275566277164
0.869873528396839
0.874821680643837
0.880339772699509
0.9019275815483
0.88340022342383
0.921571094655909
0.904505299289193
1.03372591820113
0.969744713888075
0.973447816114247
0.97993868168946
1.02626317518351
0.788912804210194
0.92365285913106
0.958574985179702
0.898765599838128
0.931517631157881
0.977056444119974
0.994598523143118
1.06937545141947
1.06186881517575
0.875721835393319
0.987367238475954
0.895351949467744
1.01775987406121
1.03292978047165
0.944029519982413
1.01626076645855
0.849567953411821
0.99060889931709
1.15519922839272
0.893267015273221
1.00372505646309
0.9517741893485
0.930905735278071
0.982276325821148
