0.160339634337112
-1.10438706953658
-0.931859951536434
-0.958769494700744
-0.98703266989715
-1.06014159557854
-0.954083848236528
-0.924988063675809
-1.01652809013533
-1.02342706465611
-0.899772340439297
-0.969736001218319
-1.00441205838077
-0.929084320674658
-1.02445833650428
-0.965513138572416
-1.01086001710282
-0.972900105726274
-1.05532234489571
-0.94285894677812
-0.959546390595969
-1.0538832104125
-0.872872436099813
-0.908016870755655
-0.822140662656747
-1.05705874961756
-1.02461066531814
-0.982023219728843
-0.867324989644583
-0.942786667595769
-1.04408019260194
-0.942693761085475
-1.0887299582342
-0.882095474305542
-0.981178243249911
-0.891729061803253
-0.874927375665695
-0.937870371213421
-0.821767676982707
-0.807820124755305
-1.00088957758564
-1.00069497191546
-0.643768014964814
-0.945639064483135
-0.940675692979045
-0.831946990476527
-0.875999151218922
-0.931251658556866
-1.12936231056586
-0.972265955103771
-0.816002530931508
-0.837500377849351
-0.857611409578934
-0.781624831102501
-0.798907434864875
-0.974918700822223
-0.992936956521257
-0.771015588746022
-0.997724819326171
-0.879465182698413
-0.899435626766904
-1.01012771471095
-0.885229073547106
-0.812678416850781
-0.97344958481941
-0.926131940378262
-0.925676584546986
-0.762095236403993
-0.918428298797243
-0.996348938186763
-0.928298123892494
-0.94038942790001
-0.716315979290371
-1.00035700019794
-0.910050375433489
-0.84031722326369
-0.804599603269906
-0.730757096889826
-0.843041326163262
-0.748264803355682
-0.816498947312893
-0.923081619100214
-0.828197187800661
-0.94002409882635
-0.710472381544624
-0.949970383377796
-0.806399587199635
-0.97631949715339
-0.826669960450874
-0.847919686922356
-0.758463057851
-0.813826904564671
-0.82149552393418
-0.785699085478631
-0.776715054923443
-0.880237255726911
-0.691044102431899
-0.848353366174923
-0.871666177897103
-0.864828673753402
-0.798968567271205
-0.874263071498814
-0.818576054942207
-0.754552170649888
-0.796944003578339
-0.76983357294108
-0.797951232621216
-0.869595029900275
-0.824587874996642
-0.958936772649189
-0.744871764489379
-0.795699758429954
-0.754588418867127
-0.811433375695724
-0.781792891016248
-0.750233216401545
-0.721699257317679
-0.86419521116144
-0.740558176284941
-0.687927882302593
-0.754756442927246
-0.79017205595958
-0.784681209172037
-0.7994155098717
-0.792244634015232
-0.754988956888367
-0.667505676816803
-0.754980183545759
-0.740951460548677
-0.824801897340502
-0.793961116484689
-0.813978376457069
-0.798012181138027
-0.821192331775884
-0.704987992332697
-0.550350636244483
-0.733484206133723
-0.619740396303766
-0.717352517838338
-0.680290265461982
-0.706143021632466
-0.59437919154659
-0.844035262521565
-0.665937279750783
-0.763847471462595
-0.800948286455952
-0.715993081458231
-0.693128425157314
-0.656242617406594
-0.766016804032717
-0.661687417817907
-0.632443805958554
-0.669093274411981
-0.644444446522131
-0.722925960587807
-0.719000408658324
-0.642217857805111
-0.568181717020109
-0.646329310989055
-0.660792955916566
-0.683788972625887
-0.684462709013267
-0.531611295752152
-0.698402597340049
-0.692164145248446
-0.796708578317553
-0.648396154912285
-0.692725432668855
-0.478085305140049
-0.702970989161036
-0.732466856677498
-0.685552398176924
-0.61158411924107
-0.718481062200226
-0.63173708178721
-0.695608628182613
-0.646236854553082
-0.693513786705958
-0.609530367964922
-0.813552648041062
-0.661987851038236
-0.680128892866076
-0.679358552582625
-0.723814234735127
-0.712341246233058
-0.642798494080247
-0.55666277338826
-0.722082970017359
-0.624805211328693
-0.735965540833271
-0.635241302801413
-0.688212504260834
-0.758441503507085
-0.660199179455326
-0.575533722969207
-0.389827269344886
-0.630006937119063
-0.569475131723892
-0.725155335966107
-0.612195904957936
-0.52001649726067
-0.583228828068951
-0.569994381627487
-0.610610421412706
-0.6161589739087
-0.55199091322883
-0.662855757035296
-0.460027803418154
-0.666179293956645
-0.551259431964544
-0.500792261123267
-0.613945094996489
-0.608321144800947
-0.539562831072234
-0.653039288029016
-0.620283340952864
-0.641496271539331
-0.456712076671659
-0.50213387842276
-0.48856592024702
-0.53073377670727
-0.666667971873843
-0.588216372179344
-0.581910524276051
-0.559565784329126
-0.531584682677195
-0.526807613608534
-0.589357459677176
-0.427316210937387
-0.55286510984297
-0.525754772883395
-0.410209904558083
-0.506725813332389
-0.531869446928345
-0.470379731034067
-0.492788468510157
-0.678550183721178
-0.407051772326491
-0.447229123496106
-0.663003150421315
-0.5349594534392
-0.561036731958539
-0.483120590175004
-0.466970957462908
-0.552330946935841
-0.526460013459205
-0.579498711977236
-0.520190808453157
-0.379104300365842
-0.589976740668375
-0.487191240873003
-0.608227679144631
-0.470721975145611
-0.388114271451282
-0.445736378067617
-0.59918326614914
-0.552701950116402
-0.321693666933967
-0.465176717089653
-0.465225442675044
-0.571297074053587
-0.485561066775737
-0.479905878162872
-0.354093251762535
-0.588974129442458
-0.467961640092408
-0.52596903896508
-0.421558275827594
-0.441755106199696
-0.502820167594626
-0.635432628443861
-0.391031658774632
-0.662743387753548
-0.48662437949469
-0.389162560969462
-0.4696476158725
-0.519147072376342
-0.445904900791161
-0.439620576739171
-0.47203784709792
-0.40278487457061
-0.457505673135357
-0.500552980865866
-0.543893004656719
-0.509155755808617
-0.385323575754239
-0.564751340979418
-0.458631916515393
-0.370289110824014
-0.451312956797089
-0.414223127347674
-0.426061307594465
-0.360515353219362
-0.575308659041886
-0.471631326043971
-0.341569872908691
-0.385351822170977
-0.451192597762522
-0.397909784315509
-0.331643827835541
-0.46746803856713
-0.578561804968944
-0.368302933421753
-0.367454705410643
-0.567159778486496
-0.395349346808789
-0.371872819714582
-0.325248226553808
-0.372446420728718
-0.339564511577741
-0.260224313323507
-0.446673956979234
-0.301119801415786
-0.580603096242789
-0.439350653973581
-0.313362337004697
-0.360513539593797
-0.326066592458901
-0.420630278415798
-0.381731348325822
-0.43681408143174
-0.258246400095888
-0.417224692763383
-0.328037831537166
-0.366675705908286
-0.386590028311648
-0.33547018801633
-0.292121050154385
-0.346032358813727
-0.309949773006928
-0.43695445176183
-0.233925618916481
-0.392715541089809
-0.321469850094019
-0.209203849743326
-0.284715250274029
-0.286648168971104
-0.474770627306761
-0.25531170464807
-0.140922298476711
-0.332422122134713
-0.401192526607876
-0.20973632673344
-0.270747002708318
-0.360433610345424
-0.3731774521049
-0.349627410407549
-0.528523740581792
-0.335384099592868
-0.318717342559094
-0.309597499466925
-0.255472945996324
-0.387168594691232
-0.158643750291043
-0.198074029427375
-0.298836586779932
-0.26266399680317
-0.247463536461634
-0.349185248578843
-0.288765094801942
-0.447341032369272
-0.238743424032987
-0.177840827805483
-0.414353902241222
-0.345132252430422
-0.35785488276947
-0.317850141664092
-0.240051122389076
-0.246775585066346
-0.394940766598173
-0.200804211248635
-0.21672468001807
-0.0351316347227444
-0.207642774594713
-0.348608992562626
-0.17940119631973
-0.276929130181171
-0.310744303192834
-0.230268092798207
-0.248023954980828
-0.413139710574092
-0.248311826706859
-0.257703942489473
-0.208637116487154
-0.223556509580274
-0.316295462791347
-0.00543979455113554
-0.0920276463141518
-0.184178706130421
-0.38727972174383
-0.379321135550422
-0.253867555518411
-0.265525890594243
-0.321632297888919
-0.224221889232867
-0.407654241563958
-0.150940808129282
-0.251619811270122
-0.00918399073887901
-0.193743973057902
-0.291709925790411
-0.118693232993334
-0.157336844746362
-0.199350439594148
-0.129205893358906
-0.154104547883364
-0.233262082009377
-0.197322207830821
-0.303882744734102
-0.0746910445388148
-0.100318226450293
-0.290232629493259
-0.166162124332965
-0.193975115484279
-0.186590600524274
-0.179563302249856
-0.203937163704584
-0.141503176442078
-0.365348339151327
-0.093181534825384
-0.116898127477491
-0.147195545621735
-0.224029696169489
-0.0453645841315034
-0.323689214840631
-0.293450500251937
-0.183752738489589
-0.243704669995319
-0.233579724915124
-0.168786149274462
-0.112113520335217
-0.203987229266148
-0.14014143602186
-0.144293903333962
-0.0573037733782748
-0.215403285787994
0.00236304079926267
-0.131255646209946
0.0365756166671792
0.015309433663493
-0.0445797041702255
-0.102471278593323
-0.175292916559066
-0.211322176605169
-0.0471050830337327
-0.0802990958315683
-0.179494702974056
-0.128252951888731
-0.0450743828755557
-0.168516906384442
-0.0831135381750275
-0.240399190008202
-0.087764671783641
-0.193458057929423
-0.045243940809685
-0.079670683618287
0.0803359495376552
-0.0834756349383771
-0.00842526692689028
-0.0671572641641576
-0.131196439798541
-0.132559338001418
0.0472114675159917
-0.0193962452602725
-0.159070205750148
-0.0107624574258419
-0.0388255214565799
-0.0843297254016156
-0.0735945760213871
-0.0215081049193602
0.0104912800589104
-0.142630706817259
-0.0400037607295417
0.0775243481127072
0.00715287334213738
-0.214440406146594
-0.0521063444218022
-0.0567094170583125
-0.0993524608529558
0.143472063990452
-0.165976115471616
-0.0888491165171507
-0.00975348387930644
-0.0743870961477594
-0.0900976372740172
-0.0876409248168452
-0.143306076851913
0.0563809121947992
-0.0962752448429105
-0.0253966395255629
0.0072493599510233
-0.233262182926897
-0.08616019732221
-0.114708195982278
-0.0125865228094823
-0.0804037993163221
-0.0831765641942923
-0.041128895524297
-0.0701314809244618
-0.182215086160843
-0.038669324637915
0.0460844672602232
0.0778954377475165
0.0598999867724971
0.0951595031241928
0.0366509866688606
0.0206386180975713
-0.0128026958198505
-0.0621514586241747
0.0576440663590386
0.0693196457202108
0.0121192655096
0.0843721691360765
0.143011321761228
0.0166000838869304
0.0392068240383669
-0.114489518051393
0.0904308273112139
-0.0558554117771566
0.0524524899728777
0.00905912710254496
0.0832920718470453
0.216445555166418
0.106511832591419
0.098544605354281
0.0635528082280134
-0.0102019583684759
0.119844587478911
-0.0185507221866733
-0.0228694320449832
-0.0316498665557328
0.0558925781382933
0.0961260053074293
0.130293817746898
0.0935941771113011
0.0518418141372827
0.0486592274076719
0.0392288189431898
-0.03589898653451
0.0767170933528699
-0.0810257064094015
0.141145204021418
0.18218380972136
0.0923476161235861
0.20118249565047
0.0999094583539908
0.024960357249156
0.104957264384562
0.100496435329847
0.137648231339091
0.102454200369079
0.0829872413989252
0.0501421657900253
0.136760958058451
0.0338470598756522
0.0979557583356437
0.290389226218558
0.117184474751606
0.234954480013473
0.110426016834576
0.0867899173538101
0.133212703747051
0.226126988628854
0.106031177581048
0.129531464017305
0.311373396974205
0.0556886687175759
0.258209062194561
0.296654092492258
0.0831931230762726
0.135634524972713
0.218552310305644
0.0959855216557032
0.277305478392539
0.0855892395834327
0.355371110116107
-0.00875522171319206
0.139150734722172
0.0856806551482725
0.206182473677289
0.0385029810364934
0.0266980756456234
0.156139382406029
0.152969742724072
0.266604065283847
0.208709132608728
0.142817382159201
0.256830293408685
0.193118705552236
0.340315984889032
0.214495882438238
0.303939494426885
0.00650223941065028
0.221652029218001
0.328926008063281
0.164736891340573
0.00340788794320515
0.102132558446985
0.185665508771431
0.206374229797154
0.194531869245099
0.223173860669129
0.0184309458113135
0.121301486643095
0.0282148264425364
0.188385580966614
0.165165953197696
0.294726411860493
0.0935882695586878
0.199230907326294
0.341254609500187
0.224696667180624
0.142881925636044
0.315760958239448
0.196560655994629
0.141128680787994
0.177200646288605
0.189385831659441
0.284014806901063
0.217807622982664
0.175738804413044
0.143678665080095
0.453884844892917
0.397762788051456
0.187429699475094
0.180116135471075
0.204179496813554
0.149203925507631
0.193778246632339
0.245028923850329
0.251376206893405
0.274015578839305
0.171374037005742
0.383903753819095
0.304556127906681
0.27297412958335
0.308773799160201
0.198067726509747
0.323250601113606
0.347271642903114
0.236890617091683
0.32845719540387
0.344961249458633
0.266303580014687
0.277268643649242
0.350699974545142
0.256395966160607
0.420482802493703
0.238064894187589
0.355267259464751
0.174317970063588
0.3028075293995
0.472144500896927
0.344733304495029
0.268910024902288
0.347845963636985
0.314958602160403
0.362124915006069
0.411676984536109
0.159296317904267
0.544089891431056
0.267693780671731
0.275167347154281
0.266359250493761
0.460939871185156
0.306983218439806
0.543395767597688
0.226659106079745
0.244080083276836
0.302185982782213
0.473780289631276
0.23453075003497
0.320353817038764
0.237344358876287
0.135262411802137
0.413371142425678
0.330756918106474
0.341738661837708
0.274312183062355
0.284474539049339
0.245129041073864
0.298132853154241
0.350315239278004
0.229918586699277
0.202526580838628
0.321263848593163
0.565936902232927
0.355389577743092
0.441691835890062
0.404073219792036
0.431819585312482
0.317505744415634
0.420687237867275
0.352525914010814
0.584277373787751
0.451964682730237
0.38864330916796
0.471065158893615
0.384737885071987
0.460989027692081
0.427838060927553
0.481887194574111
0.31448029106326
0.412015418692935
0.22112518709671
0.422814637038452
0.247718501923645
0.345438435223499
0.309791898714403
0.434786025337491
0.55977965504875
0.39262927999618
0.474416835114353
0.38536582959842
0.314903917035955
0.43579915969648
0.458876366995444
0.368746062179692
0.265281812833499
0.383523891408973
0.528021000109883
0.444722031920677
0.563378996274602
0.470463913478823
0.427203842716267
0.598902011655629
0.441157240169455
0.231449057040985
0.415268617515635
0.493175782929067
0.516199848310826
0.468835109398611
0.450915486836309
0.512894412531492
0.423354721881794
0.51398084181663
0.360398191446901
0.523295040880104
0.480560638517726
0.437812456828652
0.550510619776518
0.430959863124791
0.48340606500141
0.482436391086665
0.402148660306269
0.560831235280765
0.37802455562474
0.383227421688279
0.447443089446051
0.513894573348276
0.426553958188683
0.492181673640633
0.489416653443831
0.460852774438235
0.511179275893175
0.562850178270782
0.609419987339259
0.512594702626658
0.445286514806437
0.49595459546456
0.402803665325545
0.43162389309841
0.501630743960273
0.715681540412497
0.47257298881631
0.430866124301608
0.493986615147067
0.485898646344088
0.662453311083728
0.392627762805117
0.510830113372869
0.499065673865979
0.464117342259401
0.534081547146945
0.659221784930762
0.580962825803663
0.353531757792555
0.520019335637608
0.588098338208949
0.484879613888208
0.650118095131307
0.629013849137479
0.669238836940125
0.636392360484026
0.597465586069043
0.525785770217846
0.48720963882807
0.553707856562996
0.671634523779432
0.631194409967634
0.530065287832771
0.66914616910946
0.632172280779083
0.557351368763977
0.587379598514423
0.72301922874251
0.508563828271831
0.638913382798309
0.602732711817063
0.8087921658376
0.531361245180973
0.442217710612129
0.524784347055148
0.656404442326749
0.609910932777486
0.653670800369108
0.610829319686602
0.638286759524159
0.75871160981169
0.695146523686635
0.639841645470781
0.627931700449151
0.637833144203058
0.737076301132337
0.630482363188628
0.602083926317334
0.652870530203352
0.468840121338849
0.606978811909672
0.536230293851458
0.664615642589021
0.429006071896492
0.724206683375821
0.535197850714127
0.597645013847395
0.504039858896699
0.555949462630219
0.675557052787899
0.74405664930986
0.717547696526024
0.559744699156643
0.686604337734815
0.65966223910478
0.668735574767671
0.782772971881598
0.658430019417889
0.605698940998971
0.604265866979836
0.726789692701826
0.722274238710072
0.803014542974314
0.559378515436153
0.678518129751211
0.787826564157986
0.757046051572602
0.68800469433968
0.610641250596851
0.844799931588037
0.624362216974505
0.791052823962665
0.788671784131051
0.654482516031905
0.756887094322649
0.796233254721317
0.730760348424112
0.753111471688662
0.807973458560909
0.610029676865115
0.800562282849442
0.772532609072157
0.723557704129597
0.710479589984579
0.791485974685599
0.758583519830925
0.776022750366188
0.847337939774244
0.660714741121206
0.653777535634223
0.60954998854293
0.775293985424083
0.77225886334022
0.628268096667971
0.764807573052964
0.744043208969552
0.666821939685518
0.974621856920468
0.796976163601503
0.69804882604163
0.945813870005609
0.693669318210119
0.781434610609633
0.54517862217895
0.700397872009725
0.730875215001625
0.730121748399049
0.766869677385436
0.771512847765479
0.797704962452485
0.852283962660623
0.745524466828628
0.797111635680179
0.791822304155638
0.656022266119652
0.735239941404164
0.733157805628664
0.735906871329496
0.807263401234538
0.750057503092625
0.76963781789054
0.866848793033847
0.77554374109932
0.694396773290371
0.789823718530838
0.747790267901895
0.754920584086378
0.798588589167089
0.876201018814534
0.817679491483487
0.906222415255265
0.828099070278785
0.720596388437653
0.982820483438545
0.743607588661445
0.875063015612242
0.811908642767583
0.92878858367331
0.809257593943165
0.68665728963025
0.836716741967632
0.881179262329714
0.843276835807064
0.690101666863113
0.880494107004366
0.874383822741917
0.901771087573242
0.923560912133617
0.852393714882575
0.888183572198984
0.683828770406382
0.941330286767172
0.915039471354217
0.822341536540658
0.8078214891786
0.802839204710664
1.03168081148239
0.880647004317616
0.927421464827423
0.856283119664382
0.899565656347648
0.873846828055636
0.93346816944959
0.964512076913797
1.01328683621011
0.87689376038379
0.931971598529977
0.967173103970602
0.996873325138819
0.757556784772115
1.03713882694931
0.831724348823468
0.849773127914562
0.794077658775648
0.806767957729885
0.901488046452039
1.04421322901171
0.959375338889049
0.852152315607842
1.0063175105641
0.970218157675915
0.933824269857561
0.910005037301204
0.942754309762589
0.976704604525105
0.857529212249179
0.793567979494773
0.890401918657168
0.937865165003949
0.82319388355638
1.00453146266177
1.0429406775931
0.860891517293856
0.853109765106814
0.922000995113832
0.856250465729704
1.0920030841165
0.879297600610603
0.96957001460346
1.13773176221831
1.10896480784343
0.858176095573004
0.915984222499493
1.11126041340737
0.856419882532322
0.933682778837325
0.862585427804533
0.821218214628204
1.06333525391594
1.01337040315639
0.946415678794001
0.994341420296688
0.888566681445874
0.851977965956754
0.992220704322623
1.08377560572709
1.18228792479885
1.15434048193512
1.09986607321206
0.988081706814369
1.05639577875204
1.09372003527568
1.05116985124249
