0.151632785720601
-1.09535987350709
-0.925351470644757
-0.955043688280882
-0.972392309090175
-1.05249039846526
-0.9564120001288
-0.960568041359599
-0.997583204901548
-1.01978511481196
-0.907636986781845
-0.986298663352322
-1.02373715707473
-0.913328390881913
-1.04048049326456
-0.964836744762662
-1.0196722001107
-0.956468481267149
-1.07152177375646
-0.935271508930261
-0.931736544323464
-1.06096739792786
-0.857959892712835
-0.901545600902095
-0.828956016462218
-1.05208740003272
-1.03041983884076
-0.964360840482348
-0.866672943220959
-0.940948466269449
-1.02466662845175
-0.96782332117489
-1.07462963460055
-0.863686178200108
-0.976644395350681
-0.871512589527828
-0.833805079922552
-0.946757456199991
-0.82573820699984
-0.782414989623004
-0.980420244910513
-1.01420490852182
-0.667436361254775
-0.933300565658266
-0.928058331887794
-0.826177850669433
-0.868709093395803
-0.920092333467088
-1.11885626359726
-0.970948779555274
-0.815037930500377
-0.843797777257899
-0.854790346583112
-0.786757394377393
-0.783653903182213
-0.952796763552656
-1.00251608928862
-0.778706654750058
-0.980198189908867
-0.887159044986373
-0.919667330217534
-1.00608595280999
-0.898722488089063
-0.810660293360896
-0.985595140877381
-0.917836447593847
-0.912844143912211
-0.773635724163075
-0.906697434397233
-0.99517015819382
-0.919201690915958
-0.952867637562553
-0.715857244378927
-1.0074697412802
-0.87832377002584
-0.852159422818307
-0.808284760700298
-0.747292371406713
-0.843351125214385
-0.769102448580249
-0.822563182594969
-0.910118141065833
-0.833862051546597
-0.939481842214449
-0.711325925872458
-0.935175820184973
-0.837265719125401
-0.96183336871223
-0.814552976328548
-0.840377220363036
-0.7493788903831
-0.810336904536789
-0.82157761698815
-0.776766658808372
-0.761615977075454
-0.870434868014598
-0.686157797117922
-0.833403843820424
-0.849286261737753
-0.874524916686492
-0.799128424228819
-0.885628661863551
-0.811321178699955
-0.754606507621736
-0.794692770447343
-0.775117723789909
-0.79583189985287
-0.874395658836604
-0.83380438011737
-0.979245922087005
-0.755420042002307
-0.798595792136301
-0.73687866105031
-0.823825257716117
-0.784358526611425
-0.784202454652483
-0.71142043091104
-0.868153276747915
-0.762169741683414
-0.69552994409699
-0.763978911024014
-0.791809778409274
-0.791620141719182
-0.787368152645064
-0.777612320980596
-0.734408332687683
-0.6510396489841
-0.772949120079168
-0.723708800628965
-0.821378575517051
-0.781367445356409
-0.79959143860773
-0.801288986992153
-0.819559598108353
-0.693671519551853
-0.553595665535774
-0.752624445491309
-0.614271074541714
-0.728747505058436
-0.6624266524899
-0.7182041119811
-0.611463232548364
-0.844414754696262
-0.684535018989643
-0.77946262629271
-0.783001954856221
-0.719932724168215
-0.691410975613271
-0.654878413136734
-0.740796666960263
-0.663138244342312
-0.625473905960603
-0.672744461944168
-0.63591841759728
-0.737699680154048
-0.71517783078644
-0.641109677138422
-0.576236886191009
-0.661528954053685
-0.669729500978281
-0.708167129419383
-0.676155701395883
-0.547656522705914
-0.718426881909397
-0.706504637330881
-0.804452836340006
-0.668623304081532
-0.711685808444737
-0.45026209135777
-0.712396895899069
-0.721123442892139
-0.676325628484836
-0.597251890819279
-0.744055642506195
-0.639220821986675
-0.68443469192294
-0.653749334501633
-0.66384489936547
-0.605701010795967
-0.838745563445728
-0.663477891163971
-0.685071086907486
-0.696744613755363
-0.728568262695177
-0.728976331915564
-0.642714392406367
-0.552442490682145
-0.706845189401186
-0.629109329778943
-0.737776001783643
-0.642077208223544
-0.692134986986548
-0.773930684348471
-0.632700834863214
-0.577040566667031
-0.371532078050243
-0.649463175587148
-0.560968653224594
-0.717779236596267
-0.606423086317674
-0.512312403358872
-0.574793669721975
-0.577525241236705
-0.601772771411001
-0.599474341361378
-0.553559585636452
-0.657477104272962
-0.458027667838919
-0.682716902624448
-0.544361073360567
-0.504478582805917
-0.638805835754391
-0.594439042452803
-0.547401185911484
-0.640910707160711
-0.642803845387101
-0.631289376366379
-0.460328781780117
-0.493293318080173
-0.491120142768611
-0.515846167976417
-0.647658379332105
-0.574052773557575
-0.58301585703332
-0.552752944570288
-0.534309333096512
-0.535421224153301
-0.580713790609204
-0.421655826698243
-0.536332492418388
-0.512222139699353
-0.411174369313906
-0.490714690838222
-0.528211747380492
-0.469168012850745
-0.493145665020709
-0.684963759673733
-0.400449594501994
-0.459794719151455
-0.643447418560901
-0.524375802001188
-0.539367578227091
-0.478130763290807
-0.465328885109045
-0.552132054640737
-0.540085884457507
-0.582914763962659
-0.521099717625384
-0.376696600512078
-0.586777240169309
-0.500676981572598
-0.615841677960184
-0.474621329111329
-0.381310358859246
-0.456131384154282
-0.596951026019798
-0.525824582256453
-0.313729653735326
-0.468756796578539
-0.461210916631086
-0.551872829289741
-0.487191003433153
-0.485550023364884
-0.338811772098917
-0.581194018809549
-0.462435256090288
-0.5308016935509
-0.41077595562672
-0.440803498438336
-0.510093048706212
-0.637130957573835
-0.410912687035082
-0.654390703021936
-0.48653749663342
-0.387307522699077
-0.490679209352767
-0.508674995824149
-0.447101880640074
-0.43056331420282
-0.492662303725836
-0.404348882800458
-0.457762793962953
-0.509855135062194
-0.551552687249038
-0.492745062785259
-0.375007263036001
-0.576321159649021
-0.44648200259884
-0.365303215159666
-0.440784075858227
-0.441574534476413
-0.420077842881285
-0.370996869114041
-0.559114232981499
-0.473873483626239
-0.359913572078323
-0.369016971262983
-0.455985865027733
-0.389273672878622
-0.352196958446
-0.48152934217261
-0.549275109278528
-0.36768992491344
-0.388337596087082
-0.534869446821834
-0.420286952920418
-0.377245740040188
-0.321620691048283
-0.386119712045794
-0.349538654285512
-0.253866013650709
-0.440383511915674
-0.327370928692492
-0.56813258724806
-0.44093510532491
-0.317406240037169
-0.377581927332304
-0.338123854900147
-0.401863469789137
-0.36989618984602
-0.431639940777163
-0.286625907756658
-0.43416645810006
-0.334085618472657
-0.382798794334147
-0.358049963888487
-0.340694168189026
-0.328816005047278
-0.360212034021702
-0.322045302097758
-0.42300708561077
-0.239674288058651
-0.395003941777623
-0.323419830055628
-0.218483740662111
-0.27984000008722
-0.291178484927512
-0.483609255441205
-0.246811503537829
-0.15160943801177
-0.333620639604381
-0.407705133814236
-0.218400180469931
-0.254753794118259
-0.329512741254259
-0.396864052178427
-0.357482523014896
-0.56421325676802
-0.336584064175512
-0.322452895386286
-0.322678679363562
-0.222211808278747
-0.37233996349182
-0.180342637261909
-0.171195269169139
-0.311541261185925
-0.259562172517386
-0.268323941289481
-0.345429868935162
-0.30456623705205
-0.440190262991285
-0.211915442087676
-0.191520608306906
-0.401909681146036
-0.339052696030433
-0.34495468680829
-0.325710378518139
-0.247418930447958
-0.263323442092079
-0.380167118420392
-0.184891889289454
-0.231537066641918
-0.0346733587905766
-0.202320430960727
-0.354923184982033
-0.194701500136959
-0.258443712140251
-0.279644705980885
-0.229919176124916
-0.230370409443098
-0.409674470722235
-0.251326843493038
-0.252014438840231
-0.203420774224917
-0.236615072592691
-0.301642803567607
0.00573130345148495
-0.105808920242573
-0.195081164115308
-0.394500289074183
-0.398379882055569
-0.244851658812905
-0.265784166628943
-0.330516120037754
-0.239306083162953
-0.398877961334352
-0.145555542815688
-0.239570921587867
0.00780513184729384
-0.181666871122615
-0.283470682049686
-0.116711363455025
-0.155768782631579
-0.195421460489135
-0.130231877847455
-0.159835901550431
-0.222355273668105
-0.201077304203914
-0.296556674548056
-0.0892476357421386
-0.0990897220141996
-0.267860477695735
-0.167898388884507
-0.19659951488433
-0.155085634941372
-0.184337913014777
-0.192777970342685
-0.151045062314399
-0.359664326269042
-0.0844116938276901
-0.119306933760754
-0.161874327745758
-0.215940811682702
-0.0566946533075351
-0.332943940390652
-0.308273444021511
-0.179107274529554
-0.243438282565
-0.229324883508819
-0.17848016250041
-0.0970202910184524
-0.185924122097965
-0.14431621792857
-0.13513544045509
-0.0702979194135905
-0.191043366907275
-0.000490696175170241
-0.127573603839253
0.0416792028281632
0.0232698717172196
-0.038513230613597
-0.105038203099752
-0.155391011410037
-0.183676716941177
-0.0792790404720456
-0.0933922006239813
-0.177891732562308
-0.118430440939926
-0.0554184995158574
-0.154444997145377
-0.0695779512647008
-0.255222893559862
-0.0717379191236125
-0.185901902081066
-0.0447121546073108
-0.074268663501346
0.0756137357131894
-0.076028954585798
-0.0161058318494602
-0.0688849267630826
-0.112795526175302
-0.14212218730965
0.0628288039793338
-0.0141123367801605
-0.160483289003628
-0.0229980870289795
-0.0280041062007763
-0.0846389903934159
-0.065850021961245
-0.0445414028044058
-0.0157343135927623
-0.127636235089883
-0.0225996091848705
0.0866585841745424
0.0203710764629348
-0.204906087787953
-0.0502418803480516
-0.0513137719910481
-0.0983322836945992
0.150585350623999
-0.168744488454332
-0.0886619309514589
-0.0154790688184385
-0.0822183768064291
-0.100141502947415
-0.0709254917379509
-0.165351846884903
0.0433501736952719
-0.0960330780478123
-0.0296673358571625
0.0105859374135121
-0.234402612573689
-0.0564604340681543
-0.12413795215616
0.00655307767488704
-0.0692545866322324
-0.0759687255256898
-0.0190751155033502
-0.0800330775616068
-0.177232850257596
-0.0607483981479996
0.0495844571228408
0.0666829747667105
0.0341722769928122
0.103147952660704
0.0505540864627948
0.0220017096942209
-0.0277880343972006
-0.0481949089957222
0.0787268843133488
0.0533691471845884
0.0224873059685088
0.112352566461192
0.139282103838197
0.0382397624595174
0.00657270987616963
-0.123431554131002
0.0977439367436595
-0.0533265429645957
0.0769914519199216
0.00829740053565053
0.0673298385692396
0.208229704058475
0.0988196360692372
0.111249218506241
0.0747067132161519
-0.00781906633156656
0.114415929028766
-0.00860306671962742
-0.0176680249032917
-0.0325375265032003
0.0615565259906356
0.0870013373594979
0.127635695685529
0.124305712404756
0.0547225334495823
0.0708710224653907
0.0292857734589767
-0.0172816126844469
0.0743082956283696
-0.0831950843879406
0.15457564548375
0.207561098279001
0.0928225069382781
0.21149255303225
0.101144750211683
0.0373703797124001
0.0948799716176384
0.0968062719551268
0.127377843217274
0.115220085098636
0.0618719096659804
0.0366767050296157
0.130606844437685
0.0279554696004039
0.113878905021584
0.303806416943816
0.132152044064074
0.22942584820593
0.114440436480369
0.0669848889542868
0.135957715659427
0.211253736320952
0.108287209800638
0.133627832412852
0.313734501447834
0.0441772537783638
0.252735098300593
0.319934664276307
0.0743292092798359
0.133728391982314
0.230073189842758
0.111053545109189
0.253504732431777
0.0879772922100252
0.337819931535135
-0.00264816793233854
0.124846668490728
0.0732549361372213
0.186857850745766
0.0145220521986134
0.0441875148448059
0.167117456066764
0.144933505750768
0.2905479176116
0.222197931630207
0.137440189698419
0.261097403046403
0.170632353971008
0.354176410085115
0.205759407468137
0.301974467246529
0.0167385924155203
0.238450674396354
0.328830425081581
0.166091500851019
0.000477191859939867
0.0728846143267839
0.169995344615853
0.219594158720697
0.186199314511939
0.222953378836577
0.0209642750035486
0.118910702005531
0.0444202132430369
0.184996469857176
0.171791638969972
0.292099665844109
0.0953245534162456
0.19705453589351
0.341921928650895
0.228572691022989
0.118956453078599
0.300175676985784
0.191271594921626
0.134758301758554
0.186479096941533
0.176063245062107
0.291699123010913
0.226350789236732
0.192316303397411
0.156944286846496
0.458003238607346
0.385158088669199
0.193915918998098
0.16871660888665
0.202998283321798
0.150015522912276
0.210150885009071
0.266646566362532
0.255837693953111
0.296128698226991
0.167245344570954
0.387504661153329
0.289832866841102
0.256702295300513
0.327988411460087
0.219480666240615
0.316525037531071
0.350105483164147
0.246342639680509
0.351965274298764
0.331395517401808
0.256999425429787
0.269165537537194
0.335803051485467
0.26966048125042
0.401346415620003
0.226407030762211
0.359553918058062
0.18082702403396
0.320597142122723
0.486256978043956
0.344405364309685
0.265837698690991
0.359654892280235
0.327431204846497
0.380733219399285
0.411035801396433
0.187103158278486
0.523335496939779
0.269109664507822
0.272073728992135
0.262651082365928
0.443071050302561
0.294487608544091
0.520626840165294
0.227125347194007
0.228535752656935
0.324371253442537
0.452047033022085
0.238428594093798
0.325129496884304
0.244143780966855
0.13177667544189
0.430669876139753
0.325882193034071
0.352736468231004
0.310413776625542
0.282520167869469
0.241808498347436
0.28944630722221
0.355523142429853
0.22163008575794
0.209462542645572
0.33145440174687
0.570033938271916
0.360853086327858
0.437657782498517
0.399991873485615
0.405073530212932
0.319877027193078
0.422851525059283
0.348987191706752
0.593672234715619
0.466614116002396
0.400971903289377
0.456968001947528
0.376338055839797
0.475075198811541
0.416395944644198
0.472650635569661
0.329737419623122
0.42829905794321
0.229220856375119
0.415456016257164
0.254650547400159
0.367973921908466
0.326998155800753
0.430559135571098
0.546162477966018
0.395813007229132
0.492713966240269
0.382743887286825
0.306892049927374
0.459849519898344
0.450426646404363
0.370660847274923
0.272405804307488
0.401920496229327
0.49185088818288
0.436345908644142
0.542911999420956
0.469465749189452
0.430095746664869
0.606603016814075
0.447086541589419
0.233713946494162
0.402822969772335
0.542672019419872
0.542452090169614
0.49269072250024
0.43921611151668
0.512440256733502
0.413415060866483
0.524429436863187
0.363030432655588
0.503111872816432
0.476794834805616
0.453986037460673
0.534106491216534
0.434357457757201
0.473814328689937
0.481349952657711
0.392139030002748
0.565651487008608
0.377522830394759
0.391291418766169
0.453225152076717
0.534092152742698
0.419358215992187
0.492150536661592
0.482758396208765
0.445316243659635
0.508690738857753
0.539090172440253
0.604944782146593
0.485327056726371
0.427286613939921
0.500863713327742
0.396878557756171
0.442119265485333
0.493241789148312
0.685651712756533
0.447608252206138
0.437300537909929
0.516872900230877
0.493656788812898
0.670006114545978
0.405180464876181
0.515061794602323
0.511131445079742
0.440393575677637
0.547035795773845
0.636342073948603
0.568680760866667
0.372250138177618
0.529391429509399
0.589982118141174
0.484470797798965
0.656268368554669
0.652134820838986
0.642125496190292
0.652432043560841
0.572541951337619
0.553916224907307
0.480066213054331
0.569981929692869
0.661798227385007
0.607306635316693
0.55206811572161
0.664635907330037
0.645249905974245
0.545307832733874
0.576207301353577
0.729308121334052
0.497019882848493
0.655997014193843
0.593332390871408
0.800354474919468
0.539393089063597
0.453651158711635
0.51836589470101
0.645223491905323
0.595465490610125
0.650046015315643
0.600967808302574
0.670623508595745
0.753710899785545
0.700444101344553
0.619098247251667
0.614328916896881
0.658856870956685
0.721123897245026
0.627576392181673
0.610210039032109
0.648707689512875
0.474926670583733
0.609775735907135
0.537050514716373
0.648111600429371
0.434375950193841
0.723810379744113
0.515549774740078
0.600657762113111
0.526418274522848
0.567318175841312
0.674933011981264
0.752925597030383
0.710976277483375
0.568249925479283
0.675636521426269
0.665614889366621
0.672505510982771
0.770795794371975
0.647703611278013
0.60916205372633
0.599055588253642
0.715399882420837
0.736251663690283
0.833335863764048
0.5415929090244
0.667446674130595
0.779206706303502
0.74143625423384
0.680088370086178
0.633771287787446
0.839328804980681
0.620322482833484
0.789792044080586
0.783185753405107
0.679971481539767
0.760840651563599
0.798143734329648
0.728491786861939
0.778266705891569
0.810852781032448
0.610615395537364
0.812970211375301
0.754324199675795
0.711283767720442
0.718298186064273
0.79486999603521
0.765712155241201
0.776611272334654
0.836412574956976
0.675598688888887
0.662057108672211
0.602807212727138
0.77262587461819
0.738323824501652
0.643149281150169
0.751514035135081
0.730854250547063
0.643930465251021
0.981072651993658
0.80598569350365
0.686848242737496
0.925184305312233
0.685248345041987
0.785067138501723
0.547876569866946
0.694445977822971
0.722500048416789
0.736458086585095
0.769181442861398
0.771540333817995
0.799137986866468
0.841000736637835
0.728730885645322
0.786840521475964
0.804863770246944
0.652853348025406
0.719786250433887
0.718679717647005
0.736155622229883
0.797233130835064
0.767379417830385
0.774817778701276
0.901691472950856
0.76718886535384
0.715916441768558
0.77314388333469
0.737697823643996
0.755004553447513
0.779872891583893
0.850403836298354
0.833727858985843
0.904441315868063
0.850558780892042
0.735899093032942
0.98253518721088
0.743776706353433
0.865336119041486
0.799999412620026
0.91727241614969
0.799143924697461
0.691409629878826
0.842061781354277
0.871294576449013
0.828223973802644
0.671036292276426
0.884455819192506
0.888466408587818
0.921132583856382
0.920727113120808
0.886446133812084
0.891882357858903
0.687427895397975
0.944372738801358
0.923420389686359
0.826634215399918
0.794354732199388
0.830120193176175
1.03642473007678
0.884341186322188
0.900748670318615
0.856192534266992
0.900479669638382
0.872560489546751
0.936740552774975
0.970445152467898
1.00873714649172
0.891177815383436
0.92307117063823
0.966233438313097
0.997661900154343
0.754127639940132
1.05922776911607
0.821089600894828
0.85335758469672
0.78324799043351
0.818712651757106
0.928586553979659
1.03237218848977
0.926575985515992
0.856522183557457
1.004085600297
0.969923402611886
0.920720307027265
0.90094519960391
0.935441273693441
0.986078665111091
0.877645074156551
0.806493332805432
0.881098020737126
0.959513106631809
0.828609780956003
0.979529867520008
1.05231264102377
0.832302618850536
0.847261244767146
0.915080093826439
0.846102779780768
1.07699104837171
0.871959372908784
0.965202141792452
1.13034179887363
1.11297544976604
0.866898458190299
0.908383885803559
1.10198085183842
0.877321684378559
0.938438602228757
0.867974619926865
0.837244917767137
1.06723723479831
1.02756650022132
0.967561497187683
1.01363673918691
0.877202872648552
0.845677557664093
1.01002143008285
1.07077461479569
1.1966257336318
1.15644568481205
1.11448504642426
1.0009399723145
1.0601285560811
1.08165038809832
1.0399675569775
