0.148837347756349
-1.09876235936734
-0.913104399984718
-0.978583350804219
-0.968116649605382
-1.06341359153709
-0.938210865895675
-0.959196979725644
-1.0054931449284
-1.02995167962544
-0.896419521109847
-0.981106928875736
-1.032764850672
-0.909705180164325
-1.03564411384708
-0.951131558738865
-1.02113796912688
-0.956871704537193
-1.06022795223354
-0.932306723573492
-0.955813696919148
-1.0602041077887
-0.869830645240218
-0.886113971714287
-0.838799062421995
-1.03843547359253
-1.02853593799406
-0.970617091727359
-0.874659882207561
-0.953822164830919
-1.03853562973382
-0.940844339794738
-1.09292225853862
-0.880464216042237
-0.981840867606102
-0.870759836431084
-0.839837833622734
-0.951838384068619
-0.833450814937023
-0.802397668035606
-0.984259482980829
-1.02758544581675
-0.648671025699692
-0.908843991536491
-0.918850932267951
-0.831012295894528
-0.871542404635201
-0.916117237172336
-1.11850749597268
-0.992749656293096
-0.815679338790727
-0.85498649398487
-0.871707433769692
-0.780621478045163
-0.774012222209477
-0.972272671006534
-0.993878309988443
-0.783373129403292
-0.995177088266442
-0.884733785581173
-0.914928854981006
-1.01254190755842
-0.891417247139831
-0.823057414626089
-0.979301299401635
-0.907114658605796
-0.939320617265365
-0.772532341397802
-0.928913373725407
-0.995987359018657
-0.899942522367748
-0.969097684715031
-0.710419829939565
-1.01646076573108
-0.90212055025294
-0.856783913610572
-0.79821467605544
-0.730258805967799
-0.860367881548386
-0.761074079147617
-0.806203121663493
-0.912715376237005
-0.815117130439253
-0.953151078474917
-0.7034831705415
-0.943655808023366
-0.835600540152437
-0.975788035304092
-0.8370614927894
-0.832868102819859
-0.755228411165082
-0.829946818117311
-0.808053963589008
-0.808023426166276
-0.757636386585711
-0.876764699150678
-0.700886243742838
-0.846447347501389
-0.849463568157826
-0.884321777810857
-0.792994424815557
-0.882356348681998
-0.836263988829955
-0.75169440860692
-0.813204926369117
-0.761485058682538
-0.80034813218133
-0.86878252405624
-0.835630530872953
-0.971779615551485
-0.750367439599687
-0.802994875923376
-0.750435367002232
-0.826483082737492
-0.77711031899396
-0.775712025765206
-0.715542732167859
-0.84329849111724
-0.767786861962437
-0.706409696869458
-0.76839878188645
-0.78910579770762
-0.786532877433681
-0.782830815307465
-0.773174039753732
-0.714052740049972
-0.673130288404708
-0.757963027354791
-0.729885803300021
-0.810079654570711
-0.783906299736125
-0.80095093142392
-0.773023135027523
-0.827054757509018
-0.69356653214686
-0.537516416743803
-0.742584271088349
-0.640437368987822
-0.710116554533546
-0.672869022383797
-0.693621044797785
-0.603671695138112
-0.8474576683388
-0.691492760332685
-0.780611558738931
-0.802329282816274
-0.723172760339077
-0.71085830145195
-0.64577012185881
-0.760011499011862
-0.674508093764499
-0.630105018844928
-0.64485178114754
-0.643924670818306
-0.73001654511657
-0.704016321289849
-0.641058110307567
-0.566799579822169
-0.635806114504167
-0.648075519232496
-0.696212071916741
-0.696473115872418
-0.551605603825753
-0.737017790396814
-0.687346184303765
-0.820874801044759
-0.644669013877419
-0.678909947986678
-0.469075263830622
-0.700765116443675
-0.705585408685061
-0.680537658997259
-0.608601564076727
-0.735447222544946
-0.643433240720923
-0.694317977470341
-0.655859328884456
-0.68684221394417
-0.606116590324796
-0.808794564975657
-0.671273048169034
-0.684114335683176
-0.678461640163519
-0.716599478959821
-0.720688860548233
-0.653093677063961
-0.56153116431951
-0.709125691470842
-0.629048374668806
-0.746509044686312
-0.629361431273682
-0.689360911916083
-0.760242791782377
-0.675060826071555
-0.572872313968277
-0.3677109121784
-0.634418139376071
-0.570844588435481
-0.712558656275708
-0.61996026117995
-0.515384885721054
-0.586006704726665
-0.579092216996248
-0.60480053656438
-0.605494013740549
-0.550654886644759
-0.674630454867507
-0.452513949707076
-0.671797419651206
-0.5417588962788
-0.500154423483761
-0.624428732651161
-0.593150135184278
-0.54962216877268
-0.621533276855267
-0.623705102433274
-0.648042821167771
-0.457882421336237
-0.503447320951326
-0.470151146143847
-0.537662627803928
-0.641203411476463
-0.58656127051575
-0.583178574130707
-0.556381091360693
-0.539849205077664
-0.525161067637239
-0.601807007455012
-0.419730038354264
-0.514510898020211
-0.492153639977291
-0.407990129600651
-0.492968503964799
-0.535820747105547
-0.473436895477457
-0.499102188660946
-0.684229066117985
-0.396054135643167
-0.46046013660484
-0.645333927117642
-0.511751173806485
-0.537298226771294
-0.465098891263087
-0.493585366153073
-0.549050254697795
-0.525361098633121
-0.578866829011952
-0.524821833553141
-0.378932154803531
-0.578245220637403
-0.495799938342247
-0.624199580934747
-0.455088493244955
-0.400649482799708
-0.431865793622736
-0.567327577308478
-0.538952580115036
-0.318607784520871
-0.464910671034434
-0.476401236977499
-0.564614170331623
-0.482842604124407
-0.477233690119056
-0.35749510973981
-0.608871406166306
-0.454327013354017
-0.522812728754701
-0.411307379374039
-0.425561413594179
-0.490840632819091
-0.630835024801532
-0.403518518624633
-0.661808820261363
-0.478653405857219
-0.378368635533129
-0.477191009530598
-0.536631530766245
-0.456368668990672
-0.426705495874671
-0.489349076184536
-0.397427289366691
-0.467363765646233
-0.507897865058029
-0.546364407610166
-0.498865840850861
-0.395047286214091
-0.572512910155494
-0.456186690074084
-0.362829613237055
-0.465235982114585
-0.435655574931116
-0.414212501096029
-0.374980662729908
-0.591313330311175
-0.47847587245185
-0.348574560589956
-0.360532298020416
-0.444183420373843
-0.401401084702802
-0.362062152266763
-0.476926028690408
-0.56103685074448
-0.372028462777079
-0.367831717031819
-0.571481622038655
-0.411314587440287
-0.384711815712058
-0.313616370076824
-0.363497895845652
-0.337557990370778
-0.266276993607287
-0.445224029346631
-0.322014371861442
-0.579578138082799
-0.441489167251116
-0.328486416402326
-0.368731858907093
-0.316992010055921
-0.418453553966305
-0.362970713681995
-0.431095615146282
-0.269053397603764
-0.43673535176999
-0.348974372293497
-0.374012653196437
-0.369647020691575
-0.346073359882456
-0.305562899233689
-0.355216019930803
-0.330555396138403
-0.429459189917406
-0.256483668916573
-0.392494454230266
-0.332607621049992
-0.241456822933821
-0.278643672526637
-0.287114365286385
-0.499251702448521
-0.252964419417734
-0.141761900675203
-0.30658309280284
-0.395977202655007
-0.225403574818472
-0.274901968258421
-0.341088555946724
-0.375289361998766
-0.33868114635479
-0.551154633167747
-0.324485441977522
-0.308583253399052
-0.305478113996425
-0.261419963832208
-0.392886751496407
-0.166156383475062
-0.188146614860091
-0.309579537604735
-0.274362032202717
-0.251687413477597
-0.336320267807684
-0.289392435501798
-0.451994189195767
-0.2367310516049
-0.174923276786344
-0.386145858622234
-0.349068553629798
-0.351121335267507
-0.314842953533525
-0.241906085146463
-0.249013957735009
-0.379426551859369
-0.183647048393384
-0.2058170714968
-0.0334295573005647
-0.218406857246043
-0.352522902333397
-0.201307818700797
-0.258430048197594
-0.28856477475806
-0.238578156999431
-0.236502016051013
-0.432648773990922
-0.251683129185577
-0.238275698823086
-0.205622576212754
-0.213907176131325
-0.303061529236851
-0.0123432289151302
-0.0998671699113915
-0.208472370350222
-0.383423462315605
-0.37642136173209
-0.240040789805643
-0.258918818174469
-0.29403348265975
-0.244186293427867
-0.403989153829641
-0.168057673301523
-0.254479405700823
0.0181478625379342
-0.212775522471804
-0.281245271935115
-0.115329133258936
-0.143024998631648
-0.200246365239942
-0.128906611141027
-0.158050868617436
-0.221614335617824
-0.192949662557372
-0.298615274091099
-0.0913057793750518
-0.105950320953374
-0.284918865714256
-0.160764232964436
-0.202108183393195
-0.176537327152208
-0.190452434821324
-0.217040178676826
-0.160754113699618
-0.365320284397957
-0.121083581255803
-0.106183084170745
-0.168706800184024
-0.211893822305583
-0.0630113294931976
-0.341805686570145
-0.29983288701978
-0.172615378879821
-0.251927153314512
-0.210061486010728
-0.170417051878713
-0.118196134796154
-0.203362415602014
-0.12376761153001
-0.132249930044576
-0.06205824830808
-0.190123174937826
-0.00310750656385294
-0.131804434140289
0.0318848614748459
-0.00113286609729968
-0.0654455174114359
-0.0859101353888782
-0.164976389301281
-0.185850483889305
-0.0676951040410353
-0.0816296714492399
-0.179318965309589
-0.120680481227696
-0.0547557031297915
-0.15992097798848
-0.0726388569213171
-0.254197053615953
-0.081882129442317
-0.18096898344127
-0.0449850301250669
-0.0837180162691971
0.0689007331612642
-0.104131130664556
-0.0127552777013175
-0.0681539325575361
-0.134298187343105
-0.130732595925945
0.0634826221436033
-0.0174712737278236
-0.154502563135085
-0.0271695499525689
-0.0175869261364381
-0.0754580868567694
-0.0791763977715961
-0.043644459905194
-0.0166280927637413
-0.135612842921705
-0.0213654940528787
0.0737950647423953
0.0206268137591245
-0.194522654201129
-0.0513715637051836
-0.0500948342352774
-0.0973572152907561
0.15056463206447
-0.155416674497853
-0.091512494287873
-0.023474361989264
-0.0800126916164398
-0.0841288348099107
-0.080422290037458
-0.126716999882233
0.059830065002835
-0.085817313966694
-0.0224687286140091
0.0100777992333136
-0.229498183920267
-0.0671213281044547
-0.123963816734043
-0.00715036908018405
-0.0610112289486192
-0.0656630551052623
-0.0278261253684857
-0.0671992331194593
-0.169934566455638
-0.0436157822648548
0.0497552014954999
0.0952790093936939
0.0379233493985129
0.0884252877433661
0.0391052431935997
0.0301171482100889
-0.0100202737761342
-0.0263650775857357
0.0797870173584994
0.0648588266180389
0.0328341381852866
0.104726546532446
0.129862109416557
0.0200974207447955
0.0255755043676575
-0.101785760407246
0.108072580068407
-0.0620347904323311
0.0748772973426998
0.0150323016110971
0.0605518924370464
0.21018926887312
0.0983505421169097
0.109526471291616
0.0599537098210688
-0.00302011101374324
0.121729952830125
-0.0269898506388317
-0.0382694472038315
-0.00502534025331965
0.0546397425851741
0.0804828895878703
0.11167459337483
0.110459055729726
0.0493668607300758
0.0393666144997469
0.0141233026100153
-0.0205274881298912
0.0841072388921814
-0.0917407214808749
0.152613353117521
0.167886278120374
0.0982026864765149
0.210496190440761
0.101457834266873
0.0379769304604182
0.088208830063132
0.0797894711554764
0.120555500370236
0.110676979952821
0.0559920197592889
0.0438503720633856
0.142064328448091
0.0392671531405299
0.103939278708934
0.288529562474907
0.15337794866397
0.228627713196888
0.11141965607274
0.0723113227025375
0.117562224598753
0.240128055964179
0.102726819658357
0.144031303201571
0.296625239855503
0.0411758708196025
0.26432288490379
0.307826000283167
0.0864825904333384
0.121947927150899
0.243595900759872
0.0962253491072355
0.251842419966973
0.0621674628603451
0.3417495823459
-0.00102631721878269
0.141186577044417
0.0954743546514287
0.174896631123374
0.0363058533816169
0.0363926905298964
0.148013245052763
0.156564810042227
0.269642841375465
0.216539974077414
0.137489953299033
0.236674791653015
0.166254053536865
0.349990076968001
0.204534717452581
0.326153943156966
0.0210480994824361
0.235852313642208
0.318169846911662
0.156498183010682
-0.00420123928637268
0.0794129639637588
0.182335299411026
0.218510895185031
0.194266926830081
0.222209486955898
0.037969661739773
0.136378698707003
0.0377455359871733
0.193882981333347
0.171587978523981
0.287079736610893
0.104282433792801
0.194239242214451
0.333848012014516
0.221390725272207
0.115654899843794
0.282954389274857
0.197572060987089
0.129706531375199
0.185982235757405
0.16145460008741
0.287512613765533
0.214695011978708
0.189768717895235
0.169026808668494
0.455592751658115
0.39105063995266
0.180880034375839
0.178254427046763
0.214164300472476
0.149322414725738
0.217082736580004
0.267357023901039
0.248814246080411
0.291021003840026
0.174428988012077
0.380925800553273
0.290706759496075
0.273444131863961
0.343018400830421
0.23075259632295
0.322408192819659
0.341458952314486
0.252441857683403
0.325530904058313
0.333606440224902
0.258232096195374
0.286455814323503
0.35300534110972
0.259892735921251
0.427200327386075
0.231922212034535
0.336663247784548
0.167913392631168
0.329422627016065
0.472194834856107
0.321417534443815
0.294957685418549
0.348743454056732
0.307753747609314
0.370891298166889
0.398931854321994
0.186797737862336
0.525494711046712
0.275753448477126
0.26942566467423
0.258436321041461
0.442433417118573
0.314535200055223
0.537350683812541
0.221895664939121
0.233274826290035
0.30778102796533
0.440205781139028
0.229364780936746
0.327098291489337
0.239276100405032
0.141814662736926
0.425494179648322
0.343557776015495
0.350742292339552
0.282652233274179
0.269800456313014
0.269601726852605
0.28556728350817
0.34665775517112
0.243641701151743
0.200456315540981
0.313734189736036
0.543523812134818
0.35956442778304
0.43236448442221
0.420758153764119
0.437140494587021
0.30311401287272
0.426542702353867
0.341828976817883
0.584715567018966
0.450377372684555
0.383998628582545
0.453036202154145
0.384377275638422
0.465236686333439
0.420965839874075
0.474871028236652
0.340737450089207
0.435917888664611
0.232207395530749
0.415148597836276
0.243780879912548
0.361205012362037
0.310078114715549
0.434511306320952
0.533304355035803
0.403689238379923
0.486700685060052
0.385010228208713
0.297886378279781
0.455568673202276
0.485875339171313
0.362011740539304
0.281324245298251
0.387873067303981
0.510763311758849
0.453132572451084
0.548291499884053
0.463535076573788
0.419973396551527
0.581746897943943
0.441937583255078
0.234915069220247
0.436612855629916
0.512589710971212
0.534536328586394
0.4852253110251
0.468167604258361
0.522829433614588
0.419281528286392
0.502380522942086
0.366800795065037
0.493914268712132
0.476469749741554
0.44075327700518
0.548686719669649
0.407542444895994
0.477203376437897
0.483528393715584
0.401979905931284
0.549352712817414
0.381957920976261
0.401467313437504
0.453045575369522
0.513738392761093
0.438520234036488
0.478321768720964
0.471367747648443
0.458248266600352
0.517733966199121
0.548165401120336
0.615168594911466
0.509326271803779
0.442420527005378
0.493025160982094
0.39836764591262
0.448980005403203
0.504688788473723
0.693897325739489
0.450201752813415
0.43543682025384
0.500850150279118
0.486849266664725
0.690802042554385
0.407708458034271
0.526745777214414
0.49709188766572
0.463319097648715
0.535422419069904
0.647902568276341
0.55710955136358
0.35725854703236
0.532594357842493
0.575019968369039
0.492690977681477
0.652148296645657
0.656964223508993
0.644173277757669
0.635289308139043
0.584502767560277
0.549638476959463
0.482067065306854
0.562169744048742
0.669711626354823
0.631523145802252
0.525654194164873
0.648376526332239
0.649102249882358
0.563168071798497
0.576653385772794
0.726762699368463
0.489500736394901
0.628705838632375
0.594329404452383
0.789340003764722
0.533374857803615
0.46760230772702
0.536513670685095
0.656652588715476
0.610203985955198
0.672587573411993
0.605392914952009
0.666706420735047
0.770233645310046
0.712922672963311
0.618111736924803
0.642421335338879
0.652038318258246
0.734127977220134
0.640227507929838
0.616653399055239
0.659959668559353
0.478057847252
0.600895636518153
0.537482540812291
0.655210240289403
0.43030376182157
0.723978650634823
0.527191649601878
0.598062590786926
0.504298217080713
0.574682961422867
0.656711116103351
0.712931991059666
0.694269564662132
0.553649015110496
0.677306190024341
0.664416324072251
0.671737889736153
0.753378093839162
0.646027713152227
0.591887031625691
0.599453458301952
0.707244809640485
0.730118763344198
0.816414382287006
0.552803770836001
0.665400712540401
0.769614248982867
0.735301707333498
0.675319207117247
0.603825909244221
0.825383459826354
0.624325380561834
0.775816851950066
0.802869496747902
0.682245536084779
0.761412954948181
0.796427036561321
0.732782114125719
0.771135478913275
0.796895207113196
0.595536210811454
0.798326087493967
0.765905201896734
0.716261988105899
0.705092754190466
0.814569280457737
0.767002024427411
0.790865325489683
0.856147474309573
0.67312788931608
0.654719039199482
0.608306921166536
0.749315667613779
0.756728541894797
0.633453955640315
0.754197595785118
0.723164248140938
0.653767482920553
0.986978005543055
0.815983614379083
0.688976863608699
0.927205782399004
0.701154577165021
0.803136802579645
0.558743003809264
0.683332387398236
0.719073074458476
0.733322807446715
0.758214761805273
0.745378284703336
0.803104040417444
0.835309622419889
0.730026102965892
0.78608308548885
0.817624945673327
0.647382519409739
0.737714108837848
0.705518924067571
0.748604211563666
0.788710933850685
0.760894755929945
0.783018071636822
0.882049172650382
0.779646108554461
0.692119753431391
0.780359158308994
0.738560980629806
0.759120642455781
0.786477065385753
0.846281778124503
0.822242460420548
0.924770017999395
0.867628515700461
0.722377713664189
0.960178238330628
0.73025809155231
0.874825760028554
0.822338719768917
0.916232088743145
0.786794511929279
0.704746025220611
0.833518751298798
0.869953020607387
0.837804940623607
0.654568334334326
0.88089024136232
0.872425883690832
0.893337079163933
0.941954989694682
0.854758886561229
0.882091336550008
0.70741934853117
0.925902151045434
0.916992102222217
0.842004595227282
0.789995860085748
0.835352272322148
1.01840441184945
0.874602777027565
0.937204168659052
0.84254870418759
0.908525168296284
0.859965548722326
0.917695344437846
0.957866001141586
1.00183123029764
0.878592851938522
0.936209860971291
0.945109253587155
0.996875329790938
0.752842792691488
1.05837132996041
0.825050055047289
0.854590741989567
0.795600316919569
0.822573518328194
0.908125770848132
1.02723108822109
0.943605862812505
0.850935253204058
0.995097950709752
0.946499815410331
0.951939492757709
0.912974552656589
0.947908881484285
0.980445747596076
0.865291894634887
0.79501913336926
0.89979724735257
0.943721355720096
0.82525954149104
0.993357285021406
1.03013013491276
0.82571503471743
0.834489530283105
0.934728906341362
0.856265225697303
1.09391567944369
0.892169972330133
0.963554143398945
1.1313744476797
1.10068657779917
0.860415812327484
0.931892843333856
1.09746417228131
0.86513947021982
0.927376984722012
0.858610323298503
0.823136942556417
1.05326390333505
1.03148526573819
0.958161267975608
1.00996816744085
0.904889909680244
0.870325554509349
1.01998160749997
1.09456313313999
1.18105293304676
1.14296251890842
1.12405405796967
0.96951204178338
1.06042724252946
1.09267461072292
1.03704787056468
