0.127190596452262
-0.978584667139362
-0.940717438880723
-0.929697903296042
-0.975760462382448
-1.03049139177222
-1.06312743376898
-1.02410590456407
-0.850809392753664
-0.870290044665948
-1.07031765146729
-1.08140321566535
-0.945401107654307
-0.998233306783777
-0.999396035644189
-1.00321355190495
-0.93624017840238
-1.0120142900531
-0.824998514931082
-1.0110525312181
-0.821646864611958
-0.769990968768834
-0.802583677230153
-1.04674322529372
-0.990705052628305
-1.02003077147301
-0.907276929014854
-0.900171271790032
-1.0283890777427
-0.83249744810899
-1.07375003988086
-0.952823626367386
-0.987913644765943
-0.959048689410375
-1.15540352922688
-0.85342548735932
-0.946138347918666
-0.948087773116856
-1.11674533217883
-1.01141261963005
-0.989564601693301
-0.831684622297833
-0.802186061456675
-0.737113011039737
-0.822852219203631
-0.833207312339243
-0.873400452885376
-0.976102940948271
-0.890768418171159
-0.921305817966243
-0.896418877087093
-0.913700655200189
-0.889230324208151
-0.761443979895302
-1.04542255206463
-0.698862067161136
-0.933451497214664
-1.02753535539555
-0.807412258329324
-0.82735301189706
-0.90705082101335
-0.829442160874888
-0.840141672857906
-0.864936949527759
-0.77432198682715
-0.947793954820202
-0.797342734374405
-0.710831176054656
-0.894313732108655
-0.751692043841958
-0.853940934756024
-0.911082285074852
-0.722672739403871
-0.784956659103347
-0.666326210093319
-0.963447815572486
-0.788697030526724
-0.780976501940274
-0.854208648548636
-0.85304030940019
-0.74820975164236
-0.805673724200902
-0.901493067920647
-0.807616251849447
-0.659976563992343
-0.811657217010653
-0.895172005073961
-0.756864564815415
-0.900477292216531
-0.819149281009602
-0.808989026229979
-0.796965063478272
-0.870096803120433
-0.924652129897646
-0.792954276785619
-0.73824575058789
-0.676616706017045
-0.825769178908159
-0.664912908912212
-0.816871040559347
-0.840599468586247
-0.810809183417541
-0.838913775221614
-0.857417370966049
-0.898294181481235
-0.784148297744168
-0.938125231812232
-0.718311972296914
-0.723298887414958
-0.718059451140354
-0.793522200113839
-0.739064540517006
-0.66389111990587
-0.674604694859405
-0.810125515438339
-0.71469362537377
-0.810388991579908
-0.843999699773086
-0.711464885837275
-0.81986830967136
-0.702063564193396
-0.822457778537349
-0.831211069804955
-0.598551895077925
-0.725054829112127
-0.746112132400843
-0.707297022226022
-0.777459347923556
-0.710611940363995
-0.719734404021394
-0.618903616333154
-0.783659147939543
-0.847272057815428
-0.728456965017423
-0.729270754745067
-0.723368760200105
-0.768597800879368
-0.624524235077533
-0.855103017505586
-0.638296651621521
-0.517980522553509
-0.685590258880408
-0.708571129821071
-0.736669229329666
-0.798442527507046
-0.664576261669727
-0.82062870701815
-0.571702861427973
-0.651492480191028
-0.661810350616212
-0.672391343091712
-0.6407269162496
-0.652327102878152
-0.752633703140751
-0.666562262836875
-0.733054538899917
-0.728131450209653
-0.683762251092657
-0.567662972514952
-0.526946956615436
-0.615181490545684
-0.556640811835909
-0.669515291606866
-0.647896141406749
-0.525379183199179
-0.612101066900274
-0.650256400331112
-0.566358096278
-0.7546687854039
-0.574664851593124
-0.557950136342304
-0.646379296317423
-0.694998396294687
-0.62573196222272
-0.646381450103499
-0.65680752073812
-0.603057663555611
-0.72695006314841
-0.664787794034625
-0.506415963221995
-0.760966734443191
-0.466401713434988
-0.638362863305559
-0.712481380040219
-0.807688089405241
-0.551253168472206
-0.652163212606569
-0.697410772557109
-0.680620716747862
-0.565025051985903
-0.754828806457721
-0.745668592316543
-0.59149635639893
-0.531418595665534
-0.58989793498056
-0.522290713779655
-0.540989313544459
-0.715464084770494
-0.571588602187773
-0.661160917837262
-0.573844914330502
-0.622732138602218
-0.584210522438205
-0.535484079945912
-0.647925006644866
-0.532911202530173
-0.559015835038137
-0.590864899043121
-0.520657461995401
-0.467491321785073
-0.605039157635629
-0.588074014409554
-0.520626981751803
-0.44199269681978
-0.632334955756415
-0.520180662007892
-0.551085777427819
-0.478163501409674
-0.560998835950226
-0.528588790252325
-0.47647504763472
-0.589151266419646
-0.611188324365595
-0.660564557339605
-0.581875937766298
-0.58214976896822
-0.588001608758908
-0.491214484822895
-0.646086809079185
-0.465291323768358
-0.607004742533551
-0.543982300483393
-0.392037445162367
-0.519533111113667
-0.463806132158457
-0.602693895895072
-0.403718307697108
-0.421820447008755
-0.554191208620806
-0.460315861930146
-0.611936064254472
-0.546577726948248
-0.473951085478868
-0.528698259180384
-0.62583220072694
-0.655907270114897
-0.483366861588193
-0.476383551978549
-0.49286132205331
-0.32819007383754
-0.43931479018936
-0.45014006061392
-0.437243428140291
-0.548707090106442
-0.555369096889608
-0.529607560040662
-0.484337690214786
-0.493987504204657
-0.535702295182156
-0.476033748653669
-0.633984413700234
-0.377924609295419
-0.453224933604355
-0.374606867796524
-0.632084474324778
-0.502434378465577
-0.611769846176828
-0.509108396704577
-0.289071379777991
-0.541719223497045
-0.434488731305407
-0.464102173589859
-0.431895058715421
-0.67375280952509
-0.483394707146051
-0.483600306622135
-0.5701515303
-0.637052152344286
-0.658825682514041
-0.602669161493665
-0.376284521951502
-0.351200741026735
-0.524936537328802
-0.39589368134944
-0.340379405000883
-0.439281979277661
-0.258989741678226
-0.455169655543636
-0.479688733495441
-0.469513400585979
-0.412486708114147
-0.409621995628178
-0.489284061918295
-0.381970374127346
-0.310863807823021
-0.473205911354977
-0.46564435920783
-0.490374602650988
-0.319848540314907
-0.260490705113919
-0.409852213911391
-0.439105979640176
-0.448032755644629
-0.403051837551212
-0.302001742386306
-0.38194282550056
-0.407727128430405
-0.583755618233971
-0.49130142536322
-0.319970763379624
-0.373410610225757
-0.299237236439017
-0.20447618128509
-0.432340287242802
-0.515687442186695
-0.426602530051109
-0.377952824033088
-0.368472493775788
-0.301628097309973
-0.424934181851853
-0.401916948350803
-0.431494858021915
-0.335260949820989
-0.292033106257249
-0.319082381871693
-0.344175545577953
-0.42554494341395
-0.115447484769914
-0.361195527587725
-0.479393396469872
-0.247347616430169
-0.405805232171713
-0.310494270079206
-0.181440663619987
-0.519605476857816
-0.219760530348864
-0.418419363723311
-0.289077113348616
-0.320751231812109
-0.358495526252371
-0.305306719983378
-0.3455338237906
-0.396348946840004
-0.332317056398001
-0.195447837599899
-0.308494872331512
-0.317324431096598
-0.305397391129256
-0.317341547873126
-0.308111779375994
-0.377393756037192
-0.371007760224081
-0.168719438659401
-0.205631574440446
-0.198655024455231
-0.268742268072161
-0.311583888200593
-0.241499335943557
-0.224499355842315
-0.278411328685737
-0.279845281340168
-0.303922694203748
-0.333757688682502
-0.286752514177717
-0.199217005946427
-0.238908467587452
-0.31103299536804
-0.206357324718891
-0.354444382505316
-0.319096661269934
-0.134185465160912
-0.217244001108528
-0.0866509126471464
-0.348747810351878
-0.186300469518689
-0.289005357187121
-0.238239793027379
-0.169480074396815
-0.148075688006397
-0.224082026293169
-0.213865426720665
-0.293483843362204
-0.389111790151748
-0.16843511906
-0.308572431266645
-0.169968374563513
-0.148433219776411
-0.276650733959207
-0.100346123575326
-0.21019137306173
-0.213863691427605
-0.217054552629628
-0.234003545715974
-0.234286525830392
-0.229402847163998
-0.181083904536678
-0.217875495879807
-0.0704232861544624
-0.201370253850972
-0.199889128064761
-0.145594207262597
-0.138389599492545
-0.148275878014877
-0.25110542830158
-0.107561870066162
-0.323299676301481
-0.168525557196645
-0.277940747750328
-0.173062529713484
-0.132841565369352
-0.114574844760679
-0.271250409831467
-0.22362867163504
-0.175643531758178
-0.244784402565405
-0.0754796357710353
-0.0985049852672502
-0.170709030417061
-0.262598214840846
-0.24003864895002
-0.063619052358968
-0.0552567099238505
-0.281682661325964
-0.0859608674504312
-0.318572209809838
-0.0941679190397976
-0.155738076734936
-0.0339557039583571
-0.0447515964336509
-0.144058532282007
-0.16554928937278
-0.189235371795032
-0.0565332014443507
-0.151787225162616
-0.0299005601485671
0.116487974848738
-0.053242759620336
-0.20505847047877
-0.1775647519925
-0.12682257855679
-0.1300441783062
-0.208627571245435
-0.171797537516972
-0.0653032453670002
-0.0497709222515964
-0.0537425723465019
-0.131547988819012
-0.15396307584988
-0.0186422667822906
-0.194970438393711
-0.149270435631772
-0.018629489598736
-0.157535609046971
-0.0908119739506049
-0.08829647084174
-0.0620154589102486
-0.0693651297494112
-0.0681078811256192
0.0620032802537351
-0.0628711783776914
-0.124891898909123
-0.0714852168107376
-0.0962758786607632
-0.0214733777687769
-0.135337088866359
0.00575695940073983
0.00685031891195298
-0.0342113964773725
-0.101002976265809
-0.212074831107641
0.124260801331979
-0.0308563251279785
-0.0198538668926057
-0.098259506406819
0.0540012061545633
-0.0523904526920328
0.0219068975526753
-0.158517123608967
0.0243000216977685
0.116118379852806
-0.0808357712539063
-0.130653189720297
-0.0423830498378906
0.100635595739804
0.0535608170216476
-0.148906697632378
0.00461492523907311
-0.0299424947876103
-0.0191198274090688
-0.0464034873727402
-0.0410631995912611
-0.0612232697585743
0.0963305796705001
-0.0978382945733094
-0.0268463757995703
-0.0288940507881898
-0.0255418574658797
0.012683926733243
0.0612196264158527
-0.177308299555835
-0.00314363769984676
-0.0546390235952086
0.0460164534386566
-0.0385943374135312
-0.095992460744557
0.0871058016658275
-0.0640659159348595
0.0978284629134603
-0.0277734319765587
0.0820030758659273
0.156804288679984
-0.0228822635008467
0.17638954225622
0.0237475417230457
0.045810124245451
-0.0138341939189055
0.0625301717334777
0.0947106980859006
-0.178119312391015
0.0102064891736789
0.0153649010419182
0.0727976799029092
-0.0465494079335858
0.256461479838958
0.0362943256630952
0.0710890994618832
0.187116277129059
0.112981628928875
0.0644853583116325
0.0533352811860208
0.0472067099137267
0.124602086882879
0.0193965565377384
0.0454416745577348
0.0916027688279922
0.0748216755946475
-0.034939457184682
0.0667773325500004
-0.0326729917472766
0.00224267201356166
0.149299726926806
0.0942448192575601
-0.064848042952385
0.00970506226255066
0.0405468415057241
-0.0188419940495282
0.0639163020262939
0.0655898153526537
0.0572702058068256
0.146477289949281
-0.0528423947021471
0.133415944184304
-0.00175365882964986
0.191737199408403
0.128692704981266
0.0395027235853844
0.179544344158989
0.318489623609014
0.0996087008678112
0.124356496915396
0.190346050890654
-0.0213867851381107
0.085820492573313
0.0998182914060699
0.189795466857538
0.209769709492732
0.165563042356711
0.157660039524193
0.0369309919804884
0.0845294644817835
0.166701704978166
0.215981895004908
0.140039931054583
0.0240103380004989
0.0785349747005603
0.18804110171174
0.182274208961855
0.0989000784050213
0.198019894395156
0.089485888448095
0.33359110776687
0.0513907490097013
0.161076960833586
0.161855557744457
0.255994611729864
0.183229278289867
0.0484041522268886
0.185176999653117
0.2723206414955
0.224813967179098
0.262414690165906
0.212509473101348
0.172267269262104
0.151581100825101
0.0185927568934445
0.204656284551105
0.118422522528939
0.0848387926109166
0.279494987280943
0.151834302849131
0.202634299760116
0.153185743382353
0.178771497870476
0.181873536998089
0.116058335292079
0.216468705461733
0.293793693586122
0.211407369287441
0.254260826273486
0.152582853057951
0.172488689107471
0.223865445112867
0.132946411233918
0.19376939483877
0.327637618746898
0.135467957518899
0.287335893750066
0.25676928342917
0.286627944128228
0.261761761090767
0.223576923615052
0.385694747226158
0.204322115907829
0.269369914432134
0.211221746559827
0.325580413393056
0.304142155077882
0.261621959249886
0.168697800737554
0.175701557187637
0.00148895920964574
0.208446184955151
0.288135589410157
0.339103698084296
0.170637947432912
0.172992094301043
0.394968416189934
0.367685322689434
0.297818114488014
0.174317647973223
0.356599647358756
0.266901018707028
0.154199238923473
0.456753278189505
0.220570283143483
0.235493461089677
0.252977255005218
0.212824766738507
0.246190366044003
0.223209673963867
0.280564888899777
0.333390239057803
0.303681178683218
0.194345880723381
0.326611702521043
0.34947144458339
0.284219139628511
0.399645585626718
0.206417081269875
0.229730215101149
0.516189278978735
0.389050564927767
0.388958385602729
0.336008276179914
0.246756000922806
0.196280210824691
0.307886777086879
0.302757044144432
0.386816611458139
0.354216088544826
0.278618581749047
0.427784410517699
0.363168892938626
0.405651516841799
0.41815068790309
0.434029863478614
0.315723621529261
0.328789500328474
0.278650093593019
0.259047771356226
0.470750363380093
0.339765418150371
0.36594752172951
0.200178337092529
0.167508221956595
0.349415189362206
0.368381847346501
0.273878739276038
0.252006711496471
0.342596260626693
0.39309471859932
0.377852801747708
0.274192470803435
0.406926288398397
0.342240385578107
0.320142491710376
0.483804061724582
0.522870527901105
0.385759143778968
0.516629602195911
0.233102904745934
0.454887875409708
0.409177391281143
0.473392887419512
0.446131856220558
0.288567730459435
0.508517748375848
0.379356538752873
0.585162418429721
0.41874405762855
0.509061561636257
0.602863903785573
0.423486679632178
0.428749448040379
0.385244000319505
0.384804814681964
0.327413005666749
0.317373168810016
0.546506603877931
0.367955657359398
0.472330899431162
0.433875965897888
0.404921240417355
0.410001368727178
0.308603279261987
0.234359792176515
0.406510505278584
0.26752889275326
0.431962970669248
0.404508121728076
0.409346978113687
0.366300740835304
0.44456834091389
0.506052259336084
0.38225438223778
0.326401439450315
0.53887698629757
0.464507129212637
0.57817228425326
0.595137641476337
0.549504926500945
0.59019413827545
0.424376956620209
0.631480339763688
0.343648251152409
0.552887794936371
0.489682314849637
0.44310690867307
0.492853270564723
0.403482926191177
0.417592114713212
0.541967232618469
0.525641971266438
0.565775012067578
0.384977143507953
0.458691182463716
0.410299561775406
0.375348350030468
0.654981887015412
0.462044050314103
0.585812723303724
0.576920524326717
0.573471365986095
0.449946177275468
0.60074515454349
0.443798194152801
0.575716318216381
0.685348581947288
0.583548657895546
0.647795840312488
0.558712986301553
0.333577695361783
0.601312684162439
0.537461323839005
0.602642449272236
0.543615116410012
0.435551170538749
0.502795503176211
0.644311871715005
0.500416482997003
0.499059020890266
0.596596786031118
0.499423040494595
0.381739520486902
0.473428402485145
0.576560338165904
0.580380711440699
0.50977501808447
0.551731612621434
0.627874297935677
0.737536682630595
0.752539834865046
0.558862193673715
0.541909120590702
0.409029600011548
0.51044345178979
0.602049882343049
0.65456428094035
0.651462305100936
0.517586906426467
0.577972809294662
0.661813431441368
0.67004341719697
0.511388365879927
0.587962206793417
0.553781043757254
0.649605312094688
0.588104801866754
0.529027649636266
0.624225473057541
0.630754633903444
0.627355631456221
0.51572154284103
0.700611455582005
0.639196130461673
0.682641772565446
0.682189826994961
0.656885613472404
0.5248116376203
0.7380164374727
0.546325825620005
0.646535562879617
0.700572598280977
0.580137016846972
0.720661059131684
0.613312331597276
0.653773995353833
0.526753155024099
0.687052616373102
0.651355970598476
0.657648065708008
0.659940735207258
0.70187160025009
0.780407576767746
0.707943509264907
0.707142976946088
0.780722617536633
0.63123418715247
0.677886766162308
0.4071398432723
0.646762251572546
0.788286628710266
0.732646479873075
0.611782446633528
0.773995026386414
0.5782605961068
0.761911034241905
0.616720894101047
0.665139416670143
0.639243939665277
0.633582269024395
0.678700011066269
0.681705011971482
0.802802187529051
0.810461239089559
0.76922312209169
0.810321690232882
0.671836716578959
0.736104725820901
0.696602396675117
0.671612950251096
0.753271333734202
0.739526610815737
0.665915314537162
0.891057316496476
0.71171962637029
0.663295021401054
0.812216772849332
0.862496982315615
0.757136707342295
0.594949876357904
0.596243920041064
0.652481755817026
0.821835535277576
0.785591728487643
0.650435472537412
0.679466599618057
0.688461204007422
0.845146920871696
0.834442749254783
0.735239252867498
0.707164551576852
0.807881248278554
0.825081047818791
0.75097764867894
0.829200719959487
0.859204644808991
0.577175425047759
0.665891382874443
1.01147007943477
0.569516687053849
0.760879615083449
0.88874726119114
0.728762718859089
0.942305659711701
0.742001427876445
0.740186861917141
0.847996820862128
0.725765585522004
0.635077026580744
0.788817975121699
0.808841930011109
0.753231048492053
0.893742970690164
0.710753870801955
0.91102478231106
0.94374975655887
0.897729965664564
0.888170068799293
0.701443375735379
0.869568781029298
0.705106854203292
0.859392336641816
0.866412512285637
0.892984971940188
0.780892083734083
0.764968897286127
0.915824296114898
0.763101422373607
0.935138915733728
0.865033733130442
0.882942523261216
0.821608949633088
0.811229966015949
0.779660399906394
0.859463994795592
0.810578794441648
0.806558270111646
0.777283787956896
0.801619805291057
0.832934645861109
0.77081925095
0.760723717834208
0.914120745172656
0.85988366655734
0.841682125429353
0.897880789820136
0.893303169993037
1.03760585450996
0.893645000617335
0.777995203226473
0.741896335972598
0.936389542921163
0.870716458981782
0.896683194750354
0.7954081686585
0.854168687034006
1.03252896494465
0.990683006617466
1.00320922437893
0.967778445848958
0.804155509730415
0.850589149628504
1.02180615631287
0.807991456059313
0.954833622390514
0.94746527223701
0.943673578948409
1.02691221846162
0.853023137146835
0.826128015790446
0.788572390510819
0.967394143340367
0.892031665388181
0.90867036829464
0.875110797959965
0.864900481468451
0.950953273241233
0.913280520094745
0.923931512623105
1.00281441314462
1.03096767172574
1.1424000048719
1.09116871343814
0.895784308824827
0.892951982079112
1.0656885651792
0.875530683210215
0.931707378302654
0.822281621899408
0.900259042461997
1.08024794543352
1.04512216145143
1.01947905819422
0.874962010872679
0.949458110031055
0.878329112068872
0.882614856111537
0.954688913607292
0.978770803526204
0.921928552499066
0.946683395840558
1.00648917618976
0.85468318127692
1.06120984464825
1.01523370383793
0.863884238043411
0.960867463754633
0.9257421180842
0.983292759362134
1.13528007938114
